4 0.42313955468750003 0.12145818906250001 0.4283836 0.119306165625 0.4283836 0.1039345890625 0.4784035828125 0.1060866234375 0.48163069375 0.0716542875 0.43653817031250003 0.0693751703125 0.24288205000000002 0.0667468546875 0.17815315625 0.0647250703125 0.0921838390625 0.06270328750000001 0.056080115625 0.0612147390625 0.0528301640625 0.10239743125 0.0528301640625 0.11346496406249999 0.153273540625 0.11899872812500001 0.42313955468750003 0.12145818906250001
7 0.17115213125 0.1344938953125 0.135843259375 0.13111003593749998 0.0554997453125 0.13143230625 0.053447878125 0.13164497343749998 0.053174015625 0.1464179859375 0.1237917390625 0.14883503125 0.17305500625 0.14786821249999998 0.17115213125 0.1344938953125
4 0.0476768296875 0.31352769375 0.10518586562500001 0.3140111015625 0.208210253125 0.3154613296875 0.23290100625000001 0.3173949671875 0.3193760203125 0.31803950937500003 0.3976762 0.316911553125 0.3976762 0.3012813390625 0.4687167953125 0.3020870203125 0.47083109843750004 0.29403020468749996 0.47315681249999997 0.22466526406249998 0.47611685625 0.172867496875 0.41543633281250003 0.1688390890625 0.2809666625 0.167549996875 0.095740959375 0.16449575624999999 0.095460075 0.1825125203125 0.052962587500000005 0.1820291125 0.04873398125 0.247764459375 0.0476768296875 0.31352769375
4 0.046511753125 0.3615464359375 0.1066211953125 0.36400228125 0.23714125937500002 0.3660803015625 0.3498865125 0.36985850781249996 0.46715895625000003 0.372842065625 0.468463878125 0.3266679890625 0.38830399375 0.321979546875 0.3726448515625 0.3215533265625 0.2773762609375 0.31856976718749996 0.185042015625 0.3184276953125 0.17348408437500001 0.3162965828125 0.1668047359375 0.3162033453125 0.161485725 0.3166350859375 0.0905800484375 0.3157946671875 0.087724971875 0.33240068906250003 0.0457681328125 0.331981871875 0.046511753125 0.3615464359375
7 0.5166048875 0.38509073437499997 0.5099962296875 0.380215815625 0.5003428140625 0.3801249828125 0.49760171875000003 0.3842122625 0.44230318593750007 0.3828498359375 0.43848948906249996 0.380306640625 0.42466485625 0.3801249828125 0.3998861359375 0.3820674375 0.40048720781249997 0.40414443437500003 0.579106775 0.40370473437500004 0.58314536875 0.38509073437499997 0.5166048875 0.38509073437499997
4 0.0637875171875 0.5025122328125 0.12930304374999999 0.502172571875 0.13108578437500001 0.48569874375 0.24584937031249998 0.48637806718750004 0.2496376765625 0.4787355640625 0.25075188593750003 0.407065871875 0.093871175 0.4038390359375 0.06859098125 0.4053326984375 0.070027096875 0.423879378125 0.0448459546875 0.4233698765625 0.044400278125 0.501493234375 0.0637875171875 0.5025122328125
4 0.126208328125 0.617601584375 0.1536916203125 0.6164450796875001 0.15807545625 0.60205293125 0.2425486625 0.6016674390625 0.24743834531250003 0.5757101671875 0.2491244359375 0.506294225 0.231757684375 0.503338696875 0.121655871875 0.506037225 0.06837536718750001 0.5047522109375 0.070262571875 0.5049559218749999 0.0702499359375 0.5217318015625 0.043286068750000004 0.5232602984375 0.0430632203125 0.615731590625 0.126208328125 0.617601584375
4 0.0411315734375 0.6985983953125 0.050532757812499995 0.7005388875 0.24345295625 0.6993447374999999 0.2459990875 0.6900901 0.245803246875 0.6226208234375 0.1929215734375 0.6211281390625001 0.1214333671875 0.6203817984375 0.0990914953125 0.6181196765625 0.0661620359375 0.61949080625 0.0650262578125 0.635316725 0.04406944375 0.6332269734375 0.04230671875 0.63666014375 0.0411315734375 0.6985983953125
4 0.7079639421875 0.7091038828125 0.7878991515625 0.70735705625 0.7910507359375 0.6911989046875 0.914764478125 0.6936007859375 0.93138184375 0.6377663171875 0.9288032625 0.62641193125 0.9164834875000001 0.6229182828125001 0.918775546875 0.52204823125 0.9170565343750001 0.49516064843749996 0.774376425 0.4923220546875 0.7372311640625 0.49436923125 0.7366145609375 0.5116117609375 0.7122615359375 0.5124851796875001 0.708536946875 0.5734282234375 0.7079639421875 0.7091038828125
4 0.918998553125 0.46868418125 0.9217518203124999 0.41925643125 0.7690974234375 0.415526034375 0.717702771875 0.4127282359375 0.7129898953125 0.4147250859375 0.71005475625 0.47940906562499996 0.75594285 0.4801085140625 0.7571665375000001 0.4656532359375 0.918998553125 0.46868418125
4 0.544574084375 0.49128638437500005 0.57063571875 0.4903480171875 0.5725637140625001 0.4781491640625 0.6891870453125 0.47743760625 0.691098640625 0.47004914375 0.6920544359374999 0.4159817890625 0.636071809375 0.41338021875 0.5174712390625 0.41275584218750005 0.514661778125 0.41411190937500003 0.515835246875 0.4261205484375 0.48658066250000004 0.429998053125 0.4871233109375 0.49247210937499997 0.5096884125 0.4944142953125 0.51851243125 0.49144278124999996 0.544574084375 0.49128638437500005
4 0.47952276562499996 0.669112903125 0.4836944484375 0.67373740625 0.5252660703124999 0.6697739296874999 0.5267276984375 0.657520646875 0.6854176515625 0.657043234375 0.68980251875 0.5548936484375 0.6897287359375001 0.49538745781250004 0.5681239140625001 0.49269178125 0.520256575 0.4922376640625 0.515250390625 0.4932650484375 0.5133330968750001 0.495431253125 0.5101196109374999 0.51189149375 0.4868137015625 0.51189149375 0.48435363281250005 0.554960909375 0.47952276562499996 0.669112903125
4 0.5073988984375 0.705622784375 0.6847844390625 0.7075287890624999 0.68728533125 0.6943229328125 0.6840698781250001 0.675399053125 0.512222078125 0.6737653406249999 0.5058917359375 0.6756991078125 0.5047193578125 0.6911916359375 0.47792396875 0.6896940609375 0.479710321875 0.7046697828124999 0.5073988984375 0.705622784375
4 0.3021616203125 0.6514125 0.3951602171875 0.6546229343750001 0.43372061562499997 0.652400325 0.43453070781249997 0.6385707593750001 0.4637847703125 0.638447278125 0.46491892031250004 0.6070837906250001 0.29840218125 0.6035000187499999 0.2860505671875 0.6058928359375 0.28514968125 0.6218215171875 0.260684890625 0.6207102156250001 0.258092590625 0.65338815625 0.3021616203125 0.6514125
4 0.2787599203125 0.70245809375 0.37962053125 0.7021133984375 0.382108121875 0.687291246875 0.4610326546875 0.6876359421875 0.46442482656250006 0.6802248796875 0.4610326546875 0.6562681265625 0.338009878125 0.6545446203124999 0.3320666625 0.6531180109375 0.2877540328125 0.6525289703125 0.287873621875 0.6540662625 0.2880318734375 0.66971148125 0.25953761875 0.6704008796875 0.25931146875 0.6983216890625 0.2787599203125 0.70245809375
2 0.054376292187499994 0.7153059890625 0.04852828125 0.9285804343749999 0.8976881046875 0.9407343765625 0.9036420765625 0.7281938859375 0.054376292187499994 0.7153059890625
6 0.0038117921875000004 0.9142473875 0.003997728125000001 0.9254211828125 0.023149079687499997 0.925350328125 0.024915467187500002 0.88573538125 0.0205459828125 0.8805404593749999 0.0131085640625 0.8803987546875 0.0116210828125 0.8876966171875 0.0058570828125 0.8876966171875 0.0038117921875000004 0.9142473875
3 0.025640707812500003 0.8677104703125 0.0248823875 0.8646040796875001 0.02137516875 0.8636649406249999 0.0077266453125 0.86426385625 0.007915021875 0.8802805156250001 0.010189978125 0.8807139671875 0.023839701562500003 0.8803527593749999 0.025640707812500003 0.8677104703125
4 0.2662139296875 0.5848987765625 0.3109175984375 0.584683834375 0.3139395015625 0.5725961953125001 0.469733128125 0.573316525 0.47115087187500004 0.552066684375 0.472332328125 0.46013780937500004 0.4366410546875 0.45666948281249997 0.32737205468749997 0.45609357343749996 0.30783512343749997 0.4554931875 0.2958759578125 0.457469553125 0.2942771140625 0.474295934375 0.2691753796875 0.47375855624999996 0.265931890625 0.5216674828125 0.2662139296875 0.5848987765625
4 0.3557788484375 0.45464312968750004 0.357504165625 0.43985038125000003 0.4264245296875 0.44160777500000004 0.47171424531249995 0.44040243749999997 0.4721455578125 0.4326225484375 0.47128291093749997 0.41169354687500004 0.45884163593749994 0.409360578125 0.40909041406249996 0.40838298437500004 0.37380990000000003 0.4081735015625 0.2730777546875 0.407414096875 0.2694825328125 0.408711234375 0.2679312 0.45464312968750004 0.28187755000000003 0.45749210625 0.29179815468750003 0.4545335640625 0.3557788484375 0.45464312968750004
4 0.4909333671875 0.371402415625 0.676482340625 0.3767615421875 0.732915159375 0.374168421875 0.7345029796875 0.3598198171875 0.9101629171875001 0.3622400640625 0.9133385593750001 0.2956833015625 0.90676043125 0.291361434375 0.7239334562499999 0.2923986828125 0.6507681734374999 0.290959953125 0.53509101875 0.292205459375 0.5326705453125 0.30726590468750004 0.4922943578125 0.30726590468750004 0.48548938281250004 0.3643145546875 0.4909333671875 0.371402415625
4 0.487912340625 0.2624495203125 0.4894060109375 0.287461653125 0.5290832984375 0.2890883421875 0.615487 0.290900725 0.625296525 0.29101399687499996 0.722617259375 0.29127400312499996 0.7231670015625 0.2773083953125 0.8240635656249999 0.2780176296875 0.9104014296875 0.2781032625 0.9147760984375 0.2310958140625 0.9136618078125001 0.19739184999999998 0.861151046875 0.19404818125 0.723355078125 0.19330510781250002 0.6443330125 0.1908635828125 0.5360164140625 0.1919938625 0.5348377296875 0.19448455781250001 0.535282753125 0.206344796875 0.5045560015625 0.20325496875 0.493673615625 0.20780839687500002 0.487912340625 0.2624495203125
4 0.5203518 0.18923846718749998 0.557190165625 0.1907425078125 0.6207406062499999 0.1897398140625 0.6212668609375 0.1753010203125 0.7518481734375 0.1786553125 0.9147673203125001 0.1802632609375 0.918986978125 0.1355680765625 0.9205693328125 0.09842575 0.9202177015625 0.0734884265625 0.78272771875 0.0710765046875 0.6217044140625 0.06879858125 0.521340928125 0.0671906390625 0.49951146093750004 0.0703085640625 0.496801559375 0.0965042484375 0.49311771875000004 0.164661871875 0.49351241874999996 0.18673173125 0.5203518 0.18923846718749998