7 0.5606883015624999 0.5813635890625 0.558898846875 0.5398606109374999 0.33402630312500003 0.5328657265625 0.086010009375 0.53503951875 0.0861946125 0.582481121875 0.3918847765625 0.5860268453125 0.5606883015624999 0.5813635890625
4 0.286382365625 0.7621504578125 0.2859458 0.747475190625 0.502906046875 0.7481577515625 0.5055253125 0.7375779 0.5050887453125 0.5952617703125 0.494175253125 0.5932140484375 0.3981365203125 0.592531475 0.28070733593749997 0.5887773375 0.12144705468749999 0.5918285140624999 0.1275753546875 0.6066009890624999 0.08110255937500001 0.6042054578125 0.08110255937500001 0.7647063453125 0.286382365625 0.7621504578125
4 0.12511732656250002 0.76714634375 0.1233261765625 0.774988109375 0.08284620625 0.7761083656250001 0.083204459375 0.8307206765625 0.129057846875 0.8296004187499999 0.135193625 0.81671751875 0.27024623124999997 0.81671751875 0.3386681046875 0.818677953125 0.5077525484375001 0.8169975781250001 0.5081107453125 0.762945396875 0.36052011093749997 0.763505525 0.3297123609375 0.7618251390624999 0.2946311515625 0.7645187499999999 0.18472402968749999 0.7643800093750001 0.13459815 0.7636024625 0.12511732656250002 0.76714634375
2 0.9940734843750001 0.32988655312500004 0.985560940625 0.0561844484375 0.0729649046875 0.0525322828125 0.062706253125 0.5170143921875 0.6552036046875 0.532240471875 0.973643434375 0.53756554375 0.9940734843750001 0.32988655312500004
4 0.18941043125 0.9369278890625001 0.2367407609375 0.936162159375 0.2400049203125 0.9177848234375 0.5025773515624999 0.9209156984375 0.5065298453125 0.9043035015625 0.5060358296875 0.8320598312499999 0.3024831421875 0.8298496828124999 0.18588498281250002 0.8286906953125 0.1110814984375 0.8355344609375001 0.109112084375 0.8473402953125 0.0849572921875 0.8493822390625001 0.08463088125 0.9322695453125001 0.18941043125 0.9369278890625001
6 0.9021236859374999 0.5505199609375 0.7189604609375 0.5477715187500001 0.63776000625 0.5527770234375 0.63555765 0.578004396875 0.9454736468749999 0.5838066578125 0.9439115109375 0.5535737875 0.9021236859374999 0.5505199609375
4 0.535498559375 0.6624703984375 0.6538321546875 0.6621650328124999 0.6538321546875 0.645674346875 0.890499403125 0.6496443296875001 0.9412695984375 0.648728171875 0.9424412312499999 0.59895081875 0.7459995828125 0.593453934375 0.6624240515625 0.591927021875 0.5596390437500001 0.590591371875 0.5601025609375 0.6078069171875 0.5190958640625001 0.607501528125 0.5159715625 0.6597219515625 0.535498559375 0.6624703984375
4 0.5958761234375001 0.6950792390625 0.6169040140625001 0.698625715625 0.720806471875 0.69685248125 0.762449946875 0.6991093296875001 0.8609018703125001 0.698625715625 0.9163770796874999 0.698786921875 0.915964775 0.6837950046875 0.9386419015625 0.6815381625 0.94379579375 0.6689643015625 0.844634890625 0.6647730109375 0.68530364375 0.6618713515625 0.6383001546875 0.6652566203125 0.5597872390624999 0.6636445875 0.5596390437500001 0.6658381078125 0.5616647265625 0.6798771953125 0.5183147953125 0.680793340625 0.5194863984375 0.6963678578125 0.5958761234375001 0.6950792390625
4 0.5178012359374999 0.7624382062499999 0.575884109375 0.76405535625 0.6854377078125 0.7652149609375 0.7285100734375 0.7662296046875 0.7715158828125 0.7678240578125 0.847702915625 0.766664459375 0.8471468015625 0.7517346218750001 0.9285426375 0.753039178125 0.9435576093750001 0.7520245171875 0.9421167234375 0.7025093640625 0.888538671875 0.6997129125 0.8079234734374999 0.6998601984375 0.7408143078125 0.698584375 0.7085151093750001 0.697521184375 0.697651528125 0.70035635625 0.59591495625 0.7000728359374999 0.5927424078125 0.6965997515625 0.582046378125 0.696316234375 0.5601445765624999 0.7010335421875 0.5597596421875 0.71337468125 0.5189560656250001 0.7130736703125 0.516646434375 0.735347915625 0.5178012359374999 0.7624382062499999
4 0.667804334375 0.8700983046875 0.6798486859375 0.8686651281250001 0.6808960046875 0.8520811390624999 0.8420841593749999 0.8555617296875001 0.936867853125 0.8555617296875001 0.9434136890625 0.8533095875000001 0.944461046875 0.8047860796874999 0.9167066875 0.80069126875 0.845226153125 0.801714971875 0.761963134375 0.80212445 0.7123848140625 0.8035576437499999 0.56235423125 0.8004865359375 0.5615687421875 0.813589921875 0.5217700484375001 0.8146136234375 0.5172723484375 0.8184930187499999 0.517511940625 0.8660035015625 0.529032615625 0.8670272046875 0.576948140625 0.8674366796875 0.667804334375 0.8700983046875
4 0.5372954640625001 0.91899305625 0.5183617593750001 0.9220178718750001 0.5199904562500001 0.9323658968749999 0.5295591171875 0.9374603046875001 0.6794001375 0.940962709375 0.76776743125 0.9411219187500001 0.8586353265625 0.941440315625 0.941662609375 0.9412811171875 0.9410518703124999 0.9105554359375001 0.9009449453125 0.9060978375 0.7954862015625 0.9053018359375 0.7439308828125 0.9059059875000001 0.740662459375 0.9076579875 0.612487584375 0.9062344796874999 0.5753297093749999 0.9059059875000001 0.5707086703125 0.902730459375 0.5644072609374999 0.9031684640625001 0.563829671875 0.905027565625 0.563151190625 0.9188338703125 0.5572471265625001 0.9212218703125 0.5434031140625 0.9188338703125 0.5372954640625001 0.91899305625
4 0.7158159734375 0.885611615625 0.72699796875 0.8880405031249999 0.7711046374999999 0.8887691703125 0.9120408328125 0.8886055828125 0.91562895 0.8859751484375 0.9133863859375 0.8751026921875 0.8187501734374999 0.8731737031250001 0.8160590703124999 0.8703679093750001 0.806864559375 0.8703679093750001 0.8059675468749999 0.8731737031250001 0.7203015765624999 0.87019254375 0.683366796875 0.8699115171875 0.6783971734375001 0.8714061718749999 0.67648578125 0.8733990468749999 0.5938685125000001 0.8716054609375 0.589704003125 0.868380675 0.5837321375 0.8682391640624999 0.5807462046875 0.8690882249999999 0.5786566125 0.8710693640624999 0.5639984015625 0.8713523859375 0.56553660625 0.88097506875 0.5660261421875 0.8828410312500001 0.5944387109375 0.8848829515625001 0.6536100046875 0.8868260578125 0.666273621875 0.885611615625 0.7158159734375 0.885611615625
4 0.5652319828125 0.9003186937500001 0.5768219609374999 0.900817578125 0.6008525484375 0.9018984937500001 0.6432069921875 0.9036445828125 0.681698465625 0.903478284375 0.7293958390624999 0.90389401875 0.7686316203125 0.9043929078125 0.76820630625 0.89275230625 0.7494922109375 0.8915882453125 0.7134463249999999 0.8883455093749999 0.7117450453124999 0.8875971828125 0.67304090625 0.8869320078125 0.6690226499999999 0.8893432750000001 0.5933884984375 0.8896758609375001 0.5912403703125 0.8855595046875001 0.5854494765625 0.8849934625 0.5835493375 0.8859840328124999 0.5820143812499999 0.8888650078125 0.5638496984375 0.8883455093749999 0.562892725 0.8910062171875 0.5639560265625 0.898240015625 0.5652319828125 0.9003186937500001
4 0.7343703046875001 0.7835902609375001 0.7655972609374999 0.784321196875 0.7964435015625 0.7832978859375 0.8192510468749999 0.7847597578125 0.8476669703124999 0.785636884375 0.8446758093750001 0.77145671875 0.8162598843750001 0.7678020375 0.807660315625 0.7680944125 0.805603915625 0.7705795921874999 0.7559487078125 0.7676296546875 0.6853703484375 0.7667153953125 0.5801093078124999 0.7644732375000001 0.5608935265625 0.7669776046875 0.5647201453124999 0.7787575296875 0.579005940625 0.781615234375 0.6517282921875001 0.7832232921875 0.6670579328125 0.78380804375 0.7343703046875001 0.7835902609375001
4 0.6395867109375 0.8010846984375 0.685796084375 0.800249909375 0.7521475328125 0.80156171875 0.8210803140625 0.80001140625 0.821995359375 0.7889206296875 0.7901215578125 0.7847466843750001 0.7227138375 0.7846274281250001 0.7182911578125 0.787370309375 0.6158020765625001 0.7853429625 0.5932045968749999 0.78570978125 0.591363203125 0.7825419578125 0.5823403703125 0.78232596875 0.582136409375 0.7848934109375 0.5633336234375 0.7851044515625001 0.5633336234375 0.79881885 0.6032902390625 0.7985803296875 0.6395867109375 0.8010846984375