7 0.19931253124999998 0.0929962109375 0.18721608437499998 0.0875813296875 0.1630231890625 0.085971503125 0.15434978906250002 0.08789949375 0.12257571406250001 0.0887521203125 0.12541081874999999 0.107191975 0.1957214109375 0.1086554546875 0.19931253124999998 0.0929962109375
7 0.0836402734375 0.19262323125 0.2138660609375 0.1924768859375 0.290224884375 0.193794009375 0.28358100468749997 0.16203648125 0.308718934375 0.1591095203125 0.3132550890625 0.15003593906249998 0.3121210640625 0.13920618125 0.23632926875 0.1334986078125 0.20193001093750002 0.13291321250000002 0.16960981875 0.1324741703125 0.1529320015625 0.13494274687500002 0.0857193609375 0.137889046875 0.078537090625 0.1523775046875 0.0800491515625 0.187062 0.0836402734375 0.19262323125
4 0.0805914453125 0.532720421875 0.084203853125 0.5453073796875 0.0824523625 0.5583252546875 0.0811588640625 0.5743503875 0.079434165625 0.6937623078125 0.0815900296875 0.8633796515625001 0.085183796875 0.9481182468749999 0.2585986234375 0.9494944125 0.3543341265625 0.9485114328125 0.35611143125 0.9408441906249999 0.3581426515625 0.8139943625000001 0.358540165625 0.6240951140625 0.35496652968750003 0.4269050671875 0.3569518625 0.21277887031249998 0.1979074265625 0.21172210625000001 0.1847140765625 0.2093506171875 0.1613901109375 0.2109924125 0.1114438515625 0.21172210625000001 0.10783643125 0.21432613437499998 0.109255715625 0.226106703125 0.0804136203125 0.226106703125 0.080752934375 0.37775789843749996 0.0805914453125 0.532720421875
6 0.056991179687500004 0.9057614046875001 0.055627768749999994 0.9287050328124999 0.055991346875 0.9390015125 0.05962710624999999 0.9413240296875 0.0753517640625 0.9404090984375 0.0759880265625 0.9314005546875 0.0750790859375 0.9040934187499999 0.06980723125 0.90472683125 0.06926186875 0.897688909375 0.0678075671875 0.8961405656249999 0.06299018125 0.8957675578125001 0.063081075 0.9037204078125001 0.05880905937499999 0.9047760968749999 0.056991179687500004 0.9057614046875001
3 0.07326120625 0.8933662171875 0.0733521 0.8789384765625 0.06535342499999999 0.8772493750000001 0.05786363437499999 0.8790669015624999 0.0577183265625 0.8939996296875 0.059899785937500005 0.8960406265625 0.0723522671875 0.896392521875 0.07326120625 0.8933662171875
4 0.4144922390625 0.20226968125 0.5354521984375 0.1989574125 0.6269557265625 0.1997101984375 0.6485390468750001 0.1979034921875 0.6499001515625 0.1900744671875 0.650872371875 0.1351207421875 0.5975946671875 0.13331405000000002 0.5769835671875 0.13210957968749998 0.5204003015625001 0.1319590203125 0.43692425625000003 0.1325612578125 0.3988131921875 0.133012928125 0.3756313703125 0.1346818296875 0.37774229375 0.21295930937500002 0.38804784375 0.2164221515625 0.41546446093749995 0.2147660125 0.4144922390625 0.20226968125
4 0.3788371734375 0.24107405 0.3785245734375 0.3182966078125 0.37802585624999996 0.375116521875 0.37929135 0.47883195 0.37929135 0.5725797796875 0.3897197703125 0.5768694734375 0.595680778125 0.5773741359375 0.6517334515625001 0.5756078 0.65303703125 0.565009734375 0.6533628890625 0.4492016328125 0.6504299203125 0.21496152500000001 0.5481012062499999 0.213195184375 0.50997233125 0.2129428484375 0.43371460937500006 0.212690521875 0.40706468906250004 0.21754746093750002 0.4074394984375 0.23357076562499998 0.38211940625 0.23030320624999998 0.37899346875 0.23211851718749998 0.3788371734375 0.24107405
4 0.9473385437499999 0.567546359375 0.9542454484375 0.448470459375 0.9487199046875 0.414243165625 0.9254666828125 0.412103959375 0.778579840625 0.4094299515625 0.6765707062499999 0.410143015625 0.6741681515625 0.41231817968750006 0.674826490625 0.5637874046875 0.6745962640625 0.5755530296875 0.94572690625 0.577529325 0.9473385437499999 0.567546359375
2 0.37821201875 0.6081326828125 0.3776919234375 0.9482772796875001 0.9464012234375 0.9517288234375 0.9460840140625001 0.60975114375 0.37821201875 0.6081326828125
1 0.5165467890625 0.60283565625 0.5173698390625 0.59327645625 0.46538111718749997 0.590302478125 0.3959713921875 0.590302478125 0.38842685625 0.5895589890624999 0.37698071718750004 0.5919989703125 0.3777273390625 0.6060220562499999 0.4605800484375 0.6072966140625 0.5146263703125 0.60665934375 0.5165467890625 0.60283565625
2 0.8580582937499999 0.38985976718750004 0.8708541125 0.3898475328125 0.8769119359375 0.390557109375 0.9469257671875001 0.39034423125 0.9833862890624999 0.390131359375 0.981528821875 0.0805441265625 0.9812531437500001 0.0795835546875 0.66728876875 0.0798882734375 0.669586396875 0.39319168437499996 0.731257703125 0.3934246 0.8362748109375 0.391027009375 0.8580582937499999 0.38985976718750004
1 0.9445255390625 0.39270802968749996 0.9040143484375 0.39171124375 0.90365000625 0.39072384375 0.8994599937500001 0.3906533125 0.8939947703125 0.39192283125 0.8699477828125 0.3917817734375 0.8681950125 0.3898433578125 0.8617067437499999 0.38983895 0.8595059296875001 0.39161404375000003 0.8416243281250001 0.391543040625 0.8392661046875001 0.3926112046875 0.8400989031250001 0.4036847671875 0.9433895437500001 0.4054622109375 0.9439575515625 0.40194381874999996 0.9445255390625 0.39270802968749996