4 0.0535854453125 0.8561837578124999 0.07569672656250001 0.8565827171875 0.1881023328125 0.8561532156249999 0.23919020156249998 0.85498330625 0.24780759375 0.8413830171875001 0.25289970781250004 0.83100000625 0.2515287625 0.7487831921875 0.250238990625 0.727821071875 0.257660003125 0.7229192234374999 0.25823084375 0.716525490625 0.24966810625 0.7139680015625001 0.2505243875 0.6718297484375 0.25994340781249997 0.6684197671875001 0.2607996921875 0.66138666875 0.25109522812499996 0.6552060765625 0.2482409828125 0.5466662078125 0.247898796875 0.3941872359375 0.2466063578125 0.265773975 0.24229826718749997 0.1425764046875 0.24117341093750003 0.06809830781250001 0.20863308125 0.0672546421875 0.1887473078125 0.069954371875 0.049094998437499995 0.0709667765625 0.043344414062499996 0.0726876640625 0.0433187625 0.23669939062499998 0.046917878125 0.5153754984375001 0.05062207656249999 0.7095012015625 0.0535854453125 0.8561837578124999
4 0.0537289140625 0.9297790796875001 0.25102408593750003 0.92816045625 0.2529427140625 0.917336115625 0.25268335 0.85966060625 0.24702175468749998 0.8571421171875 0.23618039375 0.8569622234375001 0.23208475625 0.85912093125 0.11920484375 0.85966060625 0.085958 0.8604701218749999 0.07952679375 0.862173753125 0.07909316250000001 0.8788805453125 0.054896999999999994 0.87900515 0.051726465624999995 0.8920882000000001 0.0537289140625 0.9297790796875001
6 0.046757743750000004 0.9210458687499999 0.048487078125 0.9115764609375001 0.0476224109375 0.8857508078125 0.027014453124999997 0.887149696875 0.026438015625 0.8883333734375001 0.0248527796875 0.90307551875 0.0258615671875 0.9226599734375001 0.043731403125 0.9229827875 0.046757743750000004 0.9210458687499999
3 0.03422003125 0.858526265625 0.0279622828125 0.8630268984375 0.02816735 0.8770346515625 0.046901853125 0.8759585812499999 0.0454607375 0.8579882296875001 0.03422003125 0.858526265625
2 0.279123275 0.7412562078125 0.2818517984375 0.9294499296875 0.7082417999999999 0.9252497843749999 0.7067077328125 0.7356514828125 0.279123275 0.7412562078125
2 0.700311265625 0.7046350765625 0.7010877515625 0.55844126875 0.6977877734375 0.3092509 0.6021505421875 0.31066088281250004 0.589417490625 0.3111794796875 0.4904658140625 0.3122166796875 0.3009499578125 0.31429108125 0.27125425000000003 0.31460619843750004 0.2706613140625 0.3926529875 0.27444355 0.7059229375 0.3418697171875 0.7059525671875 0.700311265625 0.7046350765625
2 0.41714576406250004 0.27125634062500004 0.4325411859375 0.27116990625000004 0.45847030312500003 0.270478440625 0.51624485 0.2700462734375 0.6968670171875 0.26898706875 0.6917859421875 0.06280894375 0.2945667234375 0.066738459375 0.26587010312500003 0.066738459375 0.264070725 0.0671664375 0.270752809375 0.2754830234375 0.286450740625 0.2746746484375 0.40020113124999995 0.2727328234375 0.41714576406250004 0.27125634062500004
1 0.4499628484375 0.28785924375 0.49245127968749997 0.2880321140625 0.50634188125 0.28319185468749997 0.5031007375 0.2708318875 0.481223046875 0.2708318875 0.4765928453125 0.2713504859375 0.44996918125 0.27100475468749996 0.4439909234375 0.27254417656249996 0.4341699171875 0.2724568765625 0.4282071671875 0.2713219671875 0.4200229984375 0.271234665625 0.4159309125 0.2724568765625 0.389997665625 0.2738536859375 0.3030680140625 0.275697296875 0.27793771562499997 0.2764500515625 0.2790952640625 0.2941688765625 0.32227188125 0.29304524062500004 0.4499628484375 0.28785924375
1 0.371056834375 0.31308116406250003 0.42976621562500006 0.31221136718750003 0.504650803125 0.3116894859375 0.5172874875 0.3115957015625 0.533518296875 0.3114798171875 0.54735325625 0.3110405578125 0.594631434375 0.30979511406250004 0.5973017140625 0.3010172984375 0.596544146875 0.294002571875 0.5741053234375 0.29317635625 0.5073367531249999 0.29525551562499996 0.41756838749999997 0.29693026875 0.31830450625 0.29785002656250004 0.2951470875 0.297390146875 0.280926190625 0.3014270265625 0.2814962890625 0.3132330015625 0.2964286890625 0.314097334375 0.3396844109375 0.313603040625 0.371056834375 0.31308116406250003
1 0.613008609375 0.7205057609375001 0.47381235312500003 0.7184297953125001 0.3604541953125 0.719121784375 0.2929778703125 0.7192601828125 0.282598390625 0.721889740625 0.2829805140625 0.7220496640625 0.2873604375 0.7372518828125 0.450809825 0.737667075 0.612230378125 0.7343455328124999 0.613008609375 0.7205057609375001
4 0.9129816703125 0.3258859203125 0.909155078125 0.16909858125 0.9170445687500001 0.1610653671875 0.9174032046875 0.14473115 0.9066447921874999 0.14392783125 0.90987229375 0.058196528125 0.7147864109375 0.061945362500000004 0.7048249171875 0.06550272812499999 0.716054365625 0.34812535312500004 0.8853007546875 0.3446233328125 0.884524646875 0.32685176718750003 0.9129816703125 0.3258859203125
4 0.719221 0.5677023296875 0.720046021875 0.60366084375 0.72183869375 0.6358997953125 0.7225356 0.694768890625 0.7651454796875 0.6931773296875 0.8190968765625 0.6919153890625 0.8206569328125 0.6798784078125 0.9193645921875 0.6784931609375 0.919873253125 0.609169546875 0.9193360921875 0.370988103125 0.914770153125 0.347656709375 0.8993598140625 0.3462336546875 0.8874041968749999 0.3458412546875 0.87794481875 0.346037453125 0.876631015625 0.348391865625 0.7646831078125 0.35074628125 0.741560175 0.352413990625 0.7399540390625 0.35345977031250003 0.7428714140625 0.367822734375 0.717570975 0.36987617031250003 0.717570975 0.38199144375 0.719221 0.5677023296875
4 0.72416320625 0.74033821875 0.7264814265624999 0.8193360265624999 0.7256791203125 0.9219280828124999 0.732739415625 0.9243243812499999 0.8254859796874999 0.92528290625 0.9215297734375 0.9210893812500001 0.9221716328125 0.816466546875 0.9231964749999999 0.6955051359375 0.8760669968749999 0.6926898375 0.8091622640624999 0.6942468625 0.7580675859375 0.693954884375 0.7506711078125 0.6978130375 0.75032385 0.7155318640624999 0.7336551250000001 0.7127659984375 0.7249734984375 0.7162233296875 0.72416320625 0.74033821875