2 0.0527265265625 0.140625 0.0462964625 0.1494140625 0.0488684875 0.3349609375 0.0552985515625 0.33984375 0.23405433750000001 0.3388671875 0.24434244062500002 0.3369140625 0.24434244062500002 0.1435546875 0.23276832500000003 0.138671875 0.0527265265625 0.140625
2 0.453962534375 0.138671875 0.2816368125 0.140625 0.270062696875 0.1513671875 0.270062696875 0.2099609375 0.2752067484375 0.2119140625 0.2752067484375 0.2275390625 0.270062696875 0.2314453125 0.2752067484375 0.2353515625 0.270062696875 0.2451171875 0.2752067484375 0.2919921875 0.270062696875 0.2958984375 0.2752067484375 0.2958984375 0.2777787734375 0.3369140625 0.2816368125 0.33984375 0.4063800578125 0.3388671875 0.4668226625 0.337890625 0.47325272656250006 0.3330078125 0.4706807015625 0.1455078125 0.453962534375 0.138671875
2 0.8860628500000001 0.66015625 0.8912069015625 0.65625 0.9014950031250001 0.662109375 0.9426474140625001 0.662109375 0.9465054531250001 0.6591796875 0.9465054531250001 0.4091796875 0.9349313374999999 0.40625 0.618572178125 0.408203125 0.619858190625 0.6591796875 0.6237162296875 0.662109375 0.72145320625 0.66015625 0.7883258734374999 0.666015625 0.8307642968750001 0.6650390625 0.8371943609375 0.662109375 0.86291461875 0.6640625 0.8706306953125 0.66015625 0.8860628500000001 0.66015625
2 0.49018651718750006 0.40290596093750003 0.49221129374999995 0.533237603125 0.616977725 0.53525503125 0.6116685703125 0.40513136562499996 0.49018651718750006 0.40290596093750003
2 0.616977725 0.5402985703125001 0.49018651718750006 0.5399506484375001 0.48955667968750005 0.666387409375 0.6183050671875 0.663361296875 0.616977725 0.5402985703125001
2 0.27906478749999997 0.50390625 0.270062696875 0.5087890625 0.270062696875 0.7587890625 0.27649276093749997 0.76171875 0.3395073921875 0.7626953125 0.46810867500000003 0.7607421875 0.46810867500000003 0.5087890625 0.4642506375 0.505859375 0.27906478749999997 0.50390625
2 0.0462964625 0.6064453125 0.050154500000000005 0.623046875 0.2314823125 0.6220703125 0.24434244062500002 0.6181640625 0.2430564265625 0.50390625 0.0488684875 0.5048828125 0.0462964625 0.6064453125
7 0.11702716875000001 0.640625 0.1440334390625 0.6396484375 0.1466054640625 0.6318359375 0.137603375 0.62890625 0.11059710468749999 0.6318359375 0.11702716875000001 0.640625
7 0.0437244359375 0.6337890625 0.047582475 0.640625 0.1080250796875 0.6396484375 0.1080250796875 0.6318359375 0.10159501562499999 0.62890625 0.047582475 0.630859375 0.0437244359375 0.6337890625
4 0.24434244062500002 0.9345703125 0.24434244062500002 0.6591796875 0.23791237656250003 0.6484375 0.081018809375 0.6484375 0.0630146296875 0.650390625 0.0552985515625 0.658203125 0.0488684875 0.6591796875 0.0437244359375 0.6689453125 0.0437244359375 0.9482421875 0.050154500000000005 0.953125 0.084876846875 0.9521484375 0.1067390671875 0.94140625 0.11959919375000001 0.939453125 0.23534035000000003 0.939453125 0.24434244062500002 0.9345703125
7 0.35879758281249996 0.708984375 0.3562255578125 0.705078125 0.335649353125 0.70703125 0.315073146875 0.703125 0.29706896718750003 0.70703125 0.2816368125 0.703125 0.2752067484375 0.7080078125 0.2752067484375 0.7138671875 0.2893528890625 0.71875 0.3909479046875 0.7177734375 0.3935199296875 0.7099609375 0.38708986562500003 0.705078125 0.36136960937499996 0.705078125 0.35879758281249996 0.708984375
4 0.26601892031249996 0.95248491875 0.4057989046875 0.9574721640625 0.405142640625 0.9360269562499999 0.4694545609375 0.937523125 0.4766732484375 0.72606336875 0.2900946640625 0.72286689375 0.2896437203125 0.7390302390625 0.27061264218750003 0.74002769375 0.26601892031249996 0.95248491875
4 0.6970189625 0.7978515625 0.6918749109375 0.7841796875 0.6944469359375 0.7451171875 0.686730859375 0.7041015625 0.5568435609375 0.701171875 0.551699509375 0.69140625 0.549127484375 0.697265625 0.53626735625 0.693359375 0.5311233046875 0.69921875 0.51569115 0.69921875 0.5118331125 0.7021484375 0.5118331125 0.7138671875 0.49640095781250004 0.7177734375 0.4938289328125 0.7353515625 0.4938289328125 0.9384765625 0.513119125 0.94140625 0.6815868078125 0.9404296875 0.6918749109375 0.9345703125 0.6918749109375 0.8427734375 0.6970189625 0.8173828125 0.6970189625 0.7978515625
4 0.9182131703125 0.7314453125 0.9104970937499999 0.7080078125 0.91306911875 0.6728515625 0.9040670296875 0.666015625 0.8706306953125 0.66796875 0.8500544906249999 0.6640625 0.8294782843749999 0.66796875 0.7651776421875 0.66796875 0.7471734624999999 0.6640625 0.72402523125 0.6640625 0.7150231406249999 0.6708984375 0.709879090625 0.6962890625 0.709879090625 0.9345703125 0.72145320625 0.94140625 0.853912528125 0.9423828125 0.9092110812499999 0.94140625 0.91306911875 0.9384765625 0.91306911875 0.7509765625 0.9182131703125 0.7314453125
4 0.9156411453125 0.3583984375 0.9156411453125 0.1474609375 0.9066390546875001 0.138671875 0.8860628500000001 0.142578125 0.783181821875 0.142578125 0.757461565625 0.138671875 0.72145320625 0.140625 0.712451115625 0.1455078125 0.7073070640625 0.1689453125 0.7073070640625 0.3115234375 0.712451115625 0.3798828125 0.716309153125 0.3828125 0.7446014375 0.3828125 0.7626056171875 0.38671875 0.7908978984374999 0.384765625 0.8333363234375 0.3876953125 0.8886348765625 0.37890625 0.9014950031250001 0.37109375 0.9092110812499999 0.373046875 0.9156411453125 0.3583984375
4 0.4282422765625 0.4609375 0.453962534375 0.470703125 0.46553665000000005 0.4697265625 0.46039259843749997 0.4658203125 0.4706807015625 0.4580078125 0.47325272656250006 0.4443359375 0.47325272656250006 0.3564453125 0.4642506375 0.34375 0.2842088375 0.34375 0.2726347234375 0.3486328125 0.2726347234375 0.3642578125 0.267490671875 0.3701171875 0.267490671875 0.4580078125 0.2726347234375 0.4677734375 0.2944969421875 0.4765625 0.3600835953125 0.4755859375 0.3768017640625 0.474609375 0.39480594375 0.462890625 0.41538215 0.46484375 0.4282422765625 0.4609375
4 0.24434244062500002 0.3662109375 0.23534035000000003 0.36328125 0.1838998375 0.361328125 0.15817957968750002 0.36328125 0.1427474265625 0.359375 0.06558665625 0.361328125 0.059156590625000005 0.3740234375 0.0462964625 0.3818359375 0.0437244359375 0.3935546875 0.0462964625 0.4736328125 0.0527265265625 0.4765625 0.0990229890625 0.474609375 0.17232572031249999 0.4775390625 0.196759965625 0.474609375 0.23534035000000003 0.4765625 0.24434244062500002 0.4716796875 0.24434244062500002 0.3662109375
7 0.5568435609375 0.142578125 0.49640095781250004 0.1396484375 0.500258996875 0.150390625 0.5234072265624999 0.15234375 0.6481504734375 0.1513671875 0.6507225 0.1435546875 0.644292434375 0.140625 0.57999179375 0.138671875 0.5568435609375 0.142578125
7 0.1697536953125 0.3447265625 0.147891478125 0.33984375 0.050154500000000005 0.341796875 0.0462964625 0.3447265625 0.0488684875 0.3544921875 0.057870578125 0.357421875 0.102881028125 0.3583984375 0.11959919375000001 0.35546875 0.16332363125 0.357421875 0.1697536953125 0.3544921875 0.1697536953125 0.3447265625
6 0.9387893765624999 0.9482421875 0.9413614015625 0.9189453125 0.9297872875 0.91796875 0.9233572234375 0.9482421875 0.9387893765624999 0.9482421875
3 0.9259292484375001 0.8994140625 0.9310733000000001 0.9150390625 0.9362173500000001 0.9150390625 0.9413614015625 0.9072265625 0.9413614015625 0.8916015625 0.9297872875 0.890625 0.9259292484375001 0.8994140625
7 0.5079750734374999 0.677734375 0.49640095781250004 0.6806640625 0.497686971875 0.689453125 0.51569115 0.69140625 0.6378623703125 0.6904296875 0.640434396875 0.6826171875 0.63143230625 0.6796875 0.6005679984375 0.681640625 0.5079750734374999 0.677734375
4 0.6134281265625 0.23828125 0.641720409375 0.240234375 0.688016871875 0.236328125 0.6944469359375 0.2314453125 0.6944469359375 0.1630859375 0.667440665625 0.15625 0.6520085124999999 0.158203125 0.6494364874999999 0.15234375 0.6391483828125 0.150390625 0.6237162296875 0.15234375 0.61730063125 0.15546405000000002 0.61148153125 0.15620110781250002 0.590144884375 0.15398993593750002 0.5852956609375 0.1576752109375 0.5649288890624999 0.15546405000000002 0.5568435609375 0.15234375 0.5311233046875 0.15234375 0.5208352015625 0.158203125 0.5105470984375 0.154296875 0.5041170359375 0.1611328125 0.501545009375 0.1748046875 0.49125690625 0.1787109375 0.49640095781250004 0.2470703125 0.5054030484375 0.251953125 0.547841471875 0.2529296875 0.572275715625 0.25 0.5928519203125 0.240234375 0.6005679984375 0.2421875 0.6134281265625 0.23828125
4 0.6970189625 0.3310546875 0.6918749109375 0.2607421875 0.6828728203125001 0.255859375 0.57999179375 0.25390625 0.5726876359374999 0.2557035171875 0.5678384140625 0.25791468906250004 0.556200265625 0.2557035171875 0.5484414656250001 0.256440575 0.51449679375 0.2557035171875 0.49994912343750003 0.256440575 0.5057681703125 0.256440575 0.5066890609375 0.2646484375 0.4938289328125 0.2724609375 0.49125690625 0.3564453125 0.49640095781250004 0.3642578125 0.49640095781250004 0.3759765625 0.5079750734374999 0.380859375 0.6520085124999999 0.37890625 0.663582628125 0.3818359375 0.667440665625 0.37890625 0.6854448468750001 0.37890625 0.6918749109375 0.3720703125 0.6970189625 0.3310546875
7 0.461155759375 0.120604475 0.8342900890625 0.1235106078125 0.832376578125 0.09299622187499999 0.47263681562500004 0.09299622187499999 0.461155759375 0.120604475