4 0.5390625 0.85784655625 0.55 0.845471521875 0.8890625 0.8469552546875001 0.9140625 0.8453381640625001 0.9203125 0.8437630265625 0.9220439921875 0.840625 0.9219881515624999 0.7125 0.9078125 0.7106657328125 0.075 0.7107447984374999 0.074673615625 0.8609375 0.075 0.862606646875 0.0921875 0.8640700828125001 0.128125 0.8611795421874999 0.521875 0.8626189109375 0.5390625 0.85784655625
4 0.1781475828125 0.1078125 0.184375 0.104843828125 0.9078125 0.1078210359375 0.9140625 0.1065196109375 0.9146827046875 0.103125 0.9143851734374999 0.021875 0.1171875 0.021806867187500002 0.1109375 0.0280660515625 0.103125 0.0311983359375 0.0827965515625 0.034375 0.0825867 0.125 0.109375 0.12501066875 0.1671875 0.1219837765625 0.17507739375 0.115625 0.1781475828125 0.1078125
4 0.15318780781250002 0.4671875 0.159375 0.4610237265625 0.1703125 0.4594778296875 0.359375 0.46115686718750004 0.4703125 0.460942596875 0.4890625 0.4579743140625 0.5078125 0.459381678125 0.5265625 0.451621209375 0.5484375 0.4361437125 0.565625 0.429690871875 0.5828125 0.41721871874999994 0.590625 0.4173030578125 0.596875 0.42045786406249996 0.6045220953125 0.4296875 0.6045449625 0.4453125 0.599987375 0.453125 0.5998998828125 0.459375 0.603125 0.46250056875 0.9140625 0.4640664734375 0.9220248312500001 0.4609375 0.9220675828125 0.3796875 0.11875 0.379648403125 0.090625 0.39213273437499996 0.0780703703125 0.3921875 0.077598446875 0.478125 0.078125 0.4813926890625 0.1265625 0.4812531046875 0.146875 0.47820804843750003 0.1500594109375 0.4765625 0.15318780781250002 0.4671875
4 0.6296875 0.6923071546874999 0.771875 0.693842334375 0.9140625 0.6922089765624999 0.9204415156250001 0.6890625 0.92067308125 0.634375 0.128125 0.6338283828125 0.1109375 0.6343520218750001 0.1015625 0.640540709375 0.090625 0.6436951828125 0.0765317234375 0.6421875 0.0765625 0.7110312296875 0.615625 0.7109433109375 0.623458996875 0.703125 0.6235135953125 0.696875 0.6296875 0.6923071546874999
4 0.075 0.9438569343750001 0.909375 0.9456895812500001 0.909375 0.86202754375 0.0747934125 0.8625 0.075 0.9438569343750001
4 0.2546875 0.25333228124999996 0.2828125 0.2563051078125 0.346875 0.2531473984375 0.3703125 0.24689686093750002 0.3719440953125 0.2390625 0.378125 0.2359393453125 0.803125 0.23906285624999998 0.915625 0.23753162031250002 0.9176931390625 0.2328125 0.917627584375 0.2015625 0.1171875 0.20156080156249997 0.1015625 0.20932024062500001 0.0812145984375 0.209375 0.0811107203125 0.2578125 0.0953125 0.257820196875 0.125 0.25627398125 0.1453125 0.251808853125 0.2546875 0.25333228124999996
4 0.1390625 0.1502563984375 0.2625 0.1488620125 0.3203125 0.154723071875 0.6578125 0.1547719203125 0.6578125 0.12617870625 0.1383340625 0.1265625 0.1390625 0.1502563984375
4 0.127533084375 0.2546875 0.128125 0.2800027078125 0.16875 0.2797297015625 0.196875 0.2767600140625 0.2578125 0.2797274625 0.4734375 0.2797183109375 0.47524878125000003 0.2765625 0.475 0.2543090078125 0.127533084375 0.2546875
4 0.146875 0.30568793906249997 0.134375 0.3057958234375 0.133795840625 0.3078125 0.134375 0.3331452546875 0.1484375 0.332847121875 0.15625 0.328310821875 0.184375 0.3281780890625 0.3421875 0.33282814374999997 0.5171875 0.332832875 0.5236154125 0.3296875 0.5234375 0.3057188015625 0.146875 0.30568793906249997
4 0.1265625 0.609161371875 0.125911984375 0.6140625 0.1265625 0.631286190625 0.2671875 0.6343804578125 0.45 0.6343966625 0.45321243593749994 0.63125 0.453125 0.6088948203125 0.1265625 0.609161371875
4 0.1228312703125 0.5578125 0.1234375 0.581414534375 0.2546875 0.5801178703125001 0.2828125 0.584406525 0.471875 0.5844053453125 0.4766240375 0.58125 0.4765625 0.5571659984374999 0.1228312703125 0.5578125
4 0.126180046875 0.35625 0.12642462031249999 0.378125 0.13125 0.3797276375 0.5078125 0.3812683171875 0.5172625156249999 0.3765625 0.5171875 0.3560754296875 0.126180046875 0.35625
4 0.1261182578125 0.584375 0.1265625 0.606603753125 0.259375 0.6063140671875 0.2687867984375 0.603125 0.26875 0.583918365625 0.1261182578125 0.584375
4 0.1306712078125 0.33125 0.13125 0.35495882343749996 0.2640625 0.35470557343750003 0.2689090515625 0.353125 0.26875 0.3305545171875 0.1306712078125 0.33125
4 0.1307383109375 0.1515625 0.13125 0.17514815156250002 0.271875 0.1750395796875 0.2766494046875 0.171875 0.2765625 0.15096166093750002 0.1307383109375 0.1515625
4 0.1306116625 0.2796875 0.13125 0.30344488125 0.26875 0.30313591875 0.27194353437499996 0.3015625 0.271875 0.27901320625000003 0.1306116625 0.2796875
4 0.13220861875 0.1765625 0.1328125 0.2016077359375 0.2390625 0.20319369531249998 0.24862163593750003 0.1984375 0.2484375 0.176265846875 0.13220861875 0.1765625
4 0.6573181421875 0.53916581875 0.9421560031249999 0.533352709375 0.93777388125 0.4897543953125 0.0591586328125 0.48684784218750005 0.0723049953125 0.558058421875 0.650744959375 0.5566051437499999 0.6573181421875 0.53916581875
6 0.45354951874999994 0.9562563578125 0.2673093765625 0.9562563578125 0.273882559375 0.982415346875 0.44916739687499996 0.9838686234375 0.45354951874999994 0.9562563578125
6 0.47765118281249996 0.9562563578125 0.482033303125 0.991135009375 0.7296231375 0.9925882874999999 0.7274320765625 0.9591629125000001 0.47765118281249996 0.9562563578125
6 0.40753724843750005 0.5740444703125 0.43163891249999997 0.5711379156249999 0.44916739687499996 0.5638715296875 0.4579316390625 0.5551518671875 0.4732690625 0.544978928125 0.503943909375 0.5231797703125001 0.5258545140625001 0.510100275 0.5368098156250001 0.5042871671875 0.5674846625 0.48684784218750005 0.591586328125 0.46650196250000003 0.624452234375 0.44324952812499996 0.624452234375 0.4345298640625 0.617879053125 0.4214503703125 0.6069237515625 0.4127307078125 0.5762489046875 0.4272634796875 0.5455740578125 0.4534224671875 0.517090271875 0.46940851562499997 0.4732690625 0.4853945640625 0.43602103437500006 0.520273215625 0.37248028125 0.5377125421875 0.3834355828125 0.5638715296875 0.39439088437500003 0.5740444703125 0.40753724843750005 0.5740444703125