2 0.306989646875 0.811246078125 0.1083123015625 0.8115383609375 0.1098736234375 0.9386813171874999 0.15053961875 0.939395084375 0.205693440625 0.9391234484375 0.30730391875 0.9363160374999999 0.3097219671875 0.9351739109375 0.3089412921875 0.9261131546874999 0.306989646875 0.811246078125
4 0.2618448 0.48958016249999997 0.298607975 0.490234375 0.3058882125 0.49185468437499996 0.3025198703125 0.3330078125 0.310343659375 0.3173828125 0.3025198703125 0.3056640625 0.3025198703125 0.1025390625 0.301496328125 0.0822586609375 0.20993835781249998 0.083984375 0.1884421953125 0.0840471796875 0.108826590625 0.0816624984375 0.10006888750000001 0.08583568750000001 0.104317196875 0.4677734375 0.10237721875000001 0.4960245625 0.100352225 0.5058807296875 0.12465202500000001 0.5092924828125 0.17730164531249998 0.508155221875 0.20210772187499998 0.505501653125 0.2047224984375 0.498046875 0.21254628750000001 0.4921875 0.2618448 0.48958016249999997
7 0.12912325 0.5109950421875 0.10421195937500001 0.5184116390625 0.107813584375 0.5307726390624999 0.121268740625 0.53125 0.2635995828125 0.5312221265625 0.26419984531249996 0.517063175 0.2308017984375 0.513671875 0.211676009375 0.5159394484375001 0.12912325 0.5109950421875
4 0.307173271875 0.6736208328125 0.3051278 0.5869140625 0.30664127812499997 0.5505344109375 0.299725778125 0.5357959046875 0.13215834375 0.5373892625 0.11939129062500001 0.5493394 0.1002407296875 0.5596961796875 0.101304634375 0.6851726390625 0.11344495156250001 0.6875 0.134308390625 0.689453125 0.17733923437500002 0.6884765625 0.20503688125 0.6891560171875 0.20211456718749998 0.673828125 0.21515421875000001 0.671875 0.307173271875 0.6736208328125
4 0.30853315000000003 0.6968201421875 0.298607975 0.693359375 0.14474010937499998 0.693359375 0.12962735625 0.6952802953125 0.1317004609375 0.708984375 0.11235370468749999 0.709446890625 0.10248303437499999 0.714374396875 0.10782965625 0.809536959375 0.1251033078125 0.8104608765625001 0.20602646249999998 0.8115234375 0.282451175 0.8111728578124999 0.3012159046875 0.810546875 0.3097669953125 0.807689146875 0.30853315000000003 0.6968201421875
6 0.0873391546875 0.9367306531249999 0.10421754999999999 0.936384390625 0.1069251265625 0.9287109375 0.10583601875 0.9064323249999999 0.0891888484375 0.9057397953124999 0.0873391546875 0.9367306531249999
3 0.10409819375 0.8878356999999999 0.104317196875 0.8857421875 0.10170454375 0.8821000421875 0.0951894421875 0.8828125 0.0917708921875 0.8840716750000001 0.09212994218750001 0.892585540625 0.091277546875 0.8955078125 0.093805490625 0.9003824484375 0.10050771875 0.8993966312499999 0.1044572359375 0.8985004343749999 0.104317196875 0.8955078125 0.104317196875 0.8916015625 0.101709265625 0.8896484375 0.10409819375 0.8878356999999999
4 0.5239694234375001 0.1093493625 0.5201228671875 0.0821920078125 0.36902208281250004 0.083984375 0.31625675468750003 0.08260348437500001 0.3155595203125 0.1787109375 0.3186909703125 0.19967394375 0.3199815546875 0.3027587125 0.327295203125 0.3046875 0.40142993125000004 0.3048000796875 0.426396540625 0.291015625 0.48637892968749996 0.291015625 0.5256179109375 0.2903984484375 0.5239694234375001 0.1093493625
4 0.474897559375 0.3328805328125 0.3857571671875 0.333840953125 0.3716300125 0.333984375 0.35598243281249997 0.333984375 0.3403348546875 0.33984375 0.3416388171875 0.3466796875 0.318420909375 0.35304939687500003 0.316497046875 0.48462722343750003 0.33251106406250003 0.48828125 0.359463971875 0.4903897609375 0.3768458734375 0.490234375 0.5163701234375 0.4892578125 0.528766575 0.48462722343750003 0.5223535984375001 0.33816285156250003 0.50724236875 0.333984375 0.474897559375 0.3328805328125
4 0.3481794640625 0.6821316078125 0.34458069999999996 0.691563378125 0.3193894203125 0.691563378125 0.3274866234375 0.9374625265625 0.5308159953125 0.936788815625 0.5317157375 0.8727876640625001 0.5290166468749999 0.678089453125 0.48216616874999996 0.6750744562500001 0.349675740625 0.678602203125 0.3481794640625 0.6821316078125
4 0.742328046875 0.07931621718750001 0.5379135828125 0.07931621718750001 0.543404034375 0.272548609375 0.7440173953125 0.2719161078125 0.742328046875 0.07931621718750001
4 0.540447640625 0.5046731546875 0.5847937515625 0.5056219328125 0.61224610625 0.504040653125 0.6130907796875 0.489809134375 0.7448620703125 0.48664657499999997 0.746129115625 0.48032145625 0.7499302484375 0.3911183265625 0.748663203125 0.309208040625 0.746129115625 0.2985334171875 0.7027405046874999 0.29932491875 0.688431 0.2991526890625 0.680646625 0.30086663593749996 0.5667808640625001 0.3012094234375 0.5729681078125 0.3171333796875 0.543826371875 0.3158683453125 0.540447640625 0.5046731546875
4 0.7038947234374999 0.694334340625 0.7030500484375 0.680102821875 0.7482408359375 0.6775727890625001 0.7516195999999999 0.6655550531250001 0.745284440625 0.6525885640625 0.745706809375 0.5083758484375 0.5671970765625 0.50782681875 0.5674776578125 0.5226073640625 0.5417146515625 0.5238723859375 0.542981696875 0.6990781796875 0.7038947234374999 0.694334340625
4 0.7473249921875 0.790310490625 0.7455478906249999 0.72111226875 0.5719815640625 0.7237737484375 0.571389196875 0.7388554 0.543547475 0.74417834375 0.5488788734375001 0.7916412234375 0.7473249921875 0.790310490625
4 0.8609894171875 0.6494349953125 0.8603350000000001 0.6381639906250001 0.9683155812500001 0.6352237781250001 0.962425721875 0.49556148593750005 0.7905172296874999 0.4970572125 0.7929289203125001 0.5161432875 0.7621708359375 0.5181034671875 0.7634796703125 0.64992506875 0.8609894171875 0.6494349953125
2 0.7483526015625 0.7938149343750001 0.549942196875 0.7938149343750001 0.549942196875 0.9344534624999999 0.7483526015625 0.9344534624999999 0.7483526015625 0.7938149343750001
4 0.43245069531249997 0.674672484375 0.430541628125 0.6569125546875 0.455632184375 0.6593622171875 0.5246312671875 0.6575249640624999 0.52517665625 0.62588373125 0.324310025 0.6272695140625 0.323732871875 0.6351617218750001 0.324997665625 0.6748766125000001 0.3509064 0.6763055734375001 0.43245069531249997 0.674672484375
4 0.971504496875 0.20679227500000003 0.963053759375 0.0967743359375 0.9594784671875001 0.079576378125 0.9155995828125001 0.07981966874999999 0.7608639046875 0.077744759375 0.761341734375 0.2529986203125 0.9120242453125 0.2525304625 0.963378753125 0.2535036125 0.971504496875 0.20679227500000003
4 0.7668019265625 0.3735483046875 0.7652184375 0.386909996875 0.7821486656250001 0.3893043203125 0.8002364249999999 0.38807458125 0.8027776859375001 0.386284303125 0.8440358984375 0.386731875 0.8616933765624999 0.38645237187500003 0.8630387531249999 0.38421452500000003 0.8654305453125 0.3848858796875 0.8676728234375 0.386564265625 0.8812760734375 0.38701183437500003 0.9038485046875 0.38667616250000003 0.909678459375 0.3855572359375 0.9081835921874999 0.38231235468749997 0.9226837874999999 0.38197667812499997 0.92104645625 0.37269976875 0.96932099375 0.37479588750000004 0.9684098359375 0.27567520624999997 0.9690639203125 0.25547833125 0.8946387046875 0.2533617328125 0.7984875875 0.25363380156250004 0.790854409375 0.254443209375 0.7910949406250001 0.2702863765625 0.765358765625 0.270106340625 0.7646372015625 0.296391590625 0.7668019265625 0.3735483046875
4 0.774958196875 0.4319983140625 0.8667423359375 0.4319983140625 0.8837463953125001 0.4308505421875 0.8817748999999999 0.41478192187499996 0.9591013890625 0.41592967031250005 0.9727815812499999 0.41523973906249995 0.9726476312500001 0.395686315625 0.9710400484375 0.386260565625 0.9338369312499999 0.385618259375 0.91498241875 0.3840881484375 0.911097465625 0.38669526875 0.8722478359375 0.38639444375 0.8626023921874999 0.38639444375 0.8469285718749999 0.38669526875 0.80044296875 0.3867955421875 0.79931658125 0.394909940625 0.798837965625 0.40173886718749996 0.7719905078125 0.40081704374999994 0.774958196875 0.4319983140625
7 0.829739653125 0.43884359218749996 0.8332073859375001 0.47181813593750005 0.9534089515625 0.46843889687500007 0.9452262375 0.43844808906250005 0.829739653125 0.43884359218749996
7 0.85366196875 0.4797369765625 0.7643380093750001 0.4809065828125 0.76556066875 0.494546659375 0.802891715625 0.495384928125 0.8540352906249999 0.494546659375 0.85366196875 0.4797369765625
0 0.7665389703125001 0.9340904562500001 0.976572071875 0.9338907453124999 0.9779825499999999 0.763918546875 0.9732810875 0.650153765625 0.8245900609374999 0.6504197171875 0.76500116875 0.6500657296875 0.763818846875 0.6507588156249999 0.7628729937500001 0.6516437953125 0.763818846875 0.6958928531249999 0.7635823921875 0.8629467578125001 0.7665389703125001 0.9340904562500001
7 0.6872963515625 0.277259953125 0.5711701984374999 0.2769672875 0.546332975 0.2755588859375 0.5469283859375 0.30418525625 0.5586583093749999 0.2971612609375 0.6044049499999999 0.3000879234375 0.64076769375 0.298917271875 0.69707125625 0.298039265625 0.6872963515625 0.277259953125
7 0.4811537453125 0.3073586109375 0.3224486984375 0.311979371875 0.32006294375 0.329308584375 0.3712835484375 0.3307719203125 0.487409703125 0.32989392500000003 0.4811537453125 0.3073586109375
2 0.3234859875 0.4922147359375 0.32635365625 0.6263774765625 0.52658865 0.6245496968750001 0.52475721875 0.49157826875 0.3234859875 0.4922147359375
7 0.569031509375 0.721899775 0.576685240625 0.721899775 0.579320128125 0.7173912390625 0.636158509375 0.7185183687500001 0.6740507578125 0.717860878125 0.6755564046875 0.7108162734375 0.6755564046875 0.70405345625 0.6694083328125 0.6997327703125 0.6645149703125 0.6988874171874999 0.6549791640625 0.6992631312500001 0.6484546734375 0.70283239375 0.600399265625 0.701987040625 0.5914117734375 0.703604353125 0.5445646578125001 0.703395959375 0.5444391875 0.7147612484375 0.5594957125 0.720021215625 0.569031509375 0.721899775