7 0.083967390625 0.4599609375 0.0826554015625 0.453125 0.048543648437499996 0.453125 0.0446076765625 0.4560546875 0.05116762968750001 0.4609375 0.0747834578125 0.46484375 0.083967390625 0.4599609375
7 0.360797384375 0.798828125 0.35030146093750003 0.802734375 0.3529254421875 0.810546875 0.3804772421875 0.8095703125 0.37916525 0.802734375 0.360797384375 0.798828125
6 0.9236413046875 0.4208984375 0.9236413046875 0.4052734375 0.9013374671875001 0.400390625 0.8252420171875 0.400390625 0.817370075 0.404296875 0.8160580843749999 0.4130859375 0.833644415625 0.423837328125 0.8656936343750001 0.42840350625 0.9236413046875 0.4208984375
4 0.32537364062499996 0.5888671875 0.32406165 0.46875 0.305693784375 0.462890625 0.0800314203125 0.462890625 0.0446076765625 0.4853515625 0.0388645265625 0.6214201828125 0.0443197359375 0.631567228125 0.323898184375 0.6204054546875 0.32537364062499996 0.5888671875
4 0.32065252499999997 0.9220470046875 0.32537364062499996 0.6826171875 0.32143767031250003 0.654296875 0.0760028203125 0.6459238140625 0.0446076765625 0.6669921875 0.0419836953125 0.7275390625 0.0393597140625 0.9130859375 0.0459196671875 0.91796875 0.2584621265625 0.921875 0.32065252499999997 0.9220470046875
4 0.6269939859375 0.7706611796875 0.6351767500000001 0.45102921875 0.52539111875 0.44772410625000003 0.356280165625 0.4492461203125 0.35161345 0.4677734375 0.3489894703125 0.5048828125 0.343741509375 0.7138671875 0.34741551249999997 0.7843596765624999 0.44738875624999996 0.783203125 0.6269939859375 0.7706611796875
4 0.6179475203125 0.818359375 0.37916525 0.8203125 0.343741509375 0.8369140625 0.34111752812499996 0.9111328125 0.35030146093750003 0.919921875 0.619259509375 0.9189453125 0.6179475203125 0.818359375
3 0.9355953296875 0.8546059203124999 0.9362772703125 0.873885303125 0.949233303125 0.8779441562500001 0.9533247375 0.8566353187500001 0.9355953296875 0.8546059203124999
6 0.9342315515624999 0.8845396937500001 0.9288892671875001 0.9208984375 0.9459451421875 0.921875 0.9499152437499999 0.888091203125 0.9342315515624999 0.8845396937500001
4 0.92495329375 0.919921875 0.9341372296875001 0.9013671875 0.9345988468750001 0.541798225 0.6822962703125001 0.5428129140625 0.6559952453125 0.5634765625 0.6533712640625 0.5732421875 0.6507472828124999 0.9150390625 0.665179178125 0.919921875 0.7648904546875 0.921875 0.92495329375 0.919921875
4 0.8882175609375 0.5390625 0.9359626234375 0.5230857484375 0.9352806828125001 0.44901230312499996 0.8241312234375 0.44749025 0.6529746046875 0.44850495781250005 0.6533712640625 0.5087890625 0.6559952453125 0.5322265625 0.665179178125 0.5390625 0.8882175609375 0.5390625
7 0.9243703125 0.38559326718750003 0.929143584375 0.3460197828125 0.777762090625 0.3358727375 0.693265115625 0.3326353203125 0.6911609734375 0.36225506875 0.69661613125 0.3861006109375 0.9243703125 0.38559326718750003
2 0.5569330390625 0.39923295625 0.5664795796875 0.39010061875 0.667400609375 0.34748301875 0.701495546875 0.3200859875 0.7874147218750001 0.333784503125 0.9565256234374999 0.33733597187500003 0.9537980703125 0.0575369984375 0.50510869375 0.0347061453125 0.003231225 0.0463752640625 0.007843121875000001 0.44114474374999996 0.51806478125 0.44337258906250004 0.52283805 0.412931471875 0.53511225 0.39365206875 0.5569330390625 0.39923295625