2 0.9765729046875 0.29414198593749996 0.6295809421875 0.29414198593749996 0.6295809421875 0.48916811875 0.9765729046875 0.48916811875 0.9765729046875 0.29414198593749996
2 0.6305973218750001 0.24246154375 0.985390390625 0.2493861015625 0.9863612406250001 0.0012156562500000002 0.631992028125 0.0012156562500000002 0.6305973218750001 0.24246154375
2 0.061782434374999994 0.9150390625 0.056633898437499997 0.9130859375 0.060495299999999995 0.91015625 0.0682181046875 0.912109375 0.08108944375 0.90234375 0.1119806609375 0.90234375 0.11712919687500001 0.8984375 0.13257480625 0.90234375 0.135149075 0.896484375 0.2020800453125 0.892578125 0.22009992031249997 0.88671875 0.2561396734375 0.884765625 0.266436746875 0.87890625 0.27673381875 0.87890625 0.28960515937500003 0.869140625 0.3565361296875 0.869140625 0.3552489953125 0.8818359375 0.359110396875 0.884765625 0.42089283125000004 0.884765625 0.503269409375 0.876953125 0.5251506890625001 0.8662109375 0.5354477609375 0.8505859375 0.540596296875 0.8212890625 0.557329040625 0.810546875 0.5624775765625001 0.8125 0.566338978125 0.8076171875 0.56505184375 0.802734375 0.5599033078125 0.806640625 0.5496062359375 0.806640625 0.5483191015625 0.7978515625 0.5586161749999999 0.7587890625 0.575348915625 0.728515625 0.5843588546875 0.7431640625 0.5843588546875 0.7568359375 0.6101015359375 0.8291015625 0.6101015359375 0.8427734375 0.5985173296874999 0.853515625 0.5869331234375 0.8583984375 0.5869331234375 0.8642578125 0.63970561875 0.857421875 0.6281214125 0.8017578125 0.62554714375 0.7412109375 0.6178243390625 0.7177734375 0.6178243390625 0.6728515625 0.62554714375 0.6298828125 0.6229728765625 0.6201171875 0.6088144015625 0.603515625 0.5714875140625 0.5947265625 0.5792103187500001 0.5673828125 0.5869331234375 0.5615234375 0.5869331234375 0.5478515625 0.592081659375 0.5380859375 0.5895073921875 0.5205078125 0.5817845859374999 0.5107421875 0.531586359375 0.4765625 0.5212892874999999 0.47265625 0.5084179453125001 0.474609375 0.4994080078125 0.4814453125 0.49425947187499997 0.5009765625 0.48396239999999996 0.5107421875 0.47109105781249994 0.5361328125 0.4736653265625 0.5556640625 0.491685203125 0.5732421875 0.491685203125 0.5810546875 0.4994080078125 0.5927734375 0.48782380156249994 0.599609375 0.46465538906250003 0.603515625 0.4466355125 0.611328125 0.419605696875 0.6318359375 0.352674728125 0.7138671875 0.3089121703125 0.7451171875 0.2728724171875 0.7841796875 0.2458426015625 0.802734375 0.0785151765625 0.865234375 0.0064356703125 0.8671875 0.0051485359375 0.9208984375 0.010297071875 0.9228515625 0.029604082812499998 0.921875 0.0373268875 0.91796875 0.060495299999999995 0.91796875 0.061782434374999994 0.9150390625
2 0.5856459890625 0.865234375 0.5843588546875 0.8583984375 0.5998044640625 0.8486328125 0.6049529984375 0.8212890625 0.5972301953125 0.8017578125 0.5856459890625 0.798828125 0.554754771875 0.798828125 0.5508933703125 0.8017578125 0.5328734921875 0.8583984375 0.5238635546875 0.8671875 0.503269409375 0.876953125 0.4414869765625 0.8828125 0.359110396875 0.884765625 0.348813325 0.875 0.315347840625 0.875 0.214951384375 0.890625 0.0939607859375 0.900390625 0.0424754234375 0.916015625 0.030891217187499997 0.9228515625 0.0373268875 0.92578125 0.5869331234375 0.9287109375 0.60237873125 0.9248046875 0.6049529984375 0.8681640625 0.601091596875 0.865234375 0.5856459890625 0.865234375
2 0 0.6418495625 0.039279053125000005 0.6692802234374999 0.043529174999999996 0.86774951875 0.313411025 0.746731615625 0.313411025 0.29493170156250004 0.039279053125000005 0.2997723875 0.041404114062500004 0.43692596406249995 0 0.45306163593750004 0 0.6418495625
1 0.4530711828125 0.5830078125 0.4504969140625 0.5732421875 0.335941984375 0.57421875 0.3320805828125 0.5771484375 0.3320805828125 0.6142578125 0.3462390578125 0.619140625 0.3784174078125 0.6181640625 0.39515015 0.607421875 0.4389127078125 0.607421875 0.445348378125 0.6025390625 0.4530711828125 0.5830078125
1 0.457862409375 0.4879049953125 0.42988601875 0.48578072031249997 0.4308185921875 0.4730351125 0.33078244375 0.47204812343749997 0.3310362265625 0.502066784375 0.455064740625 0.51056384375 0.457862409375 0.4879049953125
4 0.39071915156250003 0.2977928671875 0.6163951265625001 0.298500940625 0.6135974562500001 0.0719123671875 0.33078244375 0.06812753125 0.330103703125 0.3119546578125 0.3562149484375 0.31549509531250003 0.39071915156250003 0.313370840625 0.39071915156250003 0.2977928671875
4 0.6098672640625 0.46702619843750004 0.6145300312499999 0.31832746093750003 0.362691509375 0.3172331328125 0.330103703125 0.32965688593750003 0.3263735125 0.4599453234375 0.6098672640625 0.46702619843750004
4 0.036980071875 0.130683771875 0.03604755 0.2942524296875 0.316115509375 0.292836246875 0.3207058984375 0.1139986390625 0.0677540828125 0.1158139109375 0.0686866046875 0.132808046875 0.036980071875 0.130683771875
4 0.316743684375 0.0683719203125 0.036980071875 0.0683719203125 0.0366883578125 0.11145024375000001 0.09386532656249999 0.11510581875 0.0957304234375 0.1023602109375 0.3223389203125 0.1037763953125 0.316743684375 0.0683719203125
1 0.8807820234375001 0.25301764531250004 0.6288802796875 0.2484264703125 0.6271296828125 0.2650551609375 0.8761192578125 0.2650551609375 0.8807820234375001 0.25301764531250004
1 0.8397500109375 0.278508859375 0.6280405671875 0.2764588140625 0.6299273015625 0.293378721875 0.8378849140625 0.293378721875 0.8397500109375 0.278508859375
4 0.902230553125 0.5914843453125 0.9059607468750001 0.49447610937500003 0.6224669421875 0.49164374375 0.626197134375 0.6056461359374999 0.8024481890624999 0.607770390625 0.8024481890624999 0.5914843453125 0.902230553125 0.5914843453125
4 0.8411285078124999 0.91796875 0.8951881374999999 0.9140625 0.904198075 0.9072265625 0.8990495390625 0.9033203125 0.904198075 0.8935546875 0.9067723437499999 0.8466796875 0.9067723437499999 0.6767578125 0.9016238078125 0.6513671875 0.9016238078125 0.6103515625 0.8951881374999999 0.60546875 0.8797425296875 0.60546875 0.872019725 0.609375 0.8359799718750001 0.609375 0.8205343624999999 0.60546875 0.8076630234375 0.60546875 0.8025144875000001 0.609375 0.7741975375 0.609375 0.7619303421875 0.6059557203125 0.7474917375000001 0.6101601234375 0.7355218296875 0.6101601234375 0.740732053125 0.607421875 0.714989371875 0.607421875 0.7077508515625001 0.6112176671875 0.706490859375 0.6102609578125 0.7020809046875 0.6093042359374999 0.7077508515625001 0.608825875 0.6969694953125 0.609375 0.6635040109375 0.60546875 0.6570683390625 0.6142578125 0.666078278125 0.62109375 0.6377613296875 0.62109375 0.6313256593750001 0.6240234375 0.6261771234375 0.7119140625 0.6313256593750001 0.7646484375 0.6493455359375 0.7998046875 0.6467712671875 0.8115234375 0.64162273125 0.8154296875 0.64162273125 0.8291015625 0.6493455359375 0.8408203125 0.67894961875 0.8515625 0.6853852890625001 0.8623046875 0.67894961875 0.865234375 0.6351870609375 0.865234375 0.6261771234375 0.8681640625 0.6210285859375 0.8779296875 0.6210285859375 0.8955078125 0.6261771234375 0.8994140625 0.6210285859375 0.9228515625 0.6377613296875 0.9296875 0.7420191875000001 0.9326171875 0.79736595 0.9296875 0.8205343624999999 0.931640625 0.8359799718750001 0.927734375 0.8411285078124999 0.91796875
6 0.796735971875 0.94140625 0.7928745687500001 0.9443359375 0.7954488375000001 0.9521484375 0.80703304375 0.955078125 0.8404985296874999 0.953125 0.8585184046875 0.95703125 0.8778254171875 0.9560546875 0.8829739515625 0.9541015625 0.8829739515625 0.9443359375 0.8662412093749999 0.939453125 0.796735971875 0.94140625
3 0.89069675625 0.9462890625 0.8945581578124999 0.953125 0.9112909015625 0.9541015625 0.9138651687499999 0.9482421875 0.9100037671875001 0.9453125 0.8971324265625 0.943359375 0.89069675625 0.9462890625