6 0.23052592343749997 0.2140625 0.23125 0.23163080625000002 0.3421875 0.23127252812500002 0.348467571875 0.228125 0.3484375 0.21377550625000002 0.23052592343749997 0.2140625
6 0.3984375 0.203707178125 0.46875 0.2033217734375 0.4703125 0.187049121875 0.39767171874999996 0.1875 0.3984375 0.203707178125
6 0.6671875 0.20371324999999998 0.746875 0.203460128125 0.746875 0.186923234375 0.66643990625 0.1875 0.6671875 0.20371324999999998
6 0.2640625 0.2036518390625 0.321875 0.20322565468749998 0.321875 0.186940325 0.2633088015625 0.1875 0.2640625 0.2036518390625
6 0.4875 0.1739121671875 0.5109375 0.1734564203125 0.5125 0.157296071875 0.486735878125 0.1578125 0.4875 0.1739121671875
6 0.6494315609375 0.3828125 0.65 0.403669996875 0.7671875 0.4032558046875 0.770429925 0.4 0.7703125 0.3826360359375 0.6494315609375 0.3828125
6 0.76875 0.2967968765625 0.64945405 0.296875 0.65 0.3190776609375 0.765625 0.3188409109375 0.7719815484375 0.3140625 0.7719889125 0.3 0.76875 0.2967968765625
6 0.5484375 0.20370568125 0.6046875 0.20323159531249999 0.6046875 0.18694584218750002 0.5476854796875 0.1875 0.5484375 0.20370568125
6 0.6515625 0.2880588484375 0.76875 0.2875285453125 0.76875 0.2685430890625 0.6510853984375 0.26875 0.6515625 0.2880588484375
6 0.652692315625 0.4109375 0.653125 0.43025621718749996 0.76875 0.42988621718750003 0.7692496734375001 0.4140625 0.7671875 0.4108361921875 0.652692315625 0.4109375
6 0.64951745625 0.325 0.65 0.345747634375 0.7671875 0.34540455937500003 0.7718881109375 0.3421875 0.7703125 0.324949540625 0.64951745625 0.325
6 0.76875 0.3546015453125 0.6497143796875 0.3546875 0.65 0.3753447390625 0.765625 0.3751331375 0.7705446859375 0.371875 0.7707077078125 0.3578125 0.76875 0.3546015453125
6 0.228125 0.2598924359375 0.3515625 0.2598747375 0.3515625 0.24331934843749997 0.2275980765625 0.24375 0.228125 0.2598924359375
6 0.6509154625 0.240625 0.6515625 0.2613256046875 0.7671875 0.2610729984375 0.7677992796875001 0.2453125 0.765625 0.2405880515625 0.6509154625 0.240625
6 0.5296875 0.43019817031249996 0.63125 0.4300126265625 0.63125 0.4107426796875 0.5293193359374999 0.4109375 0.5296875 0.43019817031249996
3 0.4789586859375 0.85625 0.4796875 0.8815760609375 0.5140625 0.8812978265625 0.5187909640624999 0.878125 0.51875 0.8557438140625001 0.4789586859375 0.85625
6 0.2328125 0.28780456875 0.328125 0.287699009375 0.328125 0.2711611125 0.23204247812499998 0.271875 0.2328125 0.28780456875
6 0.528125 0.40376078125000003 0.63125 0.4033193046875 0.63125 0.38226035625 0.5274486421875 0.3828125 0.528125 0.40376078125000003
6 0.5276435265625 0.3546875 0.528125 0.375435078125 0.63125 0.37504051875 0.6333125390625 0.371875 0.6328125 0.3543523921875 0.5276435265625 0.3546875
6 0.6515625 0.45993393125 0.76875 0.4595259453125 0.7703125 0.43742842812499994 0.6509688515625001 0.4375 0.6515625 0.45993393125
6 0.5367968734375 0.3265625 0.5375 0.34575682812499997 0.63125 0.34539292499999996 0.6333269265625 0.340625 0.6328125 0.32609306875 0.5367968734375 0.3265625
6 0.6495056203125 0.2125 0.65 0.2333596546875 0.76875 0.23289933125 0.7707285796875001 0.228125 0.7703125 0.2121658828125 0.6495056203125 0.2125
6 0.5296875 0.458493428125 0.6328125 0.4581113296875 0.6328125 0.4385715859375 0.52898815625 0.4390625 0.5296875 0.458493428125
6 0.2296875 0.4302402703125 0.3359375 0.43017601718750004 0.3359375 0.41204909843750004 0.22910823749999998 0.4125 0.2296875 0.4302402703125
6 0.5260131203125 0.26875 0.5265625 0.28805844375 0.63125 0.287601684375 0.6345473203124999 0.2859375 0.634375 0.2685188140625 0.5260131203125 0.26875
6 0.228125 0.4019598734375 0.346875 0.4021387953125 0.346875 0.3822437421875 0.22752491406250003 0.3828125 0.228125 0.4019598734375
6 0.21875 0.488027446875 0.340625 0.4877595078125 0.340625 0.46681743437499995 0.2182802875 0.4671875 0.21875 0.488027446875
6 0.5243545468749999 0.240625 0.525 0.26138700312499996 0.6328125 0.26101226718750004 0.634708425 0.2578125 0.634375 0.2406015 0.5243545468749999 0.240625
6 0.2234375 0.45847114062500005 0.3390625 0.45847078437500005 0.3390625 0.43844675000000005 0.223002371875 0.4390625 0.2234375 0.45847114062500005
6 0.2265625 0.37392007656250004 0.3359375 0.37389480625 0.3359375 0.354212271875 0.226079021875 0.3546875 0.2265625 0.37392007656250004
6 0.525 0.317688615625 0.6328125 0.3174039484375 0.6328125 0.2965832625 0.524325584375 0.296875 0.525 0.317688615625
6 0.3625 0.31625175781250003 0.3984375 0.315762478125 0.3984375 0.297984265625 0.3618384484375 0.2984375 0.3625 0.31625175781250003
6 0.2234375 0.317607246875 0.3421875 0.3176173875 0.3421875 0.2977932828125 0.22284911875 0.2984375 0.2234375 0.317607246875
6 0.3618371875 0.2703125 0.3625 0.2878896234375 0.4046875 0.287515653125 0.41112308750000004 0.2859375 0.4109375 0.269820309375 0.3618371875 0.2703125
6 0.3618244203125 0.3265625 0.3625 0.3441289984375 0.3921875 0.3438640765625 0.39699435312500003 0.3421875 0.396875 0.3260953265625 0.3618244203125 0.3265625
6 0.3632943546875 0.215625 0.3640625 0.23169300625 0.3921875 0.23129085468750002 0.3953735296875 0.228125 0.3953125 0.2153758328125 0.3632943546875 0.215625
6 0.36875 0.43149985468749996 0.475 0.43151495625 0.475 0.410663875 0.36849193125 0.4109375 0.36875 0.43149985468749996
6 0.36343466874999997 0.2421875 0.3640625 0.25990359218750003 0.3921875 0.25940291718749997 0.39545962343749996 0.25625 0.3953125 0.24201625624999998 0.36343466874999997 0.2421875
6 0.221875 0.3442018015625 0.3375 0.34431649062499997 0.3375 0.32452843593749997 0.22144216874999997 0.325 0.221875 0.3442018015625
6 0.525 0.23344063125 0.63125 0.233129375 0.63125 0.2105376015625 0.5246333296875 0.2109375 0.525 0.23344063125
6 0.365625 0.40211718437500005 0.490625 0.402110834375 0.490625 0.38071286249999997 0.3651302640625 0.38125 0.365625 0.40211718437500005
6 0.365625 0.45854142343750004 0.4734375 0.458444440625 0.4734375 0.4369596359375 0.36509808125 0.4375 0.365625 0.45854142343750004
6 0.3609375 0.48795799375 0.471875 0.48793915468750004 0.471875 0.466721965625 0.360638215625 0.4671875 0.3609375 0.48795799375
5 0.7696461390625 0.4921875 0.7734375 0.4892578125 0.7759650734375 0.1884765625 0.7734375 0.1572265625 0.7696461390625 0.154296875 0.23127297812499997 0.154296875 0.22495404375 0.1591796875 0.22495404375 0.4892578125 0.22874540468750001 0.4921875 0.7696461390625 0.4921875
6 0.393037684375 0.359375 0.370289521875 0.357421875 0.3664981625 0.3603515625 0.370289521875 0.369140625 0.39430147031249996 0.3681640625 0.393037684375 0.359375