2 0.37546823749999997 0.3027959296875 0.3771312515625 0.99974160625 0.9856563250000001 0.9950337109375 0.9736395015625 0.2982673359375 0.37546823749999997 0.3027959296875
2 0.5557078890625 0.0732421875 0.5505385140625 0.0908203125 0.5531232015625 0.1923828125 0.6358332124999999 0.1923828125 0.6358332124999999 0.0009765625 0.5518308578125 0 0.5505385140625 0.0517578125 0.5557078890625 0.0732421875
4 0.89300965625 0.259765625 0.90076371875 0.255859375 0.9343646609375 0.2578125 0.94599575625 0.2509765625 0.94341106875 0.1123046875 0.9291952859375 0.10546875 0.7741140140625 0.10546875 0.7405130718749999 0.109375 0.6862346265625 0.109375 0.6810652515625 0.12109375 0.6655571250000001 0.12109375 0.6616800921875 0.1240234375 0.656510715625 0.2177734375 0.6590954046874999 0.2666015625 0.6707265 0.2734375 0.827100115625 0.2724609375 0.8542393374999999 0.267578125 0.8426082421875 0.2646484375 0.8619934015625 0.259765625 0.89300965625 0.259765625
4 0.76635995 0.091796875 0.771529325 0.09765625 0.7766987015625 0.09375 0.8413158984375 0.0859375 0.8645780890625 0.087890625 0.9369493484375001 0.083984375 0.94341106875 0.0771484375 0.94341106875 0.0615234375 0.9317799734375001 0.0546875 0.8697474656249999 0.0546875 0.8568240250000001 0.05078125 0.8180537078125001 0.05078125 0.792206828125 0.0546875 0.71983556875 0.052734375 0.7069121296875001 0.056640625 0.6629724359375 0.056640625 0.6590954046874999 0.0595703125 0.6590954046874999 0.0986328125 0.6629724359375 0.1015625 0.6901116578125001 0.1005859375 0.7327590078124999 0.095703125 0.7405130718749999 0.08984375 0.7482671359374999 0.09375 0.76635995 0.091796875
4 0.648446490625 0.205369565625 0.36285385468750003 0.205369565625 0.36285385468750003 0.2735347828125 0.648446490625 0.2735347828125 0.648446490625 0.205369565625
4 0.365958028125 0.29885782031249997 0.7329095828125001 0.2981328046875 0.735252303125 0.2817448546875 0.366058575 0.2844023671875 0.365958028125 0.29885782031249997
4 0.3644409890625 0.9228515625 0.3618563 0.7060546875 0.356686925 0.6943359375 0.3592716125 0.5556640625 0.35410223749999997 0.5361328125 0.356686925 0.3720703125 0.3515175484375 0.3642578125 0.3515175484375 0.2294921875 0.346348171875 0.2255859375 0.3515175484375 0.2158203125 0.34505582968750004 0.2109375 0.295946759375 0.2109375 0.28043863281250003 0.21484375 0.26234581874999996 0.2109375 0.22099081250000002 0.212890625 0.2132367484375 0.208984375 0.1692970546875 0.208984375 0.153788928125 0.212890625 0.1512042390625 0.216796875 0.1305267359375 0.2109375 0.1020951703125 0.2109375 0.0956334515625 0.2158203125 0.09434110625 0.22265625 0.0762482921875 0.224609375 0.06720188437499999 0.2314453125 0.06720188437499999 0.8330078125 0.0749559484375 0.8935546875 0.06978657187500001 0.9326171875 0.0788329796875 0.94140625 0.149911896875 0.9423828125 0.26234581874999996 0.939453125 0.337301765625 0.94140625 0.35797926874999997 0.93359375 0.3644409890625 0.9228515625
6 0.2597611296875 0.947265625 0.2532994109375 0.9501953125 0.2532994109375 0.9560546875 0.2597611296875 0.9609375 0.341178796875 0.9599609375 0.3476405171875 0.953125 0.3487481078125 0.9531705625000001 0.337301765625 0.9453125 0.2597611296875 0.947265625
3 0.35410223749999997 0.9501953125 0.35539458125 0.958984375 0.374779740625 0.9580078125 0.37736442812500004 0.9541015625 0.3709027078125 0.947265625 0.35797926874999997 0.947265625 0.35410223749999997 0.9501953125
7 0.5465489890625 0.1584461078125 0.5439967125 0.0686942859375 0.06885806875 0.0685398640625 0.0679984296875 0.1169479640625 0.2772845578125 0.1130876578125 0.290045875 0.164236565625 0.5465489890625 0.1584461078125
6 0.3837109140625 0.1736063890625 0.3832037453125 0.19222366875000002 0.5376160546875 0.19029354375000002 0.5388921578125 0.1671317671875 0.3837109140625 0.1736063890625