2 0.9258243343749999 0.34375 0.9583093984375 0.341796875 0.9620576734374999 0.3349609375 0.9620576734374999 0.1376953125 0.9583093984375 0.1328125 0.35358743125 0.125 0.111198875 0.126953125 0.107450596875 0.1298828125 0.107450596875 0.3271484375 0.113697725 0.3359375 0.9258243343749999 0.34375
7 0.20990349375 0.4091796875 0.20990349375 0.4013671875 0.20115751406250001 0.396484375 0.1586770453125 0.39453125 0.136187384375 0.400390625 0.132439109375 0.4033203125 0.136187384375 0.412109375 0.206155215625 0.412109375 0.20990349375 0.4091796875
7 0.48727596562500003 0.7001953125 0.48727596562500003 0.6884765625 0.46603573125000003 0.68359375 0.41106100625 0.681640625 0.3873219203125 0.6865234375 0.3873219203125 0.6962890625 0.3960679 0.701171875 0.4835276890625 0.703125 0.48727596562500003 0.7001953125
7 0.7958840765625 0.60546875 0.798382928125 0.6171875 0.8246208640624999 0.6181640625 0.8208725875 0.6015625 0.7958840765625 0.60546875
7 0.2601809953125 0.07220748593750001 0.26987591875 0.1064453125 0.399698340625 0.10462717343750001 0.39404223125 0.0751547296875 0.2601809953125 0.07220748593750001
1 0.19366096093750002 0.369140625 0.6484518609375 0.369140625 0.7084242875 0.365234375 0.714671415625 0.3603515625 0.7084242875 0.345703125 0.6384564562499999 0.341796875 0.12619198125 0.341796875 0.113697725 0.34765625 0.104951746875 0.3544921875 0.104951746875 0.3623046875 0.111198875 0.3671875 0.19366096093750002 0.369140625
6 0.5634909234375 0.68359375 0.5497472421875 0.6904296875 0.547248390625 0.7041015625 0.71996535625 0.7057461890625001 0.7247386078125 0.6889575125 0.5634909234375 0.68359375
6 0.9795496328125 0.9111328125 0.9758013546875001 0.904296875 0.9645565265625 0.9072265625 0.9620576734374999 0.9345703125 0.970803653125 0.9375 0.97705078125 0.9345703125 0.9795496328125 0.9111328125
4 0.9824886875000001 0.8823386390625 0.9618099546875 0.8823386390625 0.9618099546875 0.8960168 0.9824886875000001 0.8960168 0.9824886875000001 0.8823386390625
4 0.303167546875 0.427944290625 0.11618397031250001 0.429363203125 0.099482525 0.4500793390625 0.099482525 0.5817545046875 0.22474336718750001 0.583740984375 0.2254695171875 0.568984284375 0.303893696875 0.565862675 0.303167546875 0.427944290625
4 0.1452299625 0.753159246875 0.300626021875 0.7551457265625 0.300626021875 0.5828896359375 0.1140055203125 0.583740984375 0.11327937031249999 0.6004841625 0.098756375 0.60161929375 0.10057174843750001 0.7707537734375001 0.1437776625 0.770469990625 0.1452299625 0.753159246875
4 0.251247834375 0.9248477718749999 0.252337059375 0.91179376875 0.304256771875 0.9126451171875001 0.302804471875 0.7735915999999999 0.1140055203125 0.7744429484375 0.11327937031249999 0.7897672140625 0.1009348234375 0.7914699093750001 0.098756375 0.9220099453125 0.251247834375 0.9248477718749999
4 0.1140055203125 0.9444287765625001 0.290459925 0.9430098640625 0.290459925 0.92938829375 0.1140055203125 0.9256991203125 0.1140055203125 0.9444287765625001
4 0.378217453125 0.900158678125 0.3353746140625 0.8998748953125 0.3340289140625 0.931090990625 0.720234015625 0.935915296875 0.717692490625 0.8851181968749999 0.379669753125 0.8836992828125 0.378217453125 0.900158678125
4 0.720234015625 0.839712965625 0.380758978125 0.8320508343749999 0.380032828125 0.8468075328125 0.33900536406250004 0.8468075328125 0.33936843906249997 0.8814290218749999 0.6875572734375 0.8836992828125 0.6802957765625 0.8723479749999999 0.7180555656250001 0.8689425828124999 0.720234015625 0.839712965625
4 0.721686315625 0.785226690625 0.3833005015625 0.7818212984375 0.381122053125 0.7988482593749999 0.3386422890625 0.7977131296875 0.3400945875 0.8303481375 0.48822915 0.8309157031250001 0.488592225 0.8150238734374999 0.721686315625 0.8172941343750001 0.721686315625 0.785226690625
4 0.7238647640625 0.7182539765625 0.3858420265625 0.713713453125 0.384389728125 0.7298890671875 0.3404576625 0.729605284375 0.3386422890625 0.7789834718749999 0.5735517531250001 0.7823888640625001 0.5735517531250001 0.766780815625 0.7227755390625 0.7696186421875 0.7238647640625 0.7182539765625
4 0.5196311703125 0.3930593546875 0.3196593640625 0.3919044296875 0.3211369890625 0.5636032265625001 0.46495907656249996 0.5655281015625 0.468406865625 0.55166900625 0.5216013359375 0.55128403125 0.5196311703125 0.3930593546875
4 0.332465440625 0.5666830265625 0.33295798125 0.5832369468749999 0.3211369890625 0.5832369468749999 0.319166821875 0.6490676515625 0.52258641875 0.652532425 0.5240640437499999 0.5678379515625 0.332465440625 0.5666830265625
4 0.5516463609375 0.5181761921875 0.5383477437499999 0.519331115625 0.5378552015625 0.653302375 0.7378270078125 0.653302375 0.7368419234375 0.49892744687499996 0.5516463609375 0.499697396875 0.5516463609375 0.5181761921875
4 0.7397971734375 0.396909103125 0.5393328265624999 0.3945992546875 0.5358850359375 0.498542471875 0.5895720468750001 0.4973875484375 0.5880944234375 0.48506835156249994 0.7397971734375 0.48121860312500003 0.7397971734375 0.396909103125
4 0.9640328484375 0.398449003125 0.763075959375 0.399218953125 0.76146899375 0.46504965781249996 0.795946890625 0.4638947328125 0.796931975 0.44926568749999996 0.964525390625 0.4473408140625 0.9640328484375 0.398449003125
4 0.9620626828125 0.4669745328125 0.7758820359375 0.46658955625000004 0.77686711875 0.48506835156249994 0.76258341875 0.48622327656250003 0.7601207109375 0.5886265953125001 0.9157637921875 0.5859317703125 0.913301084375 0.57091775 0.964525390625 0.5689928765625 0.9620626828125 0.4669745328125
4 0.96354030625 0.6352085546875 0.7744044125 0.6375184046875 0.756672921875 0.652532425 0.7591356296875 0.8053674531249999 0.9379281546874999 0.8065223781249999 0.9408834031250001 0.7911233828124999 0.9640328484375 0.7899684578125 0.96354030625 0.6352085546875
4 0.96501793125 0.8107571015625 0.836464628125 0.8072923281250001 0.7763745765625 0.8088322265624999 0.77538949375 0.8269260468749999 0.760613253125 0.828465946875 0.7586430875 0.909310671875 0.8103599328125 0.9085407218749999 0.8103599328125 0.8962215265625 0.9600925171875 0.8942966515625 0.96501793125 0.8107571015625
4 0.77538949375 0.9300993156249999 0.76110579375 0.9320241906250001 0.7601207109375 0.9466532359375 0.9640328484375 0.9458832859375 0.960585059375 0.9147003203124999 0.7748969531250001 0.9147003203124999 0.77538949375 0.9300993156249999