7 0.3001102046875 0.1221379109375 0.519354415625 0.12390409218750001 0.5230729937499999 0.1082726359375 0.5202125234375 0.099065071875 0.514205559375 0.09585312812499999 0.49069364843749996 0.0929090234375 0.4049214359375 0.09486354218750001 0.3375491546875 0.0950589953125 0.329668353125 0.0974675890625 0.3005788984375 0.0984548296875 0.2949545078125 0.1054720390625 0.29284535156249997 0.11898016874999999 0.3001102046875 0.1221379109375
4 0.0723180484375 0.2293091140625 0.0723180484375 0.240553959375 0.08078599374999999 0.242115284375 0.170446790625 0.242323078125 0.1937641296875 0.23816713906250003 0.1934931140625 0.22352385468749997 0.27107885625 0.2241472484375 0.27191160625 0.2154184984375 0.2732300859375 0.12848442499999999 0.2735076890625 0.1216271296875 0.2732300859375 0.0899926046875 0.2550481109375 0.08583666718750001 0.117142703125 0.086148365625 0.074116628125 0.0864600578125 0.073142353125 0.0878370203125 0.07185121875 0.130413790625 0.0722190140625 0.1941209015625 0.0722190140625 0.20614345312500001 0.0723180484375 0.2293091140625
4 0.0691533375 0.3282987953125 0.0698662140625 0.3982171796875 0.09576742656250001 0.40070752656249997 0.13188653749999998 0.396794115625 0.130698409375 0.3818520125 0.2742243796875 0.38042895625 0.2720857625 0.2653708875 0.2730362515625 0.2457824953125 0.16265246875 0.2448253640625 0.127505865625 0.24598765625 0.100392253125 0.2481843875 0.09984865468750001 0.26215580156249996 0.08897650625 0.262427090625 0.072487078125 0.2641904734375 0.0691533375 0.3282987953125
4 0.0691175640625 0.5083299609374999 0.070626071875 0.5678675609375 0.0766601171875 0.5712552921875 0.2094090578125 0.568714496875 0.20997475468750001 0.5537520234375 0.273716365625 0.5523404703125 0.27364995468750003 0.45776597812500003 0.271893384375 0.40146229375000003 0.1514958 0.401186265625 0.1016834515625 0.4018667140625 0.095759178125 0.4043412453125 0.09683645468749999 0.421225146875 0.071757459375 0.421225146875 0.0700603828125 0.42489518437499996 0.0691175640625 0.5083299609374999
4 0.06816183125 0.7931356796875 0.08417487812499999 0.7952599734375 0.1279574015625 0.7958669171875 0.126741221875 0.779782990625 0.2704533265625 0.77796216875 0.271619290625 0.687801628125 0.271619290625 0.5735112421874999 0.25803860625 0.5722973578125 0.09932693125 0.5756355281250001 0.09457378749999999 0.5760373015625 0.09674209375000001 0.59255189375 0.0689726125 0.5943727171875001 0.069175315625 0.6961279171875 0.06816183125 0.7931356796875
7 0.1506443796875 0.8150712375 0.2683356140625 0.815993959375 0.2693921359375 0.8010985953124999 0.1111707203125 0.799121334375 0.10183796406250001 0.7967486171875 0.09285739531250001 0.798066790625 0.06983112500000001 0.802140984375 0.0729888578125 0.8324711375 0.0874282015625 0.8320756859375 0.15082046875 0.8311529625 0.1506443796875 0.8150712375
6 0.05670038125 0.9350162031249999 0.06086033749999999 0.9341442593749999 0.0626907171875 0.9037509765625 0.05454608125 0.9017965125 0.0457180984375 0.9044983609375 0.044553303125 0.923431875 0.0447197 0.9338951390625001 0.05670038125 0.9350162031249999
3 0.0555355859375 0.8818279484374999 0.049345271875 0.88497020625 0.0477148734375 0.89964040625 0.062191515625000006 0.8985193453125 0.0633563125 0.8838209546875 0.0555355859375 0.8818279484374999
4 0.0713105296875 0.9428032296875 0.267720896875 0.9462225125 0.2702234578125 0.880802190625 0.2690392484375 0.839495315625 0.1736254296875 0.8363293125 0.09750304531250001 0.8345563468750001 0.09437214375 0.8358954390625 0.0917805125 0.8540569734375 0.0692804546875 0.8567164140625 0.069449625 0.939130665625 0.0713105296875 0.9428032296875
4 0.289095515625 0.8439411890624999 0.289211103125 0.9388150718749999 0.2985463203125 0.9420137734375 0.49111370625 0.9425958453125001 0.4915944 0.9334800515625 0.49175463906249994 0.827849571875 0.4589076328125 0.823387628125 0.3215211796875 0.8243471890625 0.31708092187500003 0.8252380953125 0.3174145140625 0.8410858046874999 0.2956840140625 0.8390956890625001 0.2903669796875 0.83996095625 0.289095515625 0.8439411890624999
7 0.3910858078125 0.8182662374999999 0.402332734375 0.8170096328125 0.40250059531250004 0.802810015625 0.29070586249999997 0.80098041875 0.28835265312499997 0.8055745406250001 0.291374215625 0.816506990625 0.3910858078125 0.8182662374999999
4 0.2872420484375 0.793490484375 0.32055737500000003 0.793490484375 0.383856478125 0.794945259375 0.384411746875 0.777695625 0.48824449062499997 0.778526928125 0.49046552187500003 0.7683434124999999 0.489910275 0.6634819234375 0.496018075 0.6121486796875 0.4879668890625 0.5925525109375 0.410231109375 0.5879803171875 0.318058721875 0.5881881453125 0.308634425 0.5896039562500001 0.3108404046875 0.6054783875 0.284465771875 0.6054783875 0.2858539109375 0.7299529765625 0.2872420484375 0.793490484375
4 0.6897123671875 0.5440010796875 0.6907539359375 0.5278220671875 0.7152896421875 0.5267189796875 0.714865815625 0.516566490625 0.6799711328125 0.5138168546874999 0.55250038125 0.5143456296875 0.5166167796875001 0.5149801640625 0.513586759375 0.516535309375 0.5149753109375 0.5447807859375 0.6199150171875 0.5453655687500001 0.67591135625 0.5459503578125 0.6897123671875 0.5440010796875
4 0.508755165625 0.7321122124999999 0.711979953125 0.732897071875 0.7142516046875 0.7272723015625 0.7149505609375 0.6179737375000001 0.717222209375 0.5506963078125 0.6431316703125 0.5472952796875 0.5828457125 0.5470336640625 0.5384682046875 0.551428571875 0.5405450125 0.5656859171875 0.5130034296875 0.5670140390625 0.5082309421875 0.6602929093750001 0.508755165625 0.7321122124999999
2 0.573057875 0.7510833859375 0.5105279781250001 0.7511941875 0.5109074828125 0.9428600749999999 0.9403035234375 0.9426160328125001 0.9406018062499999 0.7506368421875 0.573057875 0.7510833859375
1 0.775042625 0.7492516296875 0.8875562765625 0.7496603578125 0.8997879671875 0.7481660406249999 0.9006008984375 0.7383076 0.8630434421875 0.73611683125 0.7583377609374999 0.735508284375 0.6306921328125 0.735264865625 0.5888183578125 0.7366036671875 0.5273363828125001 0.7373598015625 0.51543660625 0.7407893859375 0.5158052750000001 0.749620809375 0.6101856375 0.75003478125 0.775042625 0.7492516296875
4 0.740250703125 0.73221415 0.8490126124999999 0.7308411796875001 0.8455278390625001 0.7139536421875 0.9408702 0.7121687796875 0.9419706421875 0.65028371875 0.93976973125 0.58106931875 0.8009286250000001 0.5787352671875 0.7776356062499999 0.5785979703125 0.7648275984375 0.58131581875 0.76537781875 0.5950455234375001 0.7389668421875 0.597242278125 0.737499559375 0.691019328125 0.740250703125 0.73221415
1 0.9366865656250001 0.5570265609375 0.9385571140625 0.5481582015625001 0.9262945515625001 0.5428682968749999 0.800343346875 0.5442685671875 0.7456813703125 0.5442685671875 0.740605803125 0.5458957734375 0.7396539984375 0.5742965390625 0.77872795625 0.5741409484375 0.77706524375 0.5582712484375 0.9366865656250001 0.5570265609375
2 0.744161571875 0.3451821421875 0.7444399984375 0.5419164484375 0.939497734375 0.5417904359375 0.9393293984375 0.3436535875 0.744161571875 0.3451821421875
4 0.73999918125 0.302996 0.738080353125 0.3271646921875 0.740522503125 0.3440097515625 0.75114844375 0.345108203125 0.774331053125 0.34476111875000004 0.8033681906249999 0.343719875 0.911147175 0.3433727953125 0.9405371546874999 0.3423315515625 0.9393774468749999 0.2799132265625 0.9420740796875 0.263769990625 0.9399886531250001 0.1936271375 0.8505964031250001 0.1918776609375 0.8194844046875 0.1916589765625 0.7644317 0.194392703125 0.764943971875 0.20874201874999998 0.7406969390625 0.20861143906250001 0.739126984375 0.21292063906249997 0.73999918125 0.302996
4 0.90576621875 0.18803314531249998 0.9393135484374999 0.1875749953125 0.9422512749999999 0.1696155296875 0.9427408875 0.11114026875 0.9432304984375 0.09217836874999999 0.891208484375 0.0899792515625 0.7459595359375 0.0882382875 0.74039629375 0.08850021875 0.7392866921875 0.168166928125 0.7397763140625 0.186200546875 0.7887780921875 0.1883080328125 0.90576621875 0.18803314531249998
4 0.2920184578125 0.2851118640625 0.2977844203125 0.2890104625 0.39599184374999996 0.2906812765625 0.442863578125 0.2873396265625 0.44323556875000003 0.27101418125 0.5904282453125 0.271327565625 0.7136842984375 0.268392953125 0.71704150625 0.24640289218750003 0.7136842984375 0.136923646875 0.676754928125 0.135300734375 0.38739385937500004 0.133625296875 0.3183899859375 0.1339571546875 0.32047628906250003 0.1522175234375 0.29462244531250004 0.15235676250000002 0.29387844687500003 0.22256435312499998 0.2920184578125 0.2851118640625
4 0.29541963125000004 0.48005650156249996 0.299831253125 0.49831718125 0.42205934687499996 0.4969573484375 0.42595196093750004 0.4823876546875 0.6063272390625001 0.48141634062499994 0.7189121046875 0.4785023953125 0.716317028125 0.375321465625 0.715538496875 0.290727278125 0.678947925 0.287667796875 0.42519628593750003 0.2917473046875 0.34759488125 0.29194156875 0.3161802421875 0.2954323234375 0.318515815625 0.31077906093749996 0.2938625890625 0.3111675859375 0.2915270171875 0.343205675 0.29541963125000004 0.48005650156249996
4 0.4931358375 0.5154220781250001 0.2799855484375 0.5167748921875 0.289017340625 0.5871212124999999 0.36127167656250003 0.5844155843750001 0.36488439375000004 0.5681818187500001 0.4913294796875 0.5668290046875 0.4931358375 0.5154220781250001