6 0.9795197734375 0.89312113125 0.95812994375 0.89312113125 0.95812994375 0.9290362515625 0.9795197734375 0.9290362515625 0.9795197734375 0.89312113125
3 0.9779265531249999 0.8672988500000001 0.959316384375 0.8672988500000001 0.959316384375 0.8862290015625 0.9779265531249999 0.8862290015625 0.9779265531249999 0.8672988500000001
4 0.957949153125 0.8809858531250001 0.7589774015625 0.8809858531250001 0.7589774015625 0.9313395218749999 0.957949153125 0.9313395218749999 0.957949153125 0.8809858531250001
4 0.9611299437499999 0.712095490625 0.7581920906249999 0.712095490625 0.7581920906249999 0.8800000000000001 0.9611299437499999 0.8800000000000001 0.9611299437499999 0.712095490625
4 0.9629491531250001 0.6110079578125001 0.7597853109375 0.6110079578125001 0.7597853109375 0.7129354546875 0.9629491531250001 0.7129354546875 0.9629491531250001 0.6110079578125001
4 0.9633954796875001 0.33045535 0.7581864406250001 0.33045535 0.7581864406250001 0.610464190625 0.9633954796875001 0.610464190625 0.9633954796875001 0.33045535
4 0.9597627125000001 0.28038019375 0.75937853125 0.28038019375 0.75937853125 0.32805481875 0.9597627125000001 0.32805481875 0.9597627125000001 0.28038019375
4 0.9608983046875 0.12765252031250002 0.7585819203125 0.12765252031250002 0.7585819203125 0.27790008906249997 0.9608983046875 0.27790008906249997 0.9608983046875 0.12765252031250002
4 0.907548021875 0.1105570296875 0.7581920906249999 0.1105570296875 0.7581920906249999 0.1270910703125 0.907548021875 0.1270910703125 0.907548021875 0.1105570296875
7 0.292435028125 0.1991998234375 0.1253954796875 0.1991998234375 0.1253954796875 0.2321529625 0.292435028125 0.2321529625 0.292435028125 0.1991998234375
7 0.41338418125 0.0633244921875 0.181508475 0.0633244921875 0.181508475 0.0954199828125 0.41338418125 0.0954199828125 0.41338418125 0.0633244921875
2 0.7272542375 0.1064058359375 0.57538983125 0.1064058359375 0.57538983125 0.25154288281250003 0.7272542375 0.25154288281250003 0.7272542375 0.1064058359375
7 0.50288700625 0.5977144125 0.35092090468750003 0.5977144125 0.35092090468750003 0.632683465625 0.50288700625 0.632683465625 0.50288700625 0.5977144125
0 0.7339096046875 0.5156940765625 0.556327684375 0.5156940765625 0.556327684375 0.65019451875 0.7339096046875 0.65019451875 0.7339096046875 0.5156940765625
2 0.51499435 0.73856321875 0.34986440625 0.73856321875 0.34986440625 0.9251856765625 0.51499435 0.9251856765625 0.51499435 0.73856321875
4 0.7447401124999999 0.7973076921875 0.54011864375 0.7973076921875 0.54011864375 0.9326480984375 0.7447401124999999 0.9326480984375 0.7447401124999999 0.7973076921875
4 0.747 0.6902519890625001 0.54463841875 0.6902519890625001 0.54463841875 0.7964323609374999 0.747 0.7964323609374999 0.747 0.6902519890625001
7 0.6139661015625 0.662833775 0.546327684375 0.662833775 0.546327684375 0.6787223703125 0.6139661015625 0.6787223703125 0.6139661015625 0.662833775
7 0.42224293749999997 0.642042440625 0.32980225937499996 0.642042440625 0.32980225937499996 0.6612643671875 0.42224293749999997 0.6612643671875 0.42224293749999997 0.642042440625
4 0.53236158125 0.6619496015624999 0.32980790937500004 0.6619496015624999 0.32980790937500004 0.7317374 0.53236158125 0.7317374 0.53236158125 0.6619496015624999
4 0.53138983125 0.10812113125 0.32415819218749997 0.10812113125 0.32415819218749997 0.428660478125 0.53138983125 0.428660478125 0.53138983125 0.10812113125
6 0.5323559328125 0.431065428125 0.38294350312500003 0.431065428125 0.38294350312500003 0.4476083109375 0.5323559328125 0.4476083109375 0.5323559328125 0.431065428125
6 0.5294463281249999 0.45052166250000003 0.419683615625 0.45052166250000003 0.419683615625 0.463519009375 0.5294463281249999 0.463519009375 0.5294463281249999 0.45052166250000003
6 0.5275084750000001 0.46645004375 0.3382768359375 0.46645004375 0.3382768359375 0.48297524375 0.5275084750000001 0.48297524375 0.5275084750000001 0.46645004375
4 0.742932203125 0.2563085765625 0.5372711859375 0.2563085765625 0.5372711859375 0.30584880625 0.742932203125 0.30584880625 0.742932203125 0.2563085765625
4 0.7422937859375 0.30762157343749996 0.5406666671875 0.30762157343749996 0.5406666671875 0.49082228125 0.7422937859375 0.49082228125 0.7422937859375 0.30762157343749996
6 0.7435875703125 0.4920866484375 0.68086440625 0.4920866484375 0.68086440625 0.5069938109375001 0.7435875703125 0.5069938109375001 0.7435875703125 0.4920866484375
4 0.3140113 0.7089389921875 0.11107344687500001 0.7089389921875 0.11107344687500001 0.9264986734375 0.3140113 0.9264986734375 0.3140113 0.7089389921875
6 0.29461581875 0.69195844375 0.25024293750000004 0.69195844375 0.25024293750000004 0.706467728125 0.29461581875 0.706467728125 0.29461581875 0.69195844375
6 0.2997231640625 0.6749778953125001 0.20400564999999998 0.6749778953125001 0.20400564999999998 0.6906631296875 0.2997231640625 0.6906631296875 0.2997231640625 0.6749778953125001
6 0.30862711875 0.6591069843749999 0.1818361578125 0.6591069843749999 0.1818361578125 0.6738019453125 0.30862711875 0.6738019453125 0.30862711875 0.6591069843749999
6 0.30942937812500004 0.6406498671875 0.16390395468750002 0.6406498671875 0.16390395468750002 0.6558841734375 0.30942937812500004 0.6558841734375 0.30942937812500004 0.6406498671875
6 0.2962259890625 0.6244031828125001 0.1983502828125 0.6244031828125001 0.1983502828125 0.640070734375 0.2962259890625 0.640070734375 0.2962259890625 0.6244031828125001
4 0.3107740109375 0.236052165625 0.11200565 0.236052165625 0.11200565 0.6217374 0.3107740109375 0.6217374 0.3107740109375 0.236052165625