2 0.9282057140625 0.023320209375 0.3620342859375 0.023320209375 0.3620342859375 0.318779528125 0.9282057140625 0.318779528125 0.9282057140625 0.023320209375
2 0.640148571875 0.37430883593750003 0.3715542859375 0.37430883593750003 0.3715542859375 0.7755599296875 0.640148571875 0.7755599296875 0.640148571875 0.37430883593750003
2 0.986571428125 0.3706605421875 0.6602857140625 0.3706605421875 0.6602857140625 0.6064523187499999 0.986571428125 0.6064523187499999 0.986571428125 0.3706605421875
1 0.4299006703125 0.322265625 0.40078859062500005 0.32449475781250003 0.3813169046875 0.319523828125 0.3646269765625 0.3230745078125 0.36740859531250003 0.33372655 0.424797990625 0.3359375 0.5000625000000001 0.3349609375 0.5026138390625 0.3271484375 0.49878683125 0.32421875 0.4758247765625 0.322265625 0.4299006703125 0.322265625
1 0.41969531250000003 0.357421875 0.39673325937500004 0.35546875 0.3673928578125 0.3583984375 0.3673928578125 0.3662109375 0.38688028281250003 0.36923335625 0.5611977 0.36923335625 0.5740513390624999 0.3662109375 0.5702243296875 0.35546875 0.4299006703125 0.353515625 0.41969531250000003 0.357421875
1 0.8814877234375 0.345703125 0.8508716515625 0.34765625 0.835563615625 0.34375 0.8177042406249999 0.349609375 0.7590234375 0.349609375 0.7130993296875 0.345703125 0.7067209812499999 0.3525390625 0.709272321875 0.3603515625 0.7156506703125001 0.36328125 0.8449272359375 0.3614218421875 0.92741183125 0.36328125 0.9363415171874999 0.3544921875 0.9325145078125001 0.349609375 0.8814877234375 0.345703125
4 0.2615122765625 0.525390625 0.2946796875 0.525390625 0.33550111718750003 0.5234375 0.34443080312499996 0.5185546875 0.3515682875 0.46213428749999996 0.3486707671875 0.3874220328125 0.34953348281249996 0.3544921875 0.3469821421875 0.1689453125 0.34443080312499996 0.1181640625 0.3380524546875 0.115234375 0.1518046875 0.115234375 0.0829185265625 0.1171875 0.076540178125 0.1201171875 0.0739888390625 0.1826171875 0.0790915171875 0.2158203125 0.0790915171875 0.5029296875 0.0772655703125 0.5398054250000001 0.129421703125 0.5390656546875 0.12555830625 0.5257506375000001 0.24365290156250002 0.521484375 0.2615122765625 0.525390625
4 0.3380524546875 0.984375 0.3469821421875 0.9775390625 0.347925684375 0.5505977390625 0.34502816406250003 0.5409813031249999 0.31895004375 0.542460759375 0.2742689734375 0.541015625 0.1773180796875 0.541015625 0.16201004531250002 0.544921875 0.1135345984375 0.54296875 0.0982265625 0.55859375 0.0790915171875 0.5634765625 0.076540178125 0.5791015625 0.0790915171875 0.7568359375 0.0739888390625 0.8388671875 0.0790915171875 0.8701171875 0.075333853125 0.923419228125 0.0772655703125 0.9796383265624999 0.085469865625 0.984375 0.232171875 0.9853515625 0.2793716515625 0.984375 0.296735428125 0.9787160593750001 0.317641740625 0.984375 0.3380524546875 0.984375
6 0.0561294640625 0.9736328125 0.0714375 0.9736328125 0.0714375 0.9482421875 0.0650591515625 0.9453125 0.058680803125 0.9501953125 0.0561294640625 0.9736328125
3 0.061232142187500005 0.9365234375 0.066334821875 0.9384765625 0.0714375 0.9365234375 0.07271316875 0.923828125 0.061232142187500005 0.9248046875 0.061232142187500005 0.9365234375
7 0.8674553578124999 0.9443359375 0.8738337046875 0.94140625 0.9350658484375 0.94140625 0.9388928578125 0.9326171875 0.9223091515625 0.92578125 0.8753096781249999 0.923962590625 0.8534229906249999 0.9296875 0.6684508921875 0.9287109375 0.6684508921875 0.9384765625 0.6761049109374999 0.9443359375 0.673553571875 0.9541015625 0.67738058125 0.95703125 0.7265680390625 0.95946941875 0.7420217 0.957250221875 0.7845193218750001 0.9579899359375 0.8661796875000001 0.958984375 0.8674553578124999 0.9443359375
4 0.9376171875000001 0.9765625 0.9388928578125 0.9697265625 0.9350658484375 0.966796875 0.874343765625 0.962428275 0.8508716515625 0.962890625 0.8144608015625 0.962428275 0.7700315 0.9631680453125 0.7386127234375001 0.966796875 0.7309587046875 0.962890625 0.696515625 0.9677734375 0.700342634375 0.9765625 0.7309587046875 0.98046875 0.8470446421875 0.9794921875 0.8636283484374999 0.974609375 0.8738337046875 0.978515625 0.92741183125 0.978515625 0.9376171875000001 0.9765625
4 0.6435044750000001 0.7922915234375 0.5829810265625001 0.791015625 0.5625703125 0.794921875 0.5549162953125 0.80078125 0.5517482765625 0.790072325 0.49959218125 0.7908120671875001 0.49572874687499996 0.8011682015625 0.4754458140625 0.8011682015625 0.47072209843749996 0.791015625 0.44520870468749996 0.7890625 0.3749969078125 0.7922915234375 0.3673928578125 0.8212890625 0.369944196875 0.9814453125 0.3941819203125 0.986328125 0.47072209843749996 0.984375 0.48858147343749997 0.98828125 0.5217488828125 0.984375 0.5778783484375001 0.984375 0.6125971531250001 0.987578940625 0.6365591515625 0.986328125 0.6429375 0.9814453125 0.6444703875 0.8411134265625 0.6444703875 0.7989490328125 0.6435044750000001 0.7922915234375
4 0.8406662953125 0.896484375 0.9044497765624999 0.890625 0.9248604921875 0.892578125 0.9363415171874999 0.8876953125 0.9388928578125 0.7548828125 0.933790178125 0.7373046875 0.933790178125 0.6845703125 0.9388928578125 0.6435546875 0.9325145078125001 0.6171875 0.9197578125 0.615234375 0.8916930796875 0.619140625 0.8304609375 0.615234375 0.7758266140625001 0.6147967624999999 0.718202009375 0.6171875 0.6875859375 0.615234375 0.665899553125 0.6201171875 0.6607968750000001 0.6748046875 0.665899553125 0.7138671875 0.665899553125 0.8857421875 0.6676508421875 0.9092073578125 0.696515625 0.9072265625 0.7028939734375 0.90625 0.70416964375 0.9013671875 0.718202009375 0.89453125 0.8406662953125 0.896484375