7 0.338594109375 0.0751953125 0.336009421875 0.0673828125 0.3709027078125 0.0625 0.3683180203125 0.05859375 0.068494228125 0.056640625 0.064617196875 0.0595703125 0.064617196875 0.0888671875 0.071078915625 0.09375 0.3489328609375 0.0927734375 0.3721950515625 0.0908203125 0.3476405171875 0.083984375 0.3489328609375 0.0791015625 0.338594109375 0.0751953125
7 0.8167613640625 0.1689453125 0.8219307390624999 0.1611328125 0.8077149562500001 0.15625 0.7482671359374999 0.15625 0.735343696875 0.1484375 0.7224202562500001 0.15625 0.63712555625 0.15625 0.62420211875 0.1484375 0.6164480546875 0.1484375 0.608693990625 0.154296875 0.5828471125 0.15625 0.567338984375 0.154296875 0.5518308578125 0.146484375 0.54149210625 0.15625 0.518229915625 0.154296875 0.5001371015625 0.158203125 0.49367538125 0.1630859375 0.4833366296875 0.1748046875 0.48850600625 0.1767578125 0.48850600625 0.1884765625 0.49626006875 0.1923828125 0.49626006875 0.2021484375 0.48979834999999994 0.20703125 0.4833366296875 0.2060546875 0.4807519421875 0.2138671875 0.48462897343750005 0.21484375 0.48721366093749996 0.2109375 0.48850600625 0.2158203125 0.4794595984375 0.21875 0.472997878125 0.1982421875 0.4833366296875 0.1904296875 0.4652438140625 0.1826171875 0.469120846875 0.1796875 0.471705534375 0.18359375 0.475582565625 0.1748046875 0.471705534375 0.171875 0.469120846875 0.17578125 0.4613667828125 0.171875 0.44844334375 0.171875 0.4406892796875 0.185546875 0.43422756093750003 0.1787109375 0.431642871875 0.1669921875 0.4368122484375 0.1591796875 0.42259646562500003 0.154296875 0.4070883390625 0.154296875 0.3864108359375 0.134765625 0.3657333328125 0.125 0.3424711421875 0.123046875 0.3243783265625 0.126953125 0.3062855109375 0.142578125 0.3011161359375 0.142578125 0.2649305046875 0.125 0.23908362656249998 0.123046875 0.228744875 0.125 0.2119444046875 0.1357421875 0.20677502812499998 0.1513671875 0.199020965625 0.1552734375 0.199020965625 0.1591796875 0.2145290921875 0.1669921875 0.2145290921875 0.2236328125 0.2352065953125 0.2373046875 0.2313295640625 0.2421875 0.22099081250000002 0.244140625 0.202897996875 0.2421875 0.202897996875 0.24609375 0.2364989390625 0.24609375 0.246837690625 0.244140625 0.2520070671875 0.23828125 0.25459175312500004 0.24609375 0.28819269687500004 0.24609375 0.29336207187499996 0.2421875 0.3011161359375 0.244140625 0.3011161359375 0.240234375 0.3062855109375 0.244140625 0.3295477015625 0.244140625 0.3295477015625 0.240234375 0.3424711421875 0.240234375 0.3476405171875 0.244140625 0.376072084375 0.2421875 0.4406892796875 0.24609375 0.6190327421874999 0.244140625 0.62937149375 0.248046875 0.6345408703125 0.244140625 0.6474643078125 0.248046875 0.6707265 0.248046875 0.6758958749999999 0.244140625 0.6914040015625 0.248046875 0.699158065625 0.244140625 0.7120815046875 0.248046875 0.71983556875 0.244140625 0.7327590078124999 0.248046875 0.737928384375 0.244140625 0.761190575 0.244140625 0.7741140140625 0.248046875 0.7818680765625 0.244140625 0.7896221421875 0.248046875 0.7960838609375 0.2470703125 0.8090073 0.2392578125 0.8090073 0.2333984375 0.8167613640625 0.2255859375 0.8167613640625 0.1689453125
1 0.35275633906250004 0.3496320515625 0.10312008125000001 0.34916581406249997 0.053192643750000004 0.3463686375 0.056274610937500004 0.368280109375 0.356454475 0.368280109375 0.35275633906250004 0.3496320515625
4 0.9434743843750001 0.9362492953125001 0.9323684515625 0.9015533984375 0.8628346828125 0.8979012578125 0.6547083203125 0.8978364109375001 0.638299021875 0.91725788125 0.649887965625 0.9329622656250001 0.9434743843750001 0.9362492953125001
6 0.7295619 0.9351536328125001 0.633953303125 0.9362492953125001 0.6286417140625 0.95122324375 0.72618179375 0.95122324375 0.7295619 0.9351536328125001
3 0.7363221140625 0.9369797312499999 0.72910425 0.9374441578124999 0.7271475609375 0.9545102156249999 0.7566027531249999 0.9479363109375001 0.7609486265625 0.9399014359375 0.7363221140625 0.9369797312499999
4 0.34730917968749997 0.34406403750000003 0.35152701875000003 0.256334921875 0.0608697015625 0.24911357031249998 0.0583876421875 0.24931660625 0.04868663125 0.345978084375 0.34730917968749997 0.34406403750000003
4 0.6453739281249999 0.258887065625 0.3540359546875 0.2597158421875 0.3484386171875 0.3447020640625 0.6419997656249999 0.353634478125 0.6453739281249999 0.258887065625
2 0 0.999356521875 0.6325028765625 0.999356521875 0.6325028765625 0.3725913046875 0 0.3725913046875 0 0.999356521875
2 0.6339355578125 0.778843478125 0.51462600625 0.778843478125 0.51462600625 0.9015913046874999 0.6339355578125 0.9015913046874999 0.6339355578125 0.778843478125
4 0.9362904078125001 0.26245059375 0.6527879484375 0.2600790515625 0.6517418140625 0.4466403171875 0.7228789625 0.444268775 0.7239250968750001 0.4324110671875 0.9373365421875001 0.4308300390625 0.9362904078125001 0.26245059375
4 0.9373365421875001 0.4474308296875 0.684171984375 0.4490118578125 0.6496495453125 0.46245059375 0.6475572765625001 0.76679841875 0.8055235906249999 0.7636363640625 0.80866199375 0.750197628125 0.9362904078125001 0.7478260875 0.9373365421875001 0.4474308296875
4 0.9321058687500001 0.7660079046875 0.68103358125 0.7652173906249999 0.6475572765625001 0.7810276671875 0.64546500625 0.898023715625 0.821215609375 0.8956521734375 0.825400146875 0.8845849796874999 0.9331520031249999 0.8845849796874999 0.9321058687500001 0.7660079046875