7 0.7460099234374999 0.0741061375 0.673030096875 0.0729299015625 0.5984375 0.0732421875 0.595858028125 0.0947265625 0.620236121875 0.0999837296875 0.677688315625 0.0988074703125 0.7596544984375 0.099609375 0.7693013718749999 0.09527870625 0.77240685 0.0741061375 0.7460099234374999 0.0741061375
7 0.20248855 0.2578125 0.153466121875 0.259049896875 0.099309671875 0.263671875 0.0425612875 0.265625 0.0361126078125 0.2705078125 0.039981815625 0.27734375 0.13413254218749998 0.2763671875 0.21022696718749997 0.2734375 0.2166756453125 0.2705078125 0.2166756453125 0.2607421875 0.20248855 0.2578125
7 0.1715348875 0.73828125 0.0657765359375 0.7421875 0.0593278546875 0.7451171875 0.0657765359375 0.75390625 0.0760944234375 0.755859375 0.171411375 0.754160340625 0.18701171875 0.75390625 0.1908809265625 0.7509765625 0.1908809265625 0.7412109375 0.1715348875 0.73828125
7 0.40110789375 0.41796875 0.41400525312500003 0.416015625 0.4152949890625 0.4072265625 0.3572568703125 0.404296875 0.339200565625 0.408203125 0.2798727109375 0.408203125 0.2734240296875 0.4111328125 0.2798727109375 0.419921875 0.2889008625 0.4208984375 0.31082637343749997 0.41796875 0.359836340625 0.419921875 0.3778926453125 0.416015625 0.40110789375 0.41796875
7 0.5842504046875 0.130859375 0.63583984375 0.130859375 0.6397090515625 0.1201171875 0.63583984375 0.1171875 0.5997272359375 0.115234375 0.5739325156249999 0.12109375 0.553296740625 0.115234375 0.5300814921875 0.12109375 0.49654835625000004 0.119140625 0.4823612609375 0.1240234375 0.4823612609375 0.1455078125 0.48623046875 0.1484375 0.51847386875 0.1474609375 0.526212284375 0.1416015625 0.5236328125 0.1357421875 0.5600074234375 0.134409265625 0.5842504046875 0.130859375
7 0.6100451234375 0.623046875 0.5945682921875 0.626953125 0.5558762125000001 0.626953125 0.5507172671875 0.630859375 0.5481377968750001 0.626953125 0.5171841328125 0.626953125 0.5081559796875 0.6298828125 0.5120251890625 0.638671875 0.546848059375 0.6376953125 0.5507172671875 0.634765625 0.622942484375 0.63671875 0.6268116921875 0.6259765625 0.6100451234375 0.623046875
7 0.8860486265624999 0.2421875 0.9092638734375 0.23828125 0.9105536109375001 0.2275390625 0.9066844015625 0.224609375 0.8783102109375 0.224609375 0.867992321875 0.23046875 0.8344591859375001 0.2265625 0.7648134421874999 0.23046875 0.7390187234375001 0.2265625 0.713224003125 0.228515625 0.7093547953125 0.2314453125 0.7093547953125 0.2412109375 0.713224003125 0.244140625 0.762233971875 0.2421875 0.767392915625 0.23828125 0.77513133125 0.2421875 0.8099542015625 0.2431640625 0.8215618265625 0.240234375 0.844777075 0.2421875 0.86025390625 0.23828125 0.8860486265624999 0.2421875
7 0.91313308125 0.7138671875 0.9092638734375 0.7109375 0.8912075703125 0.7109375 0.88088968125 0.71484375 0.8430102343750001 0.7088808234374999 0.7380997875 0.7088808234374999 0.7380997875 0.72561178125 0.8434873375 0.7255859375 0.857674434375 0.71875 0.867992321875 0.72265625 0.9092638734375 0.72265625 0.91313308125 0.7138671875
6 0.9544046328125001 0.9013671875 0.95698410625 0.9150390625 0.9724609375 0.9150390625 0.9724609375 0.8876953125 0.963432784375 0.884765625 0.95698410625 0.8896484375 0.9544046328125001 0.9013671875
3 0.95698410625 0.8642578125 0.9544046328125001 0.8740234375 0.9673019937499999 0.8759765625 0.9724609375 0.8740234375 0.9724609375 0.8642578125 0.963432784375 0.861328125 0.95698410625 0.8642578125
4 0.194750134375 0.55859375 0.25149851875 0.55859375 0.2553677265625 0.5556640625 0.2553677265625 0.4677734375 0.24762931093749999 0.4150390625 0.2450498375 0.3076171875 0.2373114234375 0.2763671875 0.2041195375 0.2775279046875 0.15588661875 0.2808495171875 0.10188914375 0.283203125 0.0657765359375 0.28515625 0.056748384375 0.2978515625 0.041271551562499995 0.3056640625 0.0386920796875 0.3466796875 0.0515894390625 0.5595703125 0.0657765359375 0.568359375 0.0748046875 0.5673828125 0.10379735000000001 0.561524796875 0.13284280625 0.564453125 0.163796471875 0.564453125 0.194750134375 0.55859375
4 0.2631061421875 0.7607421875 0.259236934375 0.7578125 0.1761468140625 0.75826170625 0.0774884328125 0.7615833828125 0.0774884328125 0.7748697109375 0.062141556249999993 0.7815129375 0.06190732812500001 0.8818359375 0.067066271875 0.8916015625 0.069814953125 0.9143769374999999 0.06964574375 0.9208984375 0.07867389531249999 0.92578125 0.152188846875 0.9248046875 0.264939340625 0.9226809406250001 0.264939340625 0.9052425484375 0.27600350156250003 0.9013671875 0.2631061421875 0.7607421875
4 0.4041572453125 0.190177434375 0.45914601250000003 0.1904296875 0.46335229062499994 0.17689104375 0.460063728125 0.136201421875 0.45527680468750004 0.12109375 0.4096382671875 0.12291501406250001 0.405253515625 0.136201421875 0.3931952015625 0.1353710171875 0.3942914734375 0.12374541718750001 0.3603090765625 0.125406225 0.361405346875 0.140353421875 0.336192615625 0.13952301875 0.334000240625 0.12872785312499999 0.28503165468749997 0.125 0.27213429375 0.12890625 0.264395878125 0.126953125 0.2579471984375 0.1318359375 0.2579471984375 0.1455078125 0.2527882546875 0.1513671875 0.2527882546875 0.1865234375 0.2594583203125 0.2225630546875 0.26055450625 0.23003663749999997 0.3404903015625 0.2255859375 0.362501534375 0.22754544375000002 0.364693909375 0.2084462453125 0.4008686828125 0.2067854390625 0.4041572453125 0.190177434375
4 0.44753838906250004 0.380859375 0.46559469375000007 0.37890625 0.4746228453125 0.3720703125 0.46946390156250006 0.2490234375 0.4677371234375 0.23003663749999997 0.44237944531249995 0.228515625 0.40626683750000003 0.228515625 0.38332943125 0.23003663749999997 0.32851922031249997 0.2325278640625 0.2737090078125 0.2341886390625 0.2631061421875 0.2568359375 0.2631061421875 0.3095703125 0.2682650859375 0.3193359375 0.2682650859375 0.3447265625 0.2734240296875 0.3505859375 0.270844559375 0.3583984375 0.2737090078125 0.396947096875 0.2863213890625 0.3994140625 0.3460584703125 0.396947096875 0.3493470328125 0.383660675 0.3882105328125 0.380859375 0.44753838906250004 0.380859375
4 0.4681741640625 0.5390625 0.4823612609375 0.5322265625 0.4823612609375 0.4619140625 0.47720231718750006 0.4560546875 0.4746228453125 0.4267578125 0.4707536375 0.423828125 0.4269026125 0.42578125 0.416584725 0.423828125 0.40634970312499996 0.4247172375 0.38661799375 0.42388685 0.34693898125 0.423828125 0.31856478906249996 0.427734375 0.28374191875 0.4267578125 0.28374191875 0.4365234375 0.270844559375 0.4541015625 0.27600350156250003 0.4775390625 0.278582975 0.5537109375 0.28245218125 0.556640625 0.31082637343749997 0.55859375 0.3482287171875 0.5576171875 0.3933694765625 0.556640625 0.41073453750000005 0.5550901390625 0.4129269125 0.5393124593749999 0.4681741640625 0.5390625
4 0.49525862031249995 0.8310546875 0.48880994062500005 0.818359375 0.3668863671875 0.8213352046875 0.363597721875 0.8362824015625 0.336192615625 0.8379432093749999 0.2927700703125 0.837890625 0.2979290140625 0.921875 0.3082469015625 0.923828125 0.392099015625 0.9218136171875001 0.391002828125 0.9052056125 0.5028156265625 0.9010536124999999 0.5055765078125 0.8916015625 0.49525862031249995 0.8310546875
4 0.6835600765625001 0.1591796875 0.6796908671875 0.15625 0.6487372031249999 0.158203125 0.63583984375 0.154296875 0.6100451234375 0.154296875 0.5739325156249999 0.162109375 0.56103515625 0.15625 0.5507172671875 0.15625 0.51158529375 0.15525298437499999 0.4940460421875 0.15940498593750002 0.49733460625000003 0.1718609890625 0.48494073281250005 0.1767578125 0.4823612609375 0.1943359375 0.4863725625 0.249918596875 0.49654835625000004 0.25390625 0.6190732765625 0.2529296875 0.6822703390625 0.25 0.6887190203125 0.2451171875 0.6912984921875001 0.2041015625 0.6835600765625001 0.1591796875
4 0.622942484375 0.591796875 0.63583984375 0.587890625 0.6749197421875001 0.5915621671875 0.708902140625 0.589070940625 0.7016163796875 0.4775390625 0.6938779625 0.4736328125 0.69903690625 0.4658203125 0.6951676984375 0.4609375 0.6848498109375 0.4609375 0.6771113953125 0.455078125 0.585031028125 0.459528521875 0.5249225484375 0.458984375 0.5120251890625 0.45703125 0.5004175640625 0.4599609375 0.49525862031249995 0.5048828125 0.5004175640625 0.5244140625 0.49783809375 0.5361328125 0.5029970375 0.5576171875 0.5029970375 0.5888671875 0.5055765078125 0.6025390625 0.5146046609375 0.607421875 0.526212284375 0.6064453125 0.55652965 0.6065093640625 0.5576259218749999 0.5940533609374999 0.5894093484375 0.591796875 0.622942484375 0.591796875
4 0.724831628125 0.8173828125 0.7222521546875 0.7373046875 0.7170932109375 0.7333984375 0.7196726828125 0.7138671875 0.7145137390625 0.7080078125 0.7145137390625 0.6611328125 0.708065059375 0.642578125 0.6152040671875 0.642578125 0.5236435234375 0.64961986875 0.5081559796875 0.6748046875 0.5133149234375 0.7119140625 0.510735453125 0.7529296875 0.515894396875 0.8291015625 0.5197636046875 0.841796875 0.5442685890625001 0.8427734375 0.562010671875 0.84227270625 0.56310694375 0.828986315625 0.715803475 0.822265625 0.724831628125 0.8173828125
4 0.9182920250000001 0.2841796875 0.91313308125 0.2802734375 0.9157125546874999 0.2744140625 0.9105536109375001 0.2509765625 0.8334668421875 0.2461519328125 0.7390187234375001 0.248046875 0.7222521546875 0.2548828125 0.7222521546875 0.2646484375 0.7093547953125 0.2705078125 0.7093547953125 0.2841796875 0.711717040625 0.30076080781250003 0.7125180140625 0.3814606 0.7170932109375 0.4267578125 0.723541890625 0.431640625 0.8318648953125001 0.43060857812500003 0.8743171000000001 0.42878828750000003 0.8727151546874999 0.4142259109375 0.9199733218749999 0.4130123765625 0.9182920250000001 0.2841796875
4 0.9015506265625 0.91195801875 0.93505859375 0.9140625 0.9466662171875001 0.9091796875 0.9448038671875001 0.9071038781249999 0.9440867453124999 0.8818359375 0.9456049015625 0.8615964796875 0.9440867453124999 0.8505859375 0.9466662171875001 0.7705078125 0.9415072734375001 0.7587890625 0.9415072734375001 0.7333984375 0.937638065625 0.73046875 0.9215752687500001 0.7287148953125 0.853491484375 0.732355478125 0.7862086734375 0.7329622328125 0.7669850046875 0.7311419421875 0.7454674031249999 0.7412109375 0.748046875 0.7451171875 0.7377289874999999 0.7529296875 0.7351495156250001 0.7880859375 0.740308459375 0.8037109375 0.742154459375 0.8967888640625 0.7428879312500001 0.9091796875 0.7429554328125 0.9162053578125 0.7429554328125 0.9234865687499999 0.7413534859375 0.9338015609375001 0.7570750265624999 0.931640625 0.8744410015625 0.9306640625 0.88217941875 0.9287109375 0.88217941875 0.9228515625 0.8783220281249999 0.9155986015625001 0.9015506265625 0.91195801875
2 0.0335331359375 0.1337890625 0.030953664062500004 0.1533203125 0.0361126078125 0.2548828125 0.0425612875 0.259765625 0.0653362796875 0.25745016875000004 0.2373114234375 0.2529296875 0.232152478125 0.1337890625 0.2282832703125 0.12890625 0.0335331359375 0.1337890625
2 0.499270784375 0.45541667500000005 0.6996787906249999 0.4502704484375 0.692885271875 0.31325205624999997 0.6903378140624999 0.25407043125 0.48857579375000004 0.25659456718749996 0.48738209218749995 0.29717008749999996 0.48992967812500005 0.3344802734375 0.49502484999999996 0.3975215859375 0.499270784375 0.45541667500000005
2 0.25810165625 0.594638975 0.21564231562499997 0.59656883125 0.0554186203125 0.5998460703124999 0.06278869375 0.7310140734374999 0.2665935234375 0.7245812875000001 0.25810165625 0.594638975
2 0.48738209218749995 0.5892574015625 0.40925693281250003 0.5911872328125 0.28367546250000003 0.5926112609375 0.2929183015625 0.8189079078124999 0.4967231984375 0.8131184140625001 0.48738209218749995 0.5892574015625
2 0.7221111859375 0.850897665625 0.51748058125 0.8533662 0.52033513125 0.9371360781250001 0.7244665718750001 0.9371360781250001 0.7221111859375 0.850897665625
2 0.9073997734375 0.10852582343749999 0.7029961984375 0.11088855312499998 0.7064087671875 0.2245015703125 0.9105402093749999 0.220338334375 0.9073997734375 0.10852582343749999
2 0.9340938375000001 0.7023166625 0.9231021921875 0.43646456406249995 0.71818558125 0.4424120375 0.71897075 0.450738509375 0.7299623953125 0.7058851374999999 0.9340938375000001 0.7023166625