7 0.59701339375 0.0458984375 0.5778783484375001 0.033203125 0.48339732968750004 0.0347604125 0.46561941874999996 0.041015625 0.424797990625 0.037109375 0.35846316875 0.0390625 0.34443080312499996 0.0458984375 0.34953348281249996 0.0673828125 0.3488869296875 0.08724140625 0.48858147343749997 0.0859375 0.51004558125 0.083353928125 0.5817053578125 0.0849609375 0.589359375 0.0810546875 0.5842566953125 0.0654296875 0.59701339375 0.0595703125 0.59701339375 0.0458984375
1 0.35591183125 0.263671875 0.3469821421875 0.2666015625 0.34953348281249996 0.2763671875 0.35591183125 0.279296875 0.43627901874999997 0.2783203125 0.43883035625 0.2705078125 0.43500334843750005 0.267578125 0.3865279015625 0.267578125 0.35591183125 0.263671875
1 0.6493158484375 0.16796875 0.6454888390625 0.1708984375 0.6454888390625 0.1806640625 0.6518671875 0.18359375 0.767953125 0.1845703125 0.780709821875 0.1826171875 0.7832611609375 0.1748046875 0.7794341515625 0.169921875 0.6493158484375 0.16796875
4 0.27171763437499996 0.07421875 0.32784709843750004 0.072265625 0.3316741078125 0.0654296875 0.3301766953125 0.0288810484375 0.3048850453125 0.02734375 0.1415993296875 0.02734375 0.101153271875 0.0273423984375 0.059956473437500005 0.03125 0.0561294640625 0.0341796875 0.053578125 0.0791015625 0.052937775 0.091195465625 0.1415993296875 0.08984375 0.1561554875 0.0888875296875 0.2234562125 0.09042616406250001 0.2232421875 0.080078125 0.23089620625 0.08203125 0.23855022343750001 0.078125 0.27171763437499996 0.07421875
4 0.28957700937499997 0.33984375 0.2972310265625 0.3359375 0.307436384375 0.33984375 0.32146875 0.3349609375 0.326571428125 0.3173828125 0.3240200890625 0.2880859375 0.32912276875 0.2705078125 0.326571428125 0.2314453125 0.3316741078125 0.1572265625 0.326571428125 0.0986328125 0.32274441875000004 0.09375 0.1926261171875 0.091796875 0.1564001625 0.0927120234375 0.0905725453125 0.09375 0.0816428578125 0.0986328125 0.0803671875 0.10546875 0.048919803125 0.11194486249999999 0.0510267859375 0.3310546875 0.053578125 0.3505859375 0.057405134375 0.353515625 0.0688861609375 0.3525390625 0.101153271875 0.3542788296875 0.10014879843749999 0.338123215625 0.2411015625 0.33984375 0.28957700937499997 0.33984375
4 0.25283108125 0.5565544124999999 0.28497469531249997 0.5496305140625 0.307073496875 0.5565544124999999 0.3251542515625 0.5534770859375 0.326571428125 0.5341796875 0.32912276875 0.4345703125 0.326571428125 0.3623046875 0.32274441875000004 0.357421875 0.10588058125 0.357421875 0.0931238828125 0.353515625 0.0816428578125 0.3564453125 0.0752645078125 0.369140625 0.0561294640625 0.3740234375 0.0510267859375 0.5517578125 0.050928828125000006 0.5673247640625 0.083072440625 0.5696327 0.1282744421875 0.5696327 0.23855022343750001 0.568359375 0.257853525 0.568094125 0.25283108125 0.5565544124999999
4 0.2699073625 0.670001203125 0.3211363578125 0.6684625109375 0.326571428125 0.6474609375 0.326571428125 0.5947265625 0.32146875 0.5888671875 0.32146875 0.5791015625 0.30998772343750003 0.572265625 0.21466047187499998 0.5730675749999999 0.12118861562500001 0.572265625 0.0778158484375 0.57421875 0.0714375 0.5830078125 0.0510267859375 0.5947265625 0.0479153296875 0.665385271875 0.048919803125 0.6784635890625 0.05695574531249999 0.6861567296875 0.170463021875 0.684618125 0.16744952500000002 0.673847775 0.18854377656250002 0.6669238765625 0.2086335546875 0.6684625109375 0.2699073625 0.670001203125
4 0.3231453046875 0.7849567671875 0.326571428125 0.7587890625 0.32146875 0.7509765625 0.326571428125 0.7255859375 0.3201930796875 0.6875 0.2972310265625 0.685546875 0.26916629531249997 0.689453125 0.1696640625 0.689453125 0.158409109375 0.6887925 0.1160859375 0.689453125 0.0803671875 0.689453125 0.0752645078125 0.69921875 0.0510267859375 0.7060546875 0.0459241078125 0.7666015625 0.0459241078125 0.8115234375 0.0510267859375 0.8408203125 0.0459241078125 0.8505859375 0.04691085625 0.878043765625 0.048919803125 0.8903527796875 0.32214083125 0.889583478125 0.32214083125 0.878813096875 0.32214083125 0.8434246296874999 0.324149778125 0.813421396875 0.3231453046875 0.7849567671875
4 0.5089921875 0.09375 0.3788738828125 0.095703125 0.369944196875 0.1005859375 0.3661171875 0.109375 0.3469821421875 0.1123046875 0.34443080312499996 0.1904296875 0.3442395546875 0.2141002859375 0.3533604921875 0.220703125 0.3713608015625 0.22410139375 0.389079240625 0.22265625 0.442657365625 0.22265625 0.4637737515625 0.2248706953125 0.48347879374999997 0.224609375 0.558195721875 0.2256399984375 0.6214785546875 0.2264093296875 0.6225267859375 0.1181640625 0.6186997765625 0.09765625 0.5421595984375001 0.09765625 0.5089921875 0.09375
4 0.61946960625 0.22948656875 0.5853168921874999 0.22871726718750002 0.549813615625 0.2265625 0.535092446875 0.2302559 0.5268515625 0.224609375 0.49113281249999996 0.2265625 0.456742359375 0.2271786328125 0.421585246875 0.2271786328125 0.371219865625 0.224609375 0.3648415171875 0.2314453125 0.3673928578125 0.2353515625 0.3469821421875 0.2451171875 0.3469821421875 0.2548828125 0.3542844453125 0.25872052968750003 0.39647302500000003 0.2579511984375 0.43500334843750005 0.2578125 0.61746050625 0.259489890625 0.6199754468750001 0.2529296875 0.6199754468750001 0.2353515625 0.61946960625 0.22948656875
4 0.9095524546875 0.189453125 0.7896395078125 0.189453125 0.7633920062499999 0.18922506875 0.7322527890625 0.18768643437500002 0.682483259375 0.189453125 0.6467645078125 0.1875 0.6403861609375 0.1923828125 0.6403861609375 0.2138671875 0.6368263437499999 0.594653621875 0.6649520640625 0.596192228125 0.6669610109375 0.5823446078125001 0.9140653421874999 0.5815753046875 0.9170788390625001 0.41155686406249997 0.9133794640625 0.2138671875 0.9133794640625 0.1923828125 0.9095524546875 0.189453125
4 0.8467646156249999 0.7288387859375 0.9044497765624999 0.728515625 0.9082767859375 0.7236328125 0.9082767859375 0.6806640625 0.915930803125 0.6474609375 0.9150697390625 0.604209890625 0.9018984375000001 0.6015625 0.6671752234375 0.6015625 0.656969865625 0.61328125 0.6403861609375 0.6181640625 0.6327321421875001 0.6494140625 0.6327321421875001 0.7060546875 0.632808371875 0.724222884375 0.6318039 0.736531928125 0.6358218703125 0.7473023078125001 0.6607968750000001 0.7431640625 0.6697265625 0.7421875 0.674829240625 0.734375 0.7972935265625 0.73046875 0.8467646156249999 0.7288387859375
4 0.6518671875 0.763671875 0.6391104921874999 0.765625 0.6327321421875001 0.7705078125 0.6327321421875001 0.8388671875 0.6338129234375 0.8780459734375 0.6314564734375 0.896484375 0.6649520640625 0.89497091875 0.6619385656250001 0.8803539390624999 0.91205639375 0.8795846375 0.9108281249999999 0.7529296875 0.9070011171875001 0.75 0.6646238828125 0.751953125 0.6518671875 0.763671875
6 0.8347106265625 0.8965095234374999 0.9082767859375 0.8916015625 0.9108281249999999 0.8857421875 0.896795759375 0.8828125 0.8296881812500001 0.8826618453125 0.8347106265625 0.8965095234374999
6 0.9210334828125 0.8837890625 0.9363415171874999 0.8837890625 0.9388928578125 0.8544921875 0.92741183125 0.8515625 0.9210334828125 0.8681640625 0.9210334828125 0.8837890625
3 0.9261361609375 0.8388671875 0.933790178125 0.8408203125 0.9388928578125 0.8271484375 0.92741183125 0.82421875 0.923584821875 0.8330078125 0.9261361609375 0.8388671875
2 0.6408443140625 0.1581401515625 0.6438578109375 0.1666025953125 0.9082767859375 0.1689453125 0.9133794640625 0.1669921875 0.9121037937500001 0 0.6429375 0.0009765625 0.6408443140625 0.1581401515625
2 0.6217590109375 0.2866961671875 0.34560153125 0.2866795546875 0.34552456249999997 0.9440128781249999 0.6207545359375 0.941704971875 0.6217590109375 0.2866961671875