7 0.725530740625 0.07421875 0.728154721875 0.107421875 0.9288892671875001 0.1064453125 0.92495329375 0.076171875 0.725530740625 0.07421875
4 0.8855935796875001 0.302734375 0.9170813515624999 0.287109375 0.9236413046875 0.2822265625 0.9315132484375 0.1923828125 0.929731878125 0.113245265625 0.7512107484375 0.111520271875 0.725530740625 0.11328125 0.7189707890625 0.1220703125 0.72029800625 0.24779514531250002 0.72421875 0.2978515625 0.733402684375 0.302734375 0.8855935796875001 0.302734375
4 0.9274133984375 0.3922082453125 0.9266405328125 0.32665834375 0.7488922687499999 0.327808346875 0.7189707890625 0.3369140625 0.7189707890625 0.4072265625 0.728154721875 0.412109375 0.8593537703124999 0.412109375 0.9274133984375 0.3922082453125
4 0.9210173234375001 0.4345703125 0.9013374671875001 0.4296875 0.75177055 0.4296875 0.722906759375 0.44921875 0.7215947703125 0.4755859375 0.7412746265625 0.48046875 0.9236413046875 0.4638671875 0.9210173234375001 0.4345703125
4 0.9210173234375001 0.5341796875 0.9210173234375001 0.4912109375 0.9013374671875001 0.486328125 0.7465225890625 0.4921875 0.7215947703125 0.5087890625 0.7189707890625 0.5341796875 0.7195251984375 0.5550213921875 0.7675144359375 0.5546875 0.9210173234375001 0.5341796875
4 0.784441909375 0.8718151921875 0.9305046265625 0.8735401640625 0.9315132484375 0.6259765625 0.9236413046875 0.5556640625 0.733402684375 0.54296875 0.72421875 0.5478515625 0.7189707890625 0.6142578125 0.72184361875 0.8321402125 0.7226164265625 0.8896401609375 0.7813506828125 0.8896401609375 0.784441909375 0.8718151921875
4 0.9118333906249999 0.931640625 0.92495329375 0.927734375 0.9341372296875001 0.9169921875 0.9341372296875001 0.8955078125 0.9170813515624999 0.888671875 0.7294667109375 0.8935546875 0.72421875 0.9111328125 0.728154721875 0.9453125 0.7753863796875 0.9453125 0.9118333906249999 0.931640625
0 0.0050149625 0.05473065781250001 0.01138528125 0.5268455921874999 0.0542994984375 0.8679794328125 0.059885096875 0.9540400609375 0.698233171875 0.94024006875 0.6796855749999999 0.047830684375 0.0050149625 0.05473065781250001
6 0.64156335 0.943359375 0.64156335 0.953125 0.687483015625 0.9501953125 0.6809230640624999 0.94140625 0.64156335 0.943359375
6 0.02873195 0.9411778312499999 0.048543648437499996 0.939453125 0.05191646875 0.9042136046874999 0.03370005625 0.9042136046874999 0.02873195 0.9411778312499999
3 0.0367357328125 0.8779296875 0.0367357328125 0.8916015625 0.048543648437499996 0.892578125 0.052479620312499996 0.8798828125 0.0367357328125 0.8779296875