2 0.2682650859375 0.1826171875 0.2656856140625 0.0478515625 0.259236934375 0.044921875 0.07867389531249999 0.04296875 0.0748046875 0.0458984375 0.072225215625 0.1884765625 0.0760944234375 0.19140625 0.08125336718750001 0.1875 0.0902815203125 0.1884765625 0.072225215625 0.2001953125 0.072225215625 0.2294921875 0.0838328390625 0.232421875 0.2631061421875 0.2314453125 0.2682650859375 0.2275390625 0.2682650859375 0.2060546875 0.2631061421875 0.1982421875 0.2682650859375 0.1826171875
2 0.4900996765625 0.0458984375 0.4759125796875 0.04296875 0.2979290140625 0.04296875 0.29405980625 0.0458984375 0.29405980625 0.1572265625 0.301798221875 0.1611328125 0.29405980625 0.1669921875 0.291480334375 0.2275390625 0.3030879578125 0.232421875 0.48494073281250005 0.2314453125 0.4900996765625 0.2041015625 0.48494073281250005 0.1572265625 0.4900996765625 0.1279296875 0.4900996765625 0.0458984375
1 0.233442215625 0.234375 0.21796538281250002 0.23828125 0.18185277500000002 0.236328125 0.17540409375 0.2412109375 0.17540409375 0.2451171875 0.18443224687499998 0.25 0.20119881562500003 0.2490234375 0.26181640625 0.248046875 0.2631061421875 0.2392578125 0.259236934375 0.236328125 0.233442215625 0.234375
1 0.37273370156249996 0.236328125 0.36370555000000004 0.2412109375 0.37273370156249996 0.248046875 0.46688442812500003 0.2490234375 0.47978178906249996 0.2470703125 0.478492053125 0.23828125 0.41916419843749997 0.234375 0.37273370156249996 0.236328125
7 0.33146215 0.271484375 0.3237237328125 0.271484375 0.3211442625 0.267578125 0.264395878125 0.265625 0.21538591093749998 0.26953125 0.20248855 0.265625 0.17927330156250001 0.265625 0.15863752656250002 0.271484375 0.1508991109375 0.267578125 0.1276838625 0.267578125 0.0967301984375 0.26171875 0.0735149515625 0.267578125 0.06964574375 0.2724609375 0.072225215625 0.2783203125 0.0838328390625 0.28515625 0.16121699843749998 0.283203125 0.1715348875 0.287109375 0.33662109375 0.28515625 0.3495184546875 0.2890625 0.3869207984375 0.2880859375 0.40239762968750004 0.2861328125 0.40239762968750004 0.2724609375 0.3933694765625 0.265625 0.33146215 0.271484375
6 0.41916419843749997 0.302734375 0.3624158140625 0.296875 0.306957165625 0.3095703125 0.31340584531250004 0.31640625 0.36757475781250004 0.322265625 0.40110789375 0.3203125 0.408846309375 0.31640625 0.4449589171875 0.322265625 0.46430495625 0.3212890625 0.4746228453125 0.3193359375 0.4746228453125 0.3017578125 0.46043575 0.294921875 0.41916419843749997 0.302734375
4 0.6874292843750001 0.21875 0.73643925 0.216796875 0.762233971875 0.220703125 0.8705717937499999 0.220703125 0.9402175375 0.216796875 0.9466662171875001 0.2099609375 0.9492456890625001 0.1552734375 0.9466662171875001 0.0732421875 0.9402175375 0.0703125 0.84993601875 0.068359375 0.8344591859375001 0.064453125 0.7596544984375 0.068359375 0.708065059375 0.068359375 0.697747171875 0.064453125 0.5739325156249999 0.064453125 0.5507172671875 0.078125 0.5275020203125 0.078125 0.521053340625 0.1005859375 0.5236328125 0.2216796875 0.5275020203125 0.2265625 0.5778017234374999 0.2294921875 0.6203630109375 0.224609375 0.633260371875 0.21484375 0.6642140359375001 0.21484375 0.6874292843750001 0.21875
4 0.702906115625 0.330078125 0.8164028828125 0.330078125 0.8241412984375 0.318359375 0.937638065625 0.31640625 0.9440867453124999 0.3115234375 0.9440867453124999 0.2412109375 0.932479121875 0.236328125 0.568773571875 0.232421875 0.5584556843749999 0.24609375 0.5300814921875 0.248046875 0.5236328125 0.2529296875 0.526212284375 0.2626953125 0.521053340625 0.2705078125 0.521053340625 0.3037109375 0.5236328125 0.3232421875 0.5300814921875 0.328125 0.5636146281250001 0.328125 0.5726427796875 0.3310546875 0.5790914593750001 0.328125 0.633260371875 0.326171875 0.6874292843750001 0.326171875 0.702906115625 0.330078125
4 0.7570750265624999 0.416015625 0.8189823546874999 0.416015625 0.867992321875 0.419921875 0.937638065625 0.416015625 0.9415072734375001 0.4111328125 0.9415072734375001 0.3388671875 0.937638065625 0.3359375 0.84993601875 0.3359375 0.793187634375 0.328125 0.7699723875 0.33203125 0.7699723875 0.328125 0.7790005390625 0.3271484375 0.77513133125 0.322265625 0.7287008359375 0.322265625 0.702906115625 0.318359375 0.70032664375 0.328125 0.6822703390625 0.328125 0.6771113953125 0.333984375 0.6719524515625 0.333984375 0.6667935078125 0.328125 0.6048861796875 0.328125 0.5661940999999999 0.33203125 0.5636146281250001 0.33984375 0.5326609640625 0.34765625 0.521053340625 0.3544921875 0.51847386875 0.4111328125 0.521053340625 0.4208984375 0.5275020203125 0.42578125 0.5739325156249999 0.431640625 0.5894093484375 0.427734375 0.6912984921875001 0.4306640625 0.715803475 0.427734375 0.7287008359375 0.4296875 0.7390187234375001 0.419921875 0.7570750265624999 0.416015625
4 0.93505859375 0.59765625 0.9389278015625001 0.5927734375 0.9415072734375001 0.4404296875 0.927320178125 0.435546875 0.8112439390624999 0.43359375 0.788028690625 0.4375 0.772551859375 0.43359375 0.7338597796874999 0.43359375 0.723541890625 0.4296875 0.697747171875 0.4296875 0.6848498109375 0.43359375 0.6745319234375 0.43359375 0.6693729796875 0.4296875 0.6203630109375 0.431640625 0.617783540625 0.42578125 0.5919888203125 0.42578125 0.5919888203125 0.43359375 0.56103515625 0.43359375 0.5507172671875 0.443359375 0.5197636046875 0.44921875 0.521053340625 0.4658203125 0.515894396875 0.4716796875 0.51847386875 0.4970703125 0.5133149234375 0.5068359375 0.515894396875 0.6005859375 0.5197636046875 0.609375 0.5571659484375 0.6103515625 0.5790914593750001 0.59765625 0.6126245953125 0.595703125 0.8035055234374999 0.599609375 0.93505859375 0.59765625
4 0.8473565453124999 0.654296875 0.8705717937499999 0.654296875 0.8757307375 0.650390625 0.9041049296875 0.650390625 0.9092638734375 0.654296875 0.927320178125 0.65234375 0.9363483296874999 0.6474609375 0.9389278015625001 0.6279296875 0.92989965 0.619140625 0.8834691546875 0.62109375 0.8628333781249999 0.6171875 0.7648134421874999 0.619140625 0.692588228125 0.6171875 0.6848498109375 0.61328125 0.6771113953125 0.6171875 0.638419315625 0.61328125 0.5713530437500001 0.61328125 0.5661940999999999 0.6171875 0.5558762125000001 0.6171875 0.5494275328125 0.6220703125 0.5507172671875 0.62890625 0.5223430765625 0.6328125 0.515894396875 0.6376953125 0.515894396875 0.6572265625 0.5197636046875 0.66015625 0.6912984921875001 0.6650390625 0.718382946875 0.6640625 0.73643925 0.654296875 0.78544921875 0.650390625 0.8473565453124999 0.654296875
4 0.2566574625 0.380859375 0.2901905984375 0.380859375 0.3030879578125 0.376953125 0.352097925 0.380859375 0.48623046875 0.380859375 0.49267914843750005 0.3779296875 0.49525862031249995 0.3408203125 0.48880994062500005 0.33203125 0.478492053125 0.330078125 0.13800174999999998 0.330078125 0.11220703125 0.33203125 0.10704808750000001 0.34375 0.0709354796875 0.34765625 0.067066271875 0.3505859375 0.0709354796875 0.392578125 0.119945446875 0.39453125 0.1431606953125 0.390625 0.1508991109375 0.39453125 0.22699353437499997 0.3935546875 0.23473194999999997 0.3916015625 0.2166756453125 0.3876953125 0.2489190453125 0.384765625 0.2566574625 0.380859375
4 0.39004452968750003 0.472653228125 0.497909959375 0.472653228125 0.502404375 0.4573254109375 0.4949137078125 0.397149209375 0.05302030625 0.3986221921875 0.053714076562500004 0.480601021875 0.3930407796875 0.48514269218750006 0.39004452968750003 0.472653228125
4 0.1930403 0.5827404875 0.5031534171875001 0.5816050921875 0.5076478343749999 0.5668448984375 0.5016554921874999 0.480554521875 0.3533403171875 0.4822576140625 0.06270286875 0.481122203125 0.0492197796875 0.5975006828125 0.1922913375 0.592391390625 0.1930403 0.5827404875
4 0.403647515625 0.815353921875 0.4140467359375 0.79959099375 0.497241784375 0.8020799265624999 0.49833630468749995 0.613754959375 0.490126415625 0.597162471875 0.1858081046875 0.5946735890625 0.058865059374999994 0.5981905015625 0.0506163671875 0.7879762421875001 0.0183236015625 0.813694678125 0.403647515625 0.815353921875
4 0.051163771875 0.8356457374999999 0.0489743546875 0.921097128125 0.0582790546875 0.9318821921874999 0.485200259375 0.9314674359374999 0.485200259375 0.8140754328125 0.36642859375 0.814905078125 0.086654846875 0.814413928125 0.0911191390625 0.8298383609375 0.0549951171875 0.8256901843750001 0.051163771875 0.8356457374999999
7 0.688261553125 0.6850687343749999 0.5073347609375001 0.6859859203124999 0.497241784375 0.721157421875 0.6986608328125 0.7194981890625 0.688261553125 0.6850687343749999
6 0.59521471875 0.741483259375 0.6182027828125001 0.74521656875 0.6417382234375 0.74812025625 0.7117969359375 0.7506091234375 0.7139862078125 0.7294536625 0.699755584375 0.719083378125 0.60616125625 0.719083378125 0.61054009375 0.7277944421875 0.5853626984375 0.7327721734375 0.59521471875 0.741483259375
4 0.70032664375 0.748046875 0.6564756203125001 0.74609375 0.6461577328125 0.75 0.6023067078125 0.748046875 0.5816709328125 0.751953125 0.5739325156249999 0.75 0.5636146281250001 0.75390625 0.5300814921875 0.751953125 0.510735453125 0.7705078125 0.5055765078125 0.9013671875 0.5081559796875 0.9287109375 0.5197636046875 0.93359375 0.5481377968750001 0.935546875 0.63583984375 0.93359375 0.6616345625 0.9375 0.686139546875 0.9365234375 0.708065059375 0.935546875 0.7119342671875 0.9306640625 0.7145137390625 0.7568359375 0.70032664375 0.748046875
4 0.9337688578125001 0.6923828125 0.927320178125 0.689453125 0.73643925 0.69140625 0.73257004375 0.6943359375 0.7351495156250001 0.9345703125 0.7390187234375001 0.9375 0.793187634375 0.9375 0.8138234109375 0.931640625 0.8241412984375 0.9375 0.9337688578125001 0.9365234375 0.9415072734375001 0.9228515625 0.9389278015625001 0.8642578125 0.9337688578125001 0.8486328125 0.9337688578125001 0.6923828125
3 0.9670848265625 0.8858380515625001 0.9670848265625 0.8655122375 0.9443705937500001 0.8572232640624999 0.9380760859375 0.8845935640624999 0.9468332937499999 0.89081580625 0.9670848265625 0.8858380515625001
6 0.9665373328125 0.9264896828125 0.9605166578125001 0.8895713171875 0.9357461765625 0.8826186328125001 0.9408127359374999 0.9260748156249999 0.9627059890625 0.9347858796875 0.9665373328125 0.9264896828125