2 0.59027500625 0.9418631124999999 0.572048653125 0.9134646859375 0.638877359375 0.9054774875 0.733652915625 0.9250015328125001 0.7725350328125 0.8566677828125 0.789545965625 0.9090274218750001 0.938999153125 0.9294387953125 0.9560100874999999 0.09981718125 0.49657889062500005 0.10156557968749999 0.489424171875 0.6445668062500001 0.049569946875 0.62859274375 0.0313439828125 0.8611050453125 0.0386344203125 0.9001528953125 0.1868728375 0.891278275 0.1902940859375 0.9022107984375 0.1893026375 0.8877285781250001 0.282862775 0.8007583500000001 0.2962288796875 0.9161269109375001 0.49428442031250003 0.960499590625 0.516155603125 0.9454128109375001 0.59027500625 0.9418631124999999
6 0.1844423890625 0.8948282078125 0.0179303 0.8994541406250001 0.03620423125 0.94275044375 0.19902352343750002 0.9392006515625001 0.1844423890625 0.8948282078125
4 0.9013915078125001 0.949328928125 0.8816719890625 0.9266449984375 0.611453621875 0.9210580015625001 0.6134885156250001 0.9619311093749999 0.8939966484375 0.96085095625 0.9013915078125001 0.949328928125
3 0.964986365625 0.9021608125 0.9644933968749999 0.88271744375 0.9489306531249999 0.8782306468750001 0.9408301234374999 0.8801970062500001 0.9393512140625001 0.905761384375 0.964986365625 0.9021608125
6 0.961535475 0.9496890359375 0.9566056734374999 0.91332269375 0.9394364140624999 0.9116107906250001 0.9245617078125001 0.9468084921875001 0.9398441828124999 0.95292955625 0.961535475 0.9496890359375
4 0.218533 0.13679193437499998 0.50463390625 0.1418119984375 0.50787233125 0.0865583140625 0.068220390625 0.07856212968750001 0.06011371875 0.1477733296875 0.2181033625 0.1477733296875 0.218533 0.13679193437499998
4 0.06913491875 0.1797763 0.1168184734375 0.1782075265625 0.1206847 0.16785363749999999 0.5090259374999999 0.175069946875 0.5064485296875 0.1512246703125 0.39389829375 0.1477733296875 0.24655200000000002 0.14589084531250002 0.2353827765625 0.14996960937499998 0.0913070296875 0.1478658 0.08417025624999999 0.1612647984375 0.0635504234375 0.16534356249999999 0.06913491875 0.1797763
4 0.061832035937499995 0.21081220312500001 0.1636428234375 0.2073609453125 0.16965695625 0.1966932609375 0.5055893031250001 0.1992033015625 0.5073075734375 0.1866531484375 0.5017231453125001 0.1797505828125 0.10108441093750001 0.17859930625 0.094480253125 0.1901044234375 0.0609728765625 0.1923007015625 0.061832035937499995 0.21081220312500001
4 0.378003684375 0.236828125 0.3934687265625 0.22772922968749998 0.49570901093749997 0.2258466953125 0.4918426703125 0.2111002546875 0.0913070296875 0.20713756249999998 0.08030403124999999 0.23620056875 0.178678203125 0.239024403125 0.378003684375 0.236828125
4 0.06397994375 0.26914475625 0.159776571875 0.26632097187500003 0.157199028125 0.2556533703125 0.5073075734375 0.2575358546875 0.5064485296875 0.241848171875 0.498286371875 0.2402793828125 0.094315453125 0.23677344374999998 0.0867478015625 0.2509470171875 0.061402514062500003 0.2540845625 0.06397994375 0.26914475625
4 0.05882496875 0.29738267343749997 0.08889570937499999 0.2967551671875 0.27060853749999997 0.2967551671875 0.27834089687499997 0.284832471875 0.50430050625 0.2873425453125 0.5064485296875 0.2838912046875 0.49570901093749997 0.271968590625 0.155480709375 0.2675760328125 0.09882809218750001 0.270251015625 0.09877607031249999 0.2813812140625 0.06569833124999999 0.281694925 0.05882496875 0.29738267343749997
4 0.0626912640625 0.339400021875 0.058395446875 0.34473379843749996 0.0631207859375 0.3566564953125 0.3260244984375 0.3579114734375 0.399912428125 0.3579114734375 0.4046377203125 0.345361303125 0.5085963703124999 0.353832709375 0.5085963703124999 0.334066196875 0.49399069375 0.3026907828125 0.09205913593750001 0.2971428328125 0.094480253125 0.326536059375 0.06054335625 0.32935984375 0.0626912640625 0.339400021875
4 0.0571066515625 0.386411684375 0.11252265624999999 0.38421540625 0.1039310453125 0.37166522031250004 0.504730075 0.3782540578125 0.504730075 0.3597425734375 0.4063560375 0.35597752968749996 0.0913070296875 0.356963409375 0.094480253125 0.3707239703125 0.06011371875 0.3722927265625 0.0571066515625 0.386411684375
4 0.061524909375000006 0.6191391640624999 0.065704003125 0.6286353124999999 0.2454074140625 0.635079146875 0.251443825 0.6126954 0.0921719890625 0.608286428125 0.10424508125000001 0.6001468671875 0.4887266140625 0.612356225 0.488262128125 0.5811545687499999 0.2718752265625 0.57640653125 0.2797691765625 0.5591099953125 0.395856553125 0.5597882703125 0.409322825 0.5221427953125 0.249122096875 0.5177339140624999 0.2528368796875 0.509594315625 0.31691725000000004 0.513324940625 0.3275971640625 0.5072202781249999 0.32481119999999997 0.49060201875000004 0.257016046875 0.4902629171875 0.259337775 0.4824624578125 0.4562221421875 0.48687143125 0.4604011609375 0.458382984375 0.2932353015625 0.45940037968749997 0.2932353015625 0.45058257968750004 0.3772825921875 0.4519391671875 0.39214177031249997 0.4159894171875 0.2180106828125 0.4136153796875 0.229155178125 0.40649326874999997 0.44554198125 0.408528178125 0.441827296875 0.385466090625 0.0881501171875 0.3834816640625 0.06849008906250001 0.587259303125 0.0448082640625 0.604555803125 0.061524909375000006 0.6191391640624999