2 0.7863537421875 0.4918979515625 0.9547639406249999 0.4933575125 0.9584294671875 0.4865691265625 0.9628666859375 0.36245816249999996 0.954570984375 0.3585359828125 0.775742940625 0.35775012500000003 0.7705340031250001 0.36287913125000004 0.76648261875 0.4825450703125 0.7701481453125 0.4900877125 0.7863537421875 0.4918979515625
2 0.297185565625 0.9043888234375 0.301496021875 0.800534090625 0.2927585921875 0.7970725078124999 0.116158759375 0.7938842046875 0.1113822921875 0.797527978125 0.11045030156249999 0.8231545859375 0.1081203203125 0.9037425796875 0.11061539375 0.9068820625 0.1271658515625 0.9084828234375 0.289413790625 0.9114941890624999 0.295787565625 0.9095812046875 0.297185565625 0.9043888234375
2 0.304121953125 0.24407922499999998 0.3100067015625 0.236900921875 0.314008365625 0.0779132078125 0.3071820265625 0.07312766875 0.302944996875 0.0727595484375 0.1309117265625 0.07036678125 0.124320784375 0.07662479375 0.12122350781249999 0.2345081421875 0.12475436875000001 0.2402139828125 0.1322868671875 0.242054575 0.304121953125 0.24407922499999998
7 0.1431506265625 0.9110090890625001 0.1372238828125 0.9090454015624999 0.105480684375 0.9080242828125 0.1031702640625 0.910537803125 0.10441933437499999 0.9222909906250001 0.1472692 0.9238123296874999 0.1534972921875 0.9227912109374999 0.15480318125 0.9121873 0.1431506265625 0.9110090890625001
4 0.29337819062500003 0.9380026984375001 0.2938804578125 0.93454660625 0.29217274375 0.93281855625 0.276290596875 0.931247609375 0.23069541718750003 0.931640346875 0.15099344374999998 0.9272416874999999 0.147678484375 0.9254350953125 0.1152321171875 0.9240997875 0.11266792187500001 0.926977109375 0.115626459375 0.9404643984375 0.21045102187500003 0.9429511843749999 0.2903646015625 0.9425584453125 0.29337819062500003 0.9380026984375001
4 0.321904840625 0.9354575078125 0.32441617031250003 0.9392964656249999 0.353145771875 0.9412700218750001 0.4298364484375 0.9449355328125 0.51105161875 0.9444507625 0.5121675359375 0.9318467765625 0.5158873078124999 0.927496553125 0.5166312859375 0.8852729484375 0.4457075078125 0.8838186421875 0.41401732343750003 0.880018159375 0.3649162546875 0.877885175 0.338133853125 0.8761400078125 0.33571876875 0.8789665 0.3352651109375 0.8959353734375 0.32401435312500004 0.89679939375 0.321804384375 0.9137660640625 0.321904840625 0.9354575078125
4 0.42418552500000006 0.8771155281249999 0.4463725328125 0.877294375 0.4504897109375 0.8603033453125001 0.5200243421875 0.8606610625 0.52116800625 0.81737865 0.5179657203125 0.7989568015625 0.501268265625 0.7964528625 0.3699759921875 0.7944854796875 0.335437446875 0.7937700703125 0.32421215000000003 0.7972756203125 0.32354335624999997 0.86477466875 0.324458296875 0.8742538812499999 0.33086280625 0.8747904312499999 0.42418552500000006 0.8771155281249999
4 0.6335761875 0.945768396875 0.74152570625 0.9446489515625001 0.7427783609375 0.9317752875 0.7431362828125 0.86703039375 0.74510480625 0.80338883125 0.717903515625 0.7998905515625 0.647394965625 0.798491240625 0.5554610171875 0.797651653125 0.549766378125 0.8009767671875 0.5478563890625 0.8542146046875001 0.5478563890625 0.941430534375 0.5526881953125 0.9435294984375 0.6335761875 0.945768396875
4 0.769148190625 0.581108746875 0.780011696875 0.5840582328124999 0.8222892859375 0.5825245031249999 0.8214110921875 0.56789505 0.8960977031249999 0.5710804890625 0.9611278859375 0.5688388843750001 0.9652016796874999 0.5603443671874999 0.9674648953125 0.5048588234375 0.9298952843749999 0.50297115625 0.8674301124999999 0.5035610515625 0.8449486875 0.504032971875 0.796364675 0.5045048875 0.783841465625 0.5045048875 0.7827852921875 0.5061566015625 0.7825936015625 0.506795071875 0.7827275734375 0.520733553125 0.766884953125 0.521795359375 0.7652252515625 0.5756816890625001 0.769148190625 0.581108746875
4 0.7975646625 0.63292588125 0.7992512171875 0.618059828125 0.9533400796875 0.6187791625 0.9611595218750001 0.6133842171875 0.9645326093750001 0.5888072765625 0.9522668328125 0.586889078125 0.7929650015624999 0.5882078359375 0.778246059375 0.5877282875 0.779211375 0.5911043703125001 0.7797792859375 0.603793215625 0.763680446875 0.603553440625 0.7629138390625 0.63292588125 0.7975646625 0.63292588125
4 0.7603073593749999 0.7436511015625 0.767053540625 0.7534818765625 0.7649070265625 0.7712252265624999 0.7767128421875 0.7756610687500001 0.8165766234375 0.7749417375000001 0.820716325 0.760675125 0.963306034375 0.7658302890625001 0.9669981265625 0.7538415390625001 0.9597919703125 0.7189272828125 0.9645449578124999 0.642421475 0.9614785046875 0.6372663109375 0.9380201984375001 0.634269121875 0.8455669 0.637146425 0.8156690421875 0.634748675 0.7785527125 0.63819214375 0.7794726421875 0.6528981359375 0.7644470609375 0.6538572359375 0.760767325 0.695129928125 0.7603073593749999 0.7436511015625
4 0.8907742515624999 0.79783621875 0.911288765625 0.7961365203125 0.947140309375 0.7968801359375 0.946461028125 0.7860445406250001 0.9033941546875001 0.7834949828125 0.8193553328125001 0.77967065625 0.8093018624999999 0.7771210984375 0.78050004375 0.7805205046875 0.779141465625 0.7880629328125 0.780921921875 0.7923492515625 0.823253009375 0.7958178234375 0.8458053781249999 0.794649278125 0.881400084375 0.7963489781249999 0.8907742515624999 0.79783621875
4 0.7619642437499999 0.8411741796875001 0.77038741875 0.843298809375 0.7956569375 0.84149286875 0.797558946875 0.82608931875 0.9381431203125 0.832569434375 0.944936003125 0.8329943578125001 0.9549219890625 0.8338902625 0.9585217734375 0.83193204375 0.960346459375 0.8268209875 0.9604238015625001 0.82279614375 0.9627333578125 0.8000832062500001 0.9545819124999999 0.7994458203125 0.949370984375 0.8009143 0.9038657125 0.8000502734375001 0.90014895 0.7985578734375001 0.86961119375 0.7962014500000001 0.86216060625 0.798793515625 0.7996787453125 0.797144015625 0.7809944609375 0.7973796625 0.778935275 0.7989261421875 0.778403021875 0.8114338390625001 0.7659041203125 0.81345223125 0.7633228203125 0.8155946609375 0.7619642437499999 0.8411741796875001
4 0.7595999250000001 0.8740273921874999 0.7720032890625 0.8770373078125001 0.783123565625 0.8749192203125 0.7864026109375 0.8592008109375 0.831942165625 0.862322196875 0.9179104265625 0.8646632359374999 0.9597831812500001 0.8642173328125 0.96063859375 0.85295804375 0.8628372546874999 0.8488333515625 0.8525436187500001 0.8457119656250001 0.8044983531250001 0.844485703125 0.7899564578125 0.8466037875 0.7778382171875 0.8479415296875 0.776673234375 0.8503057 0.7768505859375 0.862991065625 0.7661580171875 0.862991065625 0.757603965625 0.8634369765625 0.7595999250000001 0.8740273921874999
4 0.7615791093750001 0.9106412328125 0.8665088375 0.910529759375 0.8660811609374999 0.8977097796875 0.954422534375 0.8980442125 0.9561333390625 0.8901292671875 0.9505732109375 0.8838864937500001 0.9343205015624999 0.88288319375 0.8110631171874999 0.8794273718750001 0.803079334375 0.8774207671875001 0.7747083953125 0.8806536312500001 0.7718622359375 0.8831829796875 0.773412215625 0.8972638640625 0.7580149203125 0.8972638640625 0.756731821875 0.9067394999999999 0.7615791093750001 0.9106412328125
4 0.859536109375 0.9447675328124999 0.8918989359375 0.9443216218750001 0.892469203125 0.9291606031249999 0.9458792562499999 0.9319475531249999 0.9541481734374999 0.9259277359375 0.9508691265625 0.9181242718749999 0.885145471875 0.91433401875 0.8365448390625 0.9134421968750001 0.7738151156249999 0.9134421968750001 0.7706786203125 0.9146684515624999 0.771060403125 0.915056371875 0.772997590625 0.9307312171875 0.7556043359375 0.9310656546875 0.7567448828125001 0.942760928125 0.859536109375 0.9447675328124999
6 0.9643890078125 0.9247352046874999 0.9596570859375 0.927569275 0.9597577609375 0.934418284375 0.9593550453124999 0.9466205453125 0.965999875 0.9461482015625 0.979792928125 0.9429205109375 0.980497675 0.9396928093750001 0.980699040625 0.9341821109374999 0.9791888468750001 0.9124542171875 0.975665078125 0.9104861109375 0.9742555671875 0.9013540984375 0.9701004328125 0.9009718687499999 0.9682273828125 0.9099321578125 0.964904971875 0.9102470546875001 0.9643890078125 0.9247352046874999
3 0.9773892015625 0.9018421046875 0.978295315625 0.8957803390624999 0.980208209375 0.883892975 0.9704423312499999 0.883892975 0.9625893484375 0.8865696 0.9630790171875001 0.8872363390625001 0.96359614375 0.901527209375 0.970039615625 0.902157003125 0.97034165 0.9012123109375001 0.9773892015625 0.9018421046875
6 0.6293267984375001 0.741583340625 0.59871895625 0.7444625312500001 0.5994093328125001 0.7536399375 0.6058530984375 0.7574188765625001 0.686400084375 0.7581386703125 0.68962196875 0.749501115625 0.687320634375 0.7414033984375 0.6293267984375001 0.741583340625
4 0.8574725328125 0.300707996875 0.8849826234375 0.29765246093750003 0.884251925 0.2827414328125 0.9175453859375 0.2848192 0.9646856312500001 0.2835969828125 0.9681243859374999 0.22139326406249998 0.969843775 0.1496370703125 0.9717194546875 0.076475003125 0.9598401328125 0.0734194640625 0.852769678125 0.0732972421875 0.817600559375 0.0699972625 0.7941544796875 0.0691417109375 0.777391003125 0.07160215 0.7743171125 0.1035121984375 0.772441434375 0.1931946453125 0.768846365625 0.297163578125 0.8574725328125 0.300707996875
4 0.333800865625 0.1853985359375 0.33204661875 0.2262717296875 0.34544277343749996 0.229638659375 0.49940722656250003 0.23238207968750002 0.526996975 0.2331302828125 0.5311433796875 0.2039502578125 0.5266779875 0.18773913125 0.5210962578125 0.18005336562500002 0.525880615625 0.127718125 0.522372078125 0.0796312125 0.502915765625 0.0776359921875 0.49191178906250005 0.0738949640625 0.392716378125 0.0723985484375 0.351571009375 0.0705280359375 0.3390639671875 0.07427144062499999 0.3404989546875 0.09001338125 0.3286975734375 0.09150979218750001 0.3256674953125 0.1679404015625 0.333800865625 0.1853985359375
4 0.602697609375 0.23055123593750002 0.602697609375 0.21754335937499997 0.69537494375 0.2164502609375 0.734630671875 0.2200574875 0.7430183593749999 0.2157944046875 0.7458142421875 0.15957995 0.7455346625 0.10877948125 0.746653015625 0.0706818453125 0.632440778125 0.06893289062499999 0.6152460375000001 0.06663737812500001 0.563499821875 0.0655442796875 0.5493773671875 0.069065928125 0.5457895640625 0.17562704375 0.54566139375 0.23055123593750002 0.5655122375 0.23273743281249998 0.602697609375 0.23055123593750002
7 0.4391767578125 0.2473928 0.308383378125 0.2470716875 0.2471959109375 0.2478744484375 0.21680749531250001 0.24771390312500002 0.20921039375 0.2526910046875 0.21158632812499997 0.26171101874999997 0.340209078125 0.26264520625 0.44040870156249995 0.26264520625 0.4420513125 0.2522093453125 0.4391767578125 0.2473928
5 0.1092457546875 0.2660796140625 0.10329583281250002 0.733646421875 0.737590709375 0.7406112171875 0.7421322953125 0.270487440625 0.1092457546875 0.2660796140625
6 0.2184024109375 0.283203125 0.22713850624999998 0.2822265625 0.23837063125000002 0.28125 0.23961864375 0.2744140625 0.212162340625 0.2744140625 0.2184024109375 0.283203125
6 0.3943723515625 0.2763671875 0.395620365625 0.28125 0.408100503125 0.28515625 0.439300846875 0.2841796875 0.4492849578125 0.2822265625 0.44803694375 0.275390625 0.42307666875 0.2734375 0.3943723515625 0.2763671875
6 0.5815744171875 0.2783203125 0.5815744171875 0.2822265625 0.5903105140625 0.287109375 0.6614472984375 0.2861328125 0.666439353125 0.2783203125 0.660199284375 0.275390625 0.585318459375 0.275390625 0.5815744171875 0.2783203125
6 0.5566141421874999 0.3291015625 0.5603581828124999 0.337890625 0.6764234640625 0.3388671875 0.6889036015625 0.3369140625 0.6876555875 0.328125 0.57034229375 0.326171875 0.5566141421874999 0.3291015625
6 0.23088254843749997 0.3671875 0.24461070000000001 0.3583984375 0.26957097343749997 0.3193359375 0.26957097343749997 0.3095703125 0.23837063125000002 0.2890625 0.15350569375 0.2890625 0.138529528125 0.29296875 0.1347854875 0.2958984375 0.1347854875 0.3603515625 0.15600172031249998 0.369140625 0.23088254843749997 0.3671875
6 0.4405488609375 0.37109375 0.4642611234375 0.3134765625 0.4405488609375 0.29296875 0.3606759796875 0.291015625 0.35443591093750004 0.2958984375 0.3494438546875 0.3173828125 0.351939884375 0.3681640625 0.365668034375 0.373046875 0.4405488609375 0.37109375
6 0.733832096875 0.4541015625 0.7288400421875 0.4306640625 0.6876555875 0.37890625 0.5778303765625 0.376953125 0.55911016875 0.3818359375 0.5566141421874999 0.4189453125 0.5628542109375 0.455078125 0.727592028125 0.45703125 0.733832096875 0.4541015625
6 0.5141816734375 0.4345703125 0.5141816734375 0.4130859375 0.477989275 0.384765625 0.4405488609375 0.375 0.35443591093750004 0.3759765625 0.351939884375 0.4306640625 0.358179953125 0.4375 0.49546146718750006 0.44140625 0.5141816734375 0.4345703125
6 0.26582693281249997 0.4375 0.2720670015625 0.4345703125 0.29702727812499996 0.3857421875 0.29702727812499996 0.3798828125 0.28829118125000003 0.375 0.1510096671875 0.375 0.147265625 0.3779296875 0.147265625 0.4326171875 0.15600172031249998 0.4375 0.26582693281249997 0.4375
6 0.1272974046875 0.3603515625 0.1297934328125 0.3154296875 0.12355336406249999 0.3046875 0.1123212390625 0.3076171875 0.1098252109375 0.3564453125 0.11356925312499999 0.36328125 0.12105733593750001 0.36328125 0.1272974046875 0.3603515625
6 0.124801378125 0.3994140625 0.12105733593750001 0.39453125 0.11356925312499999 0.39453125 0.1098252109375 0.3994140625 0.10732918437500001 0.4267578125 0.1185613078125 0.4296875 0.1272974046875 0.4248046875 0.124801378125 0.3994140625
6 0.1123212390625 0.4814453125 0.1098252109375 0.5029296875 0.12355336406249999 0.5078125 0.1272974046875 0.4833984375 0.1123212390625 0.4814453125
6 0.29702727812499996 0.5244140625 0.3070113875 0.4853515625 0.26582693281249997 0.46484375 0.15600172031249998 0.462890625 0.137281515625 0.4716796875 0.1347854875 0.5107421875 0.143521584375 0.525390625 0.2683229609375 0.529296875 0.29702727812499996 0.5244140625
6 0.5079416046875 0.513671875 0.5166777015624999 0.5087890625 0.512933659375 0.466796875 0.4979574953125 0.462890625 0.3606759796875 0.462890625 0.35443591093750004 0.4658203125 0.34694782812499997 0.5087890625 0.355683925 0.513671875 0.45053297187499997 0.515625 0.5079416046875 0.513671875
6 0.6676873671875 0.513671875 0.7038797671875 0.4755859375 0.7038797671875 0.4697265625 0.6976396984375001 0.466796875 0.55786215625 0.46484375 0.5566141421874999 0.5048828125 0.5628542109375 0.51171875 0.585318459375 0.513671875 0.6676873671875 0.513671875
6 0.64397510625 0.5693359375 0.6364870234375 0.5458984375 0.6252549000000001 0.541015625 0.55786215625 0.54296875 0.5541181140625 0.5458984375 0.5541181140625 0.5849609375 0.5603581828124999 0.587890625 0.585318459375 0.58984375 0.64397510625 0.5693359375
6 0.4255726953125 0.572265625 0.45926906718750005 0.5498046875 0.4580210546875 0.54296875 0.438052834375 0.541015625 0.3494438546875 0.5458984375 0.3419557734375 0.5634765625 0.35069187031250004 0.5703125 0.365668034375 0.572265625 0.4255726953125 0.572265625
6 0.20342624531250003 0.59375 0.23462658906249997 0.5849609375 0.23961864375 0.5615234375 0.2358746015625 0.5546875 0.1884500796875 0.5390625 0.15350569375 0.537109375 0.147265625 0.5400390625 0.137281515625 0.5634765625 0.137281515625 0.5810546875 0.14851363906249998 0.58984375 0.20342624531250003 0.59375
6 0.1223053484375 0.5341796875 0.1185613078125 0.53125 0.1098252109375 0.5341796875 0.1098252109375 0.5908203125 0.1185613078125 0.591796875 0.124801378125 0.5478515625 0.1223053484375 0.5341796875
6 0.1272974046875 0.6298828125 0.12355336406249999 0.626953125 0.1123212390625 0.6298828125 0.1123212390625 0.6845703125 0.12355336406249999 0.6875 0.1297934328125 0.6767578125 0.1272974046875 0.6298828125
6 0.2358746015625 0.71484375 0.24211467187500002 0.7099609375 0.2570908375 0.6455078125 0.2570908375 0.6337890625 0.2433626859375 0.6171875 0.19094610781250002 0.61328125 0.14851363906249998 0.6171875 0.14227356875 0.6416015625 0.1397775421875 0.6943359375 0.1510096671875 0.712890625 0.205922271875 0.716796875 0.2358746015625 0.71484375
6 0.4492849578125 0.6064453125 0.438052834375 0.6015625 0.3606759796875 0.6015625 0.351939884375 0.6044921875 0.3494438546875 0.6220703125 0.3494438546875 0.7314453125 0.42806872343749997 0.734375 0.4617650953125 0.6962890625 0.4492849578125 0.6064453125
6 0.6527112015625 0.69921875 0.6864075734374999 0.6806640625 0.6913996296875 0.6572265625 0.67517545 0.62109375 0.585318459375 0.619140625 0.5566141421874999 0.6240234375 0.5541181140625 0.6943359375 0.5603581828124999 0.69921875 0.58282243125 0.703125 0.6527112015625 0.69921875