0 0.677671478125 0.80859375 0.96221861875 0.80078125 0.9684586875000001 0.7880859375 0.9659626593749999 0.6201171875 0.9534825203124999 0.3486328125 0.7051277812500001 0.3515625 0.567846265625 0.357421875 0.5665982515625 0.6162109375 0.574086334375 0.8037109375 0.585318459375 0.80859375 0.677671478125 0.80859375
0 0.143521584375 0.798828125 0.168481859375 0.798828125 0.43306077812500005 0.796875 0.512933659375 0.794921875 0.5329018796875 0.791015625 0.536645921875 0.7861328125 0.536645921875 0.6708984375 0.5291578390625 0.3720703125 0.5154296875 0.365234375 0.48298132968749996 0.365234375 0.1335374734375 0.373046875 0.119809321875 0.3798828125 0.119809321875 0.5888671875 0.124801378125 0.7783203125 0.1297934328125 0.7939453125 0.143521584375 0.798828125
0 0.9023139578125001 0.919921875 0.9684586875000001 0.9150390625 0.9659626593749999 0.8291015625 0.9597225890625 0.82421875 0.1360335 0.837890625 0.1347854875 0.9228515625 0.137281515625 0.9287109375 0.14601761093750001 0.931640625 0.9023139578125001 0.919921875
6 0.9347623140625 0.322265625 0.9559785484375001 0.3037109375 0.9547305343750001 0.29296875 0.8848417640624999 0.291015625 0.8174490203125 0.294921875 0.81620100625 0.3173828125 0.824937103125 0.32421875 0.9247782046875 0.32421875 0.9347623140625 0.322265625
6 0.124801378125 0.9013671875 0.1160652796875 0.888671875 0.10732918437500001 0.8994140625 0.10732918437500001 0.9287109375 0.1160652796875 0.9296875 0.124801378125 0.9267578125 0.124801378125 0.9013671875
3 0.12021459375000002 0.866802565625 0.1017767734375 0.873150653125 0.10620185 0.89161781875 0.12611469687500002 0.8858468296875 0.12021459375000002 0.866802565625
4 0.6926476421875 0.16796875 0.7675284687499999 0.169921875 0.8848417640624999 0.1640625 0.9484904656250001 0.1455078125 0.95098649375 0.0849609375 0.944746425 0.05078125 0.6901516156249999 0.056640625 0.683911546875 0.0615234375 0.683911546875 0.1123046875 0.6864075734374999 0.1513671875 0.6926476421875 0.16796875
4 0.8823457375 0.287109375 0.9322662875000001 0.28515625 0.9484904656250001 0.2783203125 0.9559785484375001 0.2626953125 0.9559785484375001 0.2431640625 0.9534825203124999 0.1884765625 0.95145978125 0.16680300312500002 0.7083956015624999 0.17392264531249998 0.6889036015625 0.1943359375 0.6913996296875 0.2666015625 0.6914980921875 0.2852941625 0.8823457375 0.287109375
4 0.6277509265625 0.33984375 0.6689353812500001 0.3349609375 0.671431409375 0.2568359375 0.6676873671875 0.240234375 0.48298132968749996 0.23828125 0.43306077812500005 0.24609375 0.40685248906249993 0.2666015625 0.40685248906249993 0.3212890625 0.41558858593750003 0.341796875 0.6277509265625 0.33984375
4 0.4929654390625 0.240234375 0.54538201875 0.23828125 0.5977985968749999 0.232421875 0.666439353125 0.2138671875 0.6639433265625 0.1083984375 0.6552072296875 0.0546875 0.4006124203125 0.05859375 0.3968683796875 0.0615234375 0.39936440625 0.1845703125 0.408100503125 0.236328125 0.4929654390625 0.240234375
4 0.12355336406249999 0.34765625 0.3606759796875 0.345703125 0.3793961859375 0.3388671875 0.3793961859375 0.2646484375 0.3756521453125 0.26171875 0.26582693281249997 0.259765625 0.14102555625 0.265625 0.1160652796875 0.28125 0.1098252109375 0.2861328125 0.1123212390625 0.3271484375 0.1148172671875 0.3388671875 0.12355336406249999 0.34765625
4 0.150127875 0.2461361390625 0.353187896875 0.2421875 0.379544065625 0.23901650000000002 0.376900159375 0.2158203125 0.370660090625 0.2109375 0.1360335 0.216796875 0.1098252109375 0.2373046875 0.1098338140625 0.259866875 0.1488280671875 0.2593583296875 0.150127875 0.2461361390625
4 0.182121490625 0.19528156562500001 0.3756446390625 0.18917901718750002 0.3717452140625 0.057974215625000006 0.290787209375 0.05859375 0.109982121875 0.06204258124999999 0.10023355781250001 0.068653675 0.1047828875 0.2115550296875 0.17952187343749998 0.209520846875 0.182121490625 0.19528156562500001