2 0.9951048265625 0.8759765625 0.9899354499999999 0.8486328125 0.9951048265625 0.7763671875 0.9951048265625 0.5009765625 0.9873507625 0.4970703125 0.9951048265625 0.4951171875 0.98864310625 0.4921875 0.8464852734375 0.490234375 0.6629724359375 0.4921875 0.656510715625 0.5029296875 0.6616800921875 0.5556640625 0.6590954046874999 0.5654296875 0.6642647796875 0.5771484375 0.6590954046874999 0.5947265625 0.656510715625 0.6455078125 0.6590954046874999 0.7158203125 0.66684946875 0.7216796875 0.6332485265625001 0.7607421875 0.6177403984375001 0.8095703125 0.622909775 0.8662109375 0.6435872765624999 0.9111328125 0.653926028125 0.9228515625 0.6590954046874999 0.9501953125 0.656510715625 0.9677734375 0.6435872765624999 0.9873046875 0.6410025890625 0.9990234375 0.9873507625 0.9990234375 0.9925201375 0.9951171875 0.9899354499999999 0.9580078125 0.9951048265625 0.9462890625 0.9951048265625 0.8759765625
4 0.9396446328125 0.32743254843749997 0.6730445781250001 0.33003535156249997 0.6792445796875 0.45496986875 0.7577779296875 0.454449309375 0.7598445953125 0.43935305468749997 0.9424001890625 0.4372708125 0.9396446328125 0.32743254843749997
4 0.789466825 0.2222793296875 0.6434223515624999 0.22175876875 0.6434223515624999 0.30608956875 0.9300001859375 0.3055690078125 0.9286224078125 0.20405971250000002 0.7956668265625 0.20666251406249997 0.789466825 0.2222793296875
4 0.9306890750000001 0.06975510625 0.6406667953125 0.07444015000000001 0.6434223515624999 0.20405971250000002 0.8686890625 0.20405971250000002 0.8673112843749999 0.1868812171875 0.9300001859375 0.1879223375 0.9306890750000001 0.06975510625
7 0.67373346875 0.21967652656249997 0.78671126875 0.21967652656249997 0.7880890453125 0.20770363593750002 0.6730445781250001 0.2051008328125 0.67373346875 0.21967652656249997
7 0.4807519421875 0.1162109375 0.4807519421875 0.1103515625 0.47429022187500003 0.107421875 0.45102803125 0.10546875 0.381241459375 0.109375 0.37736442812500004 0.1162109375 0.383826146875 0.12109375 0.4768749109375 0.119140625 0.4807519421875 0.1162109375
7 0.4859213171875 0.4033203125 0.48204428593750004 0.39453125 0.45361271875 0.390625 0.383826146875 0.39453125 0.379949115625 0.4033203125 0.3864108359375 0.40625 0.4794595984375 0.40625 0.4859213171875 0.4033203125
7 0.3837111875 0.4435175375 0.38233340937500004 0.45757267187500006 0.4966889890625 0.45861379218750004 0.4973778765625 0.44091473593749997 0.3837111875 0.4435175375
7 0.49626006875 0.6865234375 0.48204428593750004 0.673828125 0.4122577140625 0.673828125 0.383826146875 0.6796875 0.38253380312499996 0.6884765625 0.38899552187499997 0.69140625 0.4639514703125 0.69140625 0.49626006875 0.6865234375
7 0.5235556609375001 0.7360725343750001 0.5256223265625 0.7272230046875 0.3892223 0.7261818843750001 0.385118490625 0.7314453125 0.38253380312499996 0.7392578125 0.3864108359375 0.7421875 0.5242445484375 0.742319259375 0.5235556609375001 0.7360725343750001
6 0.6125710234375 0.9697265625 0.6125710234375 0.9580078125 0.5983552390625 0.953125 0.510475853125 0.955078125 0.5065988203125 0.9599609375 0.518229915625 0.9765625 0.5983552390625 0.9765625 0.6125710234375 0.9697265625
3 0.638600128125 0.9547079406250001 0.6138633671875 0.955078125 0.6190327421874999 0.970703125 0.6399779062500001 0.9703247546875 0.6413556828125 0.9630369078125 0.638600128125 0.9547079406250001
7 0.190246678125 0.20910927343750002 0.14208702499999998 0.20679867500000002 0.0816963515625 0.20910927343750002 0.082460790625 0.226438771875 0.18222049375 0.22265625 0.18868221406250002 0.2197265625 0.190246678125 0.20910927343750002
7 0.199020965625 0.3876953125 0.199020965625 0.3818359375 0.1873898703125 0.376953125 0.08658704375000001 0.380859375 0.0827100109375 0.3857421875 0.08917173125 0.390625 0.1460348640625 0.392578125 0.199020965625 0.3876953125
7 0.19126690156249998 0.6552734375 0.1873898703125 0.6484375 0.17188174218750002 0.64453125 0.08658704375000001 0.6484375 0.0852947 0.6552734375 0.0969257953125 0.66015625 0.17705111874999999 0.66015625 0.19126690156249998 0.6552734375
7 0.204190340625 0.7353515625 0.197728621875 0.732421875 0.14667365937500002 0.733615409375 0.09175641875 0.734375 0.0885763015625 0.7469013578125 0.1951439328125 0.74609375 0.204190340625 0.7431640625 0.204190340625 0.7353515625
4 0.1807897578125 0.628833003125 0.3421513640625 0.6263861828125 0.3367546546875 0.3739558140625 0.2056146203125 0.375587028125 0.204535278125 0.3914913640625 0.055046434374999995 0.39230697187499997 0.053427421875000006 0.6455529484375 0.18132942968750002 0.6435139296875 0.1807897578125 0.628833003125
4 0.337294325 0.20512516249999999 0.193202190625 0.2067563765625 0.19158317656249998 0.22510753437500003 0.0518084078125 0.22714655156250002 0.05450676249999999 0.37599483125 0.10739451250000001 0.3743636171875 0.1052358296875 0.3592748875 0.3437703765625 0.3572358703125 0.337294325 0.20512516249999999
4 0.339453009375 0.64229051875 0.1985988984375 0.6459607515625 0.20075758281249997 0.6639041046874999 0.056665446875000004 0.6639041046874999 0.056125775 0.7307838796875 0.164059959375 0.7303760765625 0.165678971875 0.71487954375 0.3399926796875 0.7128405265625 0.339453009375 0.64229051875
4 0.2126303421875 0.748727234375 0.058824129687500004 0.749542840625 0.0604431421875 0.9514055750000001 0.345929059375 0.94773534375 0.3421513640625 0.7307838796875 0.2126303421875 0.73241509375 0.2126303421875 0.748727234375
4 0.622240571875 0.896352103125 0.62601826875 0.8857492109375 0.6227802421875 0.8731073031250001 0.6136058359375001 0.8649512328125001 0.60605044375 0.8478234859375 0.5995743921875001 0.8364049874999999 0.5817652515625 0.8074509390625 0.579066896875 0.7956246375 0.5925586703125 0.7899153875 0.5930983421875 0.779312496875 0.6125264953125 0.77605006875 0.6114471531250001 0.762592553125 0.59849505 0.7597379281250001 0.5995743921875001 0.74546480625 0.6395100421875 0.741386771875 0.637891028125 0.7238512203125 0.529417171875 0.7287448624999999 0.529417171875 0.745872609375 0.356722478125 0.7470960203125 0.35942083281250004 0.9461041296875001 0.6432877375 0.9428417015624999 0.6405893828125 0.9159266703125001 0.6319546484375 0.9016535484375 0.622240571875 0.896352103125
4 0.6308875031250001 0.6728757828124999 0.5029854953124999 0.6761382109375 0.500287140625 0.695712778125 0.3551156625 0.6936737609375 0.3544382671875 0.7246668265625 0.545619496875 0.7238512203125 0.55101620625 0.71202491875 0.6373635531249999 0.70917029375 0.6308875031250001 0.6728757828124999
4 0.49704911406249996 0.457147728125 0.3518776359375 0.4612257640625 0.3512263859375 0.6749090453125001 0.62387178125 0.6712445671875 0.6206337546875 0.6577870515625001 0.6395222375 0.6553402312500001 0.6346651984375 0.436757553125 0.49974746875 0.4412433921875 0.49704911406249996 0.457147728125
4 0.6335452734375 0.38659772187499997 0.49107215000000004 0.393122578125 0.4921514921875 0.40861911093750003 0.35291639531249996 0.40658009375 0.3517610671875 0.4412433921875 0.45267953125 0.44001998125 0.45483821406249997 0.4253390546875 0.634624615625 0.4216688234375 0.6335452734375 0.38659772187499997
4 0.634624615625 0.187181809375 0.49431017656250004 0.19044423593749998 0.4921514921875 0.20594077031250002 0.34967836874999997 0.2063485734375 0.352376725 0.393122578125 0.45977123750000004 0.3882289359375 0.46246959218750006 0.375587028125 0.636243628125 0.37028558125 0.634624615625 0.187181809375
7 0.3777703 0.1933877390625 0.37737596875 0.20173112343750002 0.38644561093749996 0.2044129265625 0.4909436578125 0.2044129265625 0.49212665468749994 0.1910039140625 0.47556470156249997 0.18742817812499998 0.3777703 0.1933877390625
4 0.487715575 0.10392418750000001 0.486532578125 0.12157503437499999 0.3496992859375 0.122766946875 0.348910621875 0.18891806875 0.36199701093750003 0.189812003125 0.6337657531249999 0.1849742109375 0.632188425 0.1063080109375 0.487715575 0.10392418750000001
4 0.3367546546875 0.07055000624999999 0.051268737499999995 0.0725890234375 0.050189395312499996 0.2075719828125 0.2126303421875 0.20512516249999999 0.210471659375 0.1896286296875 0.336214984375 0.190852040625 0.3367546546875 0.07055000624999999
4 0.630188609375 0.07233851718749999 0.3481010578125 0.07502031875000001 0.35131107968749997 0.1048181203125 0.45541479531249995 0.10243429687500001 0.45541479531249995 0.090515175 0.630582940625 0.0872374171875 0.630188609375 0.07233851718749999