7 0.723541890625 0.05078125 0.715803475 0.044921875 0.702906115625 0.04296875 0.6951676984375 0.05078125 0.6887190203125 0.0517578125 0.6887190203125 0.0634765625 0.6951676984375 0.068359375 0.7261213625 0.06640625 0.73128030625 0.0703125 0.740308459375 0.0693359375 0.7506263468750001 0.0673828125 0.7506263468750001 0.0517578125 0.7467571390625001 0.048828125 0.723541890625 0.05078125
2 0.43740685937499996 0.0970371546875 0.018206651562500002 0.10493371250000001 0.020037225 0.4257501078125 0.4435442171875 0.42031254218749997 0.43740685937499996 0.0970371546875
7 0.22570379843750002 0.431640625 0.18701171875 0.43359375 0.1483196390625 0.427734375 0.13284280625 0.43359375 0.10962755937499999 0.43359375 0.094150728125 0.4296875 0.0838328390625 0.435546875 0.0606175921875 0.435546875 0.045140759375 0.431640625 0.018056303125 0.4404296875 0.024504984375 0.453125 0.041271551562499995 0.4541015625 0.21538591093749998 0.44921875 0.22570379843750002 0.447265625 0.22957300625000002 0.4384765625 0.22570379843750002 0.431640625
7 0.06294052343749999 0.49780578125 0.08844920625 0.50384435625 0.101203546875 0.5062597734375001 0.1299008328125 0.49780578125 0.16258391249999998 0.4972019109375 0.2279499515625 0.49659806250000005 0.2486757640625 0.500221196875 0.2694015765625 0.50384435625 0.2941131859375 0.493578775 0.32679620625 0.4911633359375 0.3411448171875 0.493578775 0.3419420140625 0.46398975 0.337956278125 0.4585550453125 0.32998480625000004 0.46157433281250004 0.3052731984375 0.4627820515625 0.2909245859375 0.4579511734375 0.29331599062499997 0.46640518750000004 0.2853445203125 0.4627820515625 0.25983583593750004 0.46217818125 0.1657724515625 0.4645936203125 0.1466409703125 0.46519746875 0.12432082656250001 0.46398975 0.12352369062499999 0.4694244765625 0.11555222031250001 0.465801340625 0.11076935000000002 0.46761290781250003 0.026509753125 0.4681569296875 0.028663171874999997 0.4790861859375 0.0382289140625 0.4905594875 0.06294052343749999 0.49780578125
6 0.9157125546874999 0.8740234375 0.91313308125 0.8876953125 0.9131578859375 0.9026163828125 0.9283036328125001 0.9002009890625 0.9286099140624999 0.8916015625 0.9286099140624999 0.8740234375 0.92474070625 0.87109375 0.9157125546874999 0.8740234375
3 0.9260304406250001 0.8623046875 0.9260304406250001 0.8486328125 0.9170022890625 0.84765625 0.9157125546874999 0.8603515625 0.9260304406250001 0.8623046875
4 0.2105557375 0.834899146875 0.21280643906250002 0.82421875 0.23473194999999997 0.8154296875 0.23473194999999997 0.7353515625 0.22863354062500002 0.5856618640625 0.21145961406249997 0.5829229828125 0.1924779359375 0.5877160124999999 0.038816615625 0.59045489375 0.038816615625 0.602095075 0.0234505125 0.6055186640625 0.0206357765625 0.6376953125 0.0257947203125 0.6513671875 0.0232152484375 0.7529296875 0.0283741921875 0.7763671875 0.030953664062500004 0.8349609375 0.06502944375 0.8383227359375001 0.0838328390625 0.8359375 0.1264939296875 0.837638028125 0.174114359375 0.8359375 0.18185277500000002 0.83203125 0.18701171875 0.8359375 0.2105557375 0.834899146875
4 0.22699353437499997 0.5224609375 0.22312432656249997 0.51953125 0.055458646874999996 0.51953125 0.039981815625 0.521484375 0.0232152484375 0.5361328125 0.0206357765625 0.5458984375 0.0232152484375 0.5615234375 0.0283741921875 0.5673828125 0.02708445625 0.58203125 0.1276838625 0.58203125 0.14445043125 0.5849609375 0.17927330156250001 0.58203125 0.18443224687499998 0.568359375 0.22699353437499997 0.5634765625 0.22699353437499997 0.5224609375
4 0.2373114234375 0.9169921875 0.2373114234375 0.8583984375 0.2340568671875 0.84289176875 0.18701171875 0.84375 0.1617456578125 0.8401528875000001 0.131917325 0.84289176875 0.11220703125 0.83984375 0.10446861562500001 0.83984375 0.08125336718750001 0.845703125 0.050299703125 0.84375 0.0438510234375 0.8486328125 0.0464304953125 0.8583984375 0.030953664062500004 0.8642578125 0.0335331359375 0.9208984375 0.0477202328125 0.92578125 0.141870959375 0.9248046875 0.1715348875 0.923828125 0.18185277500000002 0.919921875 0.23086274218749997 0.921875 0.2373114234375 0.9169921875
4 0.38305158906250003 0.75 0.4526973328125 0.75 0.46172548437499994 0.7451171875 0.46172548437499994 0.6572265625 0.456566540625 0.6318359375 0.45140759687500004 0.5419921875 0.45398706874999994 0.5224609375 0.45011786093749995 0.515625 0.41400525312500003 0.515625 0.403687365625 0.51953125 0.3546773984375 0.515625 0.31856478906249996 0.51953125 0.3005084859375 0.52734375 0.28503165468749997 0.51953125 0.2566574625 0.51953125 0.24762931093749999 0.5224609375 0.25020878281250003 0.6474609375 0.2553677265625 0.6962890625 0.2527882546875 0.7158203125 0.2579471984375 0.7314453125 0.2579471984375 0.7568359375 0.2591478984375 0.7698607828124999 0.30253465 0.7678066078125 0.3495184546875 0.765625 0.3694224640625 0.7657524859375 0.36757475781250004 0.755859375 0.38305158906250003 0.75
4 0.43722050156250003 0.91796875 0.46430495625 0.9130859375 0.46688442812500003 0.8154296875 0.46172548437499994 0.7724609375 0.45785627656249994 0.76953125 0.39594895 0.771484375 0.37574973749999996 0.771230196875 0.2799373984375 0.7725996625 0.2656856140625 0.7783203125 0.2579471984375 0.7939453125 0.2579471984375 0.9150390625 0.26697535 0.919921875 0.29530350156249996 0.9198139859375001 0.320612453125 0.9191292265625 0.3865963890625 0.9177598124999999 0.39111584062500004 0.9068043390625 0.408846309375 0.908203125 0.411905340625 0.9184445203125 0.43722050156250003 0.91796875
4 0.63583984375 0.330078125 0.6487372031249999 0.328125 0.6460399078125 0.313578403125 0.6616345625 0.314453125 0.670662715625 0.3056640625 0.6629243 0.1064453125 0.6603448281250001 0.0966796875 0.653896146875 0.09375 0.5816709328125 0.09375 0.5300814921875 0.09765625 0.5171841328125 0.1015625 0.49138941249999996 0.095703125 0.4681741640625 0.09765625 0.456566540625 0.1025390625 0.456566540625 0.2021484375 0.46172548437499994 0.2138671875 0.4580307375 0.249214921875 0.4616463109375 0.2635940109375 0.45914601250000003 0.2763671875 0.46255018750000004 0.285504959375 0.46172548437499994 0.2939453125 0.46255018750000004 0.3306963484375 0.4968980390625 0.3320657890625 0.5300814921875 0.33203125 0.546848059375 0.3310546875 0.5481377968750001 0.328125 0.5646897984375 0.32795746718749996 0.6074656515625 0.330078125 0.63583984375 0.330078125
4 0.6126245953125 0.583984375 0.6667935078125 0.5859375 0.675821659375 0.5830078125 0.675821659375 0.4736328125 0.670662715625 0.4482421875 0.670662715625 0.3681640625 0.66808324375 0.3369140625 0.6686371609374999 0.32947330468749997 0.605364853125 0.3328968921875 0.605364853125 0.34727594375000004 0.5790914593750001 0.34765625 0.5773442046875 0.33632046875 0.5378199078125 0.3359375 0.5197636046875 0.337890625 0.493968884375 0.3359375 0.48107152500000006 0.33984375 0.47720231718750006 0.3505859375 0.46430495625 0.3603515625 0.46430495625 0.4638671875 0.46946390156250006 0.4853515625 0.46688442812500003 0.5263671875 0.46797351562499995 0.5595384812499999 0.4706852125 0.5882966078125 0.4900996765625 0.5908203125 0.468877390625 0.594459078125 0.472492965625 0.606099259375 0.5133149234375 0.6025390625 0.5448041734375 0.6026756703125 0.5448041734375 0.5876119 0.5997272359375 0.587890625 0.6126245953125 0.583984375
4 0.6693729796875 0.82421875 0.6835600765625001 0.8193359375 0.6835600765625001 0.7294921875 0.67840113125 0.6669921875 0.680980603125 0.6455078125 0.67840113125 0.6083984375 0.6719524515625 0.603515625 0.5997272359375 0.60546875 0.56649755 0.6060245937500001 0.49870579218750005 0.6080787421875 0.4996096671875 0.6190342421875 0.5113602671875 0.6258814187499999 0.473396840625 0.6251966859375 0.473396840625 0.6340980390625 0.4746228453125 0.7880859375 0.47978178906249996 0.8095703125 0.47720231718750006 0.8193359375 0.4788202375 0.8299273390625 0.47978178906249996 0.8388671875 0.49138941249999996 0.845703125 0.5339575203125 0.842252228125 0.5584556843749999 0.84375 0.5713530437500001 0.84375 0.5816709328125 0.841796875 0.613499809375 0.844991109375 0.61169205625 0.82376486875 0.62552195625 0.82421875 0.6693729796875 0.82421875
4 0.6887190203125 0.8759765625 0.6822703390625 0.849609375 0.5997272359375 0.84765625 0.5790914593750001 0.8515625 0.509445715625 0.8515625 0.49912782812499995 0.853515625 0.49267914843750005 0.8662109375 0.4823612609375 0.8720703125 0.4823612609375 0.8857421875 0.47720231718750006 0.8955078125 0.4823612609375 0.9013671875 0.4823612609375 0.9130859375 0.48880994062500005 0.916015625 0.611334859375 0.9150390625 0.6642140359375001 0.9140625 0.6822703390625 0.912109375 0.6887190203125 0.9072265625 0.6887190203125 0.8759765625
4 0.8241412984375 0.650390625 0.8493352890624999 0.6528161031249999 0.8473737531250001 0.6334989890625 0.9062207656249999 0.632756034375 0.904259228125 0.6164108265625 0.8924973062499999 0.3837890625 0.8950767781250001 0.3330078125 0.8873383625000001 0.2705078125 0.8924973062499999 0.2470703125 0.8873383625000001 0.2119140625 0.8873383625000001 0.1142578125 0.88217941875 0.1025390625 0.8847588890625 0.0966796875 0.8797396390625 0.08783872968749999 0.8396181296874999 0.08984375 0.831879715625 0.087890625 0.8215618265625 0.091796875 0.7390187234375001 0.08984375 0.7261213625 0.09375 0.6848498109375 0.095703125 0.680980603125 0.0986328125 0.680980603125 0.2099609375 0.686139546875 0.2607421875 0.6835600765625001 0.3037109375 0.6887190203125 0.3447265625 0.6887190203125 0.4794921875 0.6964574359375 0.5673828125 0.695352303125 0.6284997234375 0.69903690625 0.6513671875 0.7198718921875 0.6528161031249999 0.7415981953124999 0.65234375 0.7669495328125 0.6543020703125 0.78544921875 0.650390625 0.8241412984375 0.650390625
4 0.86025390625 0.75390625 0.8937870421874999 0.755859375 0.9028151937500001 0.7509765625 0.905394665625 0.7119140625 0.9028151937500001 0.6748046875 0.902297690625 0.6566524593749999 0.767392915625 0.65625 0.713224003125 0.66015625 0.7093547953125 0.6630859375 0.7093547953125 0.6689453125 0.6964574359375 0.6806640625 0.6992754531250001 0.7680974109375 0.6992754531250001 0.7725552265625 0.754199315625 0.7725552265625 0.753218621875 0.7576958984375 0.798346578125 0.755859375 0.8344591859375001 0.7578125 0.86025390625 0.75390625
4 0.905394665625 0.7841796875 0.8989459859375 0.77734375 0.8035055234374999 0.77734375 0.782869746875 0.78515625 0.7544955546875001 0.77734375 0.7139872796875 0.779594728125 0.7119342671875 0.7919921875 0.69903690625 0.7998046875 0.7041958515625 0.8251953125 0.7041958515625 0.8896484375 0.71202559375 0.8925256171875 0.737526025 0.8940116140625 0.7600840765625 0.8925256171875 0.8238350062500001 0.8917826625 0.828738925 0.8746944437499999 0.9072016078124999 0.8732085046875 0.9028151937500001 0.7978515625 0.905394665625 0.7841796875
6 0.89765625 0.8974609375 0.8705717937499999 0.892578125 0.852515490625 0.8984375 0.8293002421875 0.892578125 0.7441776671875 0.896484375 0.71064453125 0.89453125 0.7067753234375 0.8974609375 0.7067753234375 0.9052734375 0.718382946875 0.912109375 0.7648134421874999 0.912109375 0.77513133125 0.90625 0.8060849937500001 0.912109375 0.83316945 0.9111328125 0.8473565453124999 0.90625 0.8886280984375 0.908203125 0.89765625 0.9052734375 0.89765625 0.8974609375