6 0.074699421875 0.8957352937499999 0.0530462421875 0.8957352937499999 0.0530462421875 0.9313235296875 0.074699421875 0.9313235296875 0.074699421875 0.8957352937499999
3 0.0755317921875 0.8710813156249999 0.0508497109375 0.8710813156249999 0.0508497109375 0.8884515578125001 0.0755317921875 0.8884515578125001 0.0755317921875 0.8710813156249999
4 0.50516185 0.8003762968749999 0.075023121875 0.8003762968749999 0.075023121875 0.9306963671874999 0.50516185 0.9306963671874999 0.50516185 0.8003762968749999
4 0.5084104046875 0.5597880625 0.07135838125 0.5597880625 0.07135838125 0.8010596890624999 0.5084104046875 0.8010596890624999 0.5084104046875 0.5597880625
7 0.5159306359375 0.5071799312499999 0.066982659375 0.5071799312499999 0.066982659375 0.5540311421874999 0.5159306359375 0.5540311421874999 0.5159306359375 0.5071799312499999
2 0.9475664734375 0.517041521875 0.5254508671875 0.517041521875 0.5254508671875 0.7092387546875 0.9475664734375 0.7092387546875 0.9475664734375 0.517041521875
1 0.9559421968749999 0.7203633218750001 0.526184971875 0.7203633218750001 0.526184971875 0.7581314875 0.9559421968749999 0.7581314875 0.9559421968749999 0.7203633218750001
4 0.9571965312499999 0.8617603812500001 0.5020173406249999 0.8617603812500001 0.5020173406249999 0.9309558828125001 0.9571965312499999 0.9309558828125001 0.9571965312499999 0.8617603812500001
4 0.9580289015625001 0.7806531140625 0.5217861265625 0.7806531140625 0.5217861265625 0.8630493078124999 0.9580289015625001 0.8630493078124999 0.9580289015625001 0.7806531140625
7 0.784416184375 0.3076903109375 0.677063584375 0.3076903109375 0.677063584375 0.32509515625 0.784416184375 0.32509515625 0.784416184375 0.3076903109375
6 0.8835722546874999 0.41181660937500003 0.51739884375 0.41181660937500003 0.51739884375 0.4293079578125 0.8835722546874999 0.4293079578125 0.8835722546874999 0.41181660937500003
6 0.90992485625 0.42990051874999996 0.517404625 0.42990051874999996 0.517404625 0.446206746875 0.90992485625 0.446206746875 0.90992485625 0.42990051874999996
6 0.8375491328125 0.4468944640625 0.5247167625 0.4468944640625 0.5247167625 0.4624826984375 0.8375491328125 0.4624826984375 0.8375491328125 0.4468944640625
6 0.583855490625 0.3965268171875 0.521462428125 0.3965268171875 0.521462428125 0.411414359375 0.583855490625 0.411414359375 0.583855490625 0.3965268171875
6 0.5826473984375 0.38176038125 0.5186473984375 0.38176038125 0.5186473984375 0.3955579578125 0.5826473984375 0.3955579578125 0.5826473984375 0.38176038125
6 0.5733930640625 0.3633131484375 0.51888439375 0.3633131484375 0.51888439375 0.37990484375 0.5733930640625 0.37990484375 0.5733930640625 0.3633131484375
6 0.5625317921875 0.349956746875 0.518416184375 0.349956746875 0.518416184375 0.3626211078125 0.5625317921875 0.3626211078125 0.5625317921875 0.349956746875
6 0.550462428125 0.3344939453125 0.518416184375 0.3344939453125 0.518416184375 0.347668684375 0.550462428125 0.347668684375 0.550462428125 0.3344939453125
6 0.70560115625 0.398282871875 0.6922023125 0.398282871875 0.6922023125 0.40785899687500005 0.70560115625 0.40785899687500005 0.70560115625 0.398282871875
6 0.7463872828125 0.397755190625 0.73072254375 0.397755190625 0.73072254375 0.4080579578125 0.7463872828125 0.4080579578125 0.7463872828125 0.397755190625
6 0.785144509375 0.397231834375 0.7743930640625 0.397231834375 0.7743930640625 0.4069550171875 0.785144509375 0.4069550171875 0.785144509375 0.397231834375
6 0.8239190750000001 0.396522490625 0.8063468203124999 0.396522490625 0.8063468203124999 0.40735294062499994 0.8239190750000001 0.40735294062499994 0.8239190750000001 0.396522490625
6 0.8709942203125 0.3961721453125 0.8594104046875 0.3961721453125 0.8594104046875 0.4081531140625 0.8709942203125 0.4081531140625 0.8709942203125 0.3961721453125
6 0.8695202312499999 0.3792993078125 0.8556589593749999 0.3792993078125 0.8556589593749999 0.3914965390625 0.8695202312499999 0.3914965390625 0.8695202312499999 0.3792993078125
6 0.8202890171874999 0.3796583046875 0.8072716765625 0.3796583046875 0.8072716765625 0.39150086562499997 0.8202890171874999 0.39150086562499997 0.8202890171874999 0.3796583046875
6 0.7843468203125 0.381410034375 0.7685317921875 0.381410034375 0.7685317921875 0.39239619375 0.7843468203125 0.39239619375 0.7843468203125 0.381410034375
6 0.7431560687500001 0.38035899687499997 0.7293063578125001 0.38035899687499997 0.7293063578125001 0.3908001734375 0.7431560687500001 0.3908001734375 0.7431560687500001 0.38035899687499997
6 0.7064104046875 0.38228806249999997 0.69056069375 0.38228806249999997 0.69056069375 0.3929022484375 0.7064104046875 0.3929022484375 0.7064104046875 0.38228806249999997
6 0.744104046875 0.36506920468750004 0.7307167625 0.36506920468750004 0.7307167625 0.3756401390625 0.744104046875 0.3756401390625 0.744104046875 0.36506920468750004
6 0.784341040625 0.3641911765625 0.769 0.3641911765625 0.769 0.3753416953125 0.784341040625 0.3753416953125 0.784341040625 0.3641911765625
6 0.8194913296875 0.36313581250000004 0.8070520234374999 0.36313581250000004 0.8070520234374999 0.374839965625 0.8194913296875 0.374839965625 0.8194913296875 0.36313581250000004
6 0.8707283234375 0.3641911765625 0.8570635843750001 0.3641911765625 0.8570635843750001 0.37383650468749996 0.8707283234375 0.37383650468749996 0.8707283234375 0.3641911765625
6 0.8696531796875 0.3473183390625 0.8547167625000001 0.3473183390625 0.8547167625000001 0.358685121875 0.8696531796875 0.358685121875 0.8696531796875 0.3473183390625
6 0.8656358375 0.329744809375 0.8467341046874999 0.329744809375 0.8467341046874999 0.341621971875 0.8656358375 0.341621971875 0.8656358375 0.329744809375
6 0.8267283234375 0.33027249062499997 0.7985895953125 0.33027249062499997 0.7985895953125 0.34332612500000004 0.8267283234375 0.34332612500000004 0.8267283234375 0.33027249062499997
6 0.8194913296875 0.3487283734375 0.8070520234374999 0.3487283734375 0.8070520234374999 0.3579844296875 0.8194913296875 0.3579844296875 0.8194913296875 0.3487283734375
6 0.7883641625 0.3485467125 0.7692312140625 0.3485467125 0.7692312140625 0.3601903109375 0.7883641625 0.3601903109375 0.7883641625 0.3485467125
6 0.7424855484374999 0.3496064015625 0.7307167625 0.3496064015625 0.7307167625 0.3603935984375 0.7424855484374999 0.3603935984375 0.7424855484374999 0.3496064015625
6 0.774421965625 0.33044550156249997 0.755381503125 0.33044550156249997 0.755381503125 0.344433390625 0.774421965625 0.344433390625 0.774421965625 0.33044550156249997
6 0.740578034375 0.3312889265625 0.7206242781250001 0.3312889265625 0.7206242781250001 0.34310553593750004 0.740578034375 0.34310553593750004 0.740578034375 0.3312889265625
6 0.7011734109375001 0.33115484375 0.68116185 0.33115484375 0.68116185 0.344208478125 0.7011734109375001 0.344208478125 0.7011734109375001 0.33115484375
6 0.7064104046875 0.349956746875 0.689381503125 0.349956746875 0.689381503125 0.3591609 0.7064104046875 0.3591609 0.7064104046875 0.349956746875
6 0.7039942203125 0.36524653906250004 0.691497109375 0.36524653906250004 0.691497109375 0.374943771875 0.7039942203125 0.374943771875 0.7039942203125 0.36524653906250004
6 0.9068381499999999 0.3944593421875 0.8937167625000001 0.3944593421875 0.8937167625000001 0.4072707609375 0.9068381499999999 0.4072707609375 0.9068381499999999 0.3944593421875
6 0.9094624281250001 0.37978806249999997 0.8941907515624999 0.37978806249999997 0.8941907515624999 0.3885510375 0.9094624281250001 0.3885510375 0.9094624281250001 0.37978806249999997
6 0.9053237 0.36239186874999996 0.8929884390625 0.36239186874999996 0.8929884390625 0.3754109 0.9053237 0.3754109 0.9053237 0.36239186874999996
6 0.9055953750000001 0.346816609375 0.8925086703125 0.346816609375 0.8925086703125 0.3589619375 0.9055953750000001 0.3589619375 0.9055953750000001 0.346816609375
6 0.9448670515625001 0.346816609375 0.9278497109374999 0.346816609375 0.9278497109374999 0.35823529375 0.9448670515625001 0.35823529375 0.9448670515625001 0.346816609375
6 0.943618496875 0.36239619375 0.9278497109374999 0.36239619375 0.9278497109374999 0.37303633281250004 0.943618496875 0.37303633281250004 0.943618496875 0.36239619375
6 0.943895953125 0.3788840828125 0.9293063578125 0.3788840828125 0.9293063578125 0.3879325265625 0.943895953125 0.3879325265625 0.943895953125 0.3788840828125
6 0.9459653171875001 0.395004325 0.9266358374999999 0.395004325 0.9266358374999999 0.40572231875 0.9459653171875001 0.40572231875 0.9459653171875001 0.395004325
6 0.944861271875 0.33087370312500003 0.9285722546875 0.33087370312500003 0.9285722546875 0.3418598609375 0.944861271875 0.3418598609375 0.944861271875 0.33087370312500003
6 0.90835838125 0.32779411718749996 0.8866936421875 0.32779411718749996 0.8866936421875 0.34165224843750003 0.90835838125 0.34165224843750003 0.90835838125 0.32779411718749996
5 0.953098265625 0.3265397921875 0.5102312140625 0.3265397921875 0.5102312140625 0.41183390937500003 0.953098265625 0.41183390937500003 0.953098265625 0.3265397921875
7 0.76816185 0.0785121109375 0.69019653125 0.0785121109375 0.69019653125 0.09657439375 0.76816185 0.09657439375 0.76816185 0.0785121109375
5 0.950895953125 0.0986591703125 0.51176300625 0.0986591703125 0.51176300625 0.29407439375 0.950895953125 0.29407439375 0.950895953125 0.0986591703125
6 0.579664740625 0.24438581250000002 0.518416184375 0.24438581250000002 0.518416184375 0.2617906578125 0.579664740625 0.2617906578125 0.579664740625 0.24438581250000002
6 0.5812138734375 0.19708045000000002 0.5205895953125 0.19708045000000002 0.5205895953125 0.2142344296875 0.5812138734375 0.2142344296875 0.5812138734375 0.19708045000000002
6 0.5676300578125 0.16594290625000002 0.5200462421875 0.16594290625000002 0.5200462421875 0.18092560625 0.5676300578125 0.18092560625 0.5676300578125 0.16594290625000002
6 0.567936415625 0.1501730109375 0.5168034687499999 0.1501730109375 0.5168034687499999 0.1652249140625 0.567936415625 0.1652249140625 0.567936415625 0.1501730109375
6 0.5673237 0.11944636718749999 0.5173468203125 0.11944636718749999 0.5173468203125 0.1345155703125 0.5673237 0.1345155703125 0.5673237 0.11944636718749999
6 0.567936415625 0.102871971875 0.518421965625 0.102871971875 0.518421965625 0.11882352968750001 0.567936415625 0.11882352968750001 0.567936415625 0.102871971875
6 0.73027745625 0.26015138437499996 0.5897456640625001 0.26015138437499996 0.5897456640625001 0.2918036328125 0.73027745625 0.2918036328125 0.73027745625 0.26015138437499996
6 0.6737976875 0.24358131562500002 0.5875895953125 0.24358131562500002 0.5875895953125 0.2606401390625 0.6737976875 0.2606401390625 0.6737976875 0.24358131562500002
6 0.7358265890625 0.2116306234375 0.5897456640625001 0.2116306234375 0.5897456640625001 0.2426254328125 0.7358265890625 0.2426254328125 0.7358265890625 0.2116306234375
6 0.6713294796875 0.19708045000000002 0.5978497109375 0.19708045000000002 0.5978497109375 0.21169117656249997 0.6713294796875 0.21169117656249997 0.6713294796875 0.19708045000000002
6 0.68027745625 0.16594290625000002 0.5892023125 0.16594290625000002 0.5892023125 0.1969117640625 0.68027745625 0.1969117640625 0.68027745625 0.16594290625000002
6 0.6592947984374999 0.1501773359375 0.5892138734375 0.1501773359375 0.5892138734375 0.1643036328125 0.6592947984374999 0.1643036328125 0.6592947984374999 0.1501773359375
6 0.730583815625 0.11702422187499999 0.586502890625 0.11702422187499999 0.586502890625 0.1502249140625 0.730583815625 0.1502249140625 0.730583815625 0.11702422187499999
6 0.6537341046875 0.1020631484375 0.5843468203125 0.1020631484375 0.5843468203125 0.115583909375 0.6537341046875 0.115583909375 0.6537341046875 0.1020631484375
6 0.9456994218749999 0.243170415625 0.8528901734375 0.243170415625 0.8528901734375 0.26291955 0.9456994218749999 0.26291955 0.9456994218749999 0.243170415625
6 0.9444739890625 0.1922231828125 0.85235838125 0.1922231828125 0.85235838125 0.2326730109375 0.9444739890625 0.2326730109375 0.9444739890625 0.1922231828125
6 0.9398381499999999 0.1651427328125 0.8474913296875 0.1651427328125 0.8474913296875 0.1825735296875 0.9398381499999999 0.1825735296875 0.9398381499999999 0.1651427328125
6 0.9416878609375001 0.14734861562499998 0.8534335265624999 0.14734861562499998 0.8534335265624999 0.164329584375 0.9416878609375001 0.164329584375 0.9416878609375001 0.14734861562499998
6 0.9382890171874999 0.11621539843749999 0.857757225 0.11621539843749999 0.857757225 0.1345458484375 0.9382890171874999 0.1345458484375 0.9382890171874999 0.11621539843749999
6 0.9386011562500001 0.101656575 0.8528901734375 0.101656575 0.8528901734375 0.1153849484375 0.9386011562500001 0.1153849484375 0.9386011562500001 0.101656575
5 0.49931213906250005 0.345354671875 0.059924856250000005 0.345354671875 0.059924856250000005 0.4321020765625 0.49931213906250005 0.4321020765625 0.49931213906250005 0.345354671875
5 0.5020462421875 0.1002205875 0.0660924859375 0.1002205875 0.0660924859375 0.3212673015625 0.5020462421875 0.3212673015625 0.5020462421875 0.1002205875
7 0.314537571875 0.08227076093749999 0.23880346874999997 0.08227076093749999 0.23880346874999997 0.100168684375 0.314537571875 0.100168684375 0.314537571875 0.08227076093749999
7 0.33294219687500004 0.32791955 0.22715028906249998 0.32791955 0.22715028906249998 0.345160034375 0.33294219687500004 0.345160034375 0.33294219687500004 0.32791955
6 0.4127919078125 0.46587370312500004 0.067462428125 0.46587370312500004 0.067462428125 0.4851816609375 0.4127919078125 0.4851816609375 0.4127919078125 0.46587370312500004
6 0.475421965625 0.44997837343749997 0.068138728125 0.44997837343749997 0.068138728125 0.4664403109375 0.475421965625 0.4664403109375 0.475421965625 0.44997837343749997
6 0.46094797656250003 0.4335640140625 0.0688323703125 0.4335640140625 0.0688323703125 0.449740484375 0.46094797656250003 0.449740484375 0.46094797656250003 0.4335640140625
6 0.13376300624999998 0.4155882359375 0.0648265890625 0.4155882359375 0.0648265890625 0.42953287187500006 0.13376300624999998 0.42953287187500006 0.13376300624999998 0.4155882359375
6 0.128144509375 0.398287196875 0.0648265890625 0.398287196875 0.0648265890625 0.41489619375000003 0.128144509375 0.41489619375000003 0.128144509375 0.398287196875
6 0.1508786125 0.3816349484375 0.06653179218750001 0.3816349484375 0.06653179218750001 0.3975173015625 0.1508786125 0.3975173015625 0.1508786125 0.3816349484375
6 0.1259479765625 0.3665787203125 0.066537571875 0.3665787203125 0.066537571875 0.380878028125 0.1259479765625 0.380878028125 0.1259479765625 0.3665787203125
6 0.097578034375 0.352487025 0.066537571875 0.352487025 0.066537571875 0.3656963671875 0.097578034375 0.3656963671875 0.097578034375 0.352487025
6 0.2530867046875 0.41719290625000005 0.2364855484375 0.41719290625000005 0.2364855484375 0.42806660937499996 0.2530867046875 0.42806660937499996 0.2530867046875 0.41719290625000005
6 0.2914739890625 0.4165441171875 0.278861271875 0.4165441171875 0.278861271875 0.42769463593749996 0.2914739890625 0.42769463593749996 0.2914739890625 0.4165441171875
6 0.3305895953125 0.414623703125 0.31310982656249997 0.414623703125 0.31310982656249997 0.4289749140625 0.3305895953125 0.4289749140625 0.3305895953125 0.414623703125
6 0.371421965625 0.41718858125 0.3516300578125 0.41718858125 0.3516300578125 0.430994809375 0.371421965625 0.430994809375 0.371421965625 0.41718858125
6 0.4217919078125 0.417504325 0.402578034375 0.417504325 0.402578034375 0.42971020781249997 0.4217919078125 0.42971020781249997 0.4217919078125 0.417504325
6 0.42325433593749995 0.3986072671875 0.4077052015625 0.3986072671875 0.4077052015625 0.4119636671875 0.42325433593749995 0.4119636671875 0.42325433593749995 0.3986072671875
6 0.37215606874999996 0.40021626250000003 0.3533468203125 0.40021626250000003 0.3533468203125 0.41343425624999997 0.37215606874999996 0.41343425624999997 0.37215606874999996 0.40021626250000003
6 0.3347514453125 0.4014922140625 0.318242775 0.4014922140625 0.318242775 0.413801903125 0.3347514453125 0.413801903125 0.3347514453125 0.4014922140625
6 0.2939132953125 0.4014965390625 0.280144509375 0.4014965390625 0.280144509375 0.4117906578125 0.2939132953125 0.4117906578125 0.2939132953125 0.4014965390625
6 0.2547976875 0.4011721453125 0.241618496875 0.4011721453125 0.241618496875 0.4105060546875 0.2547976875 0.4105060546875 0.2547976875 0.4011721453125
6 0.25527745625 0.385471453125 0.24204046250000003 0.385471453125 0.24204046250000003 0.39696799375 0.25527745625 0.39696799375 0.25527745625 0.385471453125
6 0.2926936421875 0.3845155703125 0.2750057796875 0.3845155703125 0.2750057796875 0.39697231875 0.2926936421875 0.39697231875 0.2926936421875 0.3845155703125
6 0.329855490625 0.3838754328125 0.3139595375 0.3838754328125 0.3139595375 0.3956920421875 0.329855490625 0.3956920421875 0.329855490625 0.3838754328125
6 0.36506358437499997 0.3829109 0.3516300578125 0.3829109 0.3516300578125 0.395687715625 0.36506358437499997 0.395687715625 0.36506358437499997 0.3829109
6 0.41884971093749995 0.3829109 0.4055664734375 0.3829109 0.4055664734375 0.39532439375 0.41884971093749995 0.39532439375 0.41884971093749995 0.3829109
6 0.41958959531250006 0.36529844218749996 0.403855490625 0.36529844218749996 0.403855490625 0.3786807953125 0.41958959531250006 0.3786807953125 0.41958959531250006 0.36529844218749996
6 0.41616185000000006 0.350878028125 0.39572254375 0.350878028125 0.39572254375 0.36386245625 0.41616185000000006 0.36386245625 0.41616185000000006 0.350878028125
6 0.3657976875 0.36754325312499997 0.35249132968749997 0.36754325312499997 0.35249132968749997 0.3790484421875 0.3657976875 0.3790484421875 0.3657976875 0.36754325312499997
6 0.373618496875 0.3496064015625 0.34735260156250003 0.3496064015625 0.34735260156250003 0.365878028125 0.373618496875 0.365878028125 0.373618496875 0.3496064015625
6 0.330104046875 0.36913927343749997 0.3165317921875 0.36913927343749997 0.3165317921875 0.3786807953125 0.330104046875 0.3786807953125 0.330104046875 0.36913927343749997
6 0.32447976875 0.35119809687500003 0.304976878125 0.35119809687500003 0.304976878125 0.36532439375000003 0.32447976875 0.36532439375000003 0.32447976875 0.35119809687500003
6 0.29 0.368494809375 0.2754335265625 0.368494809375 0.2754335265625 0.378494809375 0.29 0.378494809375 0.29 0.368494809375
6 0.25455491406249997 0.367854671875 0.2377687859375 0.367854671875 0.2377687859375 0.378494809375 0.25455491406249997 0.378494809375 0.25455491406249997 0.367854671875
6 0.24941618437500002 0.35120674687500003 0.23134682031249998 0.35120674687500003 0.23134682031249998 0.3656963671875 0.24941618437500002 0.3656963671875 0.24941618437500002 0.35120674687500003
6 0.28535838125 0.350878028125 0.26943930625 0.350878028125 0.26943930625 0.3651427328125 0.28535838125 0.3651427328125 0.28535838125 0.350878028125
6 0.4578323703125 0.41622404843750005 0.438537571875 0.41622404843750005 0.438537571875 0.42787629687499995 0.4578323703125 0.42787629687499995 0.4578323703125 0.41622404843750005
6 0.49304046250000005 0.4155882359375 0.4796300578125 0.4155882359375 0.4796300578125 0.42769896249999995 0.49304046250000005 0.42769896249999995 0.49304046250000005 0.4155882359375
6 0.4590520234375 0.39989619374999996 0.4415260109375 0.39989619374999996 0.4415260109375 0.41178200625 0.4590520234375 0.41178200625 0.4590520234375 0.39989619374999996
6 0.49572254375 0.3992474046875 0.478335259375 0.3992474046875 0.478335259375 0.4126903109375 0.49572254375 0.4126903109375 0.49572254375 0.3992474046875
6 0.4947456640625 0.38323096875 0.4809075140625 0.38323096875 0.4809075140625 0.39659602031249996 0.4947456640625 0.39659602031249996 0.4947456640625 0.38323096875
6 0.4590462421875 0.3838711078125 0.43852601093750004 0.3838711078125 0.43852601093750004 0.39623269843750003 0.4590462421875 0.39623269843750003 0.4590462421875 0.3838711078125
6 0.45684393125 0.364333909375 0.4419537578125 0.364333909375 0.4419537578125 0.3781228375 0.45684393125 0.3781228375 0.45684393125 0.364333909375
6 0.4932832375 0.3665787203125 0.47834682031250003 0.3665787203125 0.47834682031250003 0.3797707609375 0.4932832375 0.3797707609375 0.4932832375 0.3665787203125
6 0.4949884390625 0.3502422140625 0.47876878593749994 0.3502422140625 0.47876878593749994 0.3622145328125 0.4949884390625 0.3622145328125 0.4949884390625 0.3502422140625
6 0.4592947984375 0.3476816609375 0.436820809375 0.3476816609375 0.436820809375 0.363494809375 0.4592947984375 0.363494809375 0.4592947984375 0.3476816609375
6 0.13176300624999998 0.294844290625 0.06747398906249999 0.294844290625 0.06747398906249999 0.3131487890625 0.13176300624999998 0.3131487890625 0.13176300624999998 0.294844290625
6 0.12972832343750001 0.262352940625 0.069855490625 0.262352940625 0.069855490625 0.282335640625 0.12972832343750001 0.282335640625 0.12972832343750001 0.262352940625
6 0.1181734109375 0.23030276875000003 0.07223121406250001 0.23030276875000003 0.07223121406250001 0.2498010375 0.1181734109375 0.2498010375 0.1181734109375 0.23030276875000003
6 0.1205549140625 0.1671020765625 0.0680693640625 0.1671020765625 0.0680693640625 0.18594290625 0.1205549140625 0.18594290625 0.1205549140625 0.1671020765625
6 0.11987283281250001 0.1372794125 0.069260115625 0.1372794125 0.069260115625 0.1534126296875 0.11987283281250001 0.1534126296875 0.11987283281250001 0.1372794125
6 0.120543353125 0.1034515578125 0.07282080937499999 0.1034515578125 0.07282080937499999 0.1218944640625 0.120543353125 0.1218944640625 0.120543353125 0.1034515578125
6 0.24795953750000002 0.10256055312500001 0.14064161875 0.10256055312500001 0.14064161875 0.1361245671875 0.24795953750000002 0.1361245671875 0.24795953750000002 0.10256055312500001
6 0.22688439374999997 0.29573961875 0.1364682078125 0.29573961875 0.1364682078125 0.31413927343750003 0.22688439374999997 0.31413927343750003 0.22688439374999997 0.29573961875
6 0.2832832375 0.2632439453125 0.1394450859375 0.2632439453125 0.1394450859375 0.295579584375 0.2832832375 0.295579584375 0.2832832375 0.2632439453125
6 0.285664740625 0.2316435984375 0.137063584375 0.2316435984375 0.137063584375 0.2635640140625 0.285664740625 0.2635640140625 0.285664740625 0.2316435984375
6 0.3138670515625 0.16843858125 0.1394508671875 0.16843858125 0.1394508671875 0.2314749140625 0.3138670515625 0.2314749140625 0.3138670515625 0.16843858125
6 0.2313121390625 0.1363927328125 0.14064161875 0.1363927328125 0.14064161875 0.1679325265625 0.2313121390625 0.1679325265625 0.2313121390625 0.1363927328125
6 0.49267052031249997 0.29306228437500004 0.3946358375 0.29306228437500004 0.3946358375 0.312231834375 0.49267052031249997 0.312231834375 0.49267052031249997 0.29306228437500004
6 0.49300577968750003 0.2627984421875 0.382138728125 0.2627984421875 0.382138728125 0.2809731828125 0.49300577968750003 0.2809731828125 0.49300577968750003 0.2627984421875
6 0.4950346828125 0.23342560625000003 0.3946300578125 0.23342560625000003 0.3946300578125 0.26318339062499996 0.4950346828125 0.26318339062499996 0.4950346828125 0.23342560625000003
6 0.49470520156250003 0.1657655703125 0.3767861265625 0.1657655703125 0.3767861265625 0.20217560625000003 0.49470520156250003 0.20217560625000003 0.49470520156250003 0.1657655703125
6 0.49265895937500004 0.135056228125 0.39760693593749996 0.135056228125 0.39760693593749996 0.1523659171875 0.49265895937500004 0.1523659171875 0.49265895937500004 0.135056228125
6 0.493 0.10122837343749999 0.38392485625 0.10122837343749999 0.38392485625 0.13406574375 0.493 0.13406574375 0.493 0.10122837343749999