4 0.133963875 0.1084024140625 0.133963875 0.09289854374999999 0.2371645328125 0.0918292859375 0.23574104375 0.0570791921875 0.036660096875 0.060928846875 0.039303937500000004 0.11214473750000001 0.0756020890625 0.111610128125 0.133963875 0.1084024140625
4 0.042150862500000004 0.3842616984375 0.1076298796875 0.3847963484375 0.11403544843749999 0.3666193625 0.24214661249999997 0.366084753125 0.24214661249999997 0.183245721875 0.24214661249999997 0.146891771875 0.2371645328125 0.11321090625 0.067803396875 0.11637944062500001 0.0699082921875 0.1335263484375 0.038592220312499995 0.1329917390625 0.042150862500000004 0.3842616984375
4 0.2597741453125 0.1186989640625 0.2647562796875 0.15344906875 0.265467996875 0.2288300734375 0.2647562796875 0.35660353906250003 0.2683149234375 0.3672958796875 0.313153796875 0.36831753906250003 0.45621130625 0.363018928125 0.46475202812500005 0.344307334375 0.461193384375 0.0572180234375 0.28847592031249997 0.05758845 0.2946488625 0.07753348437499999 0.262621071875 0.08020656875 0.2597741453125 0.1186989640625
4 0.4661754625 0.37900987812500003 0.4654637453125 0.3667136921875 0.29470457968749997 0.3695815546875 0.29536057968749996 0.3832868109375 0.3950025953125 0.3848906765625 0.4661754625 0.37900987812500003
4 0.6405708515625 0.2505944328125 0.68540978125 0.249525196875 0.6804277015625 0.0554592265625 0.65765235 0.0522515234375 0.48156437968750004 0.0555842109375 0.4839905421875 0.2714444828125 0.6384356984374999 0.2698406375 0.6405708515625 0.2505944328125
4 0.48612574999999997 0.38034603749999996 0.6868332171875 0.3776729515625 0.6846980625 0.27288803281249996 0.5118178703125 0.27605043125 0.5153066140625 0.29427271250000003 0.48612574999999997 0.295876559375 0.48612574999999997 0.38034603749999996
4 0.8679814921875 0.06762732187500001 0.9121086484375001 0.067092703125 0.9128204203125 0.053192675 0.88079263125 0.053192675 0.7102451796875 0.056920368750000006 0.7106894640625 0.0890120015625 0.8679814921875 0.08740815468749999 0.8679814921875 0.06762732187500001
4 0.7121128999999999 0.38184328125 0.8373771375000001 0.3797048046875 0.8373771375000001 0.36152782031249997 0.913532084375 0.360458603125 0.9128204203125 0.09208087499999999 0.737829246875 0.0916605015625 0.7391586125 0.10811938437499999 0.7078425390625 0.1113270890625 0.7121128999999999 0.38184328125
4 0.17133697187500002 0.49818315 0.46094011406249996 0.4965098 0.4646529734375 0.40670640156250004 0.04938923125 0.40859977656249996 0.0450996765625 0.5149167046875001 0.1705944109375 0.5165900765625 0.17133697187500002 0.49818315
4 0.486187578125 0.493841721875 0.5418804890625 0.5010929234375 0.5441081718749999 0.5144797750000001 0.8552459734375001 0.515037553125 0.8574736 0.49607285 0.90425566875 0.49439949843750003 0.9035131640625 0.44866111249999996 0.9153942515625 0.4419677078125 0.9146517453125 0.40571168437500005 0.4996483484375 0.40650868281249997 0.50178158125 0.4269075046875 0.48915782031250005 0.42802307968750003 0.486187578125 0.493841721875
6 0.9443546328125001 0.9236419796875 0.944289434375 0.8916015625 0.92998201875 0.890625 0.9250477109374999 0.92475753125 0.9443546328125001 0.9236419796875
3 0.944289434375 0.8740234375 0.9468907828124999 0.8623046875 0.935184715625 0.859375 0.9312826921875 0.8740234375 0.944289434375 0.8740234375
2 0.4624252359375 0.523911696875 0.0438190140625 0.5250040125 0.0413868171875 0.9334717296875 0.47207869531249996 0.9379339640625 0.4624252359375 0.523911696875
2 0.9137480359374999 0.5213488921875 0.4912930234375 0.51993478125 0.48751154999999996 0.9328632421874999 0.9152331578125 0.9274164921875 0.9137480359374999 0.5213488921875