7 0.8844764828124999 0.052734375 0.8581135468750001 0.05859375 0.8422957859375 0.0546875 0.8264780249999999 0.056640625 0.8212054390624999 0.052734375 0.8027513828125 0.0546875 0.8001150906250001 0.05078125 0.765843275 0.05859375 0.75793439375 0.0546875 0.7394803375000001 0.056640625 0.7342077515625001 0.052734375 0.7104811093750001 0.0546875 0.6788455859375 0.0625 0.6696185609375 0.0712890625 0.67093670625 0.076171875 0.6972996421875 0.080078125 0.8884309234375 0.0791015625 0.922702740625 0.0732421875 0.91083941875 0.0625 0.8923853640624999 0.060546875 0.8844764828124999 0.052734375
2 0.151586878125 0.15234375 0.3690810953125 0.1572265625 0.3822625625 0.1533203125 0.3809444171875 0.0625 0.15554131875 0.0615234375 0.151586878125 0.15234375
2 0.2174942171875 0.376953125 0.19640386875 0.3671875 0.1805861078125 0.3671875 0.1410417046875 0.376953125 0.1318146765625 0.3857421875 0.1357691171875 0.39453125 0.1542231734375 0.400390625 0.2399027125 0.4013671875 0.25308417968749997 0.3955078125 0.2504478875 0.3837890625 0.24122085937499999 0.37890625 0.2174942171875 0.376953125
2 0.3282185453125 0.611328125 0.35721777499999996 0.615234375 0.3783081234375 0.607421875 0.402034765625 0.609375 0.4481699015625 0.6044921875 0.44026102187499994 0.5830078125 0.4046710578125 0.564453125 0.39017144375 0.5517578125 0.39017144375 0.5380859375 0.40071661875000003 0.5302734375 0.40598920468750005 0.5166015625 0.398080325 0.4970703125 0.38621700468750003 0.486328125 0.3677629484375 0.478515625 0.3387637203125 0.4765625 0.31371893125 0.4873046875 0.316355225 0.5400390625 0.32690039843749996 0.5498046875 0.32690039843749996 0.5576171875 0.2939467296875 0.5703125 0.27812896875000004 0.587890625 0.2596749140625 0.5703125 0.22672124531249999 0.5576171875 0.23463012499999997 0.5419921875 0.23726641874999999 0.5087890625 0.21485792343750001 0.48828125 0.1832224 0.486328125 0.15554131875 0.5029296875 0.1476324390625 0.5146484375 0.1476324390625 0.5283203125 0.1581776125 0.5439453125 0.1687227859375 0.5498046875 0.1687227859375 0.5556640625 0.156859465625 0.56640625 0.133132825 0.57421875 0.115996915625 0.5869140625 0.113360621875 0.5986328125 0.1278602359375 0.60546875 0.1436779984375 0.60546875 0.164768346875 0.615234375 0.1726772265625 0.61328125 0.21881236406250001 0.6240234375 0.2596749140625 0.6171875 0.27812896875000004 0.607421875 0.28340155624999996 0.61328125 0.3282185453125 0.611328125
2 0.38489885625000003 0.8291015625 0.38621700468750003 0.82421875 0.39676217812500003 0.82421875 0.4046710578125 0.83203125 0.4178525265625 0.83203125 0.4442154609375 0.828125 0.4534424890625 0.8193359375 0.4534424890625 0.8115234375 0.434988434375 0.7958984375 0.434988434375 0.7861328125 0.44553360781249995 0.7744140625 0.44553360781249995 0.7607421875 0.43367028750000003 0.74609375 0.4152162328125 0.74609375 0.40071661875000003 0.7587890625 0.39676217812500003 0.8125 0.38753515156249996 0.8095703125 0.3769899765625 0.7919921875 0.391489590625 0.787109375 0.39544403125 0.7802734375 0.3822625625 0.7646484375 0.39017144375 0.7529296875 0.38753515156249996 0.7412109375 0.3677629484375 0.73046875 0.35458148125 0.728515625 0.3453544546875 0.7333984375 0.3400818671875 0.7392578125 0.3453544546875 0.7685546875 0.3400818671875 0.7705078125 0.3400818671875 0.7841796875 0.3334911328125 0.79296875 0.3321729875 0.7802734375 0.32294595937500004 0.77734375 0.316355225 0.7685546875 0.32690039843749996 0.7548828125 0.3295366921875 0.7314453125 0.315037078125 0.71875 0.2913104375 0.720703125 0.27812896875000004 0.734375 0.2596749140625 0.71875 0.24122085937499999 0.71484375 0.225403096875 0.71875 0.20299460156250002 0.7412109375 0.20299460156250002 0.7490234375 0.2135397765625 0.7587890625 0.20167645625000002 0.76953125 0.197722015625 0.7685546875 0.197722015625 0.7314453125 0.1779498140625 0.720703125 0.16081390625 0.7255859375 0.1634502 0.7294921875 0.1463142921875 0.75 0.1278602359375 0.744140625 0.10940618124999998 0.744140625 0.0896339796875 0.7568359375 0.0869976859375 0.7685546875 0.0975428609375 0.7919921875 0.0817251 0.8095703125 0.083043246875 0.830078125 0.1357691171875 0.830078125 0.1449961453125 0.8251953125 0.1423598515625 0.8173828125 0.1476324390625 0.8134765625 0.1410417046875 0.8125 0.1344509703125 0.8037109375 0.1700409328125 0.80078125 0.1476324390625 0.8056640625 0.152905025 0.8095703125 0.152905025 0.8251953125 0.159495759375 0.828125 0.23067568437500002 0.828125 0.3005374625 0.8349609375 0.299219315625 0.83984375 0.2886741421875 0.841796875 0.243857153125 0.841796875 0.23463012499999997 0.8525390625 0.24122085937499999 0.86328125 0.374353684375 0.8662109375 0.3822625625 0.8623046875 0.38489885625000003 0.8505859375 0.40071661875000003 0.8427734375 0.38489885625000003 0.8291015625
6 0.0218480453125 0.9246705765625001 0.034762846874999996 0.933973815625 0.04546373125 0.912631084375 0.0428807703125 0.8839004750000001 0.0190117828125 0.8818217171875 0.0211100984375 0.8948454781249999 0.016313121875 0.9014124562499999 0.0218480453125 0.9246705765625001
3 0.0476776484375 0.8715873671875001 0.043987701562499995 0.855169865625 0.0248000484375 0.8548962421875 0.027383009375 0.8759653484375001 0.041035796875 0.8792488640625 0.0476776484375 0.8715873671875001
4 0.29637993749999997 0.710808078125 0.3273754625 0.711902571875 0.323685434375 0.6954851 0.3107706328125 0.691107090625 0.0561645171875 0.6878236046875 0.0524746265625 0.7034202421875 0.1425092984375 0.708071825 0.29637993749999997 0.710808078125
4 0.0742452390625 0.674985646875 0.44914354687499997 0.6725230265625 0.43327688125 0.6402353140625 0.35099101093749996 0.6385935421875 0.06358797187500001 0.6291107703125001 0.0561645171875 0.6514539125 0.0569025015625 0.6659560250000001 0.0742452390625 0.674985646875
1 0.200773025 0.6116014484375001 0.1250273203125 0.6110885500000001 0.1256430546875 0.630536234375 0.20715646406250002 0.6327210078125 0.200773025 0.6116014484375001
1 0.38000424375 0.6323568875000001 0.37067452031250003 0.6145145000000001 0.28063599375 0.6129993390624999 0.2852327171875 0.63199275 0.3593803625 0.6352699203125 0.38000424375 0.6323568875000001
1 0.3191148203125 0.8322048171875001 0.31174900625 0.8413080703125001 0.24447588125 0.8413080703125001 0.2258161734375 0.8504113046875 0.2346549703125 0.8613351953124999 0.3780401765625 0.8715308453124999 0.393753496875 0.8642482843750001 0.39866405625 0.8434928062499999 0.31224019375 0.841672209375 0.321569915625 0.8303841640625 0.3264804765625 0.8183678578125001 0.31960584999999997 0.8005254703125001 0.1559771125 0.7983458812500001 0.1492133234375 0.816183084375 0.1595252640625 0.8311124203125001 0.3191148203125 0.8322048171875001
4 0.2945624390625 0.422796909375 0.4001371984375 0.41660664843750006 0.40111915312499996 0.39949253749999997 0.456607196875 0.40276968750000003 0.456607196875 0.3871121328125 0.4541520484375 0.369633825 0.4104491390625 0.368177309375 0.41339542187499995 0.3579816578125 0.35348795312500003 0.3579816578125 0.35496109531250003 0.3470577875 0.47919540625 0.3474219265625 0.480668390625 0.327758884375 0.05367085781249999 0.31873781874999996 0.04904005 0.357617578125 0.29947289375 0.35652518125 0.2945624390625 0.422796909375
1 0.1516684203125 0.188386484375 0.18898794218749998 0.18911474374999998 0.190952009375 0.1752777640625 0.223361075 0.1720005734375 0.222870046875 0.158527790625 0.13362448437500002 0.156957675 0.134481853125 0.1720005734375 0.16050721875 0.1741854046875 0.1516684203125 0.188386484375
1 0.31420436406249996 0.19093539843750001 0.37116555 0.191299478125 0.36821916093749996 0.175641921875 0.3942445265625 0.1814680046875 0.398173028125 0.15962016875 0.30212890625 0.15823153437499998 0.2975087234375 0.1720005734375 0.3132221484375 0.1760060015625 0.31420436406249996 0.19093539843750001
4 0.172130415625 0.48599015625 0.24891879218750002 0.4863047921875 0.301949534375 0.48693398125 0.31128282343749997 0.46742906093750003 0.47970824843750004 0.47183339843749994 0.47970824843750004 0.44226140625 0.0588569609375 0.42999213281250004 0.0448569375 0.4623954828125 0.0588569609375 0.48252964374999996 0.172130415625 0.48599015625
4 0.07370560781249999 0.21582987656250002 0.249343025 0.2205488171875 0.26291886249999996 0.20827959375 0.451708065625 0.2111109609375 0.4538291796875 0.18971843906250002 0.0887072625 0.18953369375 0.0898268609375 0.18940384375 0.08516021562500001 0.188460078125 0.07370560781249999 0.21582987656250002
4 0.0944265359375 0.22583276406250002 0.078884278125 0.22583276406250002 0.07633636875000001 0.24264824687500003 0.29622068437500004 0.2449155125 0.2964754671875 0.2343349859375 0.4457827859375 0.235279678125 0.449095071875 0.2175194953125 0.0938690125 0.2159493828125 0.095700490625 0.2173305578125 0.09264300156250001 0.21563012812500001 0.0944265359375 0.22583276406250002
4 0.075572034375 0.2545513390625 0.07633636875000001 0.2666433734375 0.2837359453125 0.27023321562499997 0.291889240625 0.2588969109375 0.45062393125 0.264754 0.44833066875 0.2430261203125 0.095955246875 0.24019205625 0.0951909109375 0.2394363078125 0.08984030937500001 0.2502057765625 0.075572034375 0.2545513390625
4 0.4488403984375 0.2689106390625 0.09877594843750001 0.265522371875 0.09060464375 0.282136309375 0.452152684375 0.283081 0.4488403984375 0.2689106390625
4 0.127789196875 0.298573915625 0.47894931874999996 0.29668453281249996 0.4835354921875 0.2781686109375 0.11221752968750001 0.2793022140625 0.0925986515625 0.2768460453125 0.07450844375 0.27571239062499997 0.055144403125 0.27911330156249997 0.0439336046875 0.284403565625 0.0538998875 0.3163340671875 0.12218377031250001 0.3163340671875 0.127789196875 0.298573915625
4 0.49825779687500005 0.1856972046875 0.7586104421875 0.187035640625 0.76041530625 0.17264792812500002 0.91382938125 0.17264792812500002 0.9418050890625 0.17298256875 0.9418050890625 0.07661861875 0.5217304171875 0.0745801734375 0.528038175 0.0886640984375 0.501867525 0.091675478125 0.49825779687500005 0.1856972046875
4 0.49870900156250003 0.3769769875 0.4788554484375 0.3850073375 0.883146546875 0.3853418875 0.886305071875 0.3709542296875 0.929622003125 0.3719580609375 0.9440609156249999 0.3689466375 0.9445124078125 0.184358821875 0.5280503171875 0.1840257453125 0.5298430390625 0.184638584375 0.49916035000000003 0.19936084999999998 0.49870900156250003 0.3769769875
4 0.5005140109374999 0.3953798484375 0.49239195156250004 0.4609608359375 0.669269453125 0.46062621249999997 0.6634036078125 0.44623858906249997 0.9418050890625 0.4502537015625 0.9418050890625 0.3816613265625 0.5280503171875 0.38243242187500004 0.528489378125 0.38099213593750003 0.5244285421875 0.39370686093749996 0.5005140109374999 0.3953798484375
4 0.49870900156250003 0.4669561671875 0.49509927343750004 0.4907125609375 0.5979769109374999 0.4917163015625 0.6020378921875 0.4790016671875 0.9386465625 0.480005409375 0.9395487796875001 0.4579220046875 0.53200025625 0.457932309375 0.531647903125 0.45926044062500004 0.52217233125 0.472644321875 0.49870900156250003 0.4669561671875
4 0.49329440937499996 0.519822465625 0.5465382140624999 0.5255106359374999 0.5551112328125 0.5107883734375 0.936841459375 0.5134651015625 0.9418050890625 0.500081275 0.9237561578125 0.48569359843750004 0.53121026875 0.490707453125 0.5226236796875 0.5004158265624999 0.49825779687500005 0.5027580046875 0.49329440937499996 0.519822465625
4 0.48833102031250003 0.6275078187500001 0.66565958125 0.6301846390625 0.671976628125 0.6154623734375 0.9169879062499999 0.6147931828125001 0.9386465625 0.614458578125 0.9354880390625 0.5187638015625 0.5241003796875 0.521726784375 0.52758706875 0.5314785093750001 0.49870900156250003 0.5331514953125 0.48833102031250003 0.6275078187500001
4 0.4896847765625 0.721502184375 0.7631226265625 0.721836734375 0.76357383125 0.7077836625 0.9341341375000001 0.709791290625 0.9350368359375001 0.628149584375 0.532550359375 0.6271458437499999 0.515404078125 0.6388567359375 0.4960018265625 0.6398604796875 0.4896847765625 0.721502184375
4 0.488782225 0.9225126578125 0.4969041359375 0.9409154640624999 0.9201464296875 0.9439268890625 0.9332317296875001 0.9399117406249999 0.9372926625 0.8027817703125001 0.9341341375000001 0.71946713125 0.5185704656250001 0.7195481906250001 0.490135884375 0.7285012953125001 0.486977359375 0.8338444875000001 0.488782225 0.9225126578125
4 0.46359692187499996 0.9421663375 0.4625335703125 0.8704088046875 0.09388602968750001 0.868174734375 0.069081315625 0.8759286156250001 0.054193934374999995 0.9350695296874999 0.46359692187499996 0.9421663375