7 0.814989590625 0.0452233453125 0.7506095968750001 0.061708914062499995 0.623861653125 0.058711546875 0.5977072921875 0.04222595625 0.5474105015624999 0.055714159375 0.3180571546875 0.055714159375 0.329571709375 0.11857338906249999 0.9517968703124999 0.123155171875 0.9517968703124999 0.058711546875 0.8451675984374999 0.06021022031249999 0.814989590625 0.0452233453125
7 0.3079977078125 0.233865634375 0.079571709375 0.229145125 0.081522015625 0.24749520625 0.3097122375 0.2498451578125 0.3079977078125 0.233865634375
2 0.3096297546875 0.1064453125 0.29650984999999996 0.0771484375 0.26371008906250004 0.048828125 0.2269743546875 0.03515625 0.187614640625 0.03125 0.15087890625 0.037109375 0.1049592390625 0.0615234375 0.0787194296875 0.1005859375 0.0760954484375 0.1279296875 0.091839334375 0.1650390625 0.12463909687500001 0.19140625 0.1666227921875 0.205078125 0.20729449687499998 0.2060546875 0.25321416406249997 0.1953125 0.2860139265625 0.1748046875 0.30438179375 0.1494140625 0.3096297546875 0.1064453125
4 0.09712779375 0.25212413906250003 0.09712779375 0.2682679375 0.06747165625 0.2674182609375 0.0629091640625 0.5070261765625 0.40851693125 0.51212423125 0.41177786406249994 0.4991603140625 0.497485284375 0.496830109375 0.50318836875 0.25637249687499997 0.09712779375 0.25212413906250003
4 0.061768571875 0.6658059625 0.21233038437500001 0.666546475 0.215752221875 0.6530608453125 0.49292279062500005 0.654760196875 0.497485284375 0.5188124546874999 0.08722273593749999 0.5129211 0.0891434015625 0.525609815625 0.0663310640625 0.5273091671875 0.061768571875 0.6658059625
4 0.0572060796875 0.7345203234375 0.0891434015625 0.737919028125 0.4347511703125 0.7438667375 0.4381730703125 0.7277229625 0.49292279062500005 0.7302719671875 0.4952040375 0.6801412453125 0.0892768828125 0.67040565625 0.0857215640625 0.6869386078125 0.061768571875 0.68778830625 0.0572060796875 0.7345203234375
4 0.4917822 0.9010563578124999 0.49292279062500005 0.747265440625 0.085168590625 0.74532549375 0.0857215640625 0.7583112062499999 0.0583466703125 0.7583112062499999 0.0526435875 0.893409296875 0.4917822 0.9010563578124999
4 0.5073376328125 0.9010585375 0.9407730984375 0.90955525 0.9453355906249999 0.7175290296875 0.540415578125 0.714980025 0.5381343640625 0.730274146875 0.5096188484375 0.7311238 0.5073376328125 0.9010585375
4 0.9510386750000001 0.634261059375 0.5187438328125 0.62831335 0.5114039640625 0.711688015625 0.8187267703125001 0.714130371875 0.819867425 0.6971368984375 0.9487574296875 0.70138525625 0.9510386750000001 0.634261059375
2 0.5158600703125 0.6196465796874999 0.94748616875 0.6196253921875 0.9520523093750001 0.14511544375000002 0.522824690625 0.14171392968750002 0.5158600703125 0.6196465796874999
6 0.94295974375 0.864127709375 0.9429593203125 0.9025970062500001 0.964057175 0.9007982078125 0.96347111875 0.8645642765625 0.94295974375 0.864127709375
3 0.9470620437499999 0.8532138703125 0.96815944375 0.8527773046875 0.96815944375 0.8344420671874999 0.9488201500000001 0.8344420671874999 0.9470620437499999 0.8532138703125