7 0.22004628906249998 0.475095659375 0.39856747812500004 0.468195640625 0.5121718390625001 0.328470846875 0.5191271000000001 0.23014595937500001 0.5028979812500001 0.1783960265625 0.0904347296875 0.179503778125 0.0878943875 0.3319208546875 0.138900340625 0.35607078593749997 0.22004628906249998 0.475095659375
2 0.513254390625 0.0598225 0.084340109375 0.061739153125 0.0862721265625 0.17242650312500002 0.4683806046875 0.16796875 0.5119663796875 0.1695515140625 0.513254390625 0.0598225
2 0.088204190625 0.480031684375 0.0907802640625 0.6007815515625 0.5171185234375 0.5950315359375 0.514542403125 0.47332337031250005 0.088204190625 0.480031684375
2 0.96824898125 0.4658203125 0.9666823984375 0.052841253125 0.5339040328125 0.05783569374999999 0.5379161 0.1630859375 0.5422591453125001 0.593828759375 0.6887950078125 0.58984375 0.97505461875 0.5880787828125 0.96824898125 0.4658203125
7 0.75439453125 0.6328125 0.7412746265625 0.630859375 0.559519009375 0.6344606640625 0.5717553125 0.650273140625 0.75177055 0.6484375 0.758330503125 0.6396484375 0.75439453125 0.6328125
4 0.8632897421875001 0.6220703125 0.8632897421875001 0.6123046875 0.8541058093749999 0.609375 0.5471000328125 0.61328125 0.54054008125 0.6181640625 0.5427746171875001 0.628231509375 0.8229213390625001 0.624398184375 0.8632897421875001 0.6220703125
4 0.5962279203125 0.9110033718749999 0.599447996875 0.895190878125 0.9736210140624999 0.892795046875 0.9768410921875 0.851107615625 0.9658927500000001 0.6527328625 0.5698232953125 0.6580036921875 0.5408426000000001 0.676691165625 0.54578804375 0.8583984375 0.5550109203125 0.9138783609375001 0.5962279203125 0.9110033718749999
3 0.9800611703125 0.843920125 0.9794171140625 0.858774265625 0.9929414781249999 0.8592534421875 0.9955175015625001 0.8434409484375 0.9800611703125 0.843920125
6 0.9787449046875001 0.8740234375 0.9761970375000001 0.9057325515624999 0.9968055109374999 0.9062117125 0.9944887906250001 0.8740234375 0.9787449046875001 0.8740234375
4 0.50774031875 0.6171875 0.1403829828125 0.6171875 0.0914242703125 0.6355780281250001 0.0952883515625 0.720869590625 0.5153609218749999 0.7165570890625 0.514300271875 0.6201171875 0.50774031875 0.6171875
4 0.5203386 0.9130151874999999 0.51647446875 0.7199112546875 0.12104897031249999 0.7218279078125 0.0970872953125 0.7451171875 0.091839334375 0.7880859375 0.0952883515625 0.912056834375 0.3188136890625 0.91015625 0.5203386 0.9130151874999999