6 0.09134199062500001 0.88633116875 0.06730158750000001 0.88633116875 0.06730158750000001 0.9221320343749999 0.09134199062500001 0.9221320343749999 0.09134199062500001 0.88633116875
3 0.09134199062500001 0.8603300859375 0.0741702734375 0.8603300859375 0.0741702734375 0.8772889609375 0.09134199062500001 0.8772889609375 0.09134199062500001 0.8603300859375
0 0.29438672499999996 0.67986471875 0.10076479062499999 0.67986471875 0.10076479062499999 0.9214989171875001 0.29438672499999996 0.9214989171875001 0.29438672499999996 0.67986471875
0 0.9672077921875 0.6543344156249999 0.31686147187499997 0.6543344156249999 0.31686147187499997 0.9327867968750001 0.9672077921875 0.9327867968750001 0.9672077921875 0.6543344156249999
4 0.9720490625 0.4039069265625 0.53430014375 0.4039069265625 0.53430014375 0.63611471875 0.9720490625 0.63611471875 0.9720490625 0.4039069265625
4 0.969314575 0.27198593125000003 0.5342929296875 0.27198593125000003 0.5342929296875 0.40468073593750004 0.969314575 0.40468073593750004 0.969314575 0.27198593125000003
7 0.140656565625 0.599226190625 0.09446608906250001 0.599226190625 0.09446608906250001 0.612786796875 0.140656565625 0.612786796875 0.140656565625 0.599226190625
4 0.5242785 0.6156601734375 0.13609668125000002 0.6156601734375 0.13609668125000002 0.6350757578125 0.5242785 0.6350757578125 0.5242785 0.6156601734375
4 0.5264646468749999 0.4845995671875 0.09336219375 0.4845995671875 0.09336219375 0.58431818125 0.5264646468749999 0.58431818125 0.5264646468749999 0.4845995671875
4 0.5258513703125 0.270119046875 0.0939177484375 0.270119046875 0.0939177484375 0.48442640625 0.5258513703125 0.48442640625 0.5258513703125 0.270119046875
5 0.9688528140624999 0.06779761875 0.10199855625000001 0.06779761875 0.10199855625000001 0.26802489218750003 0.9688528140624999 0.26802489218750003 0.9688528140624999 0.06779761875
7 0.6373088015625 0.0747727265625 0.307510821875 0.0747727265625 0.307510821875 0.09464285781250001 0.6373088015625 0.09464285781250001 0.6373088015625 0.0747727265625
6 0.21893939375000002 0.0752543296875 0.120223665625 0.0752543296875 0.120223665625 0.091347403125 0.21893939375000002 0.091347403125 0.21893939375000002 0.0752543296875
6 0.18705627656249998 0.1570292203125 0.1118759015625 0.1570292203125 0.1118759015625 0.1740313859375 0.18705627656249998 0.1740313859375 0.18705627656249998 0.1570292203125
6 0.1954978359375 0.1868560609375 0.11252525312499999 0.1868560609375 0.11252525312499999 0.2067153671875 0.1954978359375 0.2067153671875 0.1954978359375 0.1868560609375
6 0.14566378124999999 0.2229383109375 0.109314575 0.2229383109375 0.109314575 0.252321428125 0.14566378124999999 0.252321428125 0.14566378124999999 0.2229383109375
6 0.39075757499999997 0.10748376562499999 0.195909090625 0.10748376562499999 0.195909090625 0.12431277031250001 0.39075757499999997 0.12431277031250001 0.39075757499999997 0.10748376562499999
6 0.34279220781249997 0.1259577921875 0.2247979796875 0.1259577921875 0.2247979796875 0.158955628125 0.34279220781249997 0.158955628125 0.34279220781249997 0.1259577921875
6 0.49663059218749994 0.125286796875 0.37165223593749996 0.125286796875 0.37165223593749996 0.1575487015625 0.49663059218749994 0.1575487015625 0.49663059218749994 0.125286796875
6 0.337633478125 0.16038961093749998 0.26196248125 0.16038961093749998 0.26196248125 0.189956709375 0.337633478125 0.189956709375 0.337633478125 0.16038961093749998
6 0.335800865625 0.19358766249999998 0.2536363640625 0.19358766249999998 0.2536363640625 0.22374999999999998 0.335800865625 0.22374999999999998 0.335800865625 0.19358766249999998
6 0.3284776328125 0.2258171 0.2651731609375 0.2258171 0.2651731609375 0.2547889609375 0.3284776328125 0.2547889609375 0.3284776328125 0.2258171
6 0.4980952375 0.22774350625 0.447330446875 0.22774350625 0.447330446875 0.25836038906250003 0.4980952375 0.25836038906250003 0.4980952375 0.22774350625
6 0.49883116875000005 0.1940692640625 0.4332323234375 0.1940692640625 0.4332323234375 0.2256709953125 0.49883116875000005 0.2256709953125 0.49883116875000005 0.1940692640625
6 0.4995671 0.1608766234375 0.4319480515625 0.1608766234375 0.4319480515625 0.1937987015625 0.4995671 0.1937987015625 0.4995671 0.1608766234375
6 0.622294371875 0.2263041125 0.5506060609375 0.2263041125 0.5506060609375 0.2578084421875 0.622294371875 0.2578084421875 0.622294371875 0.2263041125
6 0.6325396828125001 0.1950324671875 0.5518759015625 0.1950324671875 0.5518759015625 0.2259415578125 0.6325396828125001 0.2259415578125 0.6325396828125001 0.1950324671875
6 0.6325685421875 0.1613636359375 0.55444444375 0.1613636359375 0.55444444375 0.19393939375 0.6325685421875 0.19393939375 0.6325685421875 0.1613636359375
6 0.6435569984375 0.12576298749999998 0.5461111109375001 0.12576298749999998 0.5461111109375001 0.1587824671875 0.6435569984375 0.1587824671875 0.6435569984375 0.12576298749999998
6 0.7820346328125 0.12672619062499998 0.6827272734375 0.12672619062499998 0.6827272734375 0.15905302968749999 0.7820346328125 0.15905302968749999 0.7820346328125 0.12672619062499998
6 0.8384559890625001 0.10879329062500001 0.6004473296875 0.10879329062500001 0.6004473296875 0.1258171 0.8384559890625001 0.1258171 0.8384559890625001 0.10879329062500001
6 0.7853391046875 0.22871212187499998 0.7269841265625 0.22871212187499998 0.7269841265625 0.2576731609375 0.7853391046875 0.2576731609375 0.7853391046875 0.22871212187499998
6 0.7754473296875 0.195990259375 0.7058225109375 0.195990259375 0.7058225109375 0.22470238125000003 0.7754473296875 0.22470238125000003 0.7754473296875 0.195990259375
6 0.9360101015625 0.1084415578125 0.8854329 0.1084415578125 0.8854329 0.14393939375 0.9360101015625 0.14393939375 0.9360101015625 0.1084415578125
6 0.8700577203125001 0.1632846328125 0.8328282828125 0.1632846328125 0.8328282828125 0.17691017343749998 0.8700577203125001 0.17691017343749998 0.8700577203125001 0.1632846328125
6 0.9462698406250001 0.1604004328125 0.8841486296875001 0.1604004328125 0.8841486296875001 0.17856060625 0.9462698406250001 0.17856060625 0.9462698406250001 0.1604004328125
6 0.8759235203125 0.2219751078125 0.8347546890625 0.2219751078125 0.8347546890625 0.25932359374999997 0.8759235203125 0.25932359374999997 0.8759235203125 0.2219751078125
6 0.948823953125 0.22437229374999998 0.9117243875 0.22437229374999998 0.9117243875 0.2453030296875 0.948823953125 0.2453030296875 0.948823953125 0.22437229374999998
6 0.95064935 0.1921428578125 0.8911976906250001 0.1921428578125 0.8911976906250001 0.21069264062499998 0.95064935 0.21069264062499998 0.95064935 0.1921428578125
6 0.85944444375 0.192624459375 0.8283477640625 0.192624459375 0.8283477640625 0.21014610312499998 0.85944444375 0.21014610312499998 0.85944444375 0.192624459375