6 0.10088672812499999 0.9216419218749999 0.07844965625 0.9216419218749999 0.07844965625 0.9541484718750001 0.10088672812499999 0.9541484718750001 0.10088672812499999 0.9216419218749999
3 0.0973054921875 0.8979956328125 0.0801315796875 0.8979956328125 0.0801315796875 0.9169213968750001 0.0973054921875 0.9169213968750001 0.0973054921875 0.8979956328125
4 0.5356750578125 0.89448035 0.10649885625 0.89448035 0.10649885625 0.9640000000000001 0.5356750578125 0.9640000000000001 0.5356750578125 0.89448035
7 0.2407437078125 0.44330567656250003 0.1004004578125 0.44330567656250003 0.1004004578125 0.49732314375 0.2407437078125 0.49732314375 0.2407437078125 0.44330567656250003
6 0.5743935921875 0.45801309999999995 0.2553318078125 0.45801309999999995 0.2553318078125 0.4960305671875 0.5743935921875 0.4960305671875 0.5743935921875 0.45801309999999995
4 0.5307780328125 0.5055502187500001 0.09297482812499999 0.5055502187500001 0.09297482812499999 0.5946244546874999 0.5307780328125 0.5946244546874999 0.5307780328125 0.5055502187500001
4 0.3732780328125 0.59891703125 0.09743135 0.59891703125 0.09743135 0.7711266375 0.3732780328125 0.7711266375 0.3732780328125 0.59891703125
4 0.53374141875 0.7748908296875 0.10262013750000001 0.7748908296875 0.10262013750000001 0.8255633187500001 0.53374141875 0.8255633187500001 0.53374141875 0.7748908296875
4 0.5341590390625 0.8258253281249999 0.1026144171875 0.8258253281249999 0.1026144171875 0.8934235812500001 0.5341590390625 0.8934235812500001 0.5341590390625 0.8258253281249999
4 0.979199084375 0.5025982531250001 0.5377116703125 0.5025982531250001 0.5377116703125 0.5567379906250001 0.979199084375 0.5567379906250001 0.979199084375 0.5025982531250001
4 0.9829405031249999 0.5875938859375001 0.5423226546875 0.5875938859375001 0.5423226546875 0.8415065500000001 0.9829405031249999 0.8415065500000001 0.9829405031249999 0.5875938859375001
6 0.7804977109375 0.5712139734375 0.7440331812500001 0.5712139734375 0.7440331812500001 0.5890655015624999 0.7804977109375 0.5890655015624999 0.7804977109375 0.5712139734375
4 0.9878489703125 0.8404410484374999 0.5527459953125 0.8404410484374999 0.5527459953125 0.9607641921875001 0.9878489703125 0.9607641921875001 0.9878489703125 0.8404410484374999
2 0.9918249421875001 0.0261790390625 0.08831235625 0.0261790390625 0.08831235625 0.43708733593750004 0.9918249421875001 0.43708733593750004 0.9918249421875001 0.0261790390625