0 0.0488944171875 0.539338065625 0.043011640625 0.9039632578125 0.8852803171874999 0.9060929468750001 0.888000515625 0.5397875546875001 0.0488944171875 0.539338065625
6 0.029290398437499997 0.9014938062500001 0.0307435265625 0.85923990625 0.00706975 0.85923990625 0.002989415625 0.8975741906250001 0.029290398437499997 0.9014938062500001
3 0.005584071875 0.8531961828125001 0.0278112140625 0.8533839640625001 0.026764309375 0.8328930421875 0.0110607921875 0.8337126593749999 0.005584071875 0.8531961828125001
7 0.2078783515625 0.1340584828125 0.15075752656250002 0.1319572453125 0.14925184687499998 0.14881195 0.201596921875 0.15209048593750002 0.2078783515625 0.1340584828125
4 0.031998834375 0.5250253921875 0.2445198828125 0.5274842890625 0.24242607187499998 0.1676635921875 0.064030528125 0.16588055 0.0560775625 0.18569561875 0.0351395203125 0.184875978125 0.031998834375 0.5250253921875
4 0.24137919531250002 0.09471589531249999 0.24137919531250002 0.0275056515625 0.039327140625 0.026686012500000002 0.0357499859375 0.110570815625 0.1084226375 0.11110864218750001 0.1147040671875 0.0922569875 0.24137919531250002 0.09471589531249999
4 0.25445285 0.0287124078125 0.2560358078125 0.526664671875 0.46541617031250004 0.526664671875 0.462275484375 0.0283252921875 0.25445285 0.0287124078125
4 0.6269658703125 0.1504512296875 0.686639253125 0.15127084531249999 0.686639253125 0.0283252921875 0.4750410859375 0.02650001875 0.4793527015625 0.1635654171875 0.6269658703125 0.1660243140625 0.6269658703125 0.1504512296875
4 0.6782640140625 0.529943184375 0.6824516328125 0.166843953125 0.4893945921875 0.1680929390625 0.47621195624999996 0.18077778125 0.4741182046875 0.525845009375 0.6782640140625 0.529943184375
4 0.7486739671875 0.0807820671875 0.899427821875 0.079962428125 0.9025685671874999 0.0307841984375 0.6977279265624999 0.027974943749999998 0.6931881468750001 0.09389625625 0.73925185 0.095535534375 0.7486739671875 0.0807820671875
4 0.7015633875 0.3340499328125 0.8680207890625 0.3365088296875 0.899427821875 0.3201160828125 0.9036154421875 0.0979944546875 0.708270346875 0.10024633125 0.69528195625 0.1184853765625 0.69423508125 0.3266731984375 0.7015633875 0.3340499328125
4 0.713188553125 0.34298209062499996 0.69528195625 0.36355686875000004 0.69528195625 0.5069933671875 0.8879118968749999 0.5094522625 0.8973340125 0.48978100312499995 0.8941933265625 0.34060704999999997 0.713188553125 0.34298209062499996