4 0.30625 0.47505334374999997 0.359375 0.47500012031249994 0.3921875 0.4719459828125 0.4359375 0.47194622812500003 0.4703125 0.47814168125 0.4890625 0.47817220312500003 0.5546875 0.4704751671875 0.9328125 0.4703338265625 0.9391738453125 0.465625 0.939080140625 0.2921875 0.9296875 0.2827151921875 0.915625 0.27953836875000004 0.459375 0.2792688546875 0.4078125 0.2812193796875 0.3515625 0.2793091203125 0.059375 0.2796680453125 0.0249864671875 0.296875 0.024658321875 0.490625 0.0265625 0.49247939843750005 0.0734375 0.492226434375 0.2671875 0.48907923125 0.2953125 0.4828401859375 0.30625 0.47505334374999997
4 0.6796875 0.248512534375 0.721875 0.245361715625 0.775 0.2468834453125 0.796875 0.2406931203125 0.909375 0.23906831718750002 0.9296875 0.23594438437499998 0.9406364921874999 0.228125 0.9407696624999999 0.071875 0.0890625 0.071325796875 0.0359375 0.0718745796875 0.025 0.076503834375 0.017166046875 0.075 0.0171875 0.26120125 0.6171875 0.26094326562500003 0.646875 0.2578422265625 0.6640625 0.2501043015625 0.6796875 0.248512534375
4 0.2609375 0.56409036875 0.26720265312499997 0.5578125 0.26563470625 0.553125 0.271875 0.5501073359374999 0.4828125 0.5515815734375 0.5125 0.548577565625 0.9046875 0.5484473359375001 0.9234375 0.5468953453125 0.9359407484375 0.5390625 0.9375248703124999 0.5328125 0.93599681875 0.5140625 0.9390632390625001 0.5 0.93125 0.490500428125 0.915625 0.48990433125 0.028125 0.49019464843750005 0.027652507812499998 0.5671875 0.028125 0.5704883546875 0.034375 0.5703457765625 0.075 0.5675558734374999 0.2421875 0.5671930546875 0.2609375 0.56409036875
4 0.8687635109375 0.7265625 0.903125 0.7250198859375 0.9140625 0.718843915625 0.9265625 0.7172050750000001 0.9312632656250001 0.7125 0.9328967296874999 0.7015625 0.9406286171874999 0.690625 0.937565296875 0.671875 0.9406502250000001 0.6328125 0.934375 0.6217836546875 0.033984859374999996 0.621875 0.0343209078125 0.725 0.059375 0.7252335140625 0.07030132812499999 0.728125 0.0578125 0.7312653171875 0.9328125 0.7313284390625 0.9234375 0.726552296875 0.9078125 0.7294016546875 0.8687635109375 0.7265625
4 0.6390625 0.83291740625 0.7390625 0.8343760625 0.9296875 0.8312987234375001 0.93594916875 0.828125 0.9406351796875001 0.8203125 0.9390990015625 0.734375 0.9203125 0.7320589359375 0.0890625 0.7320833078125 0.0515625 0.734299796875 0.0328125 0.7327913765625 0.0249744046875 0.7375 0.025 0.8516254140624999 0.61875 0.85157145 0.6328125 0.8469240453125 0.635981384375 0.8359375 0.6390625 0.83291740625
4 0.9390929874999999 0.8578125 0.93125 0.8514154828124999 0.0370843046875 0.8515625 0.0375 0.91104985 0.903125 0.9109474499999999 0.9296875 0.9078325671874999 0.9390750421874999 0.9 0.9390929874999999 0.8578125
4 0.35631724062500003 0.60625 0.3609375 0.6016857531250001 0.928125 0.6000257578125 0.93907028125 0.5921875 0.9391038484375 0.5734375 0.93125 0.5686779171875 0.915625 0.5670014531249999 0.027654154687499998 0.5671875 0.028125 0.6221677453125001 0.2265625 0.6203576984375 0.290625 0.6218768484375 0.346875 0.618808871875 0.3547130265625 0.6125 0.35631724062500003 0.60625
7 0.39787024375 0.0359375 0.3984375 0.06260424375 0.55625 0.06257083125 0.5611248718749999 0.059375 0.5609375 0.0355939421875 0.39787024375 0.0359375
6 0.35 0.028591645312500004 0.64375 0.0281285515625 0.6453125 0.005987021875 0.34942204062500004 0.00625 0.35 0.028591645312500004
6 0.057204618750000005 0.9609375 0.0578125 0.984663534375 0.1 0.9844145328125 0.1062531203125 0.98125 0.10625 0.9605103265625001 0.057204618750000005 0.9609375
6 0.046875 0.956266396875 0.178125 0.9563086390625 0.178125 0.9307196265625001 0.046160734375 0.93125 0.046875 0.956266396875
3 0.8664652421874999 0.0359375 0.8671875 0.061301839062499995 0.93125 0.0609999546875 0.9344149390625001 0.0578125 0.934375 0.0354724828125 0.8664652421874999 0.0359375