4 0.8613120000000001 0.0670098 0.131695 0.061856299999999996 0.14101999999999998 0.12371099999999999 0.8613120000000001 0.12371099999999999 0.8613120000000001 0.0670098
4 0.161998 0.833333 0.203958 0.934708 0.341488 0.93299 0.444055 0.7353959999999999 0.37878500000000004 0.673539 0.175985 0.673539 0.127033 0.72165 0.131695 0.7646040000000001 0.161998 0.833333
2 0.833338 0.127147 0.152675 0.135738 0.14335 0.503436 0.8403320000000001 0.503436 0.833338 0.127147
2 0.893947 0.563574 0.488345 0.565292 0.497668 0.926117 0.889283 0.93299 0.893947 0.563574
6 0.90094 0.512027 0.777393 0.51031 0.78905 0.546392 0.90327 0.546392 0.90094 0.512027
6 0.917257 0.537801 0.63287 0.534365 0.639863 0.5704469999999999 0.917257 0.561856 0.917257 0.537801
6 0.905602 0.037801 0.67949 0.037801 0.681822 0.0721646 0.8869529999999999 0.0670098 0.905602 0.037801
6 0.11537800000000001 0.12199299999999999 0.05244 0.154639 0.11304700000000001 0.189004 0.157337 0.161512 0.11537800000000001 0.12199299999999999
6 0.31817799999999996 0.505155 0.122372 0.505155 0.13868799999999998 0.52921 0.290207 0.527491 0.31817799999999996 0.505155
6 0.46503500000000003 0.5240549999999999 0.13868799999999998 0.52921 0.14335 0.553264 0.46736500000000003 0.548111 0.46503500000000003 0.5240549999999999
6 0.159668 0.5859099999999999 0.0943983 0.5859099999999999 0.0943983 0.6168389999999999 0.178317 0.61512 0.159668 0.5859099999999999
6 0.357807 0.6168389999999999 0.0943983 0.6168389999999999 0.0920683 0.637457 0.336827 0.637457 0.357807 0.6168389999999999
7 0.313517 0.637457 0.238923 0.637457 0.238923 0.668385 0.313517 0.666667 0.313517 0.637457
6 0.05244 0.592784 0.0058183296875 0.618557 0.0780817 0.654639 0.13868799999999998 0.618557 0.05244 0.592784
6 0.793712 0.943299 0.20628799999999997 0.936426 0.22726799999999997 0.975945 0.793712 0.974227 0.793712 0.943299