4 0.23125 0.7234742796875 0.2484375015625 0.7234437390624999 0.25625 0.720463490625 0.3109375015625 0.7190234640625001 0.915625 0.7188393765625001 0.9159531484375 0.4796875 0.296875 0.4794490734375 0.1375 0.48122990000000004 0.096875 0.48588066718749995 0.093767271875 0.484375 0.0953124984375 0.47963164375 0.08125 0.479147475 0.080996721875 0.7359375 0.1265624984375 0.7359449812500001 0.196875 0.7343831859375001 0.2078124984375 0.7283135125 0.23125 0.7234742796875
4 0.396875 0.3610001140625 0.4078124984375 0.3580077390625 0.6625 0.358017678125 0.690625 0.36094266875000003 0.909375 0.3594338453125 0.9142451375 0.3546875 0.9142812421875 0.2765625 0.9046875015625 0.2734178953125 0.8703124984375 0.27170038750000003 0.10625 0.2718526 0.0858739875 0.278125 0.08531692656249999 0.371875 0.08593750156249999 0.37527915625 0.1140624984375 0.37501452031250004 0.38125 0.3734387984375 0.3921875015625 0.3719165875 0.396875 0.3610001140625
4 0.8578124984375 0.2640729515625 0.8890624984375 0.2579347890625 0.9125 0.25781765624999997 0.914668490625 0.246875 0.914549996875 0.1859375 0.09522659375 0.1859375 0.0953124984375 0.27048178749999996 0.603125 0.270330509375 0.7890624984375 0.26879271875 0.8203124984375 0.2625399671875 0.8578124984375 0.2640729515625
4 0.3078124984375 0.4688306984375 0.3140624984375 0.46729183125 0.3765624984375 0.4657418890625 0.4578124984375 0.46883758750000004 0.521875 0.465723753125 0.65625 0.46571849062500004 0.7828124984375 0.46875374687500004 0.909375 0.4672883875 0.9100993765625001 0.4390625 0.9078124984375 0.4368839515625 0.092090178125 0.4375 0.0921875015625 0.48316850312500004 0.1453124984375 0.48282754531250005 0.290625 0.48127834375 0.3 0.47819540937499994 0.3078124984375 0.4688306984375
4 0.1375 0.43443696093749995 0.14375 0.42515113906249996 0.1640624984375 0.42359940781249994 0.359375 0.42192115937499997 0.7203124984375 0.4250066828125 0.809375 0.425002846875 0.8515624984375 0.4220364296875 0.9125 0.42344867031250005 0.9203659046875 0.4171875 0.9204036921875 0.375 0.9015624984375 0.3728411921875 0.571875 0.37475073124999997 0.1296875015625 0.372894709375 0.1 0.37342724375 0.0953124984375 0.3795906421875 0.0890624984375 0.38121212187500003 0.08285100937499999 0.378125 0.09375 0.3734294984375 0.0796875015625 0.3730668046875 0.0796875015625 0.44064299062499995 0.0890624984375 0.4377825921875 0.1328124984375 0.436036659375 0.1375 0.43443696093749995
4 0.7859375015625 0.7844398265625 0.9078124984375 0.78281725625 0.915625 0.7812829546875 0.9203257140625001 0.7765625 0.921947315625 0.75625 0.928158225 0.734375 0.0684241703125 0.734375 0.0684358421875 0.796875 0.0734375015625 0.800031578125 0.528125 0.800005615625 0.740625 0.79703659375 0.76875 0.7859740484375 0.7859375015625 0.7844398265625
4 0.3140624984375 0.1454096953125 0.3546875015625 0.1455065578125 0.371875 0.1484390703125 0.5265624984375 0.148555525 0.740625 0.1453265953125 0.7484375015625 0.1407928328125 0.7796875015625 0.1328893625 0.8921875015625 0.1312820453125 0.9063038703125 0.121875 0.9062956249999999 0.1078125 0.8984375015625 0.09998328437500001 0.8890624984375 0.0997075234375 0.234375 0.09990784999999999 0.1890624984375 0.10435765625 0.18125 0.1030331796875 0.18133266406249998 0.1 0.178125 0.09970457968749999 0.0870812921875 0.1 0.0874628421875 0.103125 0.090625 0.10317471250000002 0.093697025 0.1078125 0.087481825 0.115625 0.08905297031250001 0.1203125 0.0874717140625 0.1421875 0.0906103359375 0.1453125 0.0875 0.1532031609375 0.31875 0.15321141875 0.31876976875 0.15 0.3125635296875 0.146875 0.3140624984375 0.1454096953125
4 0.190625 0.08444499375 0.1953124984375 0.0829950078125 0.415625 0.0829488171875 0.446875 0.0859971671875 0.63125 0.085941728125 0.6703124984375 0.08298969218749999 0.7734375015625 0.0830281234375 0.903125 0.0875043015625 0.9078587718750001 0.084375 0.9083892562500001 0.0375 0.9078124984375 0.035520971875 0.9015624984375 0.035485378125 0.084375 0.03532209375 0.084252159375 0.1015625 0.096875 0.1015704578125 0.1765624984375 0.1000054078125 0.1828421703125 0.096875 0.190625 0.08444499375
4 0.7109695671875 0.1734375 0.7078190484375 0.1703125 0.710967328125 0.16875 0.7110412328125 0.1625 0.11529597656249999 0.1625 0.1562422 0.1640625 0.1546875015625 0.1668564203125 0.115625 0.166875246875 0.115625 0.186053775 0.553125 0.1875207640625 0.6984375015625 0.185943246875 0.7109826140625 0.1796875 0.7109695671875 0.1734375
3 0.86875 0.96604798125 0.9171874984375 0.9656378265625 0.91875 0.9464058609375 0.8680157078124999 0.946875 0.86875 0.96604798125
4 0.8734375015625 0.9440596359375 0.9171875015625 0.9423685484375 0.91744255 0.925 0.08694323125 0.925 0.08747385156250001 0.9453125 0.0953124984375 0.9500091156250001 0.1125 0.9531275203125 0.403125 0.95176478125 0.5328124984375 0.9546901578125 0.609375 0.9517845625 0.8453124984375 0.9500058265625 0.8734375015625 0.9440596359375
4 0.9197339453125 0.798100490625 0.0871651375 0.798100490625 0.0871651375 0.840992646875 0.9197339453125 0.840992646875 0.9197339453125 0.798100490625
4 0.9243211015625 0.8486519609375 0.077990825 0.8486519609375 0.077990825 0.922181371875 0.9243211015625 0.922181371875 0.9243211015625 0.8486519609375