4 0.8453473125000001 0.06916733124999999 0.843162953125 0.053205640624999995 0.9480122312500001 0.050545357812500004 0.964059 0.0241636 0.12013979999999999 0.019952115625 0.07208387968749999 0.043894653125 0.0588598 0.075241 0.8453473125000001 0.06916733124999999
4 0.530799475 0.10242085625 0.9436435124999999 0.10109071562500001 0.958817 0.0784334 0.07109170000000001 0.07736950000000001 0.0553644 0.12099800000000001 0.513324596875 0.12104283125 0.530799475 0.10242085625
4 0.717663 0.12631799999999999 0.107789 0.12631799999999999 0.11128400000000001 0.147601 0.717663 0.155049 0.717663 0.12631799999999999
4 0.9448359999999999 0.308282 0.943089 0.156113 0.12887723906249998 0.1542963546875 0.06334643906250001 0.1835594578125 0.056793359375 0.30460228749999996 0.9448359999999999 0.308282
4 0.5810397546875 0.39106145312499996 0.952380953125 0.3844107484375 0.9413410000000001 0.312538 0.1070336390625 0.31258313437499996 0.06334643906250001 0.3431763765625 0.0588598 0.41150000000000003 0.5810397546875 0.40702314375000004 0.5810397546875 0.39106145312499996
4 0.4980340765625 0.541367384375 0.4914809953125 0.5214152703125 0.9436435124999999 0.5187549875 0.953574 0.415757 0.133245959375 0.417664271875 0.05897771875 0.446927375 0.0553644 0.542386 0.4980340765625 0.541367384375
4 0.76452599375 0.57329076875 0.66622979375 0.550678371875 0.11303099999999999 0.545579 0.107789 0.6466700000000001 0.78232 0.648798 0.76452599375 0.57329076875
4 0.3211009171875 0.6823623296875 0.9480122312500001 0.67305134375 0.960564 0.655183 0.0536173 0.654118 0.0588598 0.705196 0.34294451718749996 0.6996541640625 0.3211009171875 0.6823623296875
4 0.41709399999999996 0.704132 0.11303099999999999 0.7073240000000001 0.116527 0.728607 0.415347 0.732863 0.41709399999999996 0.704132
4 0.12013979999999999 0.7581803671875 0.9436435124999999 0.7595105078125 0.9448359999999999 0.733927 0.0658493 0.733927 0.0518702 0.780748 0.12450851874999999 0.7794626234375001 0.12013979999999999 0.7581803671875
4 0.845229 0.7839400000000001 0.104295 0.785004 0.11827399999999999 0.810543 0.839987 0.8041579999999999 0.845229 0.7839400000000001
4 0.14416775937499998 0.9364192609374999 0.16819571875 0.9151370046875 0.9392747921875 0.9151370046875 0.962311 0.813735 0.1070336390625 0.8167065703124999 0.056793359375 0.8379888265625001 0.0518702 0.9403650000000001 0.14416775937499998 0.9364192609374999
3 0.551651 0.9541980000000001 0.450298 0.9510059999999999 0.450298 0.9797370000000001 0.5551470000000001 0.985057 0.551651 0.9541980000000001
6 0.778824 0.631772 0.478257 0.803094 0.534177 0.828633 0.827755 0.653054 0.778824 0.631772