4 0.33581703125 0.3308347828125 0.046576525 0.3308347828125 0.046576525 0.418469565625 0.33581703125 0.418469565625 0.33581703125 0.3308347828125
4 0.3349597234375 0.2299956515625 0.045063290625 0.2299956515625 0.045063290625 0.3300913046875 0.3349597234375 0.3300913046875 0.3349597234375 0.2299956515625
4 0.33885500625 0.0718652171875 0.04429804375 0.0718652171875 0.04429804375 0.23056956562500003 0.33885500625 0.23056956562500003 0.33885500625 0.0718652171875
4 0.12601265781249998 0.05811304375 0.04581703125 0.05811304375 0.04581703125 0.07331304375 0.12601265781249998 0.07331304375 0.12601265781249998 0.05811304375
4 0.6292232453125 0.0575391296875 0.3369677796875 0.0575391296875 0.3369677796875 0.1260608703125 0.6292232453125 0.1260608703125 0.6292232453125 0.0575391296875
1 0.5884810125 0.13316956562499999 0.341553509375 0.13316956562499999 0.341553509375 0.1539086953125 0.5884810125 0.1539086953125 0.5884810125 0.13316956562499999
2 0.6240276171875 0.1589521734375 0.3445799765625 0.1589521734375 0.3445799765625 0.41774347812499996 0.6240276171875 0.41774347812499996 0.6240276171875 0.1589521734375
4 0.92646145 0.052956521874999996 0.6357019562499999 0.052956521874999996 0.6357019562499999 0.161043478125 0.92646145 0.161043478125 0.92646145 0.052956521874999996
4 0.93037399375 0.2265608703125 0.63418296875 0.2265608703125 0.63418296875 0.3499608703125 0.93037399375 0.3499608703125 0.93037399375 0.2265608703125
2 0.9914959718749999 0.3594739125 0.6478365937499999 0.3594739125 0.6478365937499999 0.9304391296875 0.9914959718749999 0.9304391296875 0.9914959718749999 0.3594739125
6 0.9160644421875 0.9404478265625 0.8153970078125001 0.9404478265625 0.8153970078125001 0.9648391296875 0.9160644421875 0.9648391296875 0.9160644421875 0.9404478265625
3 0.9477042578124999 0.942169565625 0.92002876875 0.942169565625 0.92002876875 0.9632043484375 0.9477042578124999 0.9632043484375 0.9477042578124999 0.942169565625
4 0.3404430375 0.7317347828125 0.0468296890625 0.7317347828125 0.0468296890625 0.9388739125000001 0.3404430375 0.9388739125000001 0.3404430375 0.7317347828125
4 0.2089643265625 0.7151 0.0541657078125 0.7151 0.0541657078125 0.7327260875 0.2089643265625 0.7327260875 0.2089643265625 0.7151
4 0.6378193328124999 0.7114 0.346116225 0.7114 0.346116225 0.8141304343750001 0.6378193328124999 0.8141304343750001 0.6378193328124999 0.7114
4 0.6368872265625 0.8143086953124999 0.3493958578125 0.8143086953124999 0.3493958578125 0.9364043484375 0.6368872265625 0.9364043484375 0.6368872265625 0.8143086953124999
5 0.63561565 0.4204043484375 0.057157653125 0.4204043484375 0.057157653125 0.7101 0.63561565 0.7101 0.63561565 0.4204043484375
6 0.0966168015625 0.69108695625 0.0726121984375 0.69108695625 0.0726121984375 0.7022 0.0966168015625 0.7022 0.0966168015625 0.69108695625
6 0.09230725 0.6696739125 0.0740448796875 0.6696739125 0.0740448796875 0.6823608703125 0.09230725 0.6823608703125 0.09230725 0.6696739125
6 0.0908688140625 0.6463652171875001 0.0729746828125 0.6463652171875001 0.0729746828125 0.658956521875 0.0908688140625 0.658956521875 0.0908688140625 0.6463652171875001
6 0.09025891875 0.6246782609375 0.0751265828125 0.6246782609375 0.0751265828125 0.6352521734375001 0.09025891875 0.6352521734375001 0.09025891875 0.6246782609375
6 0.08739355625 0.6040782609375001 0.0740563859375 0.6040782609375001 0.0740563859375 0.6157652171875 0.08739355625 0.6157652171875 0.08739355625 0.6040782609375001
6 0.08656501718750001 0.5815739125 0.0718929796875 0.5815739125 0.0718929796875 0.5937478265625 0.08656501718750001 0.5937478265625 0.08656501718750001 0.5815739125
6 0.0882105875 0.557456521875 0.0726179515625 0.557456521875 0.0726179515625 0.570056521875 0.0882105875 0.570056521875 0.0882105875 0.557456521875
6 0.08615074843750001 0.5349478265625 0.0754833140625 0.5349478265625 0.0754833140625 0.5480608703125001 0.08615074843750001 0.5480608703125001 0.08615074843750001 0.5349478265625
6 0.0877963171875 0.5157086953125 0.0740448796875 0.5157086953125 0.0740448796875 0.5254739125000001 0.0877963171875 0.5254739125000001 0.0877963171875 0.5157086953125
6 0.0882048328125 0.49103912968749996 0.0715420015625 0.49103912968749996 0.0715420015625 0.5060913046875 0.0882048328125 0.5060913046875 0.0882048328125 0.49103912968749996
6 0.0877963171875 0.4717913046875 0.07441311874999999 0.4717913046875 0.07441311874999999 0.4831478265625 0.0877963171875 0.4831478265625 0.0877963171875 0.4717913046875
6 0.10711162187500001 0.4311739125 0.06635212812499999 0.4311739125 0.06635212812499999 0.4591391296875 0.10711162187500001 0.4591391296875 0.10711162187500001 0.4311739125
6 0.2077560421875 0.428169565625 0.1558573078125 0.428169565625 0.1558573078125 0.4509782609375 0.2077560421875 0.4509782609375 0.2077560421875 0.428169565625
6 0.18330839999999998 0.467243478125 0.129004603125 0.467243478125 0.129004603125 0.48406087031249995 0.18330839999999998 0.48406087031249995 0.18330839999999998 0.467243478125
6 0.1867146140625 0.4886608703125 0.13149021875 0.4886608703125 0.13149021875 0.5066260875 0.1867146140625 0.5066260875 0.1867146140625 0.4886608703125
6 0.454004603125 0.6897 0.13 0.6897 0.13 0.702317390625 0.454004603125 0.702317390625 0.454004603125 0.6897
6 0.2552186421875 0.6660217390625001 0.1345166859375 0.6660217390625001 0.1345166859375 0.6829347828125 0.2552186421875 0.6829347828125 0.2552186421875 0.6660217390625001
6 0.345909090625 0.6645260875 0.26778480937500004 0.6645260875 0.26778480937500004 0.683369565625 0.345909090625 0.683369565625 0.345909090625 0.6645260875
6 0.3527272734375 0.6438608703125 0.26777905625 0.6438608703125 0.26777905625 0.6618782609375 0.3527272734375 0.6618782609375 0.3527272734375 0.6438608703125
6 0.373774453125 0.6198086953125 0.2662945921875 0.6198086953125 0.2662945921875 0.6371652171875 0.373774453125 0.6371652171875 0.373774453125 0.6198086953125
6 0.172485615625 0.64461304375 0.1320253171875 0.64461304375 0.1320253171875 0.6610217390625001 0.172485615625 0.6610217390625001 0.172485615625 0.64461304375
6 0.24497698437499998 0.6209391296875 0.1305350984375 0.6209391296875 0.1305350984375 0.6393217390625 0.24497698437499998 0.6393217390625 0.24497698437499998 0.6209391296875
6 0.1952243953125 0.5972608703125 0.1320253171875 0.5972608703125 0.1320253171875 0.61611304375 0.1952243953125 0.61611304375 0.1952243953125 0.5972608703125
6 0.22138665156249998 0.576969565625 0.1330207140625 0.576969565625 0.1330207140625 0.593117390625 0.22138665156249998 0.593117390625 0.22138665156249998 0.576969565625
6 0.3291311859375 0.5987695656249999 0.268774453125 0.5987695656249999 0.268774453125 0.6150391296875 0.3291311859375 0.6150391296875 0.3291311859375 0.5987695656249999
6 0.3441944765625 0.576969565625 0.269269275 0.576969565625 0.269269275 0.593117390625 0.3441944765625 0.593117390625 0.3441944765625 0.576969565625
6 0.3618239359375 0.555930434375 0.27076524687500003 0.555930434375 0.27076524687500003 0.5705565218750001 0.3618239359375 0.5705565218750001 0.3618239359375 0.555930434375
6 0.2284810125 0.5533 0.13052934375 0.5533 0.13052934375 0.5755 0.2284810125 0.5755 0.2284810125 0.5533
6 0.262313003125 0.5345086953125 0.13052934375 0.5345086953125 0.13052934375 0.550169565625 0.262313003125 0.550169565625 0.262313003125 0.5345086953125
6 0.1841369390625 0.510456521875 0.13102991875 0.510456521875 0.13102991875 0.5284652171875 0.1841369390625 0.5284652171875 0.1841369390625 0.510456521875
6 0.37462025312499997 0.533 0.26827963125 0.533 0.26827963125 0.5488782609375 0.37462025312499997 0.5488782609375 0.37462025312499997 0.533
6 0.3786075953125 0.5108304343750001 0.2687802078125 0.5108304343750001 0.2687802078125 0.5282478265624999 0.3786075953125 0.5282478265624999 0.3786075953125 0.5108304343750001
6 0.374907940625 0.4890391296875 0.26778480937500004 0.4890391296875 0.26778480937500004 0.50638695625 0.374907940625 0.50638695625 0.374907940625 0.4890391296875
6 0.3641081703125 0.467243478125 0.2662945921875 0.467243478125 0.2662945921875 0.4836086953125 0.3641081703125 0.4836086953125 0.3641081703125 0.467243478125
6 0.32799194531250003 0.4315478265625 0.2747468359375 0.4315478265625 0.2747468359375 0.44751304375 0.32799194531250003 0.44751304375 0.32799194531250003 0.4315478265625
6 0.60508630625 0.687217390625 0.5215880328125 0.687217390625 0.5215880328125 0.7021391296874999 0.60508630625 0.7021391296874999 0.60508630625 0.687217390625
6 0.602157653125 0.6639478265625 0.3837571921875 0.6639478265625 0.3837571921875 0.6805913046875001 0.602157653125 0.6805913046875001 0.602157653125 0.6639478265625
6 0.547658228125 0.6412391296875 0.3837571921875 0.6412391296875 0.3837571921875 0.659056521875 0.547658228125 0.659056521875 0.547658228125 0.6412391296875
6 0.5560414265625 0.6163086953125 0.38522439531249997 0.6163086953125 0.38522439531249997 0.6365608703125 0.5560414265625 0.6365608703125 0.5560414265625 0.6163086953125
6 0.5762197921875 0.597682609375 0.38610471875 0.597682609375 0.38610471875 0.6129260875 0.5762197921875 0.6129260875 0.5762197921875 0.597682609375
6 0.56626006875 0.5753913046875 0.3860989640625 0.5753913046875 0.3860989640625 0.5918782609375 0.56626006875 0.5918782609375 0.56626006875 0.5753913046875
6 0.531806675 0.5529347828125 0.3860989640625 0.5529347828125 0.3860989640625 0.5709608703125 0.531806675 0.5709608703125 0.531806675 0.5529347828125
6 0.5806904484375 0.5310956515624999 0.3860989640625 0.5310956515624999 0.3860989640625 0.5481217390625 0.5806904484375 0.5481217390625 0.5806904484375 0.5310956515624999
6 0.61438435 0.5104869562500001 0.384879171875 0.5104869562500001 0.384879171875 0.5282608703125 0.61438435 0.5282608703125 0.61438435 0.5104869562500001
6 0.611639815625 0.48867826093750005 0.3836651328125 0.48867826093750005 0.3836651328125 0.5052521734375001 0.611639815625 0.5052521734375001 0.611639815625 0.48867826093750005
6 0.608573071875 0.466182609375 0.3852819328125 0.466182609375 0.3852819328125 0.48199130468750007 0.608573071875 0.48199130468750007 0.608573071875 0.466182609375
6 0.48447640937500003 0.4263 0.41504027656250003 0.4263 0.41504027656250003 0.44843043437499996 0.48447640937500003 0.44843043437499996 0.48447640937500003 0.4263