6 0.9479606734375 0.8974599640625 0.92518539375 0.8974599640625 0.92518539375 0.934159253125 0.9479606734375 0.934159253125 0.9479606734375 0.8974599640625
3 0.946320225 0.8686476875 0.9260617984374999 0.8686476875 0.9260617984374999 0.8880604984374999 0.946320225 0.8880604984374999 0.946320225 0.8686476875
4 0.920837078125 0.4852802484375 0.629207865625 0.4852802484375 0.629207865625 0.9372286484375 0.920837078125 0.9372286484375 0.920837078125 0.4852802484375
4 0.9122921343750001 0.300965303125 0.629887640625 0.300965303125 0.629887640625 0.48666815 0.9122921343750001 0.48666815 0.9122921343750001 0.300965303125
2 0.898292134375 0.0056183281250000005 0.6292134828125 0.0056183281250000005 0.6292134828125 0.292282028125 0.898292134375 0.292282028125 0.898292134375 0.0056183281250000005
2 0.6101516859375 0.0076067609375 0.34434269687499997 0.0076067609375 0.34434269687499997 0.298265125 0.6101516859375 0.298265125 0.6101516859375 0.0076067609375
2 0.331067415625 0.0076156578125 0.05864045 0.0076156578125 0.05864045 0.29880782968749997 0.331067415625 0.29880782968749997 0.331067415625 0.0076156578125
4 0.32263483125 0.3047330953125 0.051297753125 0.3047330953125 0.051297753125 0.37798932343749997 0.32263483125 0.37798932343749997 0.32263483125 0.3047330953125
7 0.11890449375 0.38881227812499997 0.050623595312500005 0.38881227812499997 0.050623595312500005 0.40946174375 0.11890449375 0.40946174375 0.11890449375 0.38881227812499997
4 0.3346910109375 0.42222419999999994 0.054702246875000006 0.42222419999999994 0.054702246875000006 0.7266014234375 0.3346910109375 0.7266014234375 0.3346910109375 0.42222419999999994
4 0.338573034375 0.7256539140625 0.06491011249999999 0.7256539140625 0.06491011249999999 0.9433318500000001 0.338573034375 0.9433318500000001 0.338573034375 0.7256539140625
7 0.3852303375 0.72026245625 0.3494213484375 0.72026245625 0.3494213484375 0.7365169046875 0.3852303375 0.7365169046875 0.3852303375 0.72026245625
4 0.6220168546875 0.7531361203125 0.346702246875 0.7531361203125 0.346702246875 0.9387144125000001 0.6220168546875 0.9387144125000001 0.6220168546875 0.7531361203125
4 0.6220112359375001 0.30041815 0.3378539328125 0.30041815 0.3378539328125 0.7080871890625 0.6220112359375001 0.7080871890625 0.6220112359375001 0.30041815