4 0.312506 0.734375 0.3203125 0.7313691140625 0.690625 0.7298232312499999 0.865625 0.732895315625 0.909375 0.7297044703125 0.9099771796875 0.3765625 0.0921875 0.3758279640625 0.09161418906249999 0.75 0.2953125 0.750005225 0.3046875 0.746900334375 0.314063834375 0.7390625 0.312506 0.734375
4 0.3343931484375 0.309375 0.340625 0.30646978593749996 0.5015625 0.3094168546875 0.721875 0.3065050921875 0.890625 0.3078129078125 0.9000826937499999 0.30625 0.9006083109375 0.24375 0.09375 0.24317652031249998 0.0935473265625 0.3328125 0.1171875 0.332827725 0.3203125 0.3312749890625 0.331271725 0.3265625 0.3343931484375 0.309375
4 0.3 0.907931875 0.334375 0.906491690625 0.496875 0.907821846875 0.8984375 0.9047116374999999 0.903281553125 0.9015625 0.9036301375000001 0.8453125 0.09931805625 0.8453125 0.1 0.930197290625 0.2859375 0.9297277515625 0.295317353125 0.9203125 0.295372134375 0.9140625 0.3 0.907931875
4 0.2516140546875 0.08125 0.2578125 0.076707309375 0.35 0.07528215625 0.44375 0.0767409625 0.478125 0.079716821875 0.615625 0.079689509375 0.634375 0.0767376078125 0.821875 0.0767297390625 0.8453125 0.0797229390625 0.8921875 0.0781393890625 0.9095084328124999 0.0734375 0.9098890234375 0.040625 0.09306837343749999 0.040625 0.09375 0.1001021953125 0.2359375 0.1015741609375 0.240625 0.10000194375 0.2500210359375 0.090625 0.2516140546875 0.08125
4 0.421875 0.201588984375 0.4359375 0.1953311953125 0.44219835312500005 0.1890625 0.4437940078125 0.1828125 0.45 0.17974256718749998 0.66875 0.1812507390625 0.8421875 0.1796928890625 0.903125 0.1766080671875 0.9094749453125001 0.1734375 0.9097095859375001 0.140625 0.09625820625 0.140625 0.096875 0.20677640937500003 0.228125 0.20625358437500002 0.24375 0.2017375609375 0.2703125 0.2003194390625 0.421875 0.201588984375
7 0.0953125 0.3691853921875 0.5234375 0.3689863296875 0.5234375 0.3368540640625 0.0946693203125 0.3375 0.0953125 0.3691853921875
4 0.0984375 0.237840159375 0.5859375 0.2378744390625 0.5859375 0.20709088125 0.09771099062500001 0.2078125 0.0984375 0.237840159375
4 0.8921875 0.8281463015625 0.896875 0.8234753640625 0.9109375 0.8171926359375 0.912582459375 0.8140625 0.9130224171875 0.75625 0.0900163296875 0.75625 0.090625 0.8391258374999999 0.18125 0.8378329750000001 0.2390625 0.8406258078125 0.384375 0.8378368109375 0.40625 0.8406302359375 0.7515625 0.8406465859375001 0.7984375 0.8378366906249999 0.853125 0.8390975296875001 0.8921875 0.8281463015625
6 0.341430521875 0.934375 0.3421875 0.962701828125 0.6421875 0.9625103578124999 0.6440765015625 0.9578125 0.64375 0.9338467093749999 0.341430521875 0.934375
6 0.3875 0.9972877656250001 0.6125 0.9972131078125 0.6125 0.9712259953125001 0.38680461875 0.971875 0.3875 0.9972877656250001
4 0.095735421875 0.10426110625 0.095735421875 0.13599274687500001 0.8463881625 0.13599274687500001 0.844212359375 0.10426110625 0.095735421875 0.10426110625