4 0.3135345671875 0.1339092875 0.41090555 0.132469403125 0.40209799999999996 0.0912621 0.0827215 0.0864629 0.0853174 0.157497 0.31742940625 0.15262778906250002 0.3135345671875 0.1339092875
4 0.40209799999999996 0.162297 0.0814236 0.163257 0.07752780000000001 0.578904 0.40209799999999996 0.577943 0.40209799999999996 0.162297
4 0.48906700000000003 0.686207 0.400784 0.674688 0.405978 0.587335 0.0801091 0.5825359999999999 0.0736173 0.76876 0.487769 0.7726 0.48906700000000003 0.686207
4 0.922692 0.678527 0.5007520000000001 0.6794870000000001 0.5033489999999999 0.9300269999999999 0.925289 0.928107 0.922692 0.678527
4 0.2336903609375 0.9287257015625 0.220058421875 0.91288696875 0.4946445953125 0.9100072000000001 0.48906700000000003 0.788919 0.0671256 0.776439 0.0736173 0.926187 0.2336903609375 0.9287257015625
2 0.9159840000000001 0.10567800000000001 0.429603 0.104101 0.429603 0.635647 0.913851 0.640379 0.9159840000000001 0.10567800000000001
6 0.20865399999999998 0.0516652 0.0947303 0.050945300000000006 0.0995988 0.07038370000000001 0.207681 0.07326350000000001 0.20865399999999998 0.0516652
7 0.549453 0.0531051 0.41897599999999996 0.0495054 0.42286999999999997 0.07038370000000001 0.5514 0.0711037 0.549453 0.0531051
3 0.9292 0.0574248 0.8902509999999999 0.058864700000000006 0.8941459999999999 0.07326350000000001 0.9340680000000001 0.07326350000000001 0.9292 0.0574248
6 0.757811 0.651649 0.572157 0.655489 0.586438 0.669888 0.7643030000000001 0.672767 0.757811 0.651649
6 0.22292 0.9300269999999999 0.170988 0.9290670000000001 0.176182 0.9463459999999999 0.216428 0.951145 0.22292 0.9300269999999999