6 0.0334654859375 0.9091796875 0.030891217187499997 0.8974609375 0.02574268125 0.8896484375 0.0205941453125 0.8896484375 0.012871340625 0.9150390625 0.015445607812500001 0.9248046875 0.027029815625 0.92578125 0.0334654859375 0.9091796875
3 0.017311984375 0.873324446875 0.0194699375 0.8890471203124999 0.030891217187499997 0.8857421875 0.034143965625 0.8707039984374999 0.017311984375 0.873324446875
2 0.44920978125 0.404296875 0.4530711828125 0.3974609375 0.4504969140625 0.0048828125 0.4440612453125 0.001953125 0.0553467640625 0.00390625 0.0514853609375 0.0068359375 0.0514853609375 0.4013671875 0.060495299999999995 0.40625 0.44920978125 0.404296875
7 0.1016835890625 0.423828125 0.0759409078125 0.421875 0.045049690625 0.42578125 0.047623959375000004 0.43359375 0.06306956875 0.4375 0.10554499218749999 0.4345703125 0.1016835890625 0.423828125
6 0.1814859 0.45703125 0.047623959375000004 0.45703125 0.046336825 0.4638671875 0.057921032812499995 0.46875 0.18277303281249999 0.4658203125 0.1814859 0.45703125
4 0.10363519531250001 0.5563114734375 0.0449451265625 0.557703421875 0.043111067187500005 0.5735447421875 0.10497985937500001 0.5740087296875 0.1048579234375 0.5883923890625 0.15831748750000002 0.58984375 0.27673381875 0.587890625 0.3171200703125 0.5860724640625 0.31100649687500004 0.5716887749999999 0.27677063749999997 0.5707607984374999 0.27249114531249996 0.5605530328125 0.301224846875 0.5549851625 0.2993907671875 0.5415294640625 0.25843000156249996 0.53596159375 0.2553732140625 0.5234338875 0.32693204531250003 0.5205078125 0.32693204531250003 0.5087890625 0.31792210781249997 0.4921875 0.1300005390625 0.490234375 0.0449451265625 0.49274492187499996 0.046336825 0.4990234375 0.0461678328125 0.53867986875 0.10608062968750001 0.5428557765625001 0.10363519531250001 0.5563114734375
7 0.698913784375 0.099609375 0.7349535375 0.08984375 0.7388149390625001 0.0732421875 0.7388149390625001 0.0673828125 0.727230734375 0.064453125 0.6165372062500001 0.060546875 0.580497453125 0.068359375 0.5766360500000001 0.0712890625 0.5792103187500001 0.0810546875 0.5933687937500001 0.08984375 0.698913784375 0.099609375
7 0.68604244375 0.13671875 0.6950523828125 0.1298828125 0.69119098125 0.123046875 0.6705968359375001 0.119140625 0.4929723375 0.12109375 0.4891109359375 0.1279296875 0.503269409375 0.13671875 0.6088144015625 0.140625 0.68604244375 0.13671875
6 0.5972301953125 0.1630859375 0.5959430609374999 0.15625 0.577923184375 0.154296875 0.49554660625 0.15625 0.491685203125 0.1611328125 0.503269409375 0.16796875 0.5933687937500001 0.166015625 0.5972301953125 0.1630859375
4 0.13053481718749999 0.655703678125 0.13175754374999998 0.6700873515625 0.0461678328125 0.6737992859374999 0.0461678328125 0.6909668875 0.10363519531250001 0.6909668875 0.1042465484375 0.7048865578125 0.046779184375 0.7085984609375 0.050447325 0.7253020890624999 0.0999670765625 0.722982134375 0.1030238421875 0.7401497359375 0.0449451265625 0.7429336953125001 0.045556478125 0.7620229140625 0.0981330171875 0.7620229140625 0.0993557234375 0.7773345640625 0.045556478125 0.778262540625 0.045556478125 0.79403819375 0.159879853125 0.7917182375 0.1629366390625 0.8074938906250001 0.10118978281249999 0.8112057937499999 0.10363519531250001 0.8255894671874999 0.046779184375 0.82651744375 0.043722418750000006 0.8427898875000001 0.1048579234375 0.8413979390625 0.1048579234375 0.8581015359374999 0.0461678328125 0.8613494671874999 0.046779184375 0.87944504375 0.0993557234375 0.8766611171875001 0.10608062968750001 0.8905808171875 0.0480018921875 0.8924367703125 0.046779184375 0.9086763953125001 0.10118978281249999 0.9086763953125001 0.10791468906249999 0.92398804375 0.1617139328125 0.925478509375 0.1672161328125 0.9431101140625 0.3212775859375 0.9384702031250001 0.320666253125 0.9236225578124999 0.3561248203125 0.9245505328125001 0.3561248203125 0.9078469046875 0.19105896718749998 0.9069189281250001 0.190447634375 0.894855209375 0.389138015625 0.8911432906250001 0.3915834265625 0.8739756906249999 0.1837227296875 0.8753676531249999 0.18311135625 0.859128028125 0.30354828125 0.8563441015625 0.3072164421875 0.8442803671875 0.2240721625 0.8382485078125 0.22529486875 0.827112765625 0.1947270875 0.8266487781249999 0.190447634375 0.808089196875 0.25830802343750003 0.8104091531250001 0.25830802343750003 0.7927775484375 0.27970544531249997 0.7909215953125 0.2784827390625 0.776073934375 0.31883217343750003 0.774217975 0.31699809375 0.7607622859375 0.2558626109375 0.7602982968750001 0.253417196875 0.7366348421875 0.2937666296875 0.7366348421875 0.2937666296875 0.7236431390625 0.1990065796875 0.7194672328125 0.20450877812499998 0.7069395187499999 0.33533877031250003 0.702763615625 0.333504690625 0.6902359015624999 0.18861355468750002 0.68735346875 0.18861355468750002 0.6729697953125 0.226517575 0.6729697953125 0.2314084 0.6567301703124999 0.276648659375 0.6567301703124999 0.2723692078125 0.63956256875 0.22957432031249997 0.638634578125 0.2259062234375 0.6210029890625 0.2570853171875 0.619147028125 0.257696690625 0.6042993671875 0.0450675953125 0.6078049515624999 0.0473905390625 0.6385360765625 0.10118978281249999 0.6385360765625 0.1030238421875 0.6524557468750001 0.13053481718749999 0.655703678125
4 0.5483205796874999 0.240267378125 0.49340762656250003 0.240267378125 0.490911590625 0.272471790625 0.775460496875 0.2712088765625 0.7787886 0.25857968593749997 0.73302780625 0.254790940625 0.7338597906250001 0.2415302921875 0.8195572656250001 0.23837300625000002 0.8203893062500001 0.22321797499999999 0.6107216953125 0.22384943281249997 0.6107216953125 0.20932586875 0.81622921875 0.20680002812499998 0.81622921875 0.187224796875 0.49340762656250003 0.1908347921875 0.490911590625 0.21988191875 0.549152590625 0.22700672968750002 0.5483205796874999 0.240267378125
4 0.8145651953125 0.30463154062500003 0.8129011703125 0.2863192109375 0.6831069249999999 0.290107978125 0.6781148546875 0.2743215 0.492495275 0.2771533515625 0.49590369062499995 0.29200235 0.6190418140625 0.29326526406250003 0.6223698625 0.3071573703125 0.8145651953125 0.30463154062500003
4 0.49066479375 0.3236783109375 0.897158096875 0.324206784375 0.89383005 0.30526299843750004 0.4884071921875 0.30589445625 0.49066479375 0.3236783109375
4 0.4933992640625 0.388749684375 0.7163791500000001 0.3881182265625 0.7105550375 0.357176728125 0.6647942453125 0.3540194203125 0.665626284375 0.3420216984375 0.491735240625 0.33949585781249997 0.4888257109375 0.357009625 0.6065532453125 0.357176728125 0.607385228125 0.371700290625 0.490903228125 0.3723317484375 0.4933992640625 0.388749684375
4 0.7714744921875 0.40841300937499997 0.8226815578125001 0.40517435625 0.8184143140625 0.3906004640625 0.49250698593750003 0.3906004640625 0.491084571875 0.4224471296875 0.6127013703124999 0.4229869 0.62126885 0.43754123125 0.8696213796875 0.43756081093750004 0.8660653187499999 0.4197482671875 0.773608090625 0.4224471296875 0.7714744921875 0.40841300937499997
4 0.7919261234375 0.45645288281249996 0.7435638859375 0.45645288281249996 0.740007875 0.4402596734375 0.48539488906250006 0.43918012968750003 0.48539488906250006 0.454833565625 0.6119901390625 0.454833565625 0.62621433125 0.4753449734375 0.789792525 0.47102679375 0.7919261234375 0.45645288281249996
4 0.923657784375 0.5201844265625 0.7508339203125 0.5201844265625 0.751545103125 0.508309396875 0.7970625109375 0.5072298515625 0.7949289125 0.4921161875 0.8304893703125 0.4921161875 0.8304893703125 0.47214453437500004 0.4925122578125 0.4748434140625 0.4927940046875 0.5384495031250001 0.880985253125 0.54123560625 0.884541265625 0.5552697625 0.9250801984375 0.5552697625 0.923657784375 0.5201844265625
4 0.72863378125 0.6400906640625 0.8376295 0.6363122390625 0.8376295 0.6222781187499999 0.8191380640625001 0.6206588203125001 0.81771565 0.6066246828125 0.8767460187499999 0.6066246828125 0.8753236031249999 0.5888121374999999 0.8454528031249999 0.5866530296875 0.8440303890624999 0.5709995921875 0.49112237812500004 0.572618909375 0.4925122578125 0.6055451374999999 0.690228446875 0.6055451374999999 0.6930733234375 0.624977 0.725788953125 0.6222781187499999 0.72863378125 0.6400906640625
4 0.7677828359375 0.64228796875 0.692394628125 0.639049315625 0.49538962187499996 0.639049315625 0.49517845312500003 0.6731917234375 0.658256584375 0.6708959812499999 0.658256584375 0.659560740625 0.76920525 0.6547027703125 0.7677828359375 0.64228796875
4 0.8625778703125 0.6882897406249999 0.7331377921875 0.6877499499999999 0.7310041453125 0.6737158296875 0.49283140000000003 0.678533925 0.49187175468750005 0.7079859265625 0.6867049703125 0.7071818296875 0.869689990625 0.7044829499999999 0.8625778703125 0.6882897406249999
4 0.4905219015625 0.7224587015624999 0.6853207234375 0.7214802921875 0.683898309375 0.7074461359375 0.49044933906250004 0.709065471875 0.4905219015625 0.7224587015624999
4 0.746484690625 0.75610219375 0.7927133296875 0.75340333125 0.7927133296875 0.737210121875 0.8204504828125 0.7377498953125 0.8161832406249999 0.7188578046874999 0.49329416875 0.7226362109375 0.49187175468750005 0.7361305765624999 0.6184670031249999 0.7393692109375001 0.6184670031249999 0.7555624390625 0.4925829609375 0.75610219375 0.49286895468749997 0.8061532093749999 0.8133384109374999 0.80252276875 0.8083599375 0.773374984375 0.74435109375 0.7712158953125 0.746484690625 0.75610219375
4 0.8686351890624999 0.8553435515625001 0.9220374359375001 0.8569023843749999 0.9261452921875 0.821828509375 0.6974112703124999 0.8192557687500001 0.692432796875 0.8052216484375 0.49329416875 0.8068409843750001 0.49521600625 0.82396055 0.6106436984375 0.8230341937500001 0.6270015390625 0.8408467390625001 0.8645272640625 0.8413140015625 0.8686351890624999 0.8553435515625001
4 0.48727323125 0.872084215625 0.8122959 0.871004671875 0.8115847171875 0.85751030625 0.4929629125 0.8569705515624999 0.48727323125 0.872084215625
4 0.8279425078125 0.9077093062499999 0.8620806 0.90393088125 0.8599469546874999 0.8882774625 0.7145901546875 0.8872997078125 0.7125362265625 0.875608434375 0.48763049531249997 0.874828990625 0.4855765671875 0.8919762062500001 0.61805529375 0.8904173734375 0.61805529375 0.905226365625 0.4879844390625 0.9066297609375 0.4788809890625 0.939708271875 0.81798560625 0.9368571265625001 0.81798560625 0.9222832171875 0.8265200937499999 0.9217434265625 0.8279425078125 0.9077093062499999