4 0.6265625 0.42346586875 0.6312544484375 0.4203125 0.6328786609375 0.409375 0.6390625 0.406479715625 0.721875 0.409414928125 0.75625 0.4065034015625 0.8578125 0.4063048578125 0.860030859375 0.396875 0.859666425 0.3203125 0.1828125 0.31979977187499997 0.171875 0.3202366203125 0.1609375 0.328022403125 0.1390625 0.3343176046875 0.1265625 0.33435513906250003 0.12632525781249998 0.4296875 0.1859375 0.43125244531250007 0.59375 0.4281575984375 0.615625 0.42662844843750003 0.6265625 0.42346586875
4 0.55 0.856251375 0.562506225 0.85 0.571875 0.83289770625 0.5796875 0.831437984375 0.7296875 0.8296975046874999 0.765625 0.8267478734375 0.8515625 0.829689071875 0.8625431984375 0.8203125 0.86266920625 0.7453125 0.1546875 0.7453053125 0.16715829375 0.746875 0.15625 0.7530706671875 0.1265625 0.7608061187499999 0.1171485453125 0.75625 0.1171875 0.859784328125 0.3046875 0.8594080203125 0.3265625 0.8565416593749999 0.4171875 0.855057625 0.55 0.856251375
4 0.6625 0.7344542171875 0.6734375 0.7204422984375001 0.7296875 0.721882828125 0.8546875 0.7173282984375 0.854988153125 0.6328125 0.321875 0.63253110625 0.2765625 0.635705153125 0.259375 0.632812478125 0.2265625 0.6325263171875 0.2078125 0.6328096203125 0.20625 0.6357502312500001 0.2015625 0.6358285593749999 0.18125 0.6328063609375 0.178125 0.635750559375 0.1703125 0.6359000375 0.1609375 0.6405397265625 0.1484375 0.64061005625 0.1249686734375 0.6453125 0.1243904046875 0.7390625 0.125 0.742476434375 0.1296875 0.7437661578125 0.678125 0.7453484453125 0.6578125 0.7436441953124999 0.6531577421875 0.740625 0.6625 0.7344542171875
4 0.8578125 0.6218948234375 0.8609478578124999 0.6171875 0.86436881875 0.590625 0.8643812593750001 0.5265625 0.8625 0.518707578125 0.16875 0.518584615625 0.16247951562500001 0.51875 0.165625 0.5188385765625 0.167167384375 0.521875 0.159375 0.5280719375 0.15 0.5281131968749999 0.128125 0.5358557234375 0.11867414843749999 0.5359375 0.1180439421875 0.6203125 0.1203125 0.629697709375 0.7390625 0.6316148921875 0.7796875 0.6312587984375 0.7796875 0.6267253921875 0.7890625 0.6266642984375 0.7968678796875001 0.628125 0.79375 0.631254778125 0.834375 0.6312527718750001 0.8234385375000001 0.628125 0.853125 0.6234386484375001 0.8578125 0.6218948234375
4 0.834375 0.49687656249999995 0.859375 0.49382227656250005 0.8614710234375 0.484375 0.8610969984375 0.4328125 0.221875 0.4326446203125 0.2171875 0.43280721250000004 0.2187130015625 0.434375 0.2140625 0.43742972187499995 0.1734375 0.4374884921875 0.1640625 0.44208873281249994 0.1515625 0.4406209078125 0.1359375 0.44679930468749995 0.12342206093750001 0.446875 0.1234375 0.515818375 0.7265625 0.5156252625 0.759375 0.512513496875 0.7828125 0.49690367812499997 0.834375 0.49687656249999995
7 0.3953125 0.1973243609375 0.5890625 0.197010175 0.5890625 0.16038524375000002 0.39463537031249996 0.1609375 0.3953125 0.1973243609375
6 0.70069509375 0.871875 0.2836694703125 0.871875 0.284375 0.9067284046875 0.5796875 0.906252628125 0.621875 0.9017585828125 0.7 0.9000769171874999 0.70069509375 0.871875
6 0.4046875 0.0891263 0.5859375 0.09080469687500001 0.5859375 0.058826315625 0.40394887187500006 0.059375 0.4046875 0.0891263
6 0.4390625 0.270646346875 0.546875 0.2705741578125 0.546875 0.2446954609375 0.43834681875000003 0.2453125 0.4390625 0.270646346875
6 0.121875 0.0863471921875 0.3234375 0.0860566546875 0.3234375 0.0556827296875 0.121144375 0.05625 0.121875 0.0863471921875
6 0.68125 0.09398217812500001 0.8640625 0.09381428124999999 0.8640625 0.0619879515625 0.680499253125 0.0625 0.68125 0.09398217812500001
6 0.338357071875 0.2828125 0.33889395625 0.30625 0.35 0.30939284375 0.6375 0.3094175765625 0.6406877359375 0.303125 0.640625 0.282676121875 0.338357071875 0.2828125
3 0.7477295796875 0.8984375 0.7484375 0.925312453125 0.8046875 0.9250775156250001 0.8078409015625001 0.9234375 0.8078125 0.897894178125 0.7477295796875 0.8984375