2 0.08139922656250001 0.2099609375 0.08386587031250001 0.2880859375 0.2737974015625 0.2880859375 0.2762640453125 0.1123046875 0.2725640796875 0.109375 0.08509919218749999 0.109375 0.08139922656250001 0.2099609375
2 0.52169505 0.10546875 0.5179950843750001 0.1103515625 0.5179950843750001 0.1748046875 0.520461728125 0.2216796875 0.5278616578124999 0.2275390625 0.5278616578124999 0.2470703125 0.5229283703125 0.2744140625 0.5253950140625 0.3017578125 0.520461728125 0.3056640625 0.520461728125 0.3427734375 0.5266283359374999 0.345703125 0.7103932578125 0.3447265625 0.7153265453125 0.3408203125 0.7128599015625 0.1064453125 0.7091599375000001 0.103515625 0.52169505 0.10546875
2 0.0875658359375 0.5625 0.08139922656250001 0.5673828125 0.08139922656250001 0.7275390625 0.08509919218749999 0.73046875 0.2713307578125 0.7294921875 0.2762640453125 0.7158203125 0.2762640453125 0.5654296875 0.26763079375 0.5625 0.0875658359375 0.5625
2 0.3095637296875 0.7265625 0.303397121875 0.7294921875 0.300930478125 0.8896484375 0.303397121875 0.9462890625 0.3070970859375 0.951171875 0.7103932578125 0.9521484375 0.7153265453125 0.9482421875 0.7153265453125 0.7509765625 0.7116265796875 0.7265625 0.3095637296875 0.7265625
2 0.9249912218749999 0.3623046875 0.8990914671875 0.359375 0.7362930125 0.359375 0.732593046875 0.3623046875 0.732593046875 0.6044921875 0.73875965625 0.607421875 0.863325140625 0.6064453125 0.8867582515624999 0.603515625 0.9212912578125 0.60546875 0.9249912218749999 0.6025390625 0.9249912218749999 0.3623046875
7 0.499495259375 0.064453125 0.49332865156250005 0.0693359375 0.49332865156250005 0.0771484375 0.5130617984375 0.0810546875 0.5179950843750001 0.0771484375 0.515528440625 0.0654296875 0.5118284765625 0.0625 0.499495259375 0.064453125
7 0.5426615171875 0.0732421875 0.5562280546875 0.08203125 0.56979459375 0.0810546875 0.5710279140625001 0.0625 0.5512947687499999 0.060546875 0.5401948734375 0.0654296875 0.5426615171875 0.0732421875
7 0.74985955 0.0654296875 0.753559515625 0.076171875 0.77082601875 0.08203125 0.7794592703125 0.0810546875 0.7868592 0.0771484375 0.7856258781250001 0.060546875 0.77082601875 0.05859375 0.74985955 0.0654296875
7 0.8102923093750001 0.060546875 0.8065923453125 0.0634765625 0.8065923453125 0.0751953125 0.8127589546875 0.08203125 0.8386587078125001 0.0810546875 0.8435919937499999 0.0791015625 0.8448253156250001 0.060546875 0.8349587421875 0.05859375 0.8102923093750001 0.060546875
7 0.6906601125 0.0615234375 0.6906601125 0.0771484375 0.6968267203125 0.08203125 0.7276597625 0.0810546875 0.735059690625 0.0634765625 0.7313597265625 0.060546875 0.7165598656250001 0.05859375 0.6906601125 0.0615234375
7 0.630227353125 0.060546875 0.595694346875 0.0625 0.594461025 0.0791015625 0.6055609203125 0.083984375 0.6191274578125 0.0830078125 0.630227353125 0.08203125 0.6474938546875 0.07421875 0.6487271781249999 0.0673828125 0.630227353125 0.060546875
7 0.161565134375 0.30078125 0.0998990515625 0.296875 0.08386587031250001 0.2998046875 0.08386587031250001 0.3037109375 0.097432409375 0.310546875 0.159098490625 0.306640625 0.207198034375 0.3095703125 0.2121313203125 0.3076171875 0.2121313203125 0.3017578125 0.2059647125 0.298828125 0.161565134375 0.30078125
7 0.376163096875 0.58984375 0.349030021875 0.5859375 0.30833040624999997 0.5888671875 0.30833040624999997 0.5986328125 0.314497015625 0.6015625 0.392196278125 0.6025390625 0.4020628515625 0.6005859375 0.4020628515625 0.5908203125 0.39589624218749997 0.587890625 0.376163096875 0.58984375
7 0.092499121875 0.740234375 0.08139922656250001 0.7470703125 0.0875658359375 0.75390625 0.10236569531249999 0.755859375 0.1344320578125 0.75390625 0.17143170624999998 0.7578125 0.20226474687499998 0.7568359375 0.20473139062499998 0.7470703125 0.19363149531249998 0.7421875 0.11963219843749999 0.744140625 0.092499121875 0.740234375
7 0.7584928015625 0.69140625 0.739992978125 0.6962890625 0.739992978125 0.7021484375 0.751092871875 0.70703125 0.8830582859374999 0.7060546875 0.8830582859374999 0.6982421875 0.8670251062500001 0.693359375 0.7930258078125 0.6953125 0.7584928015625 0.69140625
7 0.4316625703125 0.4169921875 0.4316625703125 0.4091796875 0.4156293890625 0.408203125 0.4032961734375 0.41015625 0.40082952968749996 0.4140625 0.3934296 0.41015625 0.371229809375 0.412109375 0.3662965234375 0.408203125 0.349030021875 0.408203125 0.33669680468749996 0.412109375 0.3095637296875 0.41015625 0.30586376406250004 0.4130859375 0.3070970859375 0.419921875 0.33423016250000004 0.41796875 0.3477966984375 0.4228515625 0.371229809375 0.41796875 0.405762815625 0.41796875 0.41809603281249996 0.421875 0.4316625703125 0.4169921875
7 0.6080275625 0.419921875 0.6092608859374999 0.4130859375 0.6055609203125 0.41015625 0.5808944875 0.408203125 0.563627984375 0.412109375 0.52169505 0.41015625 0.5130617984375 0.4130859375 0.51922840625 0.421875 0.5278616578124999 0.4228515625 0.5414281953125 0.419921875 0.5537614109375 0.421875 0.563627984375 0.41796875 0.6080275625 0.419921875
7 0.8398920296875 0.103515625 0.7930258078125 0.10546875 0.7856258781250001 0.1015625 0.735059690625 0.1044921875 0.735059690625 0.1103515625 0.7412262984375 0.11328125 0.7979590937500001 0.11328125 0.813992275 0.1162109375 0.817692240625 0.11328125 0.8448253156250001 0.115234375 0.84852528125 0.1083984375 0.8398920296875 0.103515625
4 0.927457865625 0.1904296875 0.927457865625 0.1259765625 0.9212912578125 0.123046875 0.88922489375 0.125 0.859625175 0.119140625 0.84881235 0.1220504796875 0.8415219374999999 0.1236998109375 0.8290240859375 0.12122581562500001 0.7571614453125 0.12040115 0.7477880578125 0.11875181875 0.7449262640625001 0.1240234375 0.732593046875 0.1552734375 0.732593046875 0.3544921875 0.9225245781250001 0.3564453125 0.927457865625 0.3173828125 0.927457865625 0.2509765625 0.9323911515625 0.2353515625 0.927457865625 0.1904296875
4 0.2762640453125 0.4951171875 0.28119733125 0.4072265625 0.2762640453125 0.3974609375 0.2787306875 0.3330078125 0.2725640796875 0.318359375 0.2306311453125 0.318359375 0.2158312859375 0.314453125 0.17143170624999998 0.31640625 0.1677317421875 0.3134765625 0.17184544531249998 0.318320846875 0.1666380078125 0.316671515625 0.159098490625 0.31640625 0.0998990515625 0.318359375 0.09373244375 0.3251953125 0.0961990875 0.3310546875 0.08386587031250001 0.3388671875 0.08386587031250001 0.5146484375 0.092499121875 0.51953125 0.1849982453125 0.5185546875 0.2059647125 0.515625 0.2281645015625 0.5 0.26516415000000004 0.5 0.2762640453125 0.4951171875
4 0.503195225 0.3349609375 0.4982619375 0.2939453125 0.503195225 0.1943359375 0.50072858125 0.1435546875 0.42796260625000004 0.138671875 0.3613632375 0.140625 0.357663271875 0.1376953125 0.361396178125 0.141017784375 0.349939815625 0.13936845312499999 0.36035469062500003 0.1426671140625 0.344732378125 0.1426671140625 0.34369089062499997 0.13936845312499999 0.3426494015625 0.1434917796875 0.337441965625 0.14019311875 0.33423016250000004 0.140625 0.32436358906249996 0.140625 0.3181969796875 0.1455078125 0.3181969796875 0.1513671875 0.30586376406250004 0.1591796875 0.303397121875 0.3857421875 0.312030371875 0.392578125 0.3995962078125 0.3935546875 0.48716204375 0.390625 0.4982619375 0.3818359375 0.4982619375 0.3525390625 0.503195225 0.3349609375
7 0.46989554062499994 0.115234375 0.47359550625 0.1064453125 0.4649622546875 0.1015625 0.3095637296875 0.1015625 0.30586376406250004 0.1044921875 0.3157303375 0.1181640625 0.30833040624999997 0.1220703125 0.312030371875 0.130859375 0.3724631328125 0.1298828125 0.374929775 0.1201171875 0.38109638281249997 0.1171875 0.4600289671875 0.1171875 0.46989554062499994 0.115234375
4 0.48962868593750003 0.544921875 0.4982619375 0.5361328125 0.4982619375 0.4521484375 0.49332865156250005 0.4443359375 0.49332865156250005 0.4326171875 0.48222875781249996 0.4296875 0.3218969453125 0.4296875 0.3157303375 0.4345703125 0.3181969796875 0.4384765625 0.31326369375 0.4462890625 0.303397121875 0.4521484375 0.303397121875 0.5595703125 0.3070970859375 0.5625 0.4513957171875 0.5615234375 0.46249561093749997 0.560546875 0.46866221875 0.5556640625 0.4674288984375 0.55078125 0.48962868593750003 0.544921875
4 0.659827071875 0.544921875 0.6992933640625 0.548828125 0.7103932578125 0.5439453125 0.7103932578125 0.4345703125 0.7042266500000001 0.4296875 0.5562280546875 0.4296875 0.5537614109375 0.423828125 0.5438948375 0.423828125 0.5414281953125 0.427734375 0.5253950140625 0.4306640625 0.520461728125 0.4462890625 0.5130617984375 0.4521484375 0.5105951546874999 0.4697265625 0.515528440625 0.5595703125 0.51922840625 0.5625 0.6018609546875 0.5615234375 0.6104942062500001 0.552734375 0.625294065625 0.548828125 0.6474938546875 0.548828125 0.659827071875 0.544921875
4 0.694360078125 0.67578125 0.7128599015625 0.6708984375 0.7153265453125 0.6123046875 0.7128599015625 0.5947265625 0.70669329375 0.58984375 0.6696936453125 0.591796875 0.6277607093750001 0.5859375 0.6055609203125 0.58984375 0.52169505 0.58984375 0.5179950843750001 0.5927734375 0.5130617984375 0.6083984375 0.515528440625 0.6904296875 0.5389615515624999 0.693359375 0.6018609546875 0.6923828125 0.63762728125 0.689453125 0.6499604984375 0.6796875 0.6672270015625 0.673828125 0.694360078125 0.67578125
4 0.5105951546874999 0.6123046875 0.4970286171875 0.607421875 0.371229809375 0.607421875 0.32436358906249996 0.611328125 0.30833040624999997 0.6298828125 0.31326369375 0.6748046875 0.31079705 0.7021484375 0.3218969453125 0.708984375 0.3650632015625 0.7080078125 0.499495259375 0.705078125 0.5105951546874999 0.6962890625 0.5130617984375 0.6845703125 0.5105951546874999 0.6123046875
4 0.874425034375 0.65625 0.8842916078125 0.65234375 0.8941581812500001 0.654296875 0.9262245437500001 0.6484375 0.9323911515625 0.6337890625 0.9299245078125 0.6220703125 0.9262245437500001 0.619140625 0.859625175 0.6171875 0.8472919593749999 0.61328125 0.8201588828125 0.615234375 0.817692240625 0.611328125 0.8053590234374999 0.611328125 0.8053590234374999 0.615234375 0.76589273125 0.61328125 0.73875965625 0.615234375 0.735059690625 0.6181640625 0.735059690625 0.6591796875 0.7436929421875 0.66796875 0.8189255624999999 0.6689453125 0.8275588140625001 0.66796875 0.828792134375 0.6630859375 0.8374253859375 0.658203125 0.874425034375 0.65625
4 0.931089865625 0.917852596875 0.9373387921875 0.889813971875 0.9348577953125 0.8603515625 0.9348577953125 0.8193359375 0.9299245078125 0.8076171875 0.9323911515625 0.7451171875 0.9299245078125 0.7314453125 0.9352558171875 0.73230288125 0.9362973046875 0.729828884375 0.9352558171875 0.717458903125 0.9286911859375 0.720703125 0.8719583921874999 0.716796875 0.8522252453125001 0.71875 0.8029868984374999 0.7141602406249999 0.788092521875 0.71484375 0.7550784703125 0.7141602406249999 0.7488295453125 0.7248808921875 0.7482840046875 0.7270407296875 0.7457050828125 0.7265302218749999 0.739992978125 0.7353515625 0.735059690625 0.7568359375 0.737526334375 0.7783203125 0.732593046875 0.7861328125 0.735059690625 0.8154296875 0.739992978125 0.8212890625 0.739992978125 0.9287109375 0.7461595859375 0.93359375 0.7609594453125 0.935546875 0.8189255624999999 0.9345703125 0.8300254562499999 0.93359375 0.8448253156250001 0.91796875 0.9262245437500001 0.91796875 0.9311578296875 0.921875 0.931089865625 0.917852596875
3 0.9456706921875 0.8642493453125001 0.9425462296875 0.8865153109374999 0.96025151875 0.8865153109374999 0.96025151875 0.8650740109375 0.9456706921875 0.8642493453125001
6 0.9623344921875001 0.9310472421875 0.96025151875 0.89228796875 0.9415047421875 0.8939372999999999 0.9362973046875 0.92774858125 0.9623344921875001 0.9310472421875
4 0.2700974375 0.9140625 0.2762640453125 0.9111328125 0.2787306875 0.8505859375 0.2737974015625 0.8408203125 0.2762640453125 0.7705078125 0.2725640796875 0.767578125 0.2330977875 0.767578125 0.21089799843749998 0.765625 0.20349806875 0.76171875 0.1788316359375 0.767578125 0.17636499375 0.759765625 0.1689650625 0.765625 0.15416520312499998 0.76171875 0.1146989109375 0.759765625 0.0961990875 0.7666015625 0.08139922656250001 0.7841796875 0.08386587031250001 0.8076171875 0.078932584375 0.8193359375 0.078932584375 0.9248046875 0.08509919218749999 0.9296875 0.108532303125 0.9287109375 0.1220988421875 0.927734375 0.13936534375 0.916015625 0.1492319171875 0.9140625 0.2700974375 0.9140625
4 0.5759612015625 0.3671875 0.566094628125 0.365234375 0.5586946984375001 0.35546875 0.5266283359374999 0.35546875 0.5229283703125 0.3583984375 0.5229283703125 0.3798828125 0.534028265625 0.38671875 0.643793890625 0.3876953125 0.6536604625 0.3837890625 0.6536604625 0.3759765625 0.6474938546875 0.37109375 0.5759612015625 0.3671875