4 0.4389127078125 0.814453125 0.40802149062500004 0.810546875 0.3809916765625 0.8115234375 0.3784174078125 0.9326171875 0.3809916765625 0.9482421875 0.3925758828125 0.958984375 0.651289825 0.9599609375 0.6590126296875 0.9580078125 0.6615868984375 0.8271484375 0.6551512265625 0.814453125 0.4389127078125 0.814453125
7 0.719507928125 0.255859375 0.69762665 0.2587890625 0.69762665 0.2666015625 0.7066365890624999 0.271484375 0.864954075 0.2724609375 0.8701026125 0.2666015625 0.8636669421875001 0.259765625 0.745250609375 0.259765625 0.719507928125 0.255859375
1 0.4775267296875 0.34765625 0.4440612453125 0.353515625 0.4054472234375 0.34765625 0.3925758828125 0.349609375 0.3861402125 0.3564453125 0.3925758828125 0.36328125 0.44920978125 0.361328125 0.46465538906250003 0.3671875 0.5869331234375 0.3662109375 0.5895073921875 0.3564453125 0.5830717203125 0.3515625 0.4903980703125 0.3515625 0.4775267296875 0.34765625
1 0.4775267296875 0.38671875 0.40802149062500004 0.380859375 0.3887144796875 0.3857421875 0.3887144796875 0.3935546875 0.40029868593750007 0.3984375 0.5843588546875 0.3994140625 0.5869331234375 0.3876953125 0.575348915625 0.384765625 0.5161407515625 0.3828125 0.4775267296875 0.38671875
1 0.3835659453125 0.6064453125 0.39772441875000003 0.61328125 0.4504969140625 0.6123046875 0.4556454515625 0.6064453125 0.4389127078125 0.599609375 0.3835659453125 0.6025390625 0.3835659453125 0.6064453125
1 0.4633682546875 0.6044921875 0.46465538906250003 0.611328125 0.482675265625 0.615234375 0.5869331234375 0.6142578125 0.5895073921875 0.6044921875 0.580497453125 0.6015625 0.5341606265625 0.599609375 0.4633682546875 0.6044921875
7 0.266436746875 0.58203125 0.243268334375 0.587890625 0.227822725 0.58203125 0.1480204140625 0.5859375 0.10940639375000001 0.580078125 0.084950846875 0.5849609375 0.08881224843749999 0.595703125 0.122277734375 0.599609375 0.23039699374999997 0.599609375 0.240694065625 0.595703125 0.2509911375 0.6015625 0.2973279625 0.59765625 0.33465485 0.6005859375 0.350100459375 0.5966796875 0.3462390578125 0.5859375 0.2921794265625 0.5859375 0.266436746875 0.58203125
6 0.0527724953125 0.94921875 0.0669309703125 0.9482421875 0.0695052375 0.9208984375 0.0553467640625 0.91796875 0.04891109375 0.9462890625 0.0527724953125 0.94921875
3 0.0540596296875 0.9072265625 0.064356703125 0.9169921875 0.0695052375 0.8916015625 0.060495299999999995 0.888671875 0.0540596296875 0.8935546875 0.0540596296875 0.9072265625
2 0.6667354328124999 0.0576171875 0.39515015 0.0546875 0.3912887484375 0.0576171875 0.3887144796875 0.1611328125 0.3887144796875 0.3369140625 0.39772441875000003 0.341796875 0.6564383609375 0.3427734375 0.664161165625 0.3408203125 0.664161165625 0.2080078125 0.6693097015625 0.1103515625 0.6667354328124999 0.0576171875
2 0.6590126296875 0.5322265625 0.664161165625 0.5185546875 0.664161165625 0.4091796875 0.6525769593749999 0.404296875 0.3925758828125 0.40234375 0.3887144796875 0.4052734375 0.3861402125 0.4267578125 0.3887144796875 0.5712890625 0.39515015 0.572265625 0.40287295468749995 0.580078125 0.60237873125 0.5810546875 0.6551512265625 0.580078125 0.6615868984375 0.5751953125 0.664161165625 0.5400390625 0.6590126296875 0.5322265625
2 0.6602997640625 0.62109375 0.3925758828125 0.619140625 0.3861402125 0.6240234375 0.3861402125 0.7939453125 0.3900016140625 0.796875 0.4891109359375 0.7978515625 0.6602997640625 0.796875 0.664161165625 0.7939453125 0.664161165625 0.6376953125 0.6602997640625 0.62109375
4 0.23987737031249998 0.31918256718750004 0.37707095156250003 0.32566051875 0.3763601265625 0.14913797812500001 0.093874246875 0.1486519046875 0.084201821875 0.330518875 0.23987737031249998 0.33375789375 0.23987737031249998 0.31918256718750004
4 0.27684145781249997 0.5787053203125 0.2811067171875 0.5587318296875 0.37707095156250003 0.56143095625 0.36498675937499997 0.3347047546875 0.23276888437499998 0.33146579374999996 0.08267334062500001 0.332780625 0.06927402187500001 0.5312008015624999 0.0849126859375 0.5673690125 0.27684145781249997 0.5787053203125
4 0.36427570625 0.6029088671875 0.08267334062500001 0.600947584375 0.0721173265625 0.9608123031250001 0.3635648796875 0.9591928234375 0.36427570625 0.6029088671875
4 0.21300205156250002 0.135648709375 0.348820871875 0.1377590671875 0.376957378125 0.1348573328125 0.3818203875 0.0797251015625 0.0914845921875 0.0758701953125 0.07891984375 0.14804689843750002 0.2143914984375 0.1488382734375 0.21300205156250002 0.135648709375
4 0.9103939109375 0.11137996562500001 0.975003603125 0.10979722968750001 0.9826454312499999 0.09502496875000001 0.6954919890625 0.0844733421875 0.6929446859375 0.12272296875 0.9006677468750001 0.126152240625 0.9103939109375 0.11137996562500001
4 0.687039509375 0.24142875625000002 0.9030992875000001 0.2453856375 0.9072676656249999 0.22982195781249998 0.9805612421875001 0.23272365 0.9822982265625001 0.124833328125 0.7300671515625 0.121089096875 0.7127443640625 0.135912534375 0.6898185140625 0.1385504015625 0.687039509375 0.24142875625000002
4 0.6853027859374999 0.34839801718749996 0.6853027859374999 0.4404176921875 0.68460796875 0.586778265625 0.6866921578125 0.5962746921875001 0.9183832375 0.5991764265625 0.9267199921874999 0.5851954859374999 0.9711824312499999 0.5836127765625 0.9802138890625001 0.28247196875 0.7189970031249999 0.2795702765625 0.7183021890625 0.29330902812500004 0.6894710500000001 0.290671103125 0.6853027859374999 0.34839801718749996
4 0.6853027859374999 0.6630137515625 0.9406146062499999 0.6674981828125001 0.9541616453125 0.6556276140625 0.9722247109375 0.651406965625 0.9701405218750001 0.597857471875 0.7148631578125 0.5972718125 0.7106602875 0.60946425625 0.6839133390625001 0.6105193875 0.6853027859374999 0.6630137515625
4 0.6661977375 0.7613643765625 0.71726009375 0.7645298953124999 0.7238600859375001 0.7487024484375 0.9670140546875 0.75476964375 0.9694455953125001 0.6661359828125 0.7136468375 0.6637159109375 0.7117023812500001 0.677215203125 0.6800923515624999 0.6745772640625 0.6661977375 0.7613643765625
4 0.672450265625 0.93118066875 0.8617630953125 0.9348737359375001 0.8749630046875 0.9179911453124999 0.9666667015625 0.9198376796875 0.9670140546875 0.7658055921875 0.7166876375 0.7615363921875 0.7064918359375 0.7760718 0.6780081625000001 0.7773907421875 0.672450265625 0.93118066875
4 0.6766187171875 0.9633199125 0.9611089156249999 0.9728163375 0.962150971875 0.9340391171875 0.7154713187499999 0.928569475 0.6943341328125 0.9437994109375 0.67314508125 0.9440631640625 0.6766187171875 0.9633199125