2 0.74977985 0.1875 0.748475884375 0.3564453125 0.9323349437499999 0.357421875 0.933638909375 0.1884765625 0.74977985 0.1875
2 0.26470488593749997 0.46875 0.2712247109375 0.2919921875 0.08736565156250001 0.2890625 0.0808458265625 0.2958984375 0.07562996875 0.3212890625 0.07562996875 0.4677734375 0.084757721875 0.47265625 0.26470488593749997 0.46875
2 0.493395953125 0.5538798703125 0.29937861250000003 0.5538798703125 0.29937861250000003 0.7687175328125 0.493395953125 0.7687175328125 0.493395953125 0.5538798703125
7 0.6070998890625 0.5702878921875 0.608143015625 0.5952868140625001 0.684581603125 0.591796875 0.701533146875 0.5654296875 0.6070998890625 0.5702878921875
7 0.243841446875 0.755859375 0.1995066390625 0.75 0.14213218125 0.75 0.1277885671875 0.7587890625 0.1251806359375 0.7685546875 0.134308390625 0.775390625 0.24514541250000002 0.7705078125 0.243841446875 0.755859375
7 0.6558943734375 0.8359375 0.6063437046875 0.841796875 0.6063437046875 0.861328125 0.6989252171875 0.8603515625 0.6976212515625 0.84375 0.6558943734375 0.8359375
7 0.9310309796875 0.4619140625 0.9297270140625 0.453125 0.841057396875 0.443359375 0.748475884375 0.4482421875 0.748475884375 0.4658203125 0.7602115687500001 0.470703125 0.9192952953125 0.47265625 0.9310309796875 0.4619140625
7 0.6924053921875 0.17578125 0.701533146875 0.1689453125 0.695013321875 0.14453125 0.62720714375 0.14453125 0.6076476703125 0.1591796875 0.6076476703125 0.1728515625 0.6219912843750001 0.181640625 0.6924053921875 0.17578125
7 0.1682114796875 0.087890625 0.1682114796875 0.123046875 0.2581850609375 0.1220703125 0.256881096875 0.087890625 0.1682114796875 0.087890625
4 0.2674004203125 0.9270962421875 0.2686167796875 0.8056640625 0.2660088515625 0.7939453125 0.256881096875 0.787109375 0.108229090625 0.787109375 0.07041410625 0.8095703125 0.0699041703125 0.939294878125 0.21989273125 0.939294878125 0.2232861375 0.9276045187499999 0.2674004203125 0.9270962421875
6 0.0560704921875 0.904296875 0.0508546328125 0.90625 0.0521585984375 0.9326171875 0.06389428281250001 0.93359375 0.0651982484375 0.9111328125 0.0560704921875 0.904296875
3 0.0610813140625 0.8808430859374999 0.0481863703125 0.8844010203125 0.0495506671875 0.8955078125 0.061286353125000005 0.8984375 0.0651982484375 0.8955078125 0.0610813140625 0.8808430859374999
4 0.1432017484375 0.7309015328124999 0.1452377921875 0.7197194515625001 0.2728298703125 0.7197194515625001 0.2735085515625 0.6043406984375 0.101802190625 0.6043406984375 0.07562996875 0.6259765625 0.07562996875 0.7138671875 0.07465493906250001 0.73700085 0.1432017484375 0.7309015328124999
4 0.2712247109375 0.5634765625 0.2673128171875 0.484375 0.08736565156250001 0.48046875 0.07562996875 0.4873046875 0.0730220375 0.5751953125 0.071940215625 0.5972248265625 0.2728298703125 0.595191721875 0.2712247109375 0.5634765625
4 0.2790485 0.2451171875 0.2782593203125 0.24193958906250002 0.2782593203125 0.1357098109375 0.1056211625 0.1328125 0.078237896875 0.1533203125 0.07562996875 0.2470703125 0.0760123015625 0.28361825937499996 0.280974046875 0.28565136406249997 0.2790485 0.2451171875
4 0.43299865000000004 0.5133592124999999 0.48377099843750004 0.513671875 0.4928987546875 0.4970703125 0.49811461250000005 0.4560546875 0.4955066828125 0.1044921875 0.46812341875 0.0859375 0.3064317640625 0.0859375 0.29469608125 0.1845703125 0.29208815 0.4384765625 0.291832946875 0.5291157828124999 0.4316412875 0.529624059375 0.43299865000000004 0.5133592124999999
4 0.4902908234375 0.5439453125 0.4902908234375 0.5380859375 0.48116306875000003 0.53515625 0.3194714140625 0.537109375 0.32207934374999997 0.544921875 0.3585903625 0.546875 0.44204412031249996 0.548828125 0.4902908234375 0.5439453125
4 0.49815205156250003 0.85695409375 0.4975427265625 0.8110151609375 0.4949347984375 0.7797651609375 0.48580704375000006 0.7709760984375 0.308467809375 0.7729292234375 0.2972623953125 0.7756298609375001 0.297941078125 0.8747437687499999 0.45675249375 0.8747437687499999 0.4601459 0.8554292625000001 0.49815205156250003 0.85695409375
4 0.426396540625 0.9453125 0.4928987546875 0.9404296875 0.4889868578125 0.87890625 0.33251106406250003 0.876953125 0.3012159046875 0.892578125 0.29208815 0.8994140625 0.29469608125 0.9384765625 0.3012159046875 0.94140625 0.426396540625 0.9453125
4 0.6976212515625 0.927734375 0.70674900625 0.9208984375 0.7093569359375 0.8798828125 0.6767578125 0.875 0.535929596875 0.875 0.5111542625000001 0.8935546875 0.5111542625000001 0.9365234375 0.5176740875 0.94140625 0.5594009671875 0.943359375 0.6976212515625 0.927734375
4 0.7093569359375 0.1279296875 0.71978865625 0.1123046875 0.718484690625 0.087890625 0.538537528125 0.083984375 0.5241939140625 0.0908203125 0.5215859828125 0.1259765625 0.535929596875 0.1328125 0.6976212515625 0.1328125 0.7093569359375 0.1279296875
4 0.927119084375 0.169921875 0.9414627 0.1650390625 0.9375508031249999 0.08984375 0.78629086875 0.087890625 0.7732512203125 0.08984375 0.7432600265625 0.1083984375 0.7406520953125 0.1474609375 0.7432600265625 0.1650390625 0.74977985 0.169921875 0.927119084375 0.169921875
4 0.927119084375 0.44140625 0.93885476875 0.4326171875 0.9375508031249999 0.373046875 0.768035359375 0.369140625 0.7432600265625 0.3740234375 0.7406520953125 0.4169921875 0.7432600265625 0.4345703125 0.74977985 0.439453125 0.927119084375 0.44140625
4 0.6577625484375 0.31208173906250003 0.72223726875 0.308015528125 0.7223965859375 0.2373046875 0.71326883125 0.189453125 0.5594009671875 0.189453125 0.5215859828125 0.2099609375 0.5189780515625 0.2880859375 0.5159181640625 0.32682175625 0.6543691421875 0.32682175625 0.6577625484375 0.31208173906250003
4 0.7106609015625 0.541015625 0.717180725 0.5341796875 0.71978865625 0.4990234375 0.72223726875 0.334445903125 0.5505309078125 0.3329210734375 0.5444227765625 0.34867764375 0.5215859828125 0.3544921875 0.5215859828125 0.5556640625 0.5515771765624999 0.560546875 0.65328644375 0.55859375 0.7106609015625 0.541015625
4 0.7054450421875 0.6171875 0.645462653125 0.615234375 0.5567930359375 0.6171875 0.5215859828125 0.6357421875 0.51795420625 0.6648255953125 0.7154504562499999 0.6648255953125 0.717180725 0.6220703125 0.7054450421875 0.6171875
4 0.6989252171875 0.8134765625 0.7119648671875 0.7998046875 0.714572796875 0.7763671875 0.717180725 0.7060546875 0.7174864999999999 0.669908359375 0.5403506890625 0.6714331890625 0.5189780515625 0.6923828125 0.5163701234375 0.8154296875 0.5228899484375 0.822265625 0.6715419515625001 0.82421875 0.6989252171875 0.8134765625
4 0.7993305187499999 0.947265625 0.9245111546875 0.93359375 0.9310309796875 0.9287109375 0.933638909375 0.8857421875 0.9310309796875 0.8720703125 0.9245111546875 0.869140625 0.7643155078125 0.8645782390625 0.7643155078125 0.8823679156249999 0.736489575 0.8813513625 0.73282830625 0.9248046875 0.7354362359375 0.9443359375 0.7419560609375 0.947265625 0.7993305187499999 0.947265625
4 0.7975708906250001 0.8645782390625 0.800964296875 0.8493299453125 0.9346645078125 0.8447554578125 0.9373792312499999 0.7654643328125 0.7654274296875 0.765625 0.7354362359375 0.7880859375 0.7354362359375 0.8466796875 0.7398829828125 0.86610306875 0.7975708906250001 0.8645782390625
4 0.93670055 0.7527574203125 0.9362468375 0.6748046875 0.9362468375 0.4892578125 0.9192952953125 0.482421875 0.7784670796875 0.478515625 0.7406520953125 0.5048828125 0.7380441640625001 0.5361328125 0.7354362359375 0.7529296875 0.7419560609375 0.7578125 0.9245111546875 0.759765625 0.93670055 0.7527574203125