6 0.9590091640624999 0.8630960703125 0.9291237109375 0.8630960703125 0.9291237109375 0.8999956328125001 0.9590091640624999 0.8999956328125001 0.9590091640624999 0.8630960703125
3 0.9536998859375 0.8384104796875 0.933608246875 0.8384104796875 0.933608246875 0.8560524015625001 0.9536998859375 0.8560524015625001 0.9536998859375 0.8384104796875
0 0.9191695296875 0.45765502187499996 0.722823596875 0.45765502187499996 0.722823596875 0.8973493453125 0.9191695296875 0.8973493453125 0.9191695296875 0.45765502187499996
4 0.9280183281250001 0.290148471875 0.71525773125 0.290148471875 0.71525773125 0.42585152812500005 0.9280183281250001 0.42585152812500005 0.9280183281250001 0.290148471875
2 0.9192096218750001 0.063759825 0.719117984375 0.063759825 0.719117984375 0.28642358125 0.9192096218750001 0.28642358125 0.9192096218750001 0.063759825
0 0.70378006875 0.057288209374999996 0.501626575 0.057288209374999996 0.501626575 0.34943668125 0.70378006875 0.34943668125 0.70378006875 0.057288209374999996
7 0.6548911796875 0.36129694375 0.5000916375 0.36129694375 0.5000916375 0.3831572046875 0.6548911796875 0.3831572046875 0.6548911796875 0.36129694375
4 0.7042268046875 0.384227075 0.50085910625 0.384227075 0.50085910625 0.60850655 0.7042268046875 0.60850655 0.7042268046875 0.384227075
4 0.7042268046875 0.6095109171875001 0.5031729671875 0.6095109171875001 0.5031729671875 0.6922358078124999 0.7042268046875 0.6922358078124999 0.7042268046875 0.6095109171875001
6 0.556197021875 0.6976462875 0.501626575 0.6976462875 0.501626575 0.7144410484375 0.556197021875 0.7144410484375 0.556197021875 0.6976462875
4 0.7156872859375001 0.7155938859375001 0.4993184421875 0.7155938859375001 0.4993184421875 0.82994323125 0.7156872859375001 0.82994323125 0.7156872859375001 0.7155938859375001
6 0.5830698734374999 0.838772925 0.5062542953125 0.838772925 0.5062542953125 0.8568951968749999 0.5830698734374999 0.8568951968749999 0.5830698734374999 0.838772925
4 0.7147995421875 0.8570043671875001 0.50703321875 0.8570043671875001 0.50703321875 0.9086026203124999 0.7147995421875 0.9086026203124999 0.7147995421875 0.8570043671875001
7 0.42844215312499995 0.83642358125 0.28491408906250004 0.83642358125 0.28491408906250004 0.8562925765625 0.42844215312499995 0.8562925765625 0.42844215312499995 0.83642358125
7 0.40421535000000003 0.713528384375 0.28336769687499996 0.713528384375 0.28336769687499996 0.732724890625 0.40421535000000003 0.732724890625 0.40421535000000003 0.713528384375
4 0.49276632343750004 0.7341004359375 0.2872336765625 0.7341004359375 0.2872336765625 0.8311048031249999 0.49276632343750004 0.8311048031249999 0.49276632343750004 0.7341004359375
4 0.49452462812500003 0.8593493453125 0.28646048125 0.8593493453125 0.28646048125 0.9143799125 0.49452462812500003 0.9143799125 0.49452462812500003 0.8593493453125
4 0.2773367703125 0.7482227078125 0.0581729671875 0.7482227078125 0.0581729671875 0.91270305625 0.2773367703125 0.91270305625 0.2773367703125 0.7482227078125
1 0.22447308124999998 0.7252794765624999 0.0574054984375 0.7252794765624999 0.0574054984375 0.7447292578125 0.22447308124999998 0.7447292578125 0.22447308124999998 0.7252794765624999
2 0.26456471875 0.529471615625 0.06666093906250001 0.529471615625 0.06666093906250001 0.72148035 0.26456471875 0.72148035 0.26456471875 0.529471615625
0 0.488802978125 0.1784192140625 0.28260595624999996 0.1784192140625 0.28260595624999996 0.6985065500000001 0.488802978125 0.6985065500000001 0.488802978125 0.1784192140625
7 0.24164948437499997 0.48596069843749995 0.095189003125 0.48596069843749995 0.095189003125 0.5133755453125 0.24164948437499997 0.5133755453125 0.24164948437499997 0.48596069843749995
6 0.26368270312500003 0.44773362499999997 0.1684593359375 0.44773362499999997 0.1684593359375 0.4652794765625 0.26368270312500003 0.4652794765625 0.26368270312500003 0.44773362499999997
4 0.4892439859375 0.0590524015625 0.2826002296875 0.0590524015625 0.2826002296875 0.1760043671875 0.4892439859375 0.1760043671875 0.4892439859375 0.0590524015625
4 0.26941007968749997 0.058467248437499994 0.0512313859375 0.058467248437499994 0.0512313859375 0.22100873437500002 0.26941007968749997 0.22100873437500002 0.26941007968749997 0.058467248437499994
4 0.271168384375 0.22075982500000002 0.059713631249999996 0.22075982500000002 0.059713631249999996 0.331641921875 0.271168384375 0.331641921875 0.271168384375 0.22075982500000002
4 0.2654467359375 0.32895633125 0.0566380296875 0.32895633125 0.0566380296875 0.44651965000000005 0.2654467359375 0.44651965000000005 0.2654467359375 0.32895633125