2 0.6092487203125 0.080078125 0.0682667703125 0.080078125 0.0644026140625 0.0830078125 0.061826509375000005 0.2822265625 0.0682667703125 0.4140625 0.5100686953125 0.4150390625 0.606672615625 0.4140625 0.6105367734375 0.4111328125 0.6131128765625 0.0830078125 0.6092487203125 0.080078125
2 0.663346915625 0.240234375 0.656906653125 0.2509765625 0.6620588640625 0.2646484375 0.6543305484374999 0.2685546875 0.6556186015625001 0.275390625 0.6620588640625 0.2705078125 0.659482759375 0.2939453125 0.6646349687499999 0.2998046875 0.6607708109375 0.310546875 0.6543305484374999 0.3037109375 0.6543305484374999 0.4951171875 0.6659230203125001 0.498046875 0.9016365828125 0.4970703125 0.9145171062499999 0.4951171875 0.9145171062499999 0.2431640625 0.9080768453125 0.23828125 0.663346915625 0.240234375
2 0.9918002421875001 0.7353515625 0.981495825 0.7236328125 0.948006465625 0.7021484375 0.937702046875 0.6435546875 0.9428542562500001 0.6181640625 0.929973734375 0.5771484375 0.9029246359374999 0.556640625 0.8874680093749999 0.55078125 0.8307937093750001 0.548828125 0.8101848734375 0.552734375 0.78571188125 0.5751953125 0.7728313578125 0.5986328125 0.770255253125 0.6279296875 0.720021215625 0.708984375 0.723885371875 0.6748046875 0.741918103125 0.6630859375 0.738053946875 0.65625 0.723885371875 0.6533203125 0.7213092671875 0.6123046875 0.7290375796874999 0.6025390625 0.7290375796874999 0.5869140625 0.7161570578124999 0.5732421875 0.720021215625 0.5625 0.7135809546874999 0.5634765625 0.7071406921875 0.57421875 0.6981243265625 0.5732421875 0.6916840640624999 0.55078125 0.674939384375 0.5654296875 0.667211071875 0.5830078125 0.667211071875 0.6064453125 0.6800915953125 0.6435546875 0.6646349687499999 0.6689453125 0.667211071875 0.7001953125 0.656906653125 0.7392578125 0.659482759375 0.7900390625 0.6684991250000001 0.798828125 0.681379646875 0.80078125 0.7689672015625 0.80078125 0.8307937093750001 0.80859375 0.8578428078125 0.8076171875 0.9132290546874999 0.80078125 0.9879360859374999 0.80078125 0.9943763484374999 0.7919921875 0.9918002421875001 0.7353515625
6 0.9325498390625 0.9501953125 0.9389900984375 0.955078125 0.948006465625 0.9541015625 0.9531586750000001 0.9501953125 0.9505825703124999 0.9208984375 0.9389900984375 0.919921875 0.9325498390625 0.9501953125
3 0.948006465625 0.9052734375 0.9505825703124999 0.8916015625 0.9389900984375 0.890625 0.9351259421875 0.9033203125 0.948006465625 0.9052734375
1 0.8604189109375 0.8173828125 0.8539786515625 0.8125 0.6659230203125001 0.80859375 0.659482759375 0.8134765625 0.6646349687499999 0.8330078125 0.671075228125 0.833984375 0.674939384375 0.8447265625 0.6839557515625 0.84765625 0.8320817609375 0.8466796875 0.8410981281250001 0.845703125 0.844962284375 0.8310546875 0.8604189109375 0.8251953125 0.8604189109375 0.8173828125
1 0.6607708109375 0.5 0.6543305484374999 0.5048828125 0.6607708109375 0.53515625 0.8140490296875 0.5400390625 0.8539786515625 0.537109375 0.8655711203124999 0.5322265625 0.8617069640624999 0.5 0.6607708109375 0.5
1 0.6105367734375 0.4189453125 0.588639884375 0.4140625 0.099180025 0.4140625 0.0644026140625 0.4189453125 0.0644026140625 0.4267578125 0.08887560625 0.44140625 0.0940278140625 0.4375 0.11721275625000001 0.44140625 0.140397696875 0.44140625 0.1455499046875 0.4375 0.23571356406250002 0.439453125 0.2588985046875 0.4296875 0.28465955 0.44140625 0.40187230625000003 0.4404296875 0.56545494375 0.43359375 0.574471309375 0.4306640625 0.578335465625 0.421875 0.6105367734375 0.4189453125
4 0.9029246359374999 0.08203125 0.89262021875 0.080078125 0.8823158 0.0859375 0.8410981281250001 0.078125 0.7921521421875 0.08203125 0.763814990625 0.07421875 0.6942601703125 0.072265625 0.6504663921875 0.07421875 0.6388739218749999 0.0791015625 0.6388739218749999 0.1826171875 0.6466022359375 0.2138671875 0.6440261328125 0.2255859375 0.6504663921875 0.234375 0.9093648984374999 0.2353515625 0.9273976296875001 0.2060546875 0.9273976296875001 0.1083984375 0.9248215249999999 0.0966796875 0.9029246359374999 0.08203125
4 0.2073764140625 0.609375 0.2305613546875 0.607421875 0.2537462953125 0.59765625 0.2640507140625 0.59765625 0.2717790265625 0.60546875 0.3052683859375 0.599609375 0.3129967 0.603515625 0.3258772234375 0.6015625 0.3374696921875 0.5908203125 0.33231748437499997 0.5849609375 0.3348935890625 0.5576171875 0.328453328125 0.548828125 0.3001161765625 0.546875 0.2871622984375 0.5465908359375 0.18656325 0.5500090890625 0.1873140859375 0.5482999171875 0.1535307640625 0.551148446875 0.1275171734375 0.548828125 0.06955482187499999 0.5556640625 0.0721309265625 0.6162109375 0.10046807656250001 0.6181640625 0.1455499046875 0.6171875 0.1558543234375 0.609375 0.17903926406249998 0.60546875 0.2073764140625 0.609375
4 0.47559775000000004 0.5253713453125 0.6377572765624999 0.5179651125 0.6310004375 0.444472365625 0.3607049484375 0.4458749421875 0.3629868125 0.54303243125 0.47484703437500003 0.541323259375 0.47559775000000004 0.5253713453125
4 0.45532762968749996 0.65298665625 0.6520211125 0.6507078203125001 0.6347540953124999 0.5344867203125 0.3541330203125 0.53556243125 0.3547288609375 0.672356915625 0.4530754015625 0.6695083546875 0.45532762968749996 0.65298665625
6 0.46433645625000003 0.666090009375 0.3607049484375 0.6631179703125001 0.3614853015625 0.7014121828125 0.4665886828125 0.69514536875 0.46433645625000003 0.666090009375
4 0.641510775 0.6910639515625 0.3580761765625 0.6890276890625 0.3547288609375 0.960537390625 0.6437631625 0.960537390625 0.641510775 0.6910639515625
4 0.9297945203125 0.85684995 0.6498697828125 0.851461696875 0.652771828125 0.9776286609374999 0.9342988125 0.979337865625 0.9297945203125 0.85684995
4 0.063886134375 0.9051971203125 0.26320403593749997 0.9081628343749999 0.27492868593750003 0.8885886171875 0.3468394734375 0.8903680125 0.3468394734375 0.61632770625 0.07722172031249999 0.6188216703125 0.053724715624999995 0.6406473265625 0.0490348984375 0.8601168140625 0.063886134375 0.9051971203125
4 0.3398046859375 0.968072090625 0.3484029546875 0.9016380734375 0.0950120453125 0.9031090859375001 0.056069645312500006 0.9301098765625 0.07248407031250001 0.9674790109375 0.3398046859375 0.968072090625
4 0.12719881875 0.4930960890625 0.33746000625 0.49784145312500006 0.3452761609375 0.44623641875000003 0.08816961250000001 0.4497017828125 0.0834270203125 0.5108909109375 0.12250908437500001 0.5102978312500001 0.12719881875 0.4930960890625
4 0.3125172859375 0.5249042562499999 0.25435908125 0.525233659375 0.2600013109375 0.5061307140625 0.0816319515625 0.5106822109375 0.10201926406249999 0.5466421328125 0.29993081875 0.545654009375 0.3125172859375 0.5249042562499999