7 0.8380124734375001 0.15436265625 0.8428991484375 0.1155462875 0.6246244796875 0.10948123125 0.5953039390625 0.10584220625 0.5421118140625001 0.1094428546875 0.539920765625 0.15800168125 0.8249810953125 0.1616407296875 0.8380124734375001 0.15436265625
1 0.2772694625 0.6502653671874999 0.279649890625 0.638742978125 0.0717234234375 0.6359847203125 0.0737396203125 0.6484926875 0.21775780781249998 0.652924365625 0.2772694625 0.6502653671874999
2 0.50176651875 0.6359847203125 0.4998430140625 0.1914398828125 0.066598240625 0.1914398828125 0.0642177203125 0.6346076468749999 0.50176651875 0.6359847203125
7 0.3328549078125 0.6643208046875 0.1406800546875 0.6619257015625 0.074590675 0.664600815625 0.077157875 0.682882878125 0.3296385796875 0.6798889953125 0.3328549078125 0.6643208046875
4 0.072630490625 0.8426502875 0.16412195937500001 0.8465120015625001 0.4335367859375 0.8449522875 0.4296726921875 0.8271118656249999 0.4953622703125 0.8276873546875001 0.49613507500000004 0.686690403125 0.10357486093749999 0.6862279765625 0.10508890468750001 0.703379859375 0.07340332656250001 0.703379859375 0.072630490625 0.8426502875
4 0.0746013203125 0.9673039390625 0.4947483359375 0.9692716812500001 0.4973908296875 0.8502227328125 0.101750590625 0.8478575625 0.10300750781250001 0.8659647312500001 0.07526191875 0.8674405593750001 0.0746013203125 0.9673039390625
4 0.6684108484375 0.3766898140625 0.955775609375 0.37521398437500003 0.9491695234374999 0.1838501546875 0.53039153125 0.183931978125 0.5349679453125 0.39341570937500003 0.6644472078125 0.39341570937500003 0.6684108484375 0.3766898140625
4 0.5382709875 0.55202933125 0.8831086703125001 0.557440640625 0.8831086703125001 0.538746984375 0.95709680625 0.539238915625 0.9537937640624999 0.3975608046875 0.5601238515625 0.3978635546875 0.5607316375 0.416746428125 0.5343072953125 0.416746428125 0.5382709875 0.55202933125
4 0.536949740625 0.6383267265625 0.527701209375 0.6570203625000001 0.5191133296875 0.9698928578125001 0.9425634374999999 0.968002521875 0.9504907203125 0.6693961953125 0.9590786515625 0.645291259375 0.958418003125 0.563689740625 0.56342744375 0.557082746875 0.56337408125 0.5760154171874999 0.53562854375 0.5755234859375 0.536949740625 0.6383267265625
6 0.9504907203125 0.9666934296875 0.9689877796875 0.9666934296875 0.9703089765625 0.9317658281250001 0.9524725671875001 0.9302900171875 0.9485088749999999 0.9499675328125001 0.9504907203125 0.9666934296875
3 0.9670059328124999 0.9199593296874999 0.9656847359375 0.9047092421875 0.955775609375 0.902249553125 0.9518119171875 0.9194673796874999 0.9670059328124999 0.9199593296874999