4 0.553125 0.484375 0.5671875 0.484375 0.56875 0.4828125 0.63125 0.4828125 0.6328125 0.48125 0.7015625 0.48125 0.703125 0.4796875 0.7046875 0.4796875 0.70625 0.478125 0.70625 0.4734375 0.7046875 0.471875 0.7046875 0.4671875 0.703125 0.465625 0.703125 0.4609375 0.7015625 0.459375 0.703125 0.4578125 0.703125 0.453125 0.7046875 0.4515625 0.7046875 0.4484375 0.70625 0.446875 0.70625 0.4203125 0.7046875 0.41875 0.7046875 0.4140625 0.465625 0.4140625 0.465625 0.484375 0.4671875 0.4859375 0.5515625 0.4859375 0.553125 0.484375
2 0.7062538468749999 0.301561653125 0.46875128281249995 0.301561653125 0.46875128281249995 0.40937330625 0.7062538468749999 0.40937330625 0.7062538468749999 0.301561653125
2 0.9656230765625 0.06875169375 0.5812487171875 0.06875169375 0.5812487171875 0.265625 0.9656230765625 0.265625 0.9656230765625 0.06875169375
4 0.4890625 0.965625 0.49375 0.9609375 0.49375 0.959375 0.4953125 0.9578125 0.4953125 0.95 0.496875 0.9484375 0.496875 0.94375 0.4984375 0.9421875 0.4984375 0.9375 0.5 0.9359375 0.5 0.9234375 0.5015625 0.921875 0.5015625 0.915625 0.40625 0.915625 0.40625 0.9671875 0.4625 0.9671875 0.4640625 0.965625 0.4890625 0.965625
4 0.3671875 0.8375 0.365625 0.8359375 0.365625 0.8265625 0.3671875 0.825 0.3671875 0.8125 0.3625 0.8078125 0.2671875 0.8078125 0.2671875 0.8546875 0.365625 0.8546875 0.3671875 0.853125 0.3671875 0.8375
4 0.5671875 0.253125 0.56875 0.2515625 0.56875 0.1140625 0.453125 0.1140625 0.453125 0.2484375 0.4546875 0.25 0.4546875 0.253125 0.5671875 0.253125
2 0.7328128203125 0.76874830625 0.5437512828125 0.76874830625 0.5437512828125 0.967186653125 0.7328128203125 0.967186653125 0.7328128203125 0.76874830625
4 0.209375 0.853125 0.2109375 0.8515625 0.2265625 0.8515625 0.228125 0.85 0.2296875 0.85 0.23125 0.8484375 0.2328125 0.8484375 0.234375 0.846875 0.234375 0.8375 0.2328125 0.8359375 0.2328125 0.83125 0.23125 0.8296875 0.23125 0.825 0.2296875 0.8234375 0.2296875 0.821875 0.228125 0.8203125 0.228125 0.81875 0.2265625 0.8171875 0.2265625 0.815625 0.225 0.8140625 0.225 0.8109375 0.2234375 0.809375 0.2234375 0.8078125 0.0984375 0.8078125 0.0984375 0.8546875 0.19375 0.8546875 0.1953125 0.853125 0.209375 0.853125
4 0.48125 0.853125 0.4828125 0.8515625 0.4921875 0.8515625 0.49375 0.85 0.496875 0.85 0.503125 0.84375 0.503125 0.8421875 0.5046875 0.840625 0.5046875 0.8390625 0.50625 0.8375 0.50625 0.8125 0.5046875 0.8109375 0.5046875 0.809375 0.4984375 0.803125 0.4046875 0.803125 0.4046875 0.8546875 0.4640625 0.8546875 0.465625 0.853125 0.48125 0.853125
2 0.598435896875 0.54687330625 0.45781025625 0.54687330625 0.45781025625 0.689061653125 0.598435896875 0.689061653125 0.598435896875 0.54687330625
4 0.146875 0.690625 0.1546875 0.690625 0.15625 0.6890625 0.1703125 0.6890625 0.171875 0.6875 0.1734375 0.6875 0.175 0.6859375 0.175 0.684375 0.1765625 0.6828125 0.1765625 0.678125 0.175 0.6765625 0.175 0.6671875 0.1734375 0.665625 0.1734375 0.6640625 0.175 0.6625 0.175 0.6390625 0.1765625 0.6375 0.1765625 0.6296875 0.178125 0.628125 0.178125 0.603125 0.1765625 0.6015625 0.1765625 0.5953125 0.178125 0.59375 0.178125 0.5296875 0.1765625 0.528125 0.1765625 0.515625 0.175 0.5140625 0.175 0.5109375 0.1734375 0.509375 0.0625 0.509375 0.0625 0.690625 0.0640625 0.6921875 0.1453125 0.6921875 0.146875 0.690625
7 0.1890625 0.79775999375 0.1921875 0.79463499375 0.19375 0.79463499375 0.1953125 0.79307249375 0.196875 0.79307249375 0.196875 0.77900999375 0.1 0.77900999375 0.1 0.8024474937500001 0.1859375 0.8024474937500001 0.1890625 0.79932249375 0.1890625 0.79775999375
7 0.56875 0.071875 0.4640625 0.071875 0.4640625 0.109375 0.565625 0.109375 0.56875 0.10625 0.56875 0.071875
4 0.9390625 0.909375 0.940625 0.9078125 0.946875 0.9078125 0.9484375 0.90625 0.95 0.90625 0.95 0.8796875 0.946875 0.8796875 0.9453125 0.878125 0.74375 0.878125 0.74375 0.9109375 0.9265625 0.9109375 0.928125 0.909375 0.9390625 0.909375
6 0.61875 0.4984375 0.4546875 0.4984375 0.4546875 0.5171875 0.615625 0.5171875 0.61875 0.5140625 0.61875 0.4984375
2 0.3515615390625 0.85937330625 0.0999974359375 0.85937330625 0.0999974359375 0.96875 0.3515615390625 0.96875 0.3515615390625 0.85937330625
2 0.465625 0.759375 0.40625 0.759375 0.40625 0.771875 0.4625 0.771875 0.465625 0.76875 0.465625 0.759375
4 0.06875 0.384375 0.0703125 0.3828125 0.0796875 0.3828125 0.08125 0.384375 0.09375 0.384375 0.0953125 0.3828125 0.1171875 0.3828125 0.11875 0.38125 0.121875 0.38125 0.1234375 0.3796875 0.125 0.3796875 0.1328125 0.371875 0.1328125 0.3703125 0.1359375 0.3671875 0.1359375 0.365625 0.1375 0.3640625 0.1375 0.3625 0.1390625 0.3609375 0.1390625 0.35 0.1375 0.3484375 0.1375 0.328125 0.1390625 0.3265625 0.1390625 0.325 0.140625 0.3234375 0.140625 0.321875 0.1421875 0.3203125 0.1421875 0.3078125 0.14375 0.30625 0.14375 0.3015625 0.1421875 0.3 0.1421875 0.290625 0.140625 0.2890625 0.1421875 0.2875 0.1421875 0.2640625 0.140625 0.2625 0.140625 0.25625 0.1390625 0.2546875 0.1390625 0.2421875 0.1375 0.240625 0.1375 0.2296875 0.1390625 0.228125 0.1390625 0.2265625 0.140625 0.225 0.140625 0.2234375 0.1421875 0.221875 0.1421875 0.215625 0.14375 0.2140625 0.14375 0.2078125 0.1421875 0.20625 0.1421875 0.1953125 0.14375 0.19375 0.14375 0.1828125 0.1453125 0.18125 0.1453125 0.171875 0.146875 0.1703125 0.146875 0.1609375 0.1484375 0.159375 0.1484375 0.1484375 0.146875 0.146875 0.146875 0.14375 0.1453125 0.1421875 0.1453125 0.1390625 0.14375 0.1375 0.14375 0.1359375 0.1421875 0.134375 0.1421875 0.1328125 0.1390625 0.1296875 0.1359375 0.1296875 0.134375 0.128125 0.0625 0.128125 0.0625 0.3828125 0.0640625 0.3828125 0.065625 0.384375 0.06875 0.384375
7 0.46767628281249995 0.7989075203125 0.4692387828125 0.7973450203125 0.4708012828125 0.7973450203125 0.4739262828125 0.7942200203125 0.47548878281249995 0.7942200203125 0.4770512828125 0.7926575203125 0.4770512828125 0.7785950203125 0.4067387828125 0.7785950203125 0.4067387828125 0.8004700203124999 0.46455128281249997 0.8004700203124999 0.4661137828125 0.7989075203125 0.46767628281249995 0.7989075203125
4 0.8859375 0.9546875 0.8875 0.95625 0.9484375 0.95625 0.95 0.9546875 0.9515625 0.9546875 0.953125 0.953125 0.953125 0.9375 0.95 0.934375 0.740625 0.934375 0.740625 0.95625 0.7671875 0.95625 0.76875 0.9546875 0.8859375 0.9546875
4 0.75625 0.93125 0.7578125 0.9328125 0.759375 0.9328125 0.7609375 0.93125 0.790625 0.93125 0.7921875 0.9296875 0.8625 0.9296875 0.8640625 0.93125 0.88125 0.93125 0.8828125 0.9296875 0.9484375 0.9296875 0.9515625 0.9265625 0.9515625 0.925 0.953125 0.9234375 0.953125 0.91875 0.9515625 0.91875 0.95 0.9171875 0.740625 0.9171875 0.740625 0.9328125 0.7453125 0.9328125 0.746875 0.93125 0.75625 0.93125
7 0.69375 0.2796875 0.4828125 0.2796875 0.4828125 0.2984375 0.6921875 0.2984375 0.69375 0.296875 0.69375 0.2796875
7 0.2453125 0.0375 0.1265625 0.0375 0.1265625 0.0578125 0.240625 0.0578125 0.2453125 0.053125 0.2453125 0.0375
4 0.81875 0.7890625 0.8203125 0.7875 0.9515625 0.7875 0.953125 0.7859375 0.9546875 0.7859375 0.95625 0.784375 0.95625 0.775 0.9546875 0.7734375 0.7390625 0.7734375 0.7390625 0.790625 0.7828125 0.790625 0.784375 0.7890625 0.81875 0.7890625
7 0.1609375 0.11875 0.1625 0.1171875 0.165625 0.1171875 0.1671875 0.115625 0.1671875 0.0984375 0.1640625 0.0953125 0.1625 0.0953125 0.159375 0.0921875 0.15625 0.0921875 0.1546875 0.090625 0.1515625 0.090625 0.14375 0.0828125 0.14375 0.0765625 0.0640625 0.0765625 0.0640625 0.1203125 0.08125 0.1203125 0.0828125 0.11875 0.1609375 0.11875
7 0.6421875 0.0609375 0.64375 0.059375 0.64375 0.034375 0.5125 0.034375 0.5125 0.0625 0.6390625 0.0625 0.640625 0.0609375 0.6421875 0.0609375
4 0.9484375 0.81875 0.95 0.8171875 0.953125 0.8171875 0.9546875 0.815625 0.9546875 0.8125 0.953125 0.8109375 0.953125 0.8078125 0.9484375 0.803125 0.95 0.8015625 0.95 0.8 0.953125 0.796875 0.953125 0.79375 0.9515625 0.7921875 0.740625 0.7921875 0.740625 0.821875 0.8765625 0.821875 0.8796875 0.81875 0.9484375 0.81875
4 0.80625 0.865625 0.8078125 0.8640625 0.903125 0.8640625 0.9046875 0.8625 0.9390625 0.8625 0.940625 0.8609375 0.94375 0.8609375 0.9453125 0.859375 0.946875 0.859375 0.9484375 0.8578125 0.9484375 0.8546875 0.95 0.853125 0.9484375 0.8515625 0.9484375 0.85 0.9421875 0.84375 0.9421875 0.8421875 0.940625 0.8421875 0.9390625 0.840625 0.9421875 0.8375 0.946875 0.8375 0.9484375 0.8359375 0.9484375 0.828125 0.946875 0.8265625 0.740625 0.8265625 0.740625 0.8671875 0.79375 0.8671875 0.7953125 0.865625 0.80625 0.865625
2 0.10625 0.0546875 0.1078125 0.053125 0.1078125 0.0453125 0.109375 0.04375 0.109375 0.0328125 0.06875 0.0328125 0.06875 0.0578125 0.1046875 0.0578125 0.10625 0.05625 0.10625 0.0546875
7 0.8082051281249999 0.27913279062499996 0.79375 0.3171875 0.9171875 0.3171875 0.9066666671875 0.278455284375 0.8082051281249999 0.27913279062499996
6 0.1578125 0.7546875 0.0984375 0.7546875 0.0984375 0.778125 0.15625 0.778125 0.1578125 0.7765625 0.1578125 0.7546875
1 0.528125 0.4109375 0.528125 0.40625 0.46875 0.40625 0.46875 0.4125 0.5234375 0.4125 0.525 0.4109375 0.528125 0.4109375
2 0.0984375 0.7546875 0.0984375 0.778125 0.15625 0.778125 0.15625 0.7546875 0.0984375 0.7546875
7 0.3265625 0.7953125 0.328125 0.7953125 0.3296875 0.79375 0.340625 0.79375 0.340625 0.7828125 0.265625 0.7828125 0.265625 0.803125 0.325 0.803125 0.325 0.796875 0.3265625 0.7953125
1 0.3671875 0.9359375 0.3546875 0.9359375 0.3546875 0.96875 0.365625 0.96875 0.3671875 0.9671875 0.3671875 0.9359375
6 0.7296875 0.7578125 0.7296875 0.7671875 0.7671875 0.7671875 0.7671875 0.7578125 0.7296875 0.7578125
7 0.1651282046875 0.48848238437499997 0.13538461562499998 0.478997290625 0.1375 0.471875 0.1390625 0.4703125 0.1390625 0.46875 0.140625 0.4671875 0.140625 0.4640625 0.0640625 0.4640625 0.0671875 0.48125 0.0687179484375 0.49932249375 0.1558974359375 0.50067750625 0.1651282046875 0.48848238437499997
2 0.3 0.7546875 0.2671875 0.7546875 0.2671875 0.7796875 0.296875 0.7796875 0.3 0.7765625 0.3 0.7546875
6 0.471875 0.8796875 0.471875 0.86875 0.4109375 0.86875 0.4109375 0.88125 0.4265625 0.88125 0.428125 0.8796875 0.471875 0.8796875
6 0.06875 0.5046875 0.06875 0.509375 0.1109375 0.509375 0.1109375 0.5046875 0.06875 0.5046875
6 0.0765625 0.890625 0.0796875 0.8875 0.08125 0.8875 0.084375 0.884375 0.084375 0.83125 0.0625 0.83125 0.0625 0.8890625 0.06875 0.8890625 0.0703125 0.890625 0.0765625 0.890625
6 0.8 0.04375 0.8 0.0546875 0.9671875 0.0546875 0.9671875 0.04375 0.8 0.04375
4 0.784375 0.328125 0.7828125 0.3296875 0.78125 0.328125 0.7734375 0.328125 0.771875 0.3296875 0.75625 0.3296875 0.7546875 0.328125 0.75 0.328125 0.75 0.3609375 0.828125 0.3609375 0.8296875 0.3625 0.8375 0.3625 0.8390625 0.3640625 0.8546875 0.3640625 0.85625 0.365625 0.859375 0.365625 0.8609375 0.3671875 0.8625 0.3671875 0.8640625 0.36875 0.865625 0.36875 0.8671875 0.3703125 0.8671875 0.371875 0.8703125 0.375 0.871875 0.375 0.8796875 0.3828125 0.8796875 0.384375 0.88125 0.3859375 0.88125 0.3875 0.884375 0.390625 0.884375 0.3921875 0.8859375 0.39375 0.8859375 0.396875 0.8875 0.3984375 0.8875 0.4125 0.8859375 0.4140625 0.8859375 0.4546875 0.884375 0.45625 0.884375 0.4578125 0.8828125 0.459375 0.8828125 0.475 0.88125 0.4765625 0.88125 0.4828125 0.8828125 0.484375 0.8875 0.484375 0.8890625 0.4859375 0.946875 0.4859375 0.9484375 0.484375 0.9515625 0.484375 0.953125 0.4828125 0.9546875 0.4828125 0.9546875 0.48125 0.9640625 0.471875 0.9640625 0.4640625 0.9625 0.4625 0.9625 0.459375 0.9609375 0.4578125 0.9609375 0.45625 0.9578125 0.453125 0.9578125 0.4515625 0.9609375 0.4484375 0.9609375 0.446875 0.9625 0.4453125 0.9625 0.4421875 0.9640625 0.440625 0.9640625 0.4375 0.965625 0.4359375 0.965625 0.4265625 0.9640625 0.425 0.9640625 0.4234375 0.9625 0.421875 0.9625 0.409375 0.9609375 0.4078125 0.9609375 0.4 0.9625 0.3984375 0.9625 0.3921875 0.9640625 0.390625 0.9640625 0.3828125 0.9625 0.38125 0.9625 0.3765625 0.9640625 0.375 0.9640625 0.3734375 0.965625 0.371875 0.965625 0.36875 0.9671875 0.3671875 0.9671875 0.3546875 0.965625 0.353125 0.965625 0.3484375 0.9640625 0.346875 0.9640625 0.34375 0.9625 0.3421875 0.9625 0.3328125 0.9609375 0.33125 0.9609375 0.3296875 0.959375 0.328125 0.959375 0.3265625 0.9578125 0.3265625 0.95625 0.325 0.9359375 0.325 0.934375 0.3234375 0.8046875 0.3234375 0.803125 0.325 0.790625 0.325 0.7875 0.328125 0.784375 0.328125
6 0.065625 0.128125 0.065625 0.134375 0.1125 0.134375 0.1125 0.128125 0.065625 0.128125
6 0.746875 0.321875 0.746875 0.328125 0.7921875 0.328125 0.7921875 0.321875 0.746875 0.321875
4 0.775 0.88125 0.7765625 0.8828125 0.88125 0.8828125 0.8828125 0.88125 0.921875 0.88125 0.9234375 0.8796875 0.928125 0.8796875 0.9296875 0.88125 0.934375 0.88125 0.9359375 0.8796875 0.940625 0.8796875 0.9421875 0.878125 0.9421875 0.875 0.940625 0.8734375 0.940625 0.871875 0.9390625 0.8703125 0.9375 0.8703125 0.9359375 0.86875 0.74375 0.86875 0.74375 0.8828125 0.7546875 0.8828125 0.75625 0.88125 0.775 0.88125
6 0.5203125 0.521875 0.5203125 0.5203125 0.4578125 0.5203125 0.4578125 0.528125 0.51875 0.528125 0.51875 0.5234375 0.5203125 0.521875
6 0.4734375 0.0546875 0.475 0.05625 0.4765625 0.05625 0.4765625 0.040625 0.284375 0.040625 0.284375 0.05625 0.46875 0.05625 0.4703125 0.0546875 0.4734375 0.0546875
4 0 0.9984375 0.028125 0.9984375 0.028125 0.98125 0 0.98125 0 0.9984375
6 0.8546875 0.4546875 0.8296875 0.4546875 0.8296875 0.4671875 0.853125 0.4671875 0.8546875 0.465625 0.8546875 0.4546875
2 0.25575721093750003 0.68359375 0.2631490390625 0.6787109375 0.2631490390625 0.6767578125 0.27201923125 0.6689453125 0.27201923125 0.6650390625 0.2690625 0.6630859375 0.2690625 0.6611328125 0.27201923125 0.6591796875 0.27201923125 0.6494140625 0.2749759609375 0.6474609375 0.2749759609375 0.6435546875 0.2808894234375 0.6396484375 0.2808894234375 0.6220703125 0.283846153125 0.6201171875 0.283846153125 0.5908203125 0.286802884375 0.5888671875 0.286802884375 0.5810546875 0.28828125 0.580078125 0.292716346875 0.5830078125 0.292716346875 0.5849609375 0.3015865390625 0.5947265625 0.3015865390625 0.6123046875 0.30454326875 0.6142578125 0.30454326875 0.6181640625 0.3075 0.6201171875 0.3075 0.6240234375 0.31045673125 0.6259765625 0.31045673125 0.6298828125 0.3134134609375 0.6318359375 0.3134134609375 0.6591796875 0.31045673125 0.6611328125 0.31045673125 0.6630859375 0.289759615625 0.6767578125 0.289759615625 0.6787109375 0.2941947125 0.681640625 0.308978365625 0.681640625 0.311935096875 0.6796875 0.32967548125 0.6796875 0.3326322109375 0.677734375 0.33854567343749997 0.677734375 0.3459375 0.6689453125 0.3459375 0.6591796875 0.34889423124999996 0.6572265625 0.3518509609375 0.6513671875 0.36219951875 0.64453125 0.366634615625 0.6455078125 0.369591346875 0.6552734375 0.3710697125 0.65625 0.3725480765625 0.6552734375 0.3725480765625 0.6474609375 0.3755048078125 0.6455078125 0.3755048078125 0.6259765625 0.366634615625 0.6181640625 0.366634615625 0.6162109375 0.35776442343750003 0.6064453125 0.35776442343750003 0.5986328125 0.36072115312499997 0.5966796875 0.36072115312499997 0.5947265625 0.35776442343750003 0.5927734375 0.35776442343750003 0.5908203125 0.35480769218749997 0.5888671875 0.35480769218749997 0.5849609375 0.3459375 0.5751953125 0.3459375 0.5673828125 0.34298076875 0.5654296875 0.34298076875 0.5595703125 0.3400240390625 0.5576171875 0.3400240390625 0.5517578125 0.3370673078125 0.5498046875 0.3370673078125 0.5419921875 0.3341105765625 0.5400390625 0.3341105765625 0.5341796875 0.331153846875 0.5322265625 0.331153846875 0.5263671875 0.328197115625 0.5244140625 0.32524038437499997 0.5107421875 0.322283653125 0.5087890625 0.322283653125 0.5048828125 0.3134134609375 0.4951171875 0.3134134609375 0.4892578125 0.31045673125 0.4873046875 0.31045673125 0.4814453125 0.3075 0.4794921875 0.3075 0.4658203125 0.30454326875 0.4638671875 0.30454326875 0.4580078125 0.3015865390625 0.4560546875 0.3015865390625 0.4521484375 0.30454326875 0.4501953125 0.30454326875 0.4423828125 0.3075 0.4404296875 0.3075 0.4345703125 0.31045673125 0.4326171875 0.31045673125 0.4267578125 0.3134134609375 0.4248046875 0.3134134609375 0.4208984375 0.3163701921875 0.4189453125 0.3163701921875 0.4150390625 0.3193269234375 0.4130859375 0.3193269234375 0.4052734375 0.322283653125 0.4033203125 0.322283653125 0.3994140625 0.32524038437499997 0.3974609375 0.32524038437499997 0.3876953125 0.328197115625 0.3857421875 0.328197115625 0.3681640625 0.3503725953125 0.361328125 0.35480769218749997 0.3583984375 0.35480769218749997 0.3525390625 0.3459375 0.3427734375 0.3459375 0.3388671875 0.3370673078125 0.3310546875 0.3341105765625 0.3251953125 0.322283653125 0.3154296875 0.322283653125 0.3134765625 0.32671875 0.310546875 0.3326322109375 0.310546875 0.34150240468750004 0.306640625 0.34741586562500004 0.306640625 0.36219951875 0.30078125 0.36811298125 0.30078125 0.382896634375 0.294921875 0.388810096875 0.294921875 0.3917668265625 0.29296875 0.41837740468750007 0.28515625 0.424290865625 0.28125 0.43316105781249997 0.279296875 0.44646634687500003 0.2705078125 0.443509615625 0.2607421875 0.437596153125 0.2548828125 0.437596153125 0.2470703125 0.43316105781249997 0.244140625 0.43020432656249996 0.244140625 0.4154206734375 0.234375 0.4124639421875 0.234375 0.40063701875 0.2265625 0.3976802875 0.2265625 0.382896634375 0.21875 0.37402644218750003 0.216796875 0.3725480765625 0.2138671875 0.36515624999999996 0.208984375 0.36219951875 0.208984375 0.3562860578125 0.203125 0.3533293265625 0.203125 0.34889423124999996 0.2001953125 0.34889423124999996 0.1982421875 0.3370673078125 0.1904296875 0.331153846875 0.1806640625 0.3134134609375 0.1689453125 0.3134134609375 0.1669921875 0.3075 0.1630859375 0.3075 0.1611328125 0.2986298078125 0.1533203125 0.2986298078125 0.1513671875 0.286802884375 0.1376953125 0.286802884375 0.1337890625 0.283846153125 0.1318359375 0.283846153125 0.1240234375 0.286802884375 0.1220703125 0.283846153125 0.1201171875 0.283846153125 0.0986328125 0.2808894234375 0.0966796875 0.2808894234375 0.0927734375 0.2779326921875 0.0908203125 0.2779326921875 0.0888671875 0.2646274046875 0.080078125 0.2616706734375 0.080078125 0.25280048125 0.076171875 0.229146634375 0.076171875 0.226189903125 0.078125 0.2202764421875 0.078125 0.21436298125 0.08203125 0.21140625000000002 0.08203125 0.20105769218749997 0.0888671875 0.20105769218749997 0.0908203125 0.19810096093750001 0.0927734375 0.19810096093750001 0.0986328125 0.19514423125 0.1005859375 0.19514423125 0.1318359375 0.19810096093750001 0.1337890625 0.19810096093750001 0.1376953125 0.20105769218749997 0.1396484375 0.20105769218749997 0.1435546875 0.2040144234375 0.1455078125 0.2040144234375 0.1533203125 0.19514423125 0.1611328125 0.19514423125 0.1630859375 0.18923076875 0.1669921875 0.18923076875 0.1689453125 0.1833173078125 0.1728515625 0.18036057656249999 0.1787109375 0.171490384375 0.1865234375 0.171490384375 0.1904296875 0.1655769234375 0.1962890625 0.1655769234375 0.2001953125 0.16262019218749998 0.2021484375 0.16262019218749998 0.2080078125 0.1596634609375 0.2099609375 0.1596634609375 0.2197265625 0.15670673125 0.2216796875 0.15670673125 0.2255859375 0.15375 0.2275390625 0.15375 0.2333984375 0.15670673125 0.2353515625 0.15670673125 0.2392578125 0.15375 0.2412109375 0.15375 0.2431640625 0.168533653125 0.2529296875 0.168533653125 0.2763671875 0.1655769234375 0.2783203125 0.1655769234375 0.2958984375 0.16262019218749998 0.2978515625 0.16262019218749998 0.3056640625 0.1596634609375 0.3076171875 0.1596634609375 0.3134765625 0.15670673125 0.3154296875 0.15670673125 0.3291015625 0.15375 0.3310546875 0.15375 0.3349609375 0.1478365390625 0.3408203125 0.1478365390625 0.3427734375 0.15670673125 0.3486328125 0.15670673125 0.3701171875 0.15375 0.3720703125 0.15375 0.3779296875 0.15670673125 0.3798828125 0.15670673125 0.3876953125 0.15375 0.3896484375 0.15375 0.3994140625 0.15079326875000001 0.4013671875 0.15079326875000001 0.4130859375 0.15670673125 0.4169921875 0.15670673125 0.4189453125 0.16262019218749998 0.4228515625 0.1640985578125 0.42578125 0.1670552875 0.42578125 0.17296875 0.4296875 0.18183894218750002 0.431640625 0.18923076875 0.4267578125 0.18923076875 0.4248046875 0.1921875 0.4228515625 0.1921875 0.4208984375 0.1833173078125 0.4111328125 0.1833173078125 0.3935546875 0.18036057656249999 0.3916015625 0.18183894218750002 0.388671875 0.1877524046875 0.388671875 0.18923076875 0.3896484375 0.18923076875 0.3974609375 0.1921875 0.3994140625 0.1921875 0.4033203125 0.19514423125 0.4052734375 0.19514423125 0.4091796875 0.19810096093750001 0.4111328125 0.20105769218749997 0.4208984375 0.209927884375 0.4306640625 0.209927884375 0.4345703125 0.212884615625 0.4365234375 0.212884615625 0.4384765625 0.2247115390625 0.4521484375 0.2247115390625 0.4560546875 0.22766826875 0.4580078125 0.22766826875 0.4716796875 0.230625 0.4736328125 0.230625 0.5087890625 0.23358173125 0.5107421875 0.23358173125 0.5185546875 0.2365384609375 0.5205078125 0.2365384609375 0.5654296875 0.2394951921875 0.5673828125 0.2394951921875 0.5869140625 0.2424519234375 0.5888671875 0.2424519234375 0.5908203125 0.230625 0.6044921875 0.230625 0.6103515625 0.22766826875 0.6123046875 0.22766826875 0.6513671875 0.2247115390625 0.6533203125 0.2247115390625 0.6611328125 0.2217548078125 0.6630859375 0.2217548078125 0.6669921875 0.2187980765625 0.6689453125 0.2187980765625 0.6708984375 0.209927884375 0.6767578125 0.209927884375 0.6806640625 0.20697115312499997 0.6826171875 0.20697115312499997 0.6845703125 0.21140625000000002 0.6875 0.229146634375 0.6875 0.230625 0.6865234375 0.232103365625 0.685546875 0.2439302875 0.685546875 0.24688701875 0.68359375 0.25575721093750003 0.68359375
2 0.9431971156250001 0.6611328125 0.9461538468749999 0.6591796875 0.9461538468749999 0.6474609375 0.9491105765625001 0.6455078125 0.9491105765625001 0.6298828125 0.9520673078125 0.6279296875 0.9520673078125 0.6162109375 0.9550240390625 0.6142578125 0.9550240390625 0.6044921875 0.95798076875 0.6025390625 0.95798076875 0.5966796875 0.9609375 0.5947265625 0.9609375 0.5810546875 0.96389423125 0.5791015625 0.96389423125 0.5517578125 0.9609375 0.5498046875 0.9609375 0.5458984375 0.9476322109374999 0.537109375 0.94467548125 0.537109375 0.9358052875 0.533203125 0.9298918265625 0.533203125 0.9269350968750001 0.53125 0.9121514421875 0.53125 0.90328125 0.52734375 0.8884975953125 0.525390625 0.8855408656250001 0.5234375 0.8707572109375 0.51953125 0.8604086531249999 0.5126953125 0.8604086531249999 0.5107421875 0.8574519234375 0.5087890625 0.8574519234375 0.4912109375 0.8604086531249999 0.4892578125 0.8604086531249999 0.4853515625 0.8692788468750001 0.4794921875 0.8692788468750001 0.4775390625 0.8781490390625001 0.4697265625 0.8781490390625001 0.4560546875 0.8751923078124999 0.4541015625 0.8751923078124999 0.4501953125 0.8781490390625001 0.4482421875 0.8781490390625001 0.4267578125 0.8751923078124999 0.4248046875 0.8751923078124999 0.4169921875 0.8781490390625001 0.4150390625 0.8781490390625001 0.4111328125 0.88110576875 0.4091796875 0.88110576875 0.3974609375 0.8722355765625001 0.3896484375 0.8722355765625001 0.3876953125 0.8559735578125001 0.375 0.8530168265625001 0.375 0.850060096875 0.373046875 0.8352764421875 0.373046875 0.8323197125 0.37109375 0.8145793265625001 0.37109375 0.8116225953124999 0.373046875 0.805709134375 0.373046875 0.8027524046875 0.375 0.7938822109375 0.376953125 0.78796875 0.380859375 0.78501201875 0.380859375 0.7746634609374999 0.3876953125 0.7746634609374999 0.3896484375 0.76875 0.3955078125 0.76875 0.4130859375 0.76579326875 0.4150390625 0.76579326875 0.4189453125 0.7628365390625 0.4208984375 0.7628365390625 0.4248046875 0.7598798078125 0.4267578125 0.7598798078125 0.4677734375 0.76579326875 0.4736328125 0.76579326875 0.4775390625 0.7613581734375 0.478515625 0.751009615625 0.4853515625 0.751009615625 0.4873046875 0.7480528843750001 0.4892578125 0.7480528843750001 0.4931640625 0.745096153125 0.4951171875 0.745096153125 0.5146484375 0.7421394234375 0.5166015625 0.7421394234375 0.5244140625 0.745096153125 0.5263671875 0.745096153125 0.5302734375 0.7480528843750001 0.5322265625 0.7480528843750001 0.5361328125 0.751009615625 0.5380859375 0.751009615625 0.5439453125 0.7406610578125 0.544921875 0.7377043265625 0.546875 0.7317908656250001 0.546875 0.728834134375 0.548828125 0.7258774046875 0.548828125 0.7170072109375 0.5546875 0.712572115625 0.5556640625 0.712572115625 0.5576171875 0.706658653125 0.5634765625 0.706658653125 0.6083984375 0.7096153843749999 0.6103515625 0.7096153843749999 0.6396484375 0.706658653125 0.6416015625 0.706658653125 0.6494140625 0.7096153843749999 0.6513671875 0.7096153843749999 0.6552734375 0.7214423078125 0.6689453125 0.712572115625 0.6748046875 0.712572115625 0.6845703125 0.7170072109375 0.6875 0.9269350968750001 0.6875 0.9284134609375 0.6865234375 0.9402403843749999 0.6767578125 0.9402403843749999 0.6728515625 0.9431971156250001 0.6708984375 0.9431971156250001 0.6611328125
4 0.4533333328125 0.528455284375 0.4502564109375 0.5426829265625 0.601025640625 0.5420054203125 0.6020512828125 0.6910569109375 0.6912820515625 0.6869918703125 0.6851282046875 0.5271002703125001 0.4533333328125 0.528455284375
0 0.9641025640625 0.7012195125 0.06564102499999999 0.7012195125 0.06564102499999999 0.745257453125 0.9641025640625 0.745257453125 0.9641025640625 0.7012195125
7 0.4451282046875 0.91056910625 0.448205128125 0.9004065046875 0.4758974359375 0.8983739843749999 0.47751201875 0.888671875 0.465685096875 0.88671875 0.4124639421875 0.88671875 0.405072115625 0.8896484375 0.40211538437499994 0.9013671875 0.405072115625 0.9072265625 0.4095072109375 0.91015625 0.4451282046875 0.91056910625