0 0.9564610015625 0.74768151875 0.1132174328125 0.73847071875 0.11073631718750002 0.9465416624999999 0.9542841359375 0.9523417875 0.9564610015625 0.74768151875
7 0.6386339328124999 0.10210279375 0.45613570000000003 0.0996086421875 0.4590398984375 0.12281739375 0.6386339328124999 0.1219887921875 0.6386339328124999 0.10210279375
0 0.78944399375 0.7259385703125 0.9652916640625 0.7280634218750001 0.9680829234375 0.7195641187499999 0.9736653015625001 0.25068462812500003 0.9708740406249999 0.2443101359375 0.79121285625 0.243577415625 0.783861615625 0.2485598015625 0.7792095625 0.72168891875 0.78944399375 0.7259385703125
4 0.11260435937499999 0.177402109375 0.282374340625 0.1744913484375 0.282374340625 0.1605196984375 0.31372824375 0.15993754375 0.31525773749999997 0.13199424375 0.14029869687500002 0.130247803125 0.141063415625 0.14421942968749998 0.1118396421875 0.147130190625 0.11260435937499999 0.177402109375
4 0.11123894999999999 0.2709774359375 0.3131275796875 0.2733060328125 0.3123628609375 0.17957954062499998 0.14168966562500002 0.1798334015625 0.141063415625 0.19471549999999999 0.1142978796875 0.19413334531249998 0.11123894999999999 0.2709774359375
4 0.11200366718749999 0.3530542015625 0.21753637656249997 0.35538281875 0.221360025 0.338500396875 0.31389229687500003 0.3373360875 0.3123628609375 0.27853872812499997 0.14168966562500002 0.2751334640625 0.14029869687500002 0.2907639140625 0.11200366718749999 0.2930925328125 0.11200366718749999 0.3530542015625
4 0.11276838593750001 0.452121975 0.3123628609375 0.452121975 0.31389229687500003 0.358977615625 0.138821453125 0.3566113796875 0.1349455546875 0.372949265625 0.11047423125 0.374695740625 0.11276838593750001 0.452121975
4 0.11276838593750001 0.5477118562500001 0.2794794640625 0.5482939984375 0.2794794640625 0.5337401953125 0.31159808437500003 0.530829434375 0.31159808437500003 0.4563139609375 0.1369093109375 0.45482136874999995 0.141063415625 0.4714499296875 0.11123894999999999 0.46970346718749995 0.11276838593750001 0.5477118562500001
4 0.113392059375 0.6445466578125 0.26439538125 0.645044275 0.26439538125 0.6281249984375 0.3134224375 0.6296178734375 0.31276875312499997 0.552485815625 0.1382792390625 0.55108714375 0.14019350625 0.5684098750000001 0.112738325 0.5684098750000001 0.113392059375 0.6445466578125
4 0.112738325 0.7242632062500001 0.31211501875000003 0.72625371875 0.314076121875 0.6486240609375 0.1382792390625 0.6493400984375 0.14019350625 0.664050453125 0.1166605296875 0.664050453125 0.112738325 0.7242632062500001
4 0.43651845 0.276027746875 0.535226246875 0.277023003125 0.536533665625 0.138817159375 0.4979657046875 0.1358314 0.3344200234375 0.135688575 0.33323481718750003 0.2929470421875 0.4371721359375 0.2934446609375 0.43651845 0.276027746875
4 0.3338885015625 0.386607115625 0.47051057343749997 0.39009050156249997 0.473125309375 0.373171225 0.5319577765625 0.3746641 0.535226246875 0.3353516296875 0.53587998125 0.2980296703125 0.362206634375 0.293639528125 0.36134363125 0.3114655796875 0.335849553125 0.3119631984375 0.3338885015625 0.386607115625
4 0.3273415859375 0.4625353234375 0.42613396718749996 0.4647472625 0.42497167812500003 0.4510332484375 0.528994253125 0.448821309375 0.527250884375 0.3873294046875 0.35251485625 0.38985294531250003 0.3529113875 0.403255359375 0.32676046406250003 0.4036977484375 0.3273415859375 0.4625353234375
4 0.3430321234375 0.484410990625 0.327922709375 0.48618053906250003 0.32676046406250003 0.5472300625 0.43136416093749996 0.54678768125 0.43601318750000007 0.5317464890625 0.5278320062499999 0.5295345499999999 0.528994253125 0.46760025625 0.35639816875 0.4689274171875 0.35756041562499996 0.484410990625 0.3430321234375 0.484410990625
4 0.32676046406250003 0.7228319984375 0.528994253125 0.723716778125 0.5301565421875 0.548531196875 0.3546944609375 0.55072533125 0.3587227046875 0.5679962671875 0.32850383125 0.5671114890625 0.32676046406250003 0.7228319984375
4 0.683307640625 0.14973351875000002 0.7536245625 0.15150308437499999 0.7542056859375 0.13778904375 0.5537651015625 0.1366586046875 0.55080960625 0.165217090625 0.683307640625 0.1661018703125 0.683307640625 0.14973351875000002
4 0.5513907296875 0.197394621875 0.7309604203125 0.1965098421875 0.7315415421875 0.185450146875 0.751300028125 0.185450146875 0.7507189046875 0.17040895625000002 0.63739823125 0.1681970171875 0.5813734375 0.168169690625 0.582190725 0.183680590625 0.5513907296875 0.1841229875 0.5513907296875 0.197394621875
4 0.5519718953125 0.26053801249999997 0.6606434984375 0.26053801249999997 0.6606434984375 0.2463816 0.75188115 0.24682399687499998 0.7536245625 0.20081565937499998 0.5799203671875001 0.2007864296875 0.5781228203125 0.21497207187499998 0.5554586765625 0.2127601328125 0.5519718953125 0.26053801249999997
4 0.577541653125 0.3095110421875 0.5519718953125 0.3095110421875 0.5519718953125 0.32455223437499997 0.739096271875 0.3258793953125 0.7408396828125 0.31172298125000003 0.7536245625 0.3121653625 0.7542056859375 0.2953546296875 0.57696053125 0.2966817890625 0.577541653125 0.3095110421875
4 0.5519718953125 0.2922579125 0.7530434406250001 0.2922579125 0.7582735890625 0.264829890625 0.5799203671875001 0.26270295 0.5816096015625 0.28119822499999997 0.5519718953125 0.28075583593750003 0.5519718953125 0.2922579125
4 0.55080960625 0.3720940078125 0.6943491515625 0.37563310625 0.751300028125 0.3729787703125 0.7547868078125 0.330509546875 0.5799203671875001 0.32904207812499997 0.5850963828125 0.3455507390625 0.55080960625 0.3455507390625 0.55080960625 0.3720940078125
4 0.5519718953125 0.4373420828125 0.7315415421875 0.43822684531249995 0.7303792953125 0.42274327187500005 0.7495566578124999 0.422300890625 0.7536245625 0.3793892703125 0.6716850078125 0.3776197296875 0.5820999718750001 0.377690771875 0.5833529703125 0.39487284375 0.5502284828125 0.3935456828125 0.5519718953125 0.4373420828125
4 0.5502284828125 0.55123504375 0.63739823125 0.5499078671875 0.63739823125 0.5353090734375 0.7530434406250001 0.5353090734375 0.7524623171875 0.442407634375 0.5791938328125 0.4401601171875 0.5827718468749999 0.45877598593749996 0.5490662375 0.45833360624999997 0.5502284828125 0.55123504375
4 0.5490662375 0.64984499375 0.6664548140625 0.650287375 0.6658736921874999 0.6356885796875 0.7507189046875 0.637015740625 0.751300028125 0.5573859359375 0.6943491515625 0.5538468375 0.5770142265625 0.5551479406250001 0.577541653125 0.5688880375 0.5513907296875 0.56844563125 0.5490662375 0.64984499375
4 0.5490662375 0.7259236390625 0.7297981734375 0.7250388609375 0.7280547609375 0.7091128890625 0.7472321234375 0.7077857296875 0.7466510000000001 0.663989346875 0.626356721875 0.663989346875 0.5748346203125 0.6646075031249999 0.5757982859374999 0.6799153015625 0.547903946875 0.6808000796875 0.5490662375 0.7259236390625
4 0.7722208015625001 0.22924526093750003 0.8012773859375001 0.23101481875 0.844862259375 0.23013004062500003 0.8454433375000001 0.216416025 0.9732923015624999 0.2186279640625 0.9738734687499999 0.1416524796875 0.8611339640625 0.13811337968749998 0.79860745625 0.13942273593750001 0.7989528046875 0.1558088921875 0.7739642140625 0.15536651875000002 0.7722208015625001 0.22924526093750003
6 0.9779646281250001 0.9443359375 0.993365646875 0.9443359375 0.9959324828125 0.9150390625 0.98694855625 0.912109375 0.9779646281250001 0.9287109375 0.9779646281250001 0.9443359375
3 0.9830983015625 0.9013671875 0.98694855625 0.90625 0.993365646875 0.9052734375 0.9984993187500001 0.8994140625 0.996456171875 0.8862550125 0.98694855625 0.88671875 0.9830983015625 0.9013671875