2 0.49461206874999997 0.3427734375 0.4881718078125 0.052734375 0.1094844421875 0.052734375 0.06697871875 0.0576171875 0.06697871875 0.2685546875 0.073418978125 0.34765625 0.372247103125 0.34765625 0.49461206874999997 0.3427734375
2 0.07470703125 0.6005859375 0.2717790265625 0.59765625 0.271192528125 0.3799019609375 0.06824712656250001 0.385348584375 0.07470703125 0.6005859375
2 0.4974856328125 0.3799019609375 0.421193090625 0.384765625 0.29496396874999997 0.384765625 0.2962520203125 0.5986328125 0.4959001203125 0.59765625 0.4971881734375 0.4384765625 0.4974856328125 0.3799019609375
2 0.3014042296875 0.6337890625 0.298828125 0.8466796875 0.4959001203125 0.849609375 0.4971881734375 0.6337890625 0.3014042296875 0.6337890625
1 0.37353515625 0.3642578125 0.37353515625 0.3583984375 0.3619426859375 0.35546875 0.0682667703125 0.357421875 0.0682667703125 0.369140625 0.1146366515625 0.37109375 0.3670948953125 0.369140625 0.37353515625 0.3642578125
1 0.186767578125 0.607421875 0.168734846875 0.60546875 0.070842875 0.609375 0.06697871875 0.6181640625 0.073418978125 0.62109375 0.18805563125 0.6181640625 0.186767578125 0.607421875
1 0.48044349375 0.62109375 0.5023403828124999 0.6162109375 0.5023403828124999 0.6083984375 0.4933240171875 0.6015625 0.3670948953125 0.603515625 0.360654634375 0.6083984375 0.3632307390625 0.6162109375 0.37739931250000003 0.62109375 0.48044349375 0.62109375
1 0.49976427812499996 0.8642578125 0.4959001203125 0.853515625 0.38770373125 0.85546875 0.3812634703125 0.8603515625 0.3851276265625 0.8671875 0.449530240625 0.869140625 0.49976427812499996 0.8642578125
4 0.12236496562500002 0.90234375 0.261474609375 0.875 0.29367591718749997 0.8349609375 0.2910998125 0.6904296875 0.2859476015625 0.6572265625 0.275643184375 0.6416015625 0.2679659203125 0.6304050250000001 0.06856775000000001 0.631002565625 0.06697871875 0.6416015625 0.061826509375000005 0.6572265625 0.062262670312500004 0.8987006234375 0.0759950828125 0.900390625 0.12236496562500002 0.90234375
4 0.4778673890625 0.931640625 0.48688375625 0.9267578125 0.48688375625 0.9033203125 0.4701390765625 0.900390625 0.0922118015625 0.9022858656249999 0.089847396875 0.9148342109375 0.0638389390625 0.9172243718749999 0.0644026140625 0.9287109375 0.0759950828125 0.935546875 0.099180025 0.9375 0.4778673890625 0.931640625
4 0.9132290546874999 0.923828125 0.9467184140624999 0.921875 0.9505825703124999 0.9169921875 0.944142309375 0.8984375 0.89262021875 0.892578125 0.5706071515625 0.890625 0.5293894796874999 0.90625 0.52294921875 0.9111328125 0.5293894796874999 0.919921875 0.5628788390625 0.921875 0.9132290546874999 0.923828125
4 0.8606434875 0.1207031421875 0.952067153125 0.1147277390625 0.9536434234375 0.0430229015625 0.7509344703124999 0.04296875 0.5185928703125 0.045413062500000004 0.5225335453125 0.1386293515625 0.7794655765625 0.135044109375 0.8606434875 0.1332514890625 0.8606434875 0.1207031421875
4 0.954566090625 0.13340840468749998 0.5515878562500001 0.1379014328125 0.5511319984374999 0.1524173734375 0.5242363921875001 0.151034903125 0.5237805343749999 0.1994213703125 0.5926150515625 0.199075753125 0.593070909375 0.1838685765625 0.9541102328125 0.1793755484375 0.954566090625 0.13340840468749998
4 0.719799359375 0.2747660125 0.7202552171875001 0.258867603125 0.9541102328125 0.258521984375 0.9536543749999999 0.1970020484375 0.5515878562500001 0.20149507656250001 0.549764425 0.214628546875 0.5274273968750001 0.2177391046875 0.52651568125 0.275802865625 0.719799359375 0.2747660125
4 0.9541102328125 0.28859071875 0.5493085671875 0.29204689375 0.549764425 0.308982159375 0.52469225 0.3075996890625 0.52469225 0.38328994843749997 0.7061236265625 0.383981184375 0.7070353421875 0.3687740078125 0.954566090625 0.36704591875000003 0.9541102328125 0.28859071875
4 0.9317732046874999 0.2882451015625 0.9317732046874999 0.27511163125000004 0.5529554296875 0.2764941015625 0.549764425 0.290664425 0.9317732046874999 0.2882451015625
4 0.9573012375 0.3825987140625 0.5534112875 0.3860548890625 0.550676140625 0.3998795953125 0.525603965625 0.4026445359375 0.5260598234375 0.4157780046875 0.8355872234374999 0.41301306406249993 0.8351313656249999 0.40091644843749996 0.95547780625 0.3984971234375 0.9573012375 0.3825987140625
4 0.5242363921875001 0.4465379734375 0.8570125359375 0.44619235625 0.8588359671875001 0.4306395625 0.95547780625 0.43098518124999996 0.9559336640625 0.4157780046875 0.5547788609375 0.416469240625 0.554323003125 0.4306395625 0.5547788609375 0.431676415625 0.5274273968750001 0.4330588859375 0.5242363921875001 0.4465379734375
4 0.954566090625 0.44757482656249997 0.55523471875 0.4482660625 0.5534112875 0.4627820015625 0.525603965625 0.4631276203125 0.525603965625 0.4786804125 0.8702324109375 0.47729794375 0.8693206953124999 0.4631276203125 0.9550219484375001 0.46174514999999994 0.954566090625 0.44757482656249997
4 0.954566090625 0.4804085015625 0.5547788609375 0.47902603125 0.5534112875 0.49803499999999995 0.5237805343749999 0.4983806171875 0.5242363921875001 0.5090947640625 0.7425922453125 0.5090947640625 0.74760668125 0.4969981484375 0.9559336640625 0.49285073593749995 0.954566090625 0.4804085015625
4 0.9550219484375001 0.5101316171875 0.5534112875 0.5104772359374999 0.5511319984374999 0.5277581171875 0.5233246765625 0.5291405874999999 0.52469225 0.5405459687499999 0.6135845078125 0.539509115625 0.6131286499999999 0.52706688125 0.9559336640625 0.5232650875 0.9550219484375001 0.5101316171875
4 0.9541102328125 0.5422740562499999 0.5547788609375 0.541237203125 0.5529554296875 0.5581724671875 0.525603965625 0.558863703125 0.5237805343749999 0.590660525 0.7156966390624999 0.58685873125 0.7156966390624999 0.5726884078125 0.95547780625 0.574070878125 0.9541102328125 0.5422740562499999
4 0.954566090625 0.5910061421874999 0.55751400625 0.589623671875 0.5511319984374999 0.599300965625 0.5233246765625 0.6065589359375 0.5242363921875001 0.6193467874999999 0.6409359718750001 0.618309934375 0.6427594015625 0.6041396125 0.9573012375 0.6034483765624999 0.954566090625 0.5910061421874999
4 0.9550219484375001 0.6193467874999999 0.5538671453124999 0.6193467874999999 0.554323003125 0.635590815625 0.52469225 0.6362820515625 0.5251481078125 0.6822491953125 0.739401240625 0.681903578125 0.741224671875 0.6666964015625 0.95547780625 0.666350784375 0.9550219484375001 0.6193467874999999
4 0.954566090625 0.6812123437500001 0.5529554296875 0.6836316671875 0.5502202828125 0.697456371875 0.5260598234375 0.699184459375 0.5237805343749999 0.7137004 0.5702780234375 0.7140460171874999 0.5725573125000001 0.699184459375 0.9536543749999999 0.6981476062499999 0.954566090625 0.6812123437500001
4 0.952286803125 0.7178478109374999 0.5502202828125 0.714391634375 0.549764425 0.728216340625 0.5278832546875 0.732018134375 0.5224129609375 0.7468796921874999 0.9317732046874999 0.7465340734375 0.9299497734375001 0.734091840625 0.9541102328125 0.7327093687499999 0.952286803125 0.7178478109374999
4 0.5566022921875 0.76174125 0.7585472656250001 0.7610500140625 0.7580914078125 0.747225309375 0.5579698640624999 0.747225309375 0.5566022921875 0.76174125
4 0.9509192296875 0.768307984375 0.552499571875 0.7658886609375 0.5534112875 0.7793677484375 0.52286881875 0.7793677484375 0.5210453875 0.795266159375 0.571645596875 0.7938836890625 0.5725573125000001 0.7814414546874999 0.9509192296875 0.7824783078124999 0.9509192296875 0.768307984375
4 0.9481840828125 0.8004504234375001 0.5493085671875 0.7963030125 0.549764425 0.8101277171874999 0.5233246765625 0.8101277171874999 0.5242363921875001 0.8260261281249999 0.9035100249999999 0.8284454515625 0.904421740625 0.8153119828125 0.9490957984374999 0.814620746875 0.9481840828125 0.8004504234375001
4 0.9468165093750001 0.8298279234375 0.549764425 0.8270629812499999 0.549764425 0.8443438625 0.5242363921875001 0.8446894796875 0.5215012453125001 0.8892741546874999 0.521957103125 0.8916934765625 0.902142453125 0.8910022421875 0.902142453125 0.8795968609375 0.9459047953124999 0.8764863015625 0.9468165093750001 0.8298279234375
6 0.9536543749999999 0.8906566249999999 0.9527426609375 0.9286745640625 0.975535546875 0.926255240625 0.9769031203124999 0.8906566249999999 0.9536543749999999 0.8906566249999999
3 0.9541102328125 0.877868771875 0.975535546875 0.8764863015625 0.9750796890625001 0.8612791265625 0.9582129531250001 0.8602422734375 0.9541102328125 0.877868771875