0 0.038036625000000004 0.439496396875 0.0328284890625 0.8653318859375 0.9190663046875001 0.8815098359375 0.9127056687499999 0.44308635937499996 0.038036625000000004 0.439496396875
4 0.0752322203125 0.1987986828125 0.0752322203125 0.213358871875 0.0456731265625 0.213877765625 0.0434294515625 0.42367275624999995 0.3317746890625 0.4269083203125 0.3232940359375 0.2004164859375 0.0752322203125 0.1987986828125
4 0.3232940359375 0.1405579203125 0.32965455625 0.025694176562499997 0.0476698359375 0.022458590625 0.047582253125 0.1498311859375 0.236366321875 0.151882503125 0.24060670625 0.1421757234375 0.3232940359375 0.1405579203125
4 0.044584476562499996 0.1848175421875 0.11717900625 0.18316169531249998 0.1124548640625 0.1642367421875 0.0439545109375 0.1633355515625 0.044584476562499996 0.1848175421875
4 0.6250263640625 0.21019731406250003 0.627388453125 0.0317621234375 0.3486629328125 0.025453809375000004 0.34511983281249997 0.216505646875 0.37228374531249997 0.21830800312499998 0.5600691765625 0.221912765625 0.5612501875 0.21019731406250003 0.6250263640625 0.21019731406250003
4 0.6167590890625 0.4336919328125 0.6250263640625 0.2246163375 0.3781889328125 0.2192091953125 0.37426019843749997 0.235900328125 0.34157666875000003 0.23362819375 0.33921458125 0.42648240781249996 0.6167590890625 0.4336919328125
4 0.640816015625 0.34267193125 0.638000775 0.42969058125000004 0.919541534375 0.4309883359375 0.9159984359375001 0.3291541234375 0.6679799265625 0.3309565046875 0.640816015625 0.34267193125
7 0.63723996875 0.32428165625 0.745928565625 0.33185769375 0.745928565625 0.3129327421875 0.6337297515625 0.30932797968750003 0.63723996875 0.32428165625
4 0.664436828125 0.26246621875 0.6396349375 0.277786409375 0.6404303796875 0.29590232968749997 0.8994638203124999 0.2949089796875 0.9159984359375001 0.2759840265625 0.913636346875 0.263367409375 0.664436828125 0.26246621875
4 0.9077310953125 0.13539873125 0.6585315765625 0.136299921875 0.6573505640625 0.1489165515625 0.6313676625 0.150718934375 0.6329860890625 0.2618471390625 0.6774282781250001 0.26156502812500004 0.676247203125 0.24894840937499998 0.912455271875 0.24714602812500003 0.9077310953125 0.13539873125
4 0.632548740625 0.10565952812499999 0.6347928859375 0.1313452359375 0.729394015625 0.13359635 0.729394015625 0.120078528125 0.9089121718750001 0.1227821 0.9100931828125001 0.0867345875 0.666798915625 0.085833396875 0.632548740625 0.10565952812499999
7 0.638303440625 0.076976103125 0.7695493796874999 0.076821515625 0.7695493796874999 0.0642048859375 0.6431781015625 0.0606001359375 0.638303440625 0.076976103125
4 0.6478746703125 0.0461642640625 0.7955322812500001 0.0497858859375 0.79789436875 0.0317621234375 0.640816015625 0.029058557812500004 0.6478746703125 0.0461642640625
6 0.929882140625 0.8642578125 0.9337246296874999 0.8671875 0.9426904359374999 0.8662109375 0.94525209375 0.8349609375 0.9362862890624999 0.828125 0.929882140625 0.8369140625 0.929882140625 0.8642578125
3 0.9324438 0.8232421875 0.935005459375 0.8330078125 0.9426904359374999 0.8330078125 0.94525209375 0.8134765625 0.9362862890624999 0.806640625 0.9324438 0.8095703125 0.9324438 0.8232421875