6 0.981710334375 0.905042871875 0.9551455609374999 0.905042871875 0.9551455609374999 0.9421597 0.981710334375 0.9421597 0.981710334375 0.905042871875
3 0.9790684140625 0.8746730968750001 0.959767103125 0.8746730968750001 0.959767103125 0.8942015 0.9790684140625 0.8942015 0.9790684140625 0.8746730968750001
4 0.943435225 0.8669292609375001 0.5220669578125 0.8669292609375001 0.5220669578125 0.9345069671875 0.943435225 0.9345069671875 0.943435225 0.8669292609375001
7 0.7491848609375 0.835316184375 0.5216448328125 0.835316184375 0.5216448328125 0.857524115625 0.7491848609375 0.857524115625 0.7491848609375 0.835316184375
4 0.9421688500000001 0.7169453375 0.524526928125 0.7169453375 0.524526928125 0.823633440625 0.9421688500000001 0.823633440625 0.9421688500000001 0.7169453375
4 0.9426419218750001 0.6235423359375 0.52411208125 0.6235423359375 0.52411208125 0.719158628125 0.9426419218750001 0.719158628125 0.9426419218750001 0.6235423359375
4 0.9444032015625 0.47202572343750004 0.5223216890625 0.47202572343750004 0.5223216890625 0.6246516609375 0.9444032015625 0.6246516609375 0.9444032015625 0.47202572343750004
4 0.9464556046875 0.228633440625 0.5253056765624999 0.228633440625 0.5253056765624999 0.474410503125 0.9464556046875 0.474410503125 0.9464556046875 0.228633440625
7 0.2898617171875 0.0487942125 0.06283115 0.0487942125 0.06283115 0.0958360125 0.2898617171875 0.0958360125 0.2898617171875 0.0487942125
7 0.9735007281250001 0.09958199375 0.0438500734375 0.09958199375 0.0438500734375 0.22200428749999998 0.9735007281250001 0.22200428749999998 0.9735007281250001 0.09958199375
2 0.49868995624999995 0.22911575625 0.04212518125 0.22911575625 0.04212518125 0.6599732046875 0.49868995624999995 0.6599732046875 0.49868995624999995 0.22911575625
1 0.462656478125 0.6610503750000001 0.22229257656249998 0.6610503750000001 0.22229257656249998 0.682165059375 0.462656478125 0.682165059375 0.462656478125 0.6610503750000001
7 0.181928675 0.88347266875 0.06689228593749999 0.88347266875 0.06689228593749999 0.9021864953125001 0.181928675 0.9021864953125001 0.181928675 0.88347266875
4 0.48630276562499997 0.9141854234375 0.09515283906250001 0.9141854234375 0.09515283906250001 0.9347106109375 0.48630276562499997 0.9347106109375 0.48630276562499997 0.9141854234375
4 0.49090975312499996 0.68631296875 0.0655385734375 0.68631296875 0.0655385734375 0.8712861734375 0.49090975312499996 0.8712861734375 0.49090975312499996 0.68631296875