4 0.547923 0.0921584 0.925488 0.0949974 0.9327840000000001 0.0450264 0.0718632 0.0450264 0.07095080000000001 0.11544000000000001 0.542451 0.11544000000000001 0.547923 0.0921584
4 0.725762 0.114873 0.148471 0.117712 0.149383 0.13702 0.726674 0.137587 0.725762 0.114873
4 0.07095080000000001 0.206298 0.637298 0.206298 0.6409469999999999 0.18301499999999998 0.926399 0.18472 0.93096 0.138155 0.145735 0.13929 0.148471 0.162005 0.0755116 0.162573 0.07095080000000001 0.206298
4 0.07095080000000001 0.250591 0.8160489999999999 0.25286200000000003 0.8206089999999999 0.233555 0.923665 0.23242 0.925488 0.20857 0.15576600000000002 0.20743399999999998 0.144822 0.23014800000000002 0.0727756 0.232987 0.07095080000000001 0.250591
4 0.311717 0.253998 0.14391099999999998 0.252863 0.149383 0.273873 0.307157 0.273873 0.311717 0.253998
4 0.47405200000000003 0.278984 0.141175 0.278417 0.152119 0.29715600000000003 0.47587599999999997 0.299427 0.47405200000000003 0.278984
4 0.07368670000000001 0.345423 0.447605 0.344856 0.44851599999999997 0.323845 0.923665 0.323845 0.925488 0.299427 0.149383 0.298859 0.15667899999999998 0.322141 0.0764241 0.322709 0.07368670000000001 0.345423
4 0.0727756 0.411863 0.795074 0.413567 0.793249 0.39142 0.926401 0.392556 0.926401 0.345991 0.151207 0.347127 0.14391099999999998 0.36586599999999997 0.0782476 0.36643400000000004 0.0727756 0.411863
4 0.568899 0.41527000000000003 0.145735 0.413566 0.146647 0.437985 0.568899 0.437985 0.568899 0.41527000000000003
4 0.0691272 0.504424 0.504148 0.504424 0.504148 0.482846 0.9282239999999999 0.484549 0.9291370000000001 0.43912000000000007 0.147558 0.43741700000000006 0.146647 0.46013099999999996 0.0727756 0.46069899999999997 0.0691272 0.504424
4 0.07095080000000001 0.5504209999999999 0.140263 0.5515559999999999 0.144822 0.530546 0.923665 0.5311130000000001 0.925488 0.50556 0.148471 0.503289 0.138439 0.5237320000000001 0.0727756 0.527706 0.07095080000000001 0.5504209999999999
4 0.07095080000000001 0.595282 0.258822 0.595282 0.262469 0.575974 0.927312 0.574271 0.9291370000000001 0.553828 0.148471 0.554396 0.145735 0.5714319999999999 0.0745992 0.5714319999999999 0.07095080000000001 0.595282
4 0.0727756 0.6435489999999999 0.598995 0.642982 0.599907 0.623675 0.930048 0.620267 0.9327840000000001 0.598689 0.147558 0.597553 0.14391099999999998 0.620267 0.07368670000000001 0.623675 0.0727756 0.6435489999999999
4 0.0718632 0.687275 0.466756 0.688411 0.9291370000000001 0.690114 0.927312 0.6452530000000001 0.149383 0.6418470000000001 0.147558 0.667968 0.0755116 0.666264 0.0718632 0.687275
4 0.0673037 0.7372460000000001 0.46402099999999996 0.737814 0.46310799999999996 0.7128289999999999 0.927312 0.713964 0.93552 0.689546 0.146647 0.690681 0.149383 0.711125 0.0718632 0.714532 0.0673037 0.7372460000000001
4 0.278885 0.73895 0.146647 0.73895 0.142088 0.759393 0.273413 0.758257 0.278885 0.73895
4 0.8470570000000001 0.757689 0.146647 0.759961 0.152119 0.782107 0.8470570000000001 0.781539 0.8470570000000001 0.757689
4 0.0745992 0.829807 0.21686999999999998 0.829807 0.215958 0.8065260000000001 0.9291370000000001 0.805957 0.930048 0.783811 0.146647 0.783811 0.14391099999999998 0.804822 0.0764227 0.804822 0.0745992 0.829807
4 0.769538 0.830376 0.146647 0.829239 0.146647 0.85025 0.763153 0.851386 0.769538 0.830376
4 0.07003970000000001 0.894543 0.305334 0.8951119999999999 0.304421 0.8752359999999999 0.925488 0.8752359999999999 0.9282239999999999 0.851386 0.146646 0.851386 0.141175 0.872397 0.06821479999999999 0.872397 0.07003970000000001 0.894543
4 0.927312 0.898519 0.148471 0.8979509999999999 0.147558 0.918962 0.925488 0.9200969999999999 0.927312 0.898519
3 0.12567 0.9382680000000001 0.0718632 0.939972 0.0727756 0.9547370000000001 0.130231 0.9547370000000001 0.12567 0.9382680000000001
6 0.9245760000000001 0.938836 0.78413 0.937701 0.785041 0.9558719999999999 0.927312 0.9581440000000001 0.9245760000000001 0.938836
6 0.644138 0.409307 0.276149 0.5711470000000001 0.315821 0.608626 0.686546 0.45189700000000005 0.644138 0.409307