4 0.94612 0.41784299999999996 0.94612 0.13914100000000001 0.6707569999999999 0.141795 0.673475 0.43111499999999997 0.819308 0.429788 0.94612 0.41784299999999996
4 0.40686799999999995 0.535297 0.48174700000000004 0.535739 0.487786 0.523794 0.926192 0.523352 0.939476 0.433106 0.673172 0.433106 0.671361 0.488846 0.40686799999999995 0.48840300000000003 0.40686799999999995 0.535297
4 0.604332 0.552549 0.907472 0.5556460000000001 0.919549 0.541932 0.404453 0.539278 0.411095 0.567591 0.600708 0.565821 0.604332 0.552549
4 0.46967 0.677302 0.926192 0.677302 0.918946 0.570687 0.404453 0.570245 0.404453 0.690573 0.45880099999999996 0.6883619999999999 0.46967 0.677302
4 0.370636 0.595461 0.087423 0.595019 0.0904429 0.9281349999999999 0.365201 0.9259219999999999 0.370636 0.595461
4 0.653245 0.7626820000000001 0.377882 0.76224 0.377882 0.925038 0.659284 0.9272500000000001 0.653245 0.7626820000000001
4 0.486578 0.747199 0.644791 0.744987 0.656264 0.729504 0.37909099999999996 0.725522 0.382714 0.761798 0.486578 0.7578159999999999 0.486578 0.747199
4 0.8470850000000001 0.8454079999999999 0.907472 0.848948 0.9551780000000001 0.7626820000000001 0.942496 0.732158 0.668946 0.728177 0.6755880000000001 0.8631040000000001 0.835612 0.863546 0.8470850000000001 0.8454079999999999
4 0.9213609999999999 0.877703 0.665322 0.880799 0.6695490000000001 0.9307890000000001 0.9286070000000001 0.9272500000000001 0.9213609999999999 0.877703
2 0.360975 0.0893723 0.0330752 0.0926901 0.0376042 0.5731200000000001 0.36188 0.5731200000000001 0.360975 0.0893723
2 0.6632089999999999 0.14621900000000002 0.412303 0.150864 0.40868000000000004 0.474027 0.662303 0.471372 0.6632089999999999 0.14621900000000002
7 0.8790910000000001 0.0953444 0.38543099999999997 0.09799870000000001 0.397207 0.133832 0.878185 0.131178 0.8790910000000001 0.0953444
3 0.961216 0.9489259999999999 0.9539690000000001 0.935655 0.929815 0.937867 0.932834 0.9431749999999999 0.935853 0.949812 0.961216 0.9489259999999999