4 0.610214 0.104966 0.611584 0.07308210000000001 0.0951452 0.0721159 0.10336399999999998 0.0817778 0.10336399999999998 0.10979699999999999 0.610214 0.104966
4 0.64309 0.105932 0.11158399999999999 0.105932 0.129392 0.13685 0.6376109999999999 0.13685 0.64309 0.105932
4 0.806104 0.134918 0.12665200000000001 0.135884 0.133501 0.16970000000000002 0.803364 0.165836 0.806104 0.134918
4 0.0951452 0.23057 0.7992549999999999 0.22863799999999998 0.8006249999999999 0.20641500000000002 0.884186 0.20641500000000002 0.8882960000000001 0.172599 0.13761099999999998 0.173565 0.140351 0.199652 0.100625 0.198686 0.0951452 0.23057
4 0.0951452 0.26342 0.09103560000000001 0.361005 0.41980300000000004 0.361971 0.425282 0.331053 0.893775 0.327188 0.8882960000000001 0.227671 0.130762 0.234435 0.13487100000000002 0.246029 0.13761099999999998 0.26342 0.0951452 0.26342
4 0.09377529999999999 0.457623 0.352679 0.452792 0.352679 0.42477299999999996 0.8869260000000001 0.41704299999999994 0.8896660000000001 0.36680199999999996 0.128022 0.367768 0.136241 0.390957 0.09651509999999999 0.390957 0.09377529999999999 0.457623
4 0.569575 0.619298 0.572315 0.583871 0.894689 0.582583 0.88921 0.458268 0.133045 0.455691 0.104734 0.481456 0.108388 0.612857 0.569575 0.619298
4 0.104734 0.711408 0.288296 0.7094750000000001 0.28555600000000003 0.678557 0.897429 0.68049 0.891949 0.616077 0.132132 0.614789 0.141264 0.644418 0.112953 0.645707 0.104734 0.711408
4 0.09651509999999999 0.812534 0.590579 0.812534 0.591493 0.788702 0.890123 0.7848379999999999 0.891036 0.71334 0.131219 0.712696 0.136699 0.742969 0.104734 0.742969 0.09651509999999999 0.812534
4 0.891036 0.8060940000000001 0.09742880000000001 0.816399 0.104734 0.875014 0.891949 0.8711499999999999 0.891036 0.8060940000000001
6 0.196059 0.916882 0.199712 0.888541 0.094689 0.888541 0.09377529999999999 0.8962709999999999 0.102908 0.923324 0.196059 0.916882
3 0.9001680000000001 0.891761 0.837573384375 0.893029675 0.8395303328124999 0.9192546578125 0.9021526421875 0.9192546578125 0.9001680000000001 0.891761