2 0.8914236515624999 0.1233101046875 0.7052927671875 0.1233101046875 0.7052927671875 0.3675435546875 0.8914236515624999 0.3675435546875 0.8914236515624999 0.1233101046875
2 0.45909299687500005 0.14217770000000002 0.047772675 0.14217770000000002 0.047772675 0.37560975625 0.45909299687500005 0.37560975625 0.45909299687500005 0.14217770000000002
2 0.24540757812499997 0.78387630625 0.057256028125000004 0.78387630625 0.057256028125000004 0.95810975625 0.24540757812499997 0.95810975625 0.24540757812499997 0.78387630625
7 0.14090502968750002 0.1092804328125 0.3330251140625 0.108648921875 0.3288666359375 0.083388603125 0.137578265625 0.08275709375 0.14090502968750002 0.1092804328125
7 0.16585567343750002 0.1212790859375 0.0402706984375 0.11938455625 0.04181251875 0.13753062656249998 0.163360621875 0.14022433125 0.16585567343750002 0.1212790859375
7 0.047755895312500005 0.6731184125 0.0508676765625 0.671569259375 0.1982915125 0.6743814312499999 0.1991232265625 0.6560676859375 0.0485875859375 0.6598567375 0.047755895312500005 0.6731184125
4 0.23239078124999998 0.48146449843749994 0.23821259687500002 0.4663083125 0.22656896718750003 0.4536781484375 0.21908376875000002 0.435995921875 0.23904426562499997 0.42968083906250004 0.23654921406249999 0.40252599843750003 0.23654921406249999 0.40189448906249997 0.2157570046875 0.394316396875 0.20660842499999998 0.38673829375 0.059399526562500006 0.3880013140625 0.056072784375 0.4012629796875 0.0427657484375 0.40252599843750003 0.0427657484375 0.5101257593749999 0.086845265625 0.5107572859375 0.0860135734375 0.49914672343750005 0.224905584375 0.49725221093750005 0.23239078124999998 0.48146449843749994
4 0.0435974390625 0.5764341109375 0.0427657484375 0.6433739562499999 0.21159857187500003 0.640847915625 0.20910347499999998 0.6117985625 0.23821259687500002 0.60864103125 0.23821259687500002 0.5922218078125 0.20910347499999998 0.5909587875 0.21409362187499997 0.581486190625 0.2099351890625 0.56127790625 0.18165778125 0.5549628421875 0.19163802968750002 0.529071021875 0.23821259687500002 0.527176475 0.24070764687500001 0.5145463109375 0.058567834375 0.5164408578125 0.0618946 0.5303340421875 0.0435974390625 0.5353860859374999 0.0435974390625 0.5764341109375
4 0.4344911140625 0.6092725234375 0.433659446875 0.5922218078125 0.455283325 0.5915903140625 0.45278827499999996 0.5751710921875001 0.4344911140625 0.573276578125 0.43116435 0.5606464140625 0.46110514062499997 0.5568573546875 0.46110514062499997 0.5435956984375 0.41453057343750005 0.5410696578125 0.4112038078125 0.527176475 0.447798128125 0.52465046875 0.447798128125 0.5088627390625 0.4344911140625 0.5088627390625 0.4319960640625 0.49244355000000006 0.46609528750000007 0.49054900312500005 0.46609528750000007 0.48044487968749994 0.4319960640625 0.47476130625 0.4286693 0.4608681578125 0.45112489218749996 0.45771059062499997 0.45195656093750003 0.445711953125 0.4161939546875 0.44192289375 0.4161939546875 0.43055575 0.45112489218749996 0.42866123749999996 0.45195656093750003 0.41413656093749995 0.4037186109375 0.4147680546875 0.4012235609375 0.40087486875 0.43781787968749997 0.3977173375 0.43781787968749997 0.381929640625 0.2628051453125 0.38576706562499996 0.2656583359375 0.6231657078125 0.2947674140625 0.624428728125 0.2964307953125 0.608009503125 0.4344911140625 0.6092725234375
4 0.21928342656250002 0.700949071875 0.24274365156250002 0.6947530343749999 0.236623571875 0.68081199375 0.06220179687500001 0.6839100124999999 0.042821596875 0.700174546875 0.0458816375 0.77839928125 0.23866359843749999 0.780722771875 0.23866359843749999 0.7660072484375 0.199903196875 0.7652327640625 0.21928342656250002 0.700949071875
4 0.4569458125 0.8837316124999999 0.4334855859375 0.8767610921875001 0.4365456 0.8457809921875 0.42124548125 0.838810471875 0.431445559375 0.8039578687500001 0.44776571875000004 0.7962128234375 0.4518457734375 0.7760757875000001 0.44470570781249996 0.7551642265625 0.4365456 0.7474191796875 0.4334855859375 0.7365761578125001 0.2825240375 0.738125165625 0.2672238640625 0.755938709375 0.26518389375 0.8968981265625 0.2672238640625 0.928652753125 0.4334855859375 0.9317507296875001 0.431445559375 0.8992216624999999 0.4620459078125 0.893800109375 0.4569458125 0.8837316124999999
4 0.3937052015625 0.7094686015625 0.470205959375 0.7017235546875 0.467145946875 0.6877825140625 0.4202254390625 0.6877825140625 0.42736550468749995 0.6738414734375 0.4487857609375 0.669968971875 0.44470570781249996 0.6568024140625 0.2672238640625 0.657576940625 0.266203878125 0.7350271484374999 0.35188473125 0.7334781390625 0.35188473125 0.7210861078125 0.39166517343749996 0.7203116234375 0.3937052015625 0.7094686015625
7 0.48855604062499997 0.8076070874999999 0.619408790625 0.8079916328125 0.6143087515625 0.7948250765625 0.49190752499999996 0.792501584375 0.48855604062499997 0.8076070874999999
4 0.4898674984375 0.8350992312500001 0.48884745625 0.9303629828125001 0.6540891375 0.928039490625 0.6561291640625 0.9086769374999999 0.6551091796875 0.89551038125 0.633688925 0.89008886875 0.63878901875 0.8815693390625 0.6632692312499999 0.8691773078124999 0.6744893515625 0.8622067890625 0.679589446875 0.848265746875 0.6693893125 0.8420697531249999 0.664289271875 0.8312266875000001 0.6530691531249999 0.8289031953125001 0.6612292046875 0.8165111640625 0.5069254484375 0.815969328125 0.5082276859375 0.8180601718749999 0.5031275890625 0.8289031953125001 0.4898674984375 0.8350992312500001
4 0.6489890984375 0.7398354375 0.667349284375 0.7127278390625 0.6632692312499999 0.7057573203125 0.6418490328125 0.7057573203125 0.6438890578125 0.6786497640625 0.6234888453125 0.6724537265625 0.6234888453125 0.6585126859375 0.6632692312499999 0.6592871687499999 0.6591892328125 0.6461206546875 0.6622492453125 0.6290815953125 0.6714293390625 0.61978758125 0.6704093531249999 0.5942289921875 0.5041476312500001 0.593454509375 0.49802755000000004 0.6081700328124999 0.4837474171875 0.6120425359375 0.49131145312499996 0.7713707125 0.6265488578125 0.7739135140625 0.6306289109375001 0.75764898125 0.6459290859375 0.7522274703125 0.6489890984375 0.7398354375
4 0.616348778125 0.5640233968749999 0.6693893125 0.559376390625 0.667349284375 0.546984359375 0.6520491109375001 0.5431118359375 0.6520491109375001 0.5307198046875 0.6398090046875 0.528396290625 0.651029125 0.46333811249999995 0.6653092578125 0.46333811249999995 0.6612292046875 0.44862256718750004 0.48272743125 0.44784806406250005 0.4867191 0.5908856874999999 0.56432823125 0.5911309734375 0.5673883 0.5779644375 0.619408790625 0.5779644375 0.616348778125 0.5640233968749999
4 0.6612292046875 0.37969185781250003 0.651029125 0.3773683546875 0.6520491109375001 0.3487117671875 0.667349284375 0.347162759375 0.667349284375 0.33477072812499997 0.6540891375 0.3308982140625 0.6551091796875 0.31618266875 0.4837474171875 0.31618266875 0.48476740312500005 0.4432010359375 0.6071686859375001 0.443975540625 0.60614864375 0.430809003125 0.667349284375 0.43158350937499995 0.6612292046875 0.37969185781250003
4 0.6846894875 0.285302084375 0.49904759062500004 0.2868510828125 0.49598752343749997 0.301566628125 0.4796673625 0.30234113281249997 0.477534396875 0.3170223109375 0.54290803125 0.317056678125 0.546988084375 0.3007921234375 0.6897895265625 0.299243125 0.6846894875 0.285302084375
4 0.8621712734375 0.55715238125 0.8621712734375 0.540887846875 0.8397310328125001 0.5370153453125 0.8397310328125001 0.5308193078125 0.88869156875 0.5253977984375 0.88869156875 0.478927646875 0.857071234375 0.47273163125 0.8856315 0.4580160859375 0.8866515406250001 0.44484955 0.8978716046875 0.44097704843749996 0.8937916640625 0.4169674671875 0.8774714484375 0.405349940625 0.8693113390624999 0.392957909375 0.854011221875 0.3906343953125 0.8499311671875001 0.3813403609375 0.7034781031249999 0.382526528125 0.704069659375 0.5718679484375 0.73467000625 0.5718679484375 0.73875000625 0.5610248828125 0.8621712734375 0.55715238125
4 0.6520491109375001 0.22586440625 0.6540891375 0.21579588906249997 0.6775494203125 0.213472375 0.6755093921875 0.20030583906250002 0.61838880625 0.20108034375 0.6204288328125 0.1848157890625 0.6469490718750001 0.1848157890625 0.6551091796875 0.154610203125 0.6306289109375001 0.1220811046875 0.48272743125 0.1213066 0.48272743125 0.2467759671875 0.6693893125 0.248324978125 0.6693893125 0.23360943281250002 0.6520491109375001 0.22586440625
4 0.68366944375 0.26071700937500003 0.4837474171875 0.26071700937500003 0.48476740312500005 0.279305078125 0.6867295125 0.2769815640625 0.68366944375 0.26071700937500003
4 0.7101897390625 0.6115665453125 0.85503120625 0.6115665453125 0.857071234375 0.5968510203124999 0.7081497125 0.5976255046875 0.7101897390625 0.6115665453125
4 0.874411434375 0.767817003125 0.8897115531249999 0.7484544515625 0.8866515406250001 0.7352879359375 0.8795114734375 0.7221213796875 0.8774714484375 0.703533309375 0.8652313421875 0.6888177859375 0.8897115531249999 0.6857197671875 0.88869156875 0.6702297171875 0.87645140625 0.6702297171875 0.8754314203125 0.657063203125 0.8815515015625 0.6516416921875 0.8825714874999999 0.641573153125 0.9009316734375 0.6392496171875 0.9009316734375 0.622985084375 0.7193698328125 0.623759609375 0.7224298453125 0.6384751343749999 0.7091696984375 0.641573153125 0.7126628078125 0.799244846875 0.7917905390625 0.8003461125 0.7887305265625 0.7840815796875 0.8591112609374999 0.7856305890625 0.874411434375 0.767817003125
4 0.8866515406250001 0.8929878796875 0.8876715265625 0.88214485625 0.8672713125 0.8720763171874999 0.8591112609374999 0.8581352765625001 0.87645140625 0.8480667375 0.883591528125 0.8356747062500001 0.8907315953125 0.82018465625 0.9009316734375 0.8093416328125 0.8999116875000001 0.8000475781249999 0.8733913937500001 0.7984986109375 0.83667101875 0.800822103125 0.790770553125 0.803920121875 0.73773001875 0.8031455968750001 0.7071297265625 0.803920121875 0.7080704546875001 0.9267690156249999 0.8948116484374999 0.9301639734375 0.8968516203125001 0.913899440625 0.8733913937500001 0.9038309 0.8866515406250001 0.8929878796875
6 0.793488196875 0.9441903500000001 0.793830565625 0.957271571875 0.883591528125 0.9533990703124999 0.8825714874999999 0.9402325125000001 0.793488196875 0.9441903500000001
3 0.8958316343750001 0.957271571875 0.9162317921875 0.9564970468749999 0.9152118078125 0.9394580296875 0.8897115531249999 0.94333053125 0.8958316343750001 0.957271571875