4 0.345863 0.281802 0.48199699999999995 0.280615 0.483678 0.010424600000000001 0.0769555 0.009236940624999999 0.0752748 0.297242 0.34838399999999997 0.299023 0.345863 0.281802
4 0.150625 0.300012 0.0985244 0.300012 0.101325 0.313473 0.146143 0.313077 0.150625 0.300012
4 0.305807 0.47776399999999997 0.305807 0.46192900000000003 0.48115699999999995 0.46034499999999995 0.478916 0.31822300000000003 0.099084 0.31822300000000003 0.080037 0.334059 0.0783563 0.47816000000000003 0.305807 0.47776399999999997
4 0.23689900000000003 0.480535 0.10020500000000002 0.481723 0.0979639 0.49439099999999997 0.24138199999999999 0.497162 0.23689900000000003 0.480535
4 0.482277 0.9654909999999999 0.480036 0.500329 0.100204 0.500329 0.08115710000000001 0.5161640000000001 0.0808773 0.9645009999999999 0.482277 0.9654909999999999
4 0.9153309999999999 0.9383739999999999 0.517571 0.932831 0.500205 0.9672729999999999 0.9125289999999999 0.966086 0.9153309999999999 0.9383739999999999
4 0.78816 0.898786 0.536619 0.89839 0.529336 0.913829 0.78872 0.912641 0.78816 0.898786
4 0.8705130000000001 0.895223 0.876676 0.880179 0.9114089999999999 0.879387 0.9130900000000001 0.825547 0.531577 0.8263389999999999 0.5091680000000001 0.838611 0.505807 0.89839 0.8705130000000001 0.895223
4 0.789281 0.820796 0.801045 0.812483 0.909168 0.803773 0.9130900000000001 0.7372650000000001 0.5416610000000001 0.736078 0.5091680000000001 0.750329 0.5080479999999999 0.8211919999999999 0.789281 0.820796
4 0.701886 0.7329100000000001 0.711409 0.714304 0.9114089999999999 0.713908 0.91197 0.663631 0.526535 0.6648189999999999 0.505247 0.681841 0.5041260000000001 0.7313270000000001 0.701886 0.7329100000000001
4 0.594882 0.644629 0.533258 0.646212 0.5349389999999999 0.661651 0.583678 0.661651 0.594882 0.644629
4 0.71421 0.6442330000000001 0.7226130000000001 0.626814 0.9130900000000001 0.628397 0.9086080000000001 0.6082069999999999 0.525415 0.611375 0.505247 0.62523 0.498524 0.6442330000000001 0.71421 0.6442330000000001
4 0.7700940000000001 0.45971900000000004 0.777867 0.445913 0.908889 0.44358700000000006 0.910009 0.11975499999999999 0.5368999999999999 0.120547 0.506649 0.130048 0.503567 0.45962 0.7700940000000001 0.45971900000000004
4 0.9114089999999999 0.604645 0.91365 0.461731 0.524855 0.46371 0.506367 0.480733 0.503006 0.605436 0.9114089999999999 0.604645
4 0.885079 0.11612499999999999 0.910289 0.10504 0.9130900000000001 0.0832666 0.521493 0.082079 0.506928 0.0991021 0.501325 0.118501 0.885079 0.11612499999999999
4 0.910289 0.010820100000000001 0.5080479999999999 0.0100285 0.502445 0.0797037 0.906367 0.0777245 0.910289 0.010820100000000001
6 0.440261 0.9664820000000001 0.101325 0.9645020000000001 0.0934824 0.9759829999999999 0.439701 0.9763780000000001 0.440261 0.9664820000000001
6 0.5567226890625 0.9783254156250001 0.375834 0.977567 0.37863600000000003 0.991818 0.5588235296875 0.99465558125 0.5567226890625 0.9783254156250001
6 0.8996449999999999 0.965689 0.561829 0.9652939999999999 0.560149 0.974399 0.900205 0.9759829999999999 0.8996449999999999 0.965689
3 0.57173413125 0.9801138578125 0.57487121875 0.99313770625 0.607810634375 0.9925835 0.6066342265625 0.9798367546875 0.57173413125 0.9801138578125