2 0.1563208609375 0.03681818125 0.03152494375 0.03681818125 0.03152494375 0.22498234843749998 0.1563208609375 0.22498234843749998 0.1563208609375 0.03681818125
2 0.3165929703125 0.040904678124999996 0.1694614515625 0.040904678124999996 0.1694614515625 0.22804501250000003 0.3165929703125 0.22804501250000003 0.3165929703125 0.040904678124999996
2 0.478180271875 0.0429479265625 0.33104875312500004 0.0429479265625 0.33104875312500004 0.2270255953125 0.478180271875 0.2270255953125 0.478180271875 0.0429479265625
2 0.63844104375 0.0388658421875 0.49130952343749995 0.0388658421875 0.49130952343749995 0.227030009375 0.63844104375 0.227030009375 0.63844104375 0.0388658421875
2 0.7947675734375 0.0419240953125 0.6463208609375 0.0419240953125 0.6463208609375 0.2280494265625 0.7947675734375 0.2280494265625 0.7947675734375 0.0419240953125
2 0.9537244890625001 0.04397175625 0.8065929703125001 0.04397175625 0.8065929703125001 0.2280494265625 0.9537244890625001 0.2280494265625 0.9537244890625001 0.04397175625
2 0.9655442171875 0.7363062671875 0.811848071875 0.7363062671875 0.811848071875 0.9101544578125 0.9655442171875 0.9101544578125 0.9655442171875 0.7363062671875
2 0.8039682546875 0.738353928125 0.648956915625 0.738353928125 0.648956915625 0.9111782875 0.8039682546875 0.9111782875 0.8039682546875 0.738353928125
2 0.641065759375 0.738353928125 0.48448979531249997 0.738353928125 0.48448979531249997 0.9111782875 0.641065759375 0.9111782875 0.641065759375 0.738353928125
7 0.2149743953125 0.682174328125 0.042666673437500004 0.6808968484375 0.0451282125 0.7102788890625 0.1698461828125 0.710917628125 0.1665641296875 0.6943103890625 0.2149743953125 0.6943103890625 0.2149743953125 0.682174328125
7 0.47097443749999995 0.6968653484375 0.2666667109375 0.6936716484375001 0.2658461984375 0.724969909375 0.3093333859375 0.7236924296875 0.3052308203125 0.7096401484375 0.4734359765625 0.7102788890625 0.47097443749999995 0.6968653484375
7 0.27487184062500003 0.4867198859375 0.329025696875 0.487358625 0.328205184375 0.47522256562500004 0.2699487625 0.47522256562500004 0.27487184062500003 0.4867198859375
7 0.47261546406250005 0.249108603125 0.3807180125 0.2446374234375 0.2707692765625 0.245914903125 0.2707692765625 0.274658203125 0.2724103015625 0.2740194640625 0.33641031250000003 0.27529694375 0.33641031250000003 0.261883403125 0.47261546406250005 0.26252214375 0.47261546406250005 0.249108603125
7 0.4931282875 0.2574122234375 0.586666765625 0.2580509625 0.5883077906249999 0.2452761640625 0.49394879999999997 0.24335994218749998 0.4931282875 0.2574122234375
7 0.6875898578124999 0.4420080859375 0.689230884375 0.42859454531249996 0.48738469687499997 0.42667832499999997 0.48902572343750006 0.4573378453125 0.5513847078125 0.459254065625 0.5513847078125 0.4439243046875 0.6875898578124999 0.4420080859375
7 0.48492315937499997 0.6540697671875 0.6285129265625 0.6553472484375 0.6276924125 0.6419337078125 0.4841026453125 0.6387400078125001 0.48492315937499997 0.6540697671875
7 0.710564221875 0.5716723078125 0.827897575 0.5742272671875 0.8262565484375 0.5620912078125 0.710564221875 0.5563425468750001 0.710564221875 0.5716723078125
4 0.25358147343750004 0.2436979984375 0.0504918859375 0.241951059375 0.0504918859375 0.46031844062499994 0.1290348203125 0.45857150156250004 0.12791277968749998 0.44284904999999997 0.251337390625 0.44110211093749996 0.25358147343750004 0.2436979984375
4 0.045651140624999996 0.65992561875 0.2302913296875 0.6604502015625 0.2309651984375 0.6457618734375 0.2505692703125 0.643663540625 0.25135325000000003 0.46110860000000004 0.0606482375 0.46163318281250004 0.0626698453125 0.47789526093749995 0.0463250109375 0.4794690109375 0.045651140624999996 0.65992561875
4 0.081428075 0.9143484531249999 0.081428075 0.9007092906249999 0.24652605468750002 0.8996601249999999 0.24922153125 0.71815435 0.0591903875 0.7197281 0.05851651875 0.7344164281250001 0.0436913953125 0.735990178125 0.038974309375 0.9143484531249999 0.081428075 0.9143484531249999
4 0.4475687609375 0.9122501203125 0.446894890625 0.8949388765625 0.4698064484375 0.8949388765625 0.469132578125 0.7312689296875 0.2808933890625 0.7317935125 0.2815672578125 0.7485801734375 0.2669717875 0.7496293390625001 0.262254703125 0.9117255375 0.4475687609375 0.9122501203125
4 0.2845750046875 0.510058340625 0.2696577671875 0.510058340625 0.26506784687499996 0.6788867578125 0.4739091796875 0.6762069421875 0.4739091796875 0.494872715625 0.2845750046875 0.49308617187500003 0.2845750046875 0.510058340625
4 0.4739091796875 0.3573088203125 0.271952725 0.3555222765625 0.271952725 0.4546754734375 0.37407843281250003 0.45556874531249997 0.37407843281250003 0.43859657656250006 0.4739091796875 0.4394898484375 0.4739091796875 0.3573088203125
4 0.47505666093750004 0.351055915625 0.4739091796875 0.28406051250000003 0.2868699640625 0.28227396875 0.271952725 0.2992461375 0.2696987234375 0.348376634375 0.47505666093750004 0.351055915625
4 0.6953727921875 0.2653017984375 0.507186096875 0.26440852656249997 0.48882641875 0.28227396875 0.48997389843750006 0.41179841406250006 0.5920996046875 0.4126916875 0.5920996046875 0.39929260625 0.6942253125 0.39929260625 0.6953727921875 0.2653017984375
4 0.496858778125 0.4805803625 0.486531459375 0.4805803625 0.48538397968749997 0.6136778984375 0.687340434375 0.619930803125 0.691930353125 0.464501465625 0.49800625781249996 0.46360819375 0.496858778125 0.4805803625
4 0.4842364984375 0.6788867578125 0.486531459375 0.7253369046875 0.6953727921875 0.728016721875 0.6896353937499999 0.6628078609375 0.5025961765625 0.6610213171875 0.4842364984375 0.6788867578125
4 0.9083704046875001 0.5819346515625 0.7240733703125 0.5776359671875 0.725453871875 0.5959053828124999 0.7081975953125 0.59644271875 0.7047463406250001 0.72755265 0.8876628734375 0.7318513359375001 0.8855921203125 0.7200299484375 0.9069899031249999 0.7194926125000001 0.9083704046875001 0.5819346515625
4 0.90906065625 0.31917745468750003 0.7206221140625 0.31541610468750003 0.7192416125000001 0.33422285625 0.7006048328125 0.335297528125 0.7026755875 0.5351864390625 0.850389315625 0.538947790625 0.8496990640625001 0.5212157093750001 0.9062996515625 0.5212157093750001 0.90906065625 0.31917745468750003
4 0.7040560890625 0.237502415625 0.7040560890625 0.301982709375 0.8476283109375 0.301982709375 0.846938059375 0.28747464375 0.9069899031249999 0.2847879640625 0.9069899031249999 0.24072643125 0.7040560890625 0.237502415625