4 0.07346044375 0.2176720015625 0.089020865625 0.2191964390625 0.19079484375 0.2212527640625 0.1964695453125 0.2238004875 0.2118122609375 0.22332279375000003 0.23787386718749998 0.22109352499999999 0.239975615625 0.20421479687500002 0.2723424046875 0.20485173125 0.275284846875 0.1956161984375 0.27570520625 0.1279120453125 0.2742339734375 0.082476365625 0.26624737187499997 0.0810432671875 0.239975615625 0.0807248 0.22946690625000002 0.08215790625 0.126901940625 0.07992863125 0.076460159375 0.078814003125 0.073862871875 0.08244789687500001 0.072521453125 0.1355174140625 0.0726555984375 0.1753655796875 0.0727897359375 0.2121840296875 0.07346044375 0.2176720015625
4 0.071942328125 0.24621153437499999 0.0723626734375 0.3142425015625 0.0727830203125 0.3665410484375 0.06980608906249999 0.3977670765625 0.25205505 0.399165828125 0.2509668828125 0.38533303281250003 0.273381946875 0.38029145625 0.2756586640625 0.3097771734375 0.2756586640625 0.2450894359375 0.2749582203125 0.227841871875 0.2563376421875 0.22494142187500002 0.23971796093750003 0.22570919531250003 0.1681721859375 0.22417364687500002 0.10010563593749999 0.2259889140625 0.09779372343750001 0.2441415 0.0919088703125 0.242389934375 0.07362371250000001 0.24302687031249998 0.071942328125 0.24621153437499999
4 0.0767312828125 0.46875593281250005 0.17510883125 0.47115380625 0.180383765625 0.4519709640625 0.2676839375 0.4545686390625 0.27506881875 0.4519709640625 0.2819262265625 0.42679347187500005 0.27928878749999997 0.4096088421875 0.27506881875 0.40381402499999997 0.19119738749999998 0.40141617187499995 0.07989626875 0.40041706250000003 0.081025128125 0.40332405156249995 0.08042374062499999 0.4186008 0.0730388234375 0.4203991921875 0.0709288578125 0.4557675625 0.0767312828125 0.46875593281250005
4 0.0709288578125 0.49470239375 0.0664451703125 0.538463240625 0.0891273984375 0.5410609156249999 0.11761201562500001 0.5398620046875 0.12024949062500001 0.522877203125 0.21071463124999998 0.5268736203125 0.275596365625 0.52387630625 0.27506881875 0.47811722031250004 0.2178357578125 0.47432061562500005 0.20675845312500002 0.4733215046875 0.14530543906249999 0.4733215046875 0.1052159375 0.47312168593750004 0.1003089765625 0.47710101250000003 0.099677265625 0.4893072125 0.0904461359375 0.4877086484375 0.0769950375 0.48970686093750004 0.0709288578125 0.49470239375
7 0.1972635671875 0.579837775 0.2481666578125 0.5770402734375 0.252386590625 0.5550599375 0.2378805453125 0.54906529375 0.1706251265625 0.550064403125 0.1602372453125 0.55290234375 0.14425045625 0.5572579703125 0.148206653125 0.56984670625 0.1540090796875 0.5766406328125 0.1972635671875 0.579837775
7 0.085240915625 0.6098193453125 0.1374627796875 0.606022746875 0.139309009375 0.5894375671875001 0.1342978125 0.5872395328125 0.1284953875 0.590037028125 0.1258579296875 0.5910361375 0.06466868906249999 0.5916355984375 0.06572367343749999 0.6032252328125 0.07258108125 0.6086204078125 0.085240915625 0.6098193453125
4 0.06466868906249999 0.6394975125 0.06466868906249999 0.70303755 0.06466868906249999 0.7327010703125 0.1284953875 0.7337001796875 0.174651071875 0.729503940625 0.1767610375 0.7281051765625 0.183354728125 0.7321016015625 0.26115997812499997 0.7327010703125 0.26142373281250003 0.716715384375 0.2777760265625 0.714117703125 0.27672107968750004 0.7006941062500001 0.2706548640625 0.6960982140625 0.2706548640625 0.6448341140625 0.268544896875 0.6145616953124999 0.246653934375 0.6105652781249999 0.239005259375 0.6099658156250001 0.1390452546875 0.610964925 0.096318275 0.613362771875 0.09229876249999999 0.6165574656249999 0.0918345875 0.6308173328125 0.080493490625 0.6322160703125 0.0612399859375 0.6322160703125 0.06466868906249999 0.6394975125
4 0.0646580875 0.8395946203125 0.1307284359375 0.8395946203125 0.207294334375 0.83829106875 0.207982540625 0.825516209375 0.207982540625 0.8217358906250001 0.27122029531249997 0.8205626890625 0.2708761921875 0.8081789046875001 0.27122029531249997 0.779613940625 0.26846735 0.7574534765625 0.269671771875 0.7376530578125 0.1865676859375 0.7373923515625 0.1814059359375 0.7311352734375001 0.18002946250000001 0.7295710109375 0.1760721328125 0.7298317187500001 0.17228684375 0.7326995421875 0.16420010937500001 0.7371316375 0.097097434375 0.73582808125 0.092107746875 0.7377834125 0.0938879359375 0.7382424921874999 0.0921873890625 0.7557581609375 0.0693036703125 0.7556278015625 0.0656904328125 0.7587563359375 0.0646580875 0.8395946203125
4 0.0666653109375 0.86550439375 0.0646522953125 0.899492565625 0.069541053125 0.913654303125 0.084782409375 0.9153972859374999 0.14431008750000002 0.9140900609375 0.14661068593749998 0.897095965625 0.219654265625 0.898838940625 0.26509085468750004 0.8986210765625 0.26997959374999997 0.895570853125 0.26969205 0.8502533 0.2653784765625 0.8469852031249999 0.119291215625 0.8450243468749999 0.102036803125 0.84524223125 0.08963873125 0.8498171546875 0.0913966 0.8620184328124999 0.08190668749999999 0.861800553125 0.0732795015625 0.8620184328124999 0.0666653109375 0.86550439375
7 0.1365456078125 0.9206262468749999 0.111814296875 0.921061975 0.0652274390625 0.9201904875 0.0643647328125 0.919972621875 0.0623517171875 0.9289054 0.0663777484375 0.93958116875 0.0673189015625 0.937861765625 0.16070175312499999 0.9397990343749999 0.158401175 0.926290934375 0.1555254546875 0.9236764546874999 0.1365456078125 0.9206262468749999
6 0.039633421875000005 0.9275981671875 0.0353198109375 0.9406705375 0.038483134375 0.953307178125 0.0445221609375 0.9574467390624999 0.0580381046875 0.9554858968750001 0.0620641546875 0.9489497218749999 0.060913846875 0.9397990343749999 0.0589008296875 0.9289054 0.060913846875 0.91822963125 0.044675598437500005 0.9175060484375 0.04094748125 0.9200279453125001 0.043084290625 0.92694454375 0.039633421875000005 0.9275981671875
3 0.059885484375 0.8953901140625 0.0581638484375 0.8884335515625 0.04898178125 0.88770890625 0.042413417187500004 0.8902695546875 0.043434299999999995 0.9066945296875 0.05452927656249999 0.9082887421875 0.060841953125 0.905245246875 0.059885484375 0.8953901140625
4 0.0967783109375 0.9576645609375 0.206389146875 0.9612877734374999 0.269195715625 0.9598384953125001 0.26881314375 0.9486790015625 0.1752708953125 0.9472297234375 0.1639846078125 0.9454905874999999 0.1100400140625 0.9446210109375001 0.1088922609375 0.9470848000000001 0.1084721953125 0.9470420484375 0.09582184375 0.946505078125 0.09333505 0.946505078125 0.09333505 0.9556355703125 0.0967783109375 0.9576645609375
4 0.28726804375000003 0.9550123828125001 0.2913310390625 0.9617551703125 0.3079699984375 0.9642470812499999 0.385940975 0.9623415203125001 0.386714878125 0.94475160625 0.46419491874999996 0.9456310875 0.49147507343749997 0.94475160625 0.49282942187499995 0.9387417031249999 0.49437722656250005 0.8946310671875001 0.43846256875 0.8928720765625 0.41079545156249997 0.89389815625 0.394543428125 0.8919925843750001 0.3508177828125 0.8934584093750001 0.319281125 0.8943379015625 0.31776574218750003 0.896471146875 0.317837290625 0.9130697890624999 0.291717990625 0.91292320625 0.2895897515625 0.914535615625 0.28726804375000003 0.9550123828125001
7 0.4329451671875 0.5306355859375 0.4909915984375 0.5306355859375 0.49592398437499996 0.5201770765625 0.4947557859375 0.5152600921875 0.3946800921875 0.5146700546874999 0.3352567375 0.5113265046875 0.32733894218750004 0.5110314859375 0.319940346875 0.5117198625 0.293720775 0.514473375 0.2948889734375 0.5230289296875 0.2948889734375 0.52519240625 0.2952482984375 0.5253681265625 0.2994423625 0.5315379 0.3207056359375 0.5309061484375001 0.34251664375 0.529455509375 0.4329451671875 0.5306355859375
4 0.29416437812499996 0.552848721875 0.292195984375 0.6167881140625 0.2923272046875 0.6703830843749999 0.29128875625 0.7422307828125 0.29069661562500004 0.8203576015625 0.289907075 0.8780378437499999 0.289314921875 0.8885058000000001 0.299578840625 0.88880489375 0.45689287343749996 0.88895443125 0.47880235156250006 0.8882067171875001 0.4764337671875 0.8729534109375001 0.49479035624999995 0.8696634796874999 0.4959746625 0.8599432390624999 0.49814585781250004 0.775555225 0.498540634375 0.6930901109375001 0.498737996875 0.628234975 0.498935384375 0.5878327328124999 0.4961720234375 0.5391289375 0.46529350625 0.53728858125 0.4512829796875 0.537780003125 0.3868085421875 0.537780003125 0.33816082187499996 0.536993728125 0.32415028125 0.5366005875 0.3196223125 0.5384327484375 0.3197535453125 0.5530475671875 0.3067621203125 0.5527493015625 0.29665768593749997 0.552152784375 0.29416437812499996 0.552848721875
4 0.29764850468750004 0.482370378125 0.3773295390625 0.48402147968750003 0.4358985125 0.48340231874999995 0.438077815625 0.47690110625 0.43685195312499997 0.466168946875 0.48849617968750003 0.4669945015625 0.5000737671875 0.4611124484375 0.4978944453125 0.43667711875000004 0.46683928906250005 0.43461324218749997 0.3819823828125 0.43409727187499997 0.34262627343749996 0.43347810937500003 0.334862484375 0.43358130156249997 0.3220683671875 0.43607991718749994 0.321433196875 0.45255869843749996 0.305633196875 0.452765078125 0.2981418140625 0.452765078125 0.29764850468750004 0.482370378125
4 0.2902377734375 0.3033206484375 0.2967876328125 0.31276513125 0.2948860546875 0.359227390625 0.2948860546875 0.42572008125 0.3025732625 0.4304481921875 0.39806050625 0.4301042421875 0.4292338625 0.43021889375000005 0.42826232343750004 0.41325081875 0.44445429531249997 0.4141680109375 0.497035278125 0.4130215203125 0.4997591625 0.407174421875 0.49930516875000003 0.341878440625 0.5052069515625 0.33981475781250003 0.5052069515625 0.3338530078125 0.5000618046875001 0.331789321875 0.49960783124999997 0.28448064687499997 0.49960783124999997 0.2404397703125 0.49189015156250004 0.23940792656249998 0.40744976718750003 0.23986652656250002 0.3732499171875 0.23791749062499998 0.355544659375 0.237229603125 0.32648990312500004 0.23906398125 0.3184970625 0.242736228125 0.3183388296875 0.2564427109375 0.29974564375 0.2572430921875 0.2923506421875 0.25820353749999997 0.2902377734375 0.3033206484375
4 0.31145566874999997 0.2344733703125 0.3850368984375 0.234334003125 0.42844984375 0.2360064125 0.442982128125 0.2341946359375 0.44500562343750005 0.21747053125 0.4959497671875 0.21844610156250002 0.499812775 0.2163555859375 0.5020202031250001 0.206872753125 0.4981571953125 0.2036673 0.49668557656249995 0.13563548593750002 0.499812775 0.11374236874999999 0.4974213859375 0.08217670625 0.427335271875 0.08050429375 0.41868946406249996 0.077298840625 0.374172840625 0.0781350453125 0.3316796703125 0.0775775765625 0.293049525 0.0778563140625 0.291778746875 0.08018298125 0.2921405953125 0.092598628125 0.2904850171875 0.1735828671875 0.2937961859375 0.2334978 0.31145566874999997 0.2344733703125
0 0.9446839078125 0.0776143796875 0.5172413796875001 0.0776143796875 0.5172413796875001 0.96541394375 0.9446839078125 0.96541394375 0.9446839078125 0.0776143796875