4 0.465414 0.248204 0.478099 0.246009 0.482328 0.00402371875 0.020735700000000003 0.00446245 0.0143932015625 0.256988 0.465414 0.25786699999999996 0.465414 0.248204
4 0.0221459 0.36282899999999996 0.190573 0.361072 0.191279 0.34877600000000003 0.48091999999999996 0.339553 0.477395 0.260941 0.042581400000000005 0.263576 0.0327167 0.27719 0.017211399999999998 0.27763 0.0221459 0.36282899999999996
4 0.015803400000000002 0.5174190000000001 0.0735899 0.515223 0.07570400000000001 0.503365 0.359002 0.49897400000000003 0.358298 0.40015900000000004 0.48514799999999997 0.397524 0.482328 0.36502500000000004 0.0439915015625 0.36502500000000004 0.0320106 0.379957 0.0200317 0.382592 0.015803400000000002 0.5174190000000001
4 0.0212643 0.549149 0.288178 0.550466 0.28289200000000003 0.5359740000000001 0.35477400000000003 0.533339 0.355302 0.519505 0.0471627984375 0.518846 0.0360634 0.536303 0.019678599999999997 0.537291 0.0212643 0.549149
4 0.105302 0.55376 0.0429344984375 0.554748 0.0413487984375 0.567265 0.107945 0.565947 0.105302 0.55376
4 0.0191501 0.603826 0.304034 0.60185 0.317776 0.5886750000000001 0.355831 0.584063 0.355831 0.570559 0.043463 0.5712170000000001 0.0429345015625 0.585381 0.0202072015625 0.587028 0.0191501 0.603826
4 0.172956 0.604814 0.0397632015625 0.606132 0.0413487984375 0.6196360000000001 0.174541 0.6196360000000001 0.172956 0.604814
4 0.0217927984375 0.6861710000000001 0.47686700000000004 0.686501 0.47951 0.622601 0.037649 0.622271 0.041877399999999995 0.63907 0.0191501 0.6393989999999999 0.0217927984375 0.6861710000000001
4 0.41978400000000005 0.691441 0.0413487984375 0.691441 0.035006300000000004 0.704946 0.41397000000000006 0.7036279999999999 0.41978400000000005 0.691441
4 0.0233784 0.858437 0.36217299999999997 0.858437 0.36323 0.8439450000000001 0.478452 0.842627 0.47686700000000004 0.709557 0.036592 0.709557 0.0381776 0.726026 0.019678599999999997 0.725038 0.0233784 0.858437
4 0.018093 0.8940110000000001 0.28342100000000003 0.893022 0.285535 0.881165 0.48215199999999997 0.8785299999999999 0.47792399999999996 0.863049 0.041877399999999995 0.8623900000000001 0.037120501562500005 0.8722709999999999 0.018093 0.8755649999999999 0.018093 0.8940110000000001
4 0.0202072015625 0.928596 0.43616900000000003 0.9289249999999999 0.43933999999999995 0.913115 0.476338 0.9108090000000001 0.47580999999999996 0.896316 0.0445201 0.8973039999999999 0.037649 0.91015 0.0228499 0.912456 0.0202072015625 0.928596
4 0.0165074 0.961534 0.478452 0.963181 0.48215199999999997 0.9315599999999999 0.0408203 0.931231 0.0402917984375 0.9420999999999999 0.020735700000000003 0.9463820000000001 0.0165074 0.961534
4 0.5128079999999999 0.9625220000000001 0.9699960000000001 0.9625220000000001 0.9694670000000001 0.9160790000000001 0.5323640000000001 0.916408 0.5265500000000001 0.927937 0.509108 0.9305720000000001 0.5128079999999999 0.9625220000000001
4 0.509636 0.911797 0.806148 0.91015 0.8056190000000001 0.8959870000000001 0.9742240000000001 0.893022 0.9694670000000001 0.8637079999999999 0.531835 0.865354 0.529721 0.8755649999999999 0.513336 0.8772119999999999 0.509636 0.911797
4 0.506994 0.860743 0.6423 0.8610720000000001 0.643886 0.8455920000000001 0.9731669999999999 0.845921 0.966296 0.811007 0.5334209999999999 0.8119949999999999 0.524964 0.825829 0.506465 0.828464 0.506994 0.860743
4 0.505408 0.807713 0.758051 0.8090299999999999 0.758051 0.793549 0.9699960000000001 0.78795 0.9684100000000001 0.70824 0.537649 0.70791 0.531307 0.722074 0.508579 0.7217439999999999 0.505408 0.807713
4 0.507522 0.705934 0.826233 0.7036279999999999 0.820947 0.690453 0.968939 0.689465 0.968939 0.624577 0.524436 0.62293 0.537649 0.637094 0.510165 0.636764 0.507522 0.705934
4 0.50118 0.618978 0.6095309999999999 0.6186480000000001 0.611645 0.605473 0.967882 0.606461 0.966825 0.59098 0.5424059999999999 0.587357 0.524964 0.602838 0.512279 0.604485 0.50118 0.618978
4 0.7333339999999999 0.020575799999999998 0.9694140000000001 0.0201357 0.9694140000000001 0.0047654796875 0.512051 0.0054242390625 0.5099370000000001 0.0355072 0.730867 0.0346285 0.7333339999999999 0.020575799999999998
4 0.827765 0.038581 0.526146 0.0394598 0.530021 0.052635 0.8288220000000001 0.052635 0.827765 0.038581
4 0.927484 0.0563676 0.532839 0.0579051 0.530021 0.0702016 0.92537 0.0717391 0.927484 0.0563676
4 0.672374 0.0730567 0.529668 0.0754717 0.526146 0.0879881 0.672727 0.0846943 0.672374 0.0730567
4 0.506412 0.244555 0.9112750000000001 0.24192 0.9179700000000001 0.22764600000000002 0.9694140000000001 0.226328 0.9708249999999999 0.0884282 0.537068 0.0904045 0.524736 0.10511600000000001 0.508526 0.105775 0.506412 0.244555
4 0.51029 0.345784 0.907047 0.347101 0.9074 0.328656 0.970121 0.328436 0.9694140000000001 0.246311 0.534953 0.24719000000000002 0.530725 0.259486 0.5099370000000001 0.26102400000000003 0.51029 0.345784
4 0.75377 0.348858 0.563144 0.349516 0.559266 0.362033 0.7498940000000001 0.361594 0.75377 0.348858
4 0.641015 0.365108 0.562087 0.365547 0.562791 0.37784300000000004 0.641368 0.378063 0.641015 0.365108
4 0.817548 0.381577 0.5550379999999999 0.382236 0.5617340000000001 0.39585 0.8249470000000001 0.396729 0.817548 0.381577
4 0.709372 0.398485 0.6801269999999999 0.40068099999999995 0.678717 0.413856 0.709372 0.412978 0.709372 0.398485
4 0.8436220000000001 0.41692999999999997 0.683298 0.41692999999999997 0.6843549999999999 0.430105 0.8429180000000001 0.430544 0.8436220000000001 0.41692999999999997
4 0.62974 0.515744 0.8281180000000001 0.517282 0.8284710000000001 0.501252 0.967653 0.497958 0.966596 0.433399 0.647708 0.43449799999999994 0.64771 0.451406 0.629034 0.452503 0.62974 0.515744
4 0.625159 0.567787 0.7886529999999999 0.566689 0.7883020000000001 0.552415 0.9708249999999999 0.5517559999999999 0.9708249999999999 0.519258 0.65511 0.520794 0.648767 0.533531 0.626216 0.5352870000000001 0.625159 0.567787
4 0.8228329999999999 0.571519 0.6526430000000001 0.570202 0.6519389999999999 0.584914 0.8228329999999999 0.583158 0.8228329999999999 0.571519
2 0.412685 0.550879 0.467653 0.562955 0.613178 0.5396799999999999 0.618463 0.503008 0.5835790000000001 0.49664 0.581465 0.474242 0.531431 0.471607 0.525793 0.466117 0.520154 0.458652 0.49866200000000005 0.459311 0.490909 0.442842 0.424313 0.45382100000000003 0.423256 0.465679 0.385554 0.47182700000000005 0.390133 0.48588 0.375334 0.48719799999999996 0.377448 0.504984 0.377097 0.510474 0.40598900000000004 0.513548 0.412685 0.550879
6 0.561433 0.9789910000000001 0.357945 0.97965 0.36217299999999997 0.9928250000000001 0.5630189999999999 0.9928250000000001 0.561433 0.9789910000000001
3 0.6243299999999999 0.976356 0.588389 0.978332 0.584689 0.9921659999999999 0.6280300000000001 0.993154 0.6243299999999999 0.976356