2 0.0864123109375 0.486328125 0.6074656515625 0.484375 0.650026940625 0.4794921875 0.6526064109374999 0.3798828125 0.6448679953124999 0.1220703125 0.6409987875 0.119140625 0.08125336718750001 0.123046875 0.0748046875 0.1279296875 0.0748046875 0.2724609375 0.07996363125 0.4775390625 0.0864123109375 0.486328125
2 0.8421976015625001 0.943359375 0.9518251624999999 0.9404296875 0.9518251624999999 0.6943359375 0.9479559546875 0.69140625 0.6642140359375001 0.689453125 0.5429788531249999 0.69140625 0.536530171875 0.6962890625 0.5339507 0.8701171875 0.536530171875 0.9384765625 0.5403993796875 0.94140625 0.8421976015625001 0.943359375
2 0.5004175640625 0.9423828125 0.5029970375 0.8037109375 0.5004175640625 0.7041015625 0.493968884375 0.689453125 0.094150728125 0.69140625 0.077384159375 0.6943359375 0.077384159375 0.8603515625 0.07996363125 0.9423828125 0.0838328390625 0.9453125 0.5004175640625 0.9423828125
1 0.21538591093749998 0.671875 0.17669383125 0.669921875 0.0760944234375 0.673828125 0.07867389531249999 0.6875 0.2282832703125 0.6875 0.232152478125 0.6767578125 0.21538591093749998 0.671875
1 0.6474474671875 0.5009765625 0.6474474671875 0.4931640625 0.6409987875 0.48828125 0.48623046875 0.48828125 0.42461779843749997 0.491402125 0.4256128765625 0.5009765625 0.434641028125 0.505859375 0.62552195625 0.505859375 0.6474474671875 0.5009765625
1 0.9531148984375 0.669921875 0.8241412984375 0.669921875 0.8267207703125001 0.677734375 0.8628333781249999 0.685546875 0.9544046328125001 0.6806640625 0.9531148984375 0.669921875
6 0.9853582984375 0.9228515625 0.9827788249999999 0.9033203125 0.9763301453125001 0.900390625 0.9698814656250001 0.9033203125 0.964722521875 0.9326171875 0.9737506734375 0.935546875 0.9827788249999999 0.9326171875 0.9853582984375 0.9228515625
3 0.9853582984375 0.8837890625 0.9862306703125 0.876560471875 0.9763301453125001 0.875 0.9698814656250001 0.8798828125 0.9716198453124999 0.89499885 0.9852566156250001 0.8935237796875001 0.9853582984375 0.8837890625
7 0.29405980625 0.5732421875 0.2889008625 0.5322265625 0.2798727109375 0.52734375 0.13284280625 0.52734375 0.094150728125 0.53125 0.0748046875 0.5380859375 0.072225215625 0.5751953125 0.0864123109375 0.583984375 0.28245218125 0.583984375 0.29405980625 0.5732421875
4 0.35688795156249997 0.5916113109375 0.3082469015625 0.591796875 0.10704808750000001 0.59765625 0.0760944234375 0.615234375 0.0760944234375 0.658203125 0.31340584531250004 0.65625 0.3559671328125 0.6513671875 0.35688795156249997 0.5916113109375
4 0.8886280984375 0.66015625 0.9531148984375 0.66015625 0.95698410625 0.6572265625 0.9595635765624999 0.5810546875 0.9544046328125001 0.5478515625 0.94537648125 0.541015625 0.7261213625 0.54296875 0.7054855875 0.546875 0.6796908671875 0.560546875 0.6732421875 0.5654296875 0.6732421875 0.6396484375 0.6796908671875 0.65625 0.8886280984375 0.66015625
7 0.49912782812499995 0.087890625 0.478492053125 0.083984375 0.43979997343750005 0.087890625 0.43593076562500005 0.0908203125 0.43979997343750005 0.1015625 0.5029970375 0.1005859375 0.49912782812499995 0.087890625
4 0.371195915625 0.53968114375 0.5480051125000001 0.5362885640624999 0.5483497703125 0.52324018125 0.371195915625 0.52454501875 0.371195915625 0.53968114375
4 0.6576061359375001 0.53837630625 0.41152082031250004 0.5407250140625 0.40910822031249994 0.5566440421875 0.3715405734375 0.5569050109375 0.371195915625 0.605705965625 0.48665611249999996 0.6036182234374999 0.4859667984375 0.58822113125 0.65795079375 0.58508951875 0.6576061359375001 0.53837630625
4 0.401525759375 0.608576609375 0.4011811015625 0.62292983125 0.37291920156249997 0.62423466875 0.3742978328125 0.6573775640624999 0.6620866796875 0.6547678875 0.6589847640625 0.605705965625 0.401525759375 0.608576609375
4 0.9576574765625001 0.3737057046875 0.70123244375 0.37422764062499997 0.7015771 0.39197344218749997 0.6736598593750001 0.391712475 0.6720817421875 0.5373324359375 0.824921609375 0.5378543703124999 0.824921609375 0.5219353421874999 0.960070078125 0.522457278125 0.9576574765625001 0.3737057046875
4 0.955934190625 0.306115078125 0.6977858703125001 0.3082028203125 0.698475184375 0.32229507343749997 0.67055794375 0.32438281562500004 0.6733152015625 0.37057409375 0.8870027296874999 0.37187893125000004 0.8870027296874999 0.3556989359375 0.9576574765625001 0.35674280625 0.955934190625 0.306115078125
4 0.9531769328124999 0.1748483390625 0.698475184375 0.1743264046875 0.6991644984375001 0.192594140625 0.6709026 0.1918112390625 0.669523971875 0.306115078125 0.8628767187499999 0.3066370140625 0.8628767187499999 0.29019605 0.95490021875 0.29045701875 0.9531769328124999 0.1748483390625
4 0.9555895328125 0.07228804531250001 0.6681453421875 0.07594159218749999 0.6684899984375 0.1748483390625 0.8046296343750001 0.1751093078125 0.80531895 0.1615389890625 0.9521429593749999 0.15736350625 0.9555895328125 0.07228804531250001