2 0.247753340625 0.2216796875 0.25296920156249997 0.1884765625 0.22428197187499999 0.1298828125 0.2047224984375 0.119140625 0.16299562031249998 0.115234375 0.14213218125 0.125 0.114748915625 0.1513671875 0.114748915625 0.2080078125 0.13561235625 0.2333984375 0.14865200625 0.2412109375 0.091277546875 0.2822265625 0.078237896875 0.2978515625 0.0821497921875 0.302734375 0.101709265625 0.3017578125 0.28687229062499997 0.2958984375 0.2842643609375 0.2529296875 0.260792990625 0.2412109375 0.247753340625 0.2216796875
2 0.9492864890625 0.1123046875 0.9453745937500001 0.107421875 0.54114545625 0.109375 0.5294097718749999 0.1162109375 0.5320177015625001 0.3642578125 0.539841490625 0.3720703125 0.5346256328125001 0.3798828125 0.5346256328125001 0.4814453125 0.54114545625 0.484375 0.730220375 0.4833984375 0.9479825234374999 0.482421875 0.95189441875 0.4794921875 0.95189441875 0.2470703125 0.9492864890625 0.1123046875
2 0.280352465625 0.345703125 0.08866961718750001 0.3486328125 0.08866961718750001 0.5556640625 0.0951894421875 0.55859375 0.14865200625 0.5576171875 0.2829603953125 0.556640625 0.28687229062499997 0.5537109375 0.28687229062499997 0.3583984375 0.280352465625 0.345703125
2 0.08866961718750001 0.6416015625 0.0938854765625 0.9560546875 0.09779737187500001 0.958984375 0.172123375 0.9580078125 0.2894802203125 0.9560546875 0.2894802203125 0.6416015625 0.28556832499999996 0.638671875 0.08866961718750001 0.6416015625
2 0.9545023484374999 0.8544921875 0.9466785578125 0.8154296875 0.9492864890625 0.7451171875 0.9232071890625001 0.7001953125 0.9036477156249999 0.68359375 0.8723525562500001 0.671875 0.841057396875 0.65234375 0.8175860281249999 0.6484375 0.791506728125 0.650390625 0.7628195 0.658203125 0.74977985 0.66796875 0.7341322703125 0.66796875 0.7119648671875 0.6572265625 0.71326883125 0.65234375 0.721092621875 0.65625 0.7393481296875 0.654296875 0.7432600265625 0.6611328125 0.74977985 0.662109375 0.7628195 0.650390625 0.7810750093750001 0.65234375 0.7967225874999999 0.642578125 0.83323360625 0.640625 0.8436653265625 0.63671875 0.8436653265625 0.6328125 0.718484690625 0.630859375 0.714572796875 0.6357421875 0.72370055 0.6328125 0.725004515625 0.6376953125 0.714572796875 0.6416015625 0.71326883125 0.6484375 0.68718953125 0.638671875 0.64024679375 0.630859375 0.603735775 0.634765625 0.590696125 0.64453125 0.5841763 0.6435546875 0.58026440625 0.6328125 0.5372335625 0.6357421875 0.5346256328125001 0.7216796875 0.539841490625 0.7333984375 0.5346256328125001 0.7373046875 0.5346256328125001 0.7626953125 0.539841490625 0.7802734375 0.5320177015625001 0.7939453125 0.5346256328125001 0.9541015625 0.538537528125 0.95703125 0.678061778125 0.9560546875 0.854097046875 0.951171875 0.9479825234374999 0.953125 0.9571102781249999 0.9462890625 0.9545023484374999 0.8544921875
6 0.9638078437500001 0.9562561296875 0.980988684375 0.9558536640625 0.9788753359375001 0.9235749375 0.9622967687499999 0.923781265625 0.9638078437500001 0.9562561296875
3 0.97964646875 0.919027959375 0.980451740625 0.9105761609374999 0.97776730625 0.9025268296875 0.9646467812499999 0.9040696421875 0.9600495203125 0.9186254843749999 0.970250659375 0.9202353437499999 0.97964646875 0.919027959375
1 0.9514161234375 0.61105454375 0.7910986531249999 0.6048051109375 0.7899746125 0.6270170015625001 0.951911328125 0.6270170015625001 0.9514161234375 0.61105454375
1 0.9594189203125 0.4877038890625 0.6187144640625 0.48876000937499997 0.6085813421874999 0.51227201875 0.9601640140625 0.5078051078125 0.9594189203125 0.4877038890625
4 0.9631435156249999 0.526789509375 0.5300339171874999 0.5297806890625 0.5244100015625001 0.6077525859375 0.9623984218749999 0.6049607515625001 0.9631435156249999 0.526789509375
4 0.38801702968749996 0.22148963125 0.5079424312499999 0.21758106875 0.5124114843750001 0.1059078453125 0.30963667968749997 0.10492364218750001 0.3031007140625 0.23656550156249997 0.3872719359375 0.2371238796875 0.38801702968749996 0.22148963125
4 0.3649257921875 0.482246625 0.522094925 0.4761046078125 0.516880778125 0.2427075484375 0.50645248125 0.2265149515625 0.298631421875 0.2360071671875 0.30682507187499997 0.4973224640625 0.3634358421875 0.49397231093749994 0.3649257921875 0.482246625
4 0.3626909875 0.7189022140625 0.5191154234375001 0.7149936515624999 0.527309071875 0.6250967234375 0.5206053734375 0.48773867031249996 0.3057243015625 0.49462010625 0.294907065625 0.7356532203125 0.35300754687499997 0.7373283859375 0.3626909875 0.7189022140625
4 0.41557732031250005 0.8567271125 0.521350228125 0.853376959375 0.5206053734375 0.73109480625 0.3083148625 0.7333282624999999 0.3001212125 0.8706863140625 0.40514902656249996 0.8740364984375001 0.41557732031250005 0.8567271125
4 0.3001212125 0.9610957656249999 0.519860278125 0.9666794953125001 0.521350228125 0.8756658375 0.33885505312499997 0.8762241281250001 0.3425792515625 0.892975103125 0.30905971875 0.891858375 0.3001212125 0.9610957656249999
1 0.28000947656249997 0.6178380375 0.0866311875 0.6147520984375 0.085596334375 0.6396143046875 0.279264621875 0.6345890140625 0.28000947656249997 0.6178380375
1 0.28745827031250004 0.5580927890625 0.08923943906250001 0.5561511265625 0.08187185625 0.5815442515625 0.28745827031250004 0.5765188718750001 0.28745827031250004 0.5580927890625
1 0.177216309375 0.301894359375 0.08011056093749999 0.30221358125000003 0.07665770937500001 0.3264624296875 0.1734918734375 0.3314877203125 0.177216309375 0.301894359375