0 0.0487496328125 0.7978914328125 0.08032056875 0.8113787515625001 0.07470796406249999 0.8205501328125001 0.055063831249999994 0.8324189578125001 0.051555949999999996 0.9165798437499999 0.24729573437500002 0.917119328125 0.24659416875 0.8383533906249999 0.222038996875 0.8275635359375 0.1911696265625 0.8275635359375 0.1925728109375 0.821089659375 0.254311496875 0.8032863609374999 0.251505234375 0.7984309171875 0.22133743125 0.7978914328125 0.252908365625 0.782246134375 0.252908365625 0.765521865625 0.052802368749999995 0.7619497078124999 0.052257515624999994 0.7779301953125 0.08453004374999999 0.796812484375 0.0487496328125 0.7978914328125
0 0.43391508593749994 0.7924965046875 0.31043760625 0.8059838234375001 0.311139225 0.8291820515625 0.299913959375 0.8291820515625 0.2886887484375 0.8334979468749999 0.278165103125 0.8448272875 0.27746353749999997 0.8755784 0.2802698546875 0.8982370812499999 0.296406078125 0.9181983390624999 0.3202596859375 0.9257512046875 0.861876603125 0.9327646265625 0.8857302640625001 0.9284486671875 0.9004633015625 0.9160403578125 0.9088823046875 0.9003950609375 0.9102854359375 0.8248660703124999 0.8983586593749999 0.8032863609374999 0.8850286437499999 0.795733453125 0.69209515 0.79519396875 0.69069201875 0.791417515625 0.9081806859375 0.776311721875 0.9123901859375 0.7687588140625 0.9130916984375 0.7363892484375001 0.28172965625 0.730937775 0.2802698546875 0.7719957828124999 0.43251190156249997 0.7838646078125 0.43391508593749994 0.7924965046875
6 0.0438386203125 0.891209765625 0.0229804234375 0.8900424734374999 0.024194460937500002 0.9219608375 0.0417338703125 0.9230398078125001 0.0438386203125 0.891209765625
3 0.0417338703125 0.880959375 0.043137028125 0.8642351484375 0.0291202359375 0.8617272312500001 0.0291055 0.8615376843749999 0.029807093750000003 0.8798804062500001 0.0417338703125 0.880959375
2 0.3286786328125 0.2115138890625 0.330081765625 0.0016511812500000001 0.011566043750000001 0.0000036281249999999997 0.008759803125 0.2093559109375 0.3286786328125 0.2115138890625
2 0.9803035765624999 0.0016372484375 0.6518726265625 0.0008090078125 0.64424855 0.2368561015625 0.9803035765624999 0.2395535640625 0.9803035765624999 0.0016372484375
2 0.9745166140625001 0.275098959375 0.6454772953125001 0.27455944374999997 0.6433725984375 0.47201379218749995 0.9738151015625001 0.469855853125 0.9745166140625001 0.275098959375
1 0.31238136562499996 0.21442343749999998 0.05718795 0.21182498437500002 0.0584107234375 0.2257527671875 0.30817191875 0.22845023125 0.31238136562499996 0.21442343749999998
1 0.6449286187500001 0.0872679875 0.6290676093750001 0.0850805640625 0.6273891578125 0.2410234375 0.64352538125 0.23886545781250001 0.6449286187500001 0.0872679875
1 0.91152763125 0.273217290625 0.91433389375 0.2608089609375 0.75800366875 0.25901705625 0.757882346875 0.26944083750000003 0.8217258375000001 0.2737567953125 0.91152763125 0.273217290625
4 0.1674747515625 0.2713074109375 0.32886170625 0.2730635671875 0.32886170625 0.2426234328125 0.057294239062499995 0.23789158281249997 0.0570922171875 0.28418593125 0.1674747515625 0.2871128671875 0.1674747515625 0.2713074109375
4 0.0570922171875 0.35106115625 0.204015209375 0.35574425 0.2078215046875 0.3370118578125 0.3273391546875 0.3399387921875 0.32886170625 0.29427860156249996 0.0858461921875 0.2883667328125 0.08602005625 0.30657174375 0.0570922171875 0.30657174375 0.0570922171875 0.35106115625
4 0.0570922171875 0.41896605468750003 0.142353209375 0.41720989687500004 0.142353209375 0.40491677812500004 0.328100459375 0.4043313765625 0.32886170625 0.358671184375 0.082990996875 0.3549354109375 0.0829750078125 0.372135084375 0.057853465625 0.372135084375 0.0570922171875 0.41896605468750003
4 0.0586147125 0.46813860468749996 0.32962295468749997 0.4698947390625 0.32886170625 0.423649146875 0.0858461921875 0.420041040625 0.085258778125 0.437698446875 0.0586147125 0.43828382499999996 0.0586147125 0.46813860468749996
4 0.4301091265625 0.09353365625 0.6242301859375 0.097631371875 0.622707690625 0.0642643 0.3532828328125 0.060131267187500004 0.351699478125 0.108168334375 0.42858663124999996 0.1099244921875 0.4301091265625 0.09353365625
4 0.349415678125 0.3054286828125 0.551149328125 0.3101118203125 0.5519105765625001 0.29255020625 0.622707690625 0.293720940625 0.622707690625 0.11810479062499998 0.41716774531249995 0.1116655421875 0.3789795921875 0.112800990625 0.37910479218750004 0.129812534375 0.3509382296875 0.12864176562500002 0.349415678125 0.3054286828125
4 0.3501769265625 0.3865942421875 0.4141226984375 0.3877650203125 0.41488394531250006 0.37313034218749996 0.6204238906249999 0.37664265625 0.621185196875 0.3140062296875 0.5237440140625 0.31107929375 0.378027859375 0.30884940312500003 0.37834354531250003 0.326299384375 0.349415678125 0.326299384375 0.3501769265625 0.3865942421875
4 0.34865443125 0.46852072343750006 0.47882971718749995 0.4720330375 0.4795909640625 0.45739835781249993 0.621185196875 0.459154515625 0.6204238906249999 0.396518121875 0.4141226984375 0.39007883906249996 0.376124396875 0.39224313125 0.3768209921875 0.40764045156249995 0.349415678125 0.40764045156249995 0.34865443125 0.46852072343750006
4 0.0608985125 0.5516154625 0.2253304875 0.55337161875 0.22609173437500002 0.53932231875 0.26034839062500004 0.5399077203125 0.2611096390625 0.510638375 0.0906048515625 0.5070923875 0.09211012187499999 0.5235168734375 0.061659760937499995 0.5235168734375 0.0608985125 0.5516154625
7 0.501860703125 0.482421875 0.491696434375 0.482421875 0.4866143015625 0.486328125 0.4205465640625 0.482421875 0.3938653609375 0.4873046875 0.3938653609375 0.4951171875 0.400218028125 0.5 0.4205465640625 0.50390625 0.4713679 0.50390625 0.4815321671875 0.5 0.49931963437500004 0.50390625 0.5234597703125 0.5029296875 0.5653873734375 0.501953125 0.5691989734375 0.4990234375 0.5691989734375 0.4892578125 0.501860703125 0.482421875
4 0.0593759890625 0.6000388046875 0.10733530312499999 0.5994534265625 0.10733530312499999 0.58657490625 0.2588258375 0.5883310625 0.2588258375 0.5578909390625 0.08774965625 0.5553729671875 0.086781303125 0.5725256171875001 0.0601372359375 0.5725256171875001 0.0593759890625 0.6000388046875
4 0.057853465625 0.6483177046875 0.25578084843750004 0.651244640625 0.2565420953125 0.606755228125 0.1393340609375 0.6029204546875 0.094411778125 0.6043850703125 0.093632646875 0.6202191265625 0.057853465625 0.6202191265625 0.057853465625 0.6483177046875
4 0.051002121874999994 0.7279303671874999 0.250452 0.7320280593749999 0.251213246875 0.6565131328125 0.09548823281249999 0.6511809078125 0.0801358015625 0.6519341265625 0.08069123593750001 0.66646471875 0.05252464531249999 0.6676354765625 0.051002121874999994 0.7279303671874999
4 0.3954084203125 0.56735623125 0.4726643640625 0.5657060109375001 0.47856585 0.5116615343750001 0.4705183578125 0.5079485484374999 0.46354384687500005 0.510836425 0.278489490625 0.5094602265625 0.2763054921875 0.5624055875 0.312787478125 0.5657060109375001 0.3954084203125 0.56735623125
4 0.2763054921875 0.6610058171875 0.3224444875 0.6601807234375 0.32298097812500004 0.6445036843749999 0.47105484999999997 0.6506919843750001 0.4732008546875 0.5710691999999999 0.3026359796875 0.5656544828125 0.3025939796875 0.5850960515625 0.2763054921875 0.5850960515625 0.2763054921875 0.6610058171875
4 0.27362299375 0.723902140625 0.46729936875 0.7251398140624999 0.47105484999999997 0.6653195859375 0.4168684015625 0.6649070218750001 0.3750214203125 0.6661446953125 0.3675104171875 0.664081928125 0.36268195468750003 0.6661446953125 0.300623771875 0.66515440625 0.2902545140625 0.6793463875 0.27362299375 0.6801714984375 0.27362299375 0.723902140625
4 0.6298216515624999 0.5418900828125001 0.6949431328125 0.540126821875 0.6926501218750001 0.5161464625 0.4960604796875 0.515694109375 0.49912006093750005 0.559522696875 0.62936305625 0.5581120828125 0.6298216515624999 0.5418900828125001
4 0.49224102968750005 0.619117390625 0.584420040625 0.6229965609375 0.6357834578125 0.621585959375 0.6357834578125 0.6088904703125 0.68989855 0.6053639468750001 0.6880641015625 0.5651615875 0.617439375 0.5612824171875 0.5454388625 0.5595191546875 0.5178476953125 0.5610850625 0.518381334375 0.5757411625 0.4931582203125 0.5757411625 0.49224102968750005 0.619117390625
4 0.4968270515625 0.6864739734375 0.540394246875 0.6882372343750001 0.5972609125 0.686826634375 0.5981781015625 0.6727205421875 0.6197323859375 0.674483803125 0.6931087515625001 0.6716625875 0.68989855 0.6445083578124999 0.6385350984375 0.624759821875 0.520714434375 0.624544259375 0.5211329390625 0.6392185734375 0.495909825 0.640276528125 0.4968270515625 0.6864739734375
4 0.49636845625000003 0.7182126921875 0.6940259421875 0.7210338953125001 0.6935673109375 0.69105845 0.5275946078125 0.6888848328125 0.5261775906249999 0.7076331234375 0.49636845625000003 0.7076331234375 0.49636845625000003 0.7182126921875
4 0.7863421671874999 0.519338553125 0.90328569375 0.51898589375 0.904202884375 0.5052324625 0.7047590703125 0.5042362 0.7079212187499999 0.53203403125 0.7863421671874999 0.532386690625 0.7863421671874999 0.519338553125
4 0.7083798140625001 0.59497058125 0.743692159375 0.5960285359374999 0.7446093859375 0.580864490625 0.9046615156250001 0.5826277515625 0.90328569375 0.5403094828125 0.734573153125 0.536847175 0.73864754375 0.5544155671875 0.7083798140625001 0.5533576 0.7083798140625001 0.59497058125
4 0.7092970046875 0.6434357312500001 0.74506798125 0.6444936859375 0.7446093859375 0.6300349328125 0.9051200749999999 0.63356145625 0.904202884375 0.601470103125 0.734573153125 0.6007470609375 0.7349787140624999 0.61804475625 0.7102142296875 0.6166341484375 0.7092970046875 0.6434357312500001
4 0.710672825 0.7252434609375 0.8051448453125 0.7252434609375 0.8060620343749999 0.7121953375000001 0.906954525 0.7114900296875 0.9064958953125 0.65048119375 0.736293196875 0.648782146875 0.740023365625 0.6656452328125 0.7097556 0.6667031859375 0.710672825 0.7252434609375