0 0.9615957875 0.3512242296875 0.7228406125 0.3515625 0.56562800625 0.352622015625 0.5650178968749999 0.3558835 0.5644077390625 0.5301402078125 0.56562800625 0.5399246671875 0.5741696953125001 0.5417883828125001 0.92559875 0.5408565609375 0.9628161015625001 0.5408565609375 0.9658667015625 0.5380609703125 0.963426165625 0.3614746265625 0.9615957875 0.3512242296875
0 0.9505673890624999 0.572265625 0.5718756703125 0.57421875 0.5629201234375001 0.5791015625 0.5603613953125001 0.5947265625 0.5654788515625 0.9501953125 0.5718756703125 0.95703125 0.584669309375 0.958984375 0.765059621875 0.9580078125 0.9531261171875001 0.95703125 0.9671991203125 0.9501953125 0.9595229375000001 0.5791015625 0.9505673890624999 0.572265625
2 0.1138633890625 0.103515625 0.110025296875 0.1064453125 0.110025296875 0.1748046875 0.115142753125 0.2900390625 0.11898084375 0.29296875 0.2021394984375 0.2919921875 0.2865775171875 0.2900390625 0.2814600625 0.1044921875 0.2776219703125 0.1015625 0.1138633890625 0.103515625
2 0.3326346171875 0.1435546875 0.3351933453125 0.2861328125 0.341590165625 0.2890625 0.5040693828125 0.2880859375 0.5066281109374999 0.1025390625 0.500231290625 0.099609375 0.336472709375 0.099609375 0.3326346171875 0.1435546875
3 0.0869967453125 0.9111328125 0.0908348375 0.9140625 0.0997903859375 0.9130859375 0.0997903859375 0.8955078125 0.093393565625 0.89453125 0.0896167765625 0.9011569578125 0.0869967453125 0.9111328125
6 0.081879290625 0.9521484375 0.0836145515625 0.9555500453124999 0.09723165781250001 0.9541015625 0.0997903859375 0.9248046875 0.0872158921875 0.9234642328125 0.081613809375 0.9411878218749999 0.081879290625 0.9521484375
4 0.28111181093750004 0.521954546875 0.303177203125 0.5233025984374999 0.300088028125 0.2991901453125 0.09831763125000001 0.296568978125 0.10005967812500001 0.5404901640625 0.2833183515625 0.5394791453125001 0.28111181093750004 0.521954546875
4 0.10270751874999999 0.743802675 0.1459557 0.743802675 0.1472796046875 0.727626153125 0.306150425 0.724930053125 0.30350258281250003 0.5803522640625001 0.262019640625 0.5783301828125 0.23333463124999998 0.5803522640625001 0.23289333124999997 0.59248465625 0.181701628125 0.5938327125 0.183025565625 0.5843963875 0.11376597031249999 0.5846308640625 0.1110923734375 0.5995618921875 0.10005967812500001 0.600235909375 0.10270751874999999 0.743802675
4 0.1005009796875 0.8578507640625 0.2699631953125 0.8554916703125001 0.2690805921875 0.8383041046875 0.3048265203125 0.8383041046875 0.3048265203125 0.744952 0.240836884375 0.7425929203125 0.22141933281249998 0.74663705625 0.1693449953125 0.74731108125 0.1569883953125 0.7452890062499999 0.11707632812499999 0.7492978203125 0.1181532921875 0.765846696875 0.1018249171875 0.7661837031250001 0.1005009796875 0.8578507640625
4 0.1075618984375 0.9583313421874999 0.3074743609375 0.9566462843749999 0.305267821875 0.8939621953125 0.11817978124999999 0.8962767656249999 0.12168376875 0.9141828656250001 0.1062379953125 0.9141828656250001 0.1075618984375 0.9583313421874999
4 0.3588138578125 0.34377523125 0.4585494203125 0.3454602859375 0.517684678125 0.34175316875 0.516802075 0.29827871875 0.31735300624999996 0.29825355 0.31953745312500004 0.35995176562500003 0.35748992031250004 0.35995176562500003 0.3588138578125 0.34377523125
4 0.32174399375 0.5639736 0.442662346875 0.56363659375 0.442662346875 0.5488080953125001 0.5229803578125 0.548134084375 0.52386299375 0.40658938125 0.44663412343750003 0.40389330156250003 0.338513703125 0.40355627656250004 0.3328013453125 0.40648732968749995 0.33145278437500003 0.42006982343750005 0.320861390625 0.42242891718750003 0.32174399375 0.5639736
4 0.32659837187499996 0.78962993125 0.3588138578125 0.78962993125 0.35837255625000003 0.772779371875 0.5291586749999999 0.773116378125 0.52342169375 0.5968595125 0.4250100328125 0.594163425 0.3328013453125 0.5972651578125 0.336748465625 0.615058115625 0.31953745312500004 0.614721109375 0.32659837187499996 0.78962993125
4 0.32527446875 0.9596822921875001 0.4973845234375 0.9579972359375001 0.49694322343749997 0.9411466765625001 0.5260695328125 0.9414836828125001 0.524745596875 0.8164525203125 0.333904796875 0.8171018609375 0.3371897671875 0.8336401 0.32174399375 0.8329660750000001 0.32527446875 0.9596822921875001
4 0.539458028125 0.3306680546875 0.7393704578125 0.3310050859375 0.7393704578125 0.12172111875 0.7058241078124999 0.11969905 0.5507332671875 0.12011001562500001 0.5451950109375 0.1365496109375 0.53901669375 0.1365496109375 0.539458028125 0.3306680546875
4 0.8641662828125 0.3271335625 0.8637249812500001 0.310283003125 0.962577909375 0.310620009375 0.959930103125 0.0979659453125 0.7592858390624999 0.09652600156249999 0.758252403125 0.1165015578125 0.758252403125 0.32544850625 0.8641662828125 0.3271335625
7 0.29411810625 0.5610758875 0.2689635734375 0.557705775 0.2544004015625 0.55972785 0.2371893890625 0.5627609437500001 0.20320869843749997 0.559053825 0.1736410875 0.55871680625 0.099421084375 0.56104685 0.1043557375 0.5732082984375 0.29235286875 0.5701751921875 0.29411810625 0.5610758875
7 0.18246724375 0.8860310734375 0.183791146875 0.8752467125000001 0.12200804999999999 0.87288763125 0.104386621875 0.8735350375 0.1052383734375 0.8860310734375 0.173199753125 0.8873791234375 0.18246724375 0.8860310734375
7 0.46405129843750004 0.8045053078125 0.46581653593750005 0.795068996875 0.42521622812500004 0.7923729093749999 0.41330089687499993 0.795406003125 0.37667236718749997 0.795068996875 0.366080971875 0.7923729093749999 0.32066336562500003 0.7947812765625 0.3193023484375 0.8045053078125 0.35990265625 0.8072013953124999 0.46405129843750004 0.8045053078125
7 0.3647570359375 0.5770889968749999 0.32121509062500003 0.575365715625 0.324598028125 0.5875363515625 0.36343313125 0.5871993328125 0.3647570359375 0.5770889968749999
7 0.40050296406249997 0.3970960125 0.40050296406249997 0.379571428125 0.44684028593749997 0.379571428125 0.4481642234375 0.36979811093750004 0.318456459375 0.366057590625 0.32018495156250004 0.3957479625 0.3779962703125 0.3984440625 0.40050296406249997 0.3970960125
7 0.5841097640624999 0.111555665625 0.584551065625 0.10110832343750001 0.5598378328125 0.0970641859375 0.537491834375 0.0973682875 0.5395376453125 0.11088164062500001 0.57042919375 0.108859578125 0.5841097640624999 0.111555665625