0 0.9433211625 0.78125 0.92495329375 0.77734375 0.667803159375 0.7734375 0.536604109375 0.775390625 0.5326681390625 0.7783203125 0.5326681390625 0.8154296875 0.5274201765625001 0.8251953125 0.5274201765625001 0.8818359375 0.5326681390625 0.8896484375 0.5221722140625 0.9404296875 0.5287321671874999 0.953125 0.9393851906249999 0.9541015625 0.9472571328124999 0.9462890625 0.9498811140625 0.8994140625 0.9498811140625 0.7880859375 0.9433211625 0.78125
0 0.5011803671874999 0.6298828125 0.0800314203125 0.62109375 0.0734714671875 0.6494140625 0.0708474875 0.9482421875 0.300445821875 0.95703125 0.49593240468750005 0.9560546875 0.5038043484375 0.9443359375 0.5011803671874999 0.7744140625 0.5064283296875 0.6533203125 0.5011803671874999 0.6298828125
2 0.24140625 0.4443359375 0.2335343078125 0.4345703125 0.2335343078125 0.4287109375 0.240094259375 0.431640625 0.24140625 0.4248046875 0.2335343078125 0.4248046875 0.2335343078125 0.4169921875 0.24403022968750002 0.4033203125 0.25321416406249997 0.400390625 0.2545261546875 0.4052734375 0.2466542109375 0.4091796875 0.2519021734375 0.4130859375 0.2519021734375 0.4287109375 0.2466542109375 0.4306640625 0.2597741171875 0.4345703125 0.2584621265625 0.4453125 0.2663340703125 0.443359375 0.27158203125 0.44921875 0.280765965625 0.4482421875 0.2833899453125 0.2978515625 0.240094259375 0.296875 0.23484629687499997 0.302734375 0.21123046875 0.29296875 0.1666227921875 0.29296875 0.1456309453125 0.298828125 0.1403829828125 0.298828125 0.1403829828125 0.294921875 0.0879033625 0.294921875 0.081343409375 0.4150390625 0.086591371875 0.4462890625 0.081343409375 0.4501953125 0.0787194296875 0.5029296875 0.0879033625 0.5078125 0.27814198437500004 0.5087890625 0.2833899453125 0.5029296875 0.2833899453125 0.4580078125 0.2742060109375 0.451171875 0.24140625 0.4443359375
6 0.95775305625 0.9130859375 0.9525050953124999 0.9267578125 0.9525050953124999 0.9423828125 0.96300101875 0.9443359375 0.9734969437500001 0.9423828125 0.976120925 0.9267578125 0.9695609703124999 0.91015625 0.95775305625 0.9130859375
3 0.9734969437500001 0.8974609375 0.976120925 0.8857421875 0.9669369906249999 0.8828125 0.96300101875 0.8955078125 0.9734969437500001 0.8974609375
7 0.33193359375 0.201171875 0.313565728125 0.203125 0.3096297546875 0.2080078125 0.3161897078125 0.21484375 0.4106530234375 0.216796875 0.44214079375 0.212890625 0.453948709375 0.2177734375 0.47100458593749994 0.21484375 0.47494055625 0.2060546875 0.42902089062500004 0.201171875 0.33193359375 0.201171875
7 0.5339801296875 0.12109375 0.7163468078124999 0.1201171875 0.7347146734375001 0.1162109375 0.730778703125 0.091796875 0.5326681390625 0.0908203125 0.5339801296875 0.12109375
4 0.7347146734375001 0.3310546875 0.7347146734375001 0.2978515625 0.7425866171875 0.2666015625 0.7373386546875 0.2490234375 0.7399626359375 0.2119140625 0.733402684375 0.1953125 0.5654679015624999 0.19140625 0.5523479953125 0.208984375 0.5326681390625 0.2119140625 0.5326681390625 0.2294921875 0.5274201765625001 0.2353515625 0.5326681390625 0.2744140625 0.5274201765625001 0.2958984375 0.5326681390625 0.2998046875 0.5274201765625001 0.3115234375 0.5326681390625 0.3154296875 0.5326681390625 0.3447265625 0.54578804375 0.3486328125 0.6153235390625 0.34765625 0.6258194640625 0.337890625 0.6363153875 0.3359375 0.7347146734375001 0.3310546875
4 0.6179475203125 0.54296875 0.63893936875 0.537109375 0.6756751015625 0.5390625 0.7268427296875 0.5341796875 0.7347146734375001 0.4423828125 0.733402684375 0.361328125 0.6782990828125001 0.359375 0.667803159375 0.35546875 0.6205715015625 0.357421875 0.6153235390625 0.353515625 0.5890837296875 0.353515625 0.58383576875 0.34765625 0.5785878062500001 0.35546875 0.56809188125 0.3515625 0.5654679015624999 0.359375 0.5523479953125 0.36328125 0.541852071875 0.361328125 0.5352921187499999 0.3662109375 0.54054008125 0.3701171875 0.5379161 0.3759765625 0.5274201765625001 0.3798828125 0.5221722140625 0.4384765625 0.5274201765625001 0.5478515625 0.5523479953125 0.552734375 0.5575959578125 0.55859375 0.569403871875 0.5576171875 0.591707709375 0.54296875 0.594331690625 0.548828125 0.602203634375 0.541015625 0.6179475203125 0.54296875
4 0.722906759375 0.5546875 0.6992909296875001 0.552734375 0.6992909296875001 0.548828125 0.6809230640624999 0.552734375 0.662555196875 0.552734375 0.659931215625 0.548828125 0.6494352921875 0.552734375 0.596955671875 0.552734375 0.5890837296875 0.548828125 0.5864597500000001 0.552734375 0.5654679015624999 0.552734375 0.541852071875 0.55859375 0.548412025 0.5654296875 0.5247961953125 0.5771484375 0.5247961953125 0.6025390625 0.5339801296875 0.607421875 0.5628439203125 0.611328125 0.5654679015624999 0.607421875 0.6507472828124999 0.6103515625 0.7097868546874999 0.603515625 0.7347146734375001 0.5830078125 0.7320906921875 0.5615234375 0.722906759375 0.5546875
4 0.652059271875 0.748046875 0.662555196875 0.744140625 0.717658796875 0.748046875 0.7268427296875 0.7431640625 0.7347146734375001 0.7197265625 0.7347146734375001 0.6669921875 0.7294667109375 0.6494140625 0.7320906921875 0.6240234375 0.725530740625 0.6171875 0.5707158625 0.6171875 0.541852071875 0.623046875 0.5247961953125 0.6376953125 0.5247961953125 0.7587890625 0.5313561484375 0.763671875 0.5772758140625001 0.7626953125 0.604827615625 0.759765625 0.607451596875 0.751953125 0.6441873296875 0.744140625 0.652059271875 0.748046875
4 0.6638644499999999 0.19062414375 0.66443905 0.17306824375000002 0.7414542265625 0.17007089375 0.7454773984374999 0.1221132734375 0.544893509375 0.122541453125 0.52937541875 0.134959046875 0.5224787015625 0.1867703875 0.6638644499999999 0.19062414375
4 0.8270901625 0.1944778875 0.9770969765625 0.19619066406250002 0.98112015 0.081434940625 0.76616798125 0.0831477109375 0.74662671875 0.20946464062499998 0.8259407203125001 0.20818006718749998 0.8270901625 0.1944778875
4 0.9260621859375 0.27964239062499996 0.9252546031250001 0.266706196875 0.9708844328125 0.26309605 0.9696732296875 0.208643534375 0.7885812203125 0.20966430468750002 0.7568683296875001 0.22488902500000002 0.7568683296875001 0.2775364921875 0.9260621859375 0.27964239062499996
4 0.8332030874999999 0.41111065937499996 0.8368374281250001 0.3975727328125 0.96282415625 0.3984752671875 0.97695729375 0.3936617703125 0.9717078296875 0.2889685171875 0.7843393640625 0.284914921875 0.7556727296875 0.3031081265625 0.7508271 0.412614859375 0.8332030874999999 0.41111065937499996
4 0.9151752828124999 0.43783632656249993 0.9155790734375 0.4170782203125 0.7885587375 0.4212079984375 0.7883809703125 0.42490013125 0.7831315062499999 0.44024308906250004 0.9151752828124999 0.43783632656249993
4 0.8861015109375 0.5217468140625 0.8945813921875001 0.5033953921875 0.9721116234375 0.49978529375 0.9741306671875 0.442023465625 0.7843168828125 0.44646694531250003 0.7520386046875001 0.45887065312499997 0.7492119765624999 0.519340065625 0.8861015109375 0.5217468140625
4 0.8533934000000001 0.5977859921875 0.8566238187499999 0.5812396843750001 0.9692849953125 0.5812396843750001 0.96645836875 0.5240795546875 0.7786610734375 0.5259273875 0.7564803546875 0.5388208453125001 0.7552689359375 0.5983876765625 0.8533934000000001 0.5977859921875
4 0.7544614390625 0.64080653125 0.964439409375 0.6432132312500001 0.9652470796875001 0.6053070546875 0.7843168828125 0.6043353734375 0.77868966875 0.62185344375 0.757691859375 0.6215525625 0.7544614390625 0.64080653125
4 0.7492119765624999 0.699145353125 0.9377883015625 0.698844471875 0.9381920921875 0.68350153125 0.9632279499999999 0.69162424375 0.970900334375 0.6461970046875 0.781488978125 0.6459073921875 0.7799010875 0.6609382953125 0.7572880671875 0.65732818125 0.7492119765624999 0.699145353125
4 0.739520590625 0.761996775 0.8525856875000001 0.7616959734375001 0.8646999093750001 0.745149584375 0.968881203125 0.7457512671875001 0.96645836875 0.707243409375 0.7744192187500001 0.7058973953125001 0.77788195625 0.724090596875 0.7544614390625 0.72228558125 0.739520590625 0.761996775
4 0.25186260781250003 0.5700027578125 0.25186260781250003 0.5557392515624999 0.267080553125 0.557202134375 0.2891711171875 0.549887540625 0.2916256015625 0.5173373625 0.08029859375000001 0.5146181921874999 0.0726837125 0.548424559375 0.0771018203125 0.5721972 0.25186260781250003 0.5700027578125
4 0.074156346875 0.612061990625 0.2881892921875 0.61059906875 0.2881892921875 0.5703685375 0.1000662921875 0.5689953578125 0.09968321875 0.5853635046875 0.0721927484375 0.58280338125 0.074156346875 0.612061990625
4 0.47767732343749997 0.6182794421875 0.5105675953125 0.6062102609375 0.51694943125 0.501610875 0.334700290625 0.5031030265624999 0.302916353125 0.5136800171875 0.297516446875 0.6131591937499999 0.47767732343749997 0.6182794421875
4 0.30487995 0.303444015625 0.2980073328125 0.5020365890625 0.45607754062500006 0.5020365890625 0.461968490625 0.4866758421875 0.5174402125 0.48631008124999997 0.5248037171875 0.2906433921875 0.340716546875 0.28751355625 0.331388753125 0.2906433921875 0.33040682499999996 0.3052726796875 0.30487995 0.303444015625
4 0.30684355 0.2910690875 0.461968490625 0.2914348671875 0.461968490625 0.2760741203125 0.505658575 0.2753426 0.5174402125 0.2716853328125 0.5194038109375 0.21938561875 0.326965103125 0.2190622984375 0.3289341125 0.2365750109375 0.30586188124999997 0.23401488593750003 0.30684355 0.2910690875
4 0.283280378125 0.2555931234375 0.1041013265625 0.2588846890625 0.0977196734375 0.280828590625 0.2872075203125 0.27826846562499996 0.283280378125 0.2555931234375
4 0.304389065625 0.15178511249999999 0.302916353125 0.1740947734375 0.49240422656250005 0.18031226250000001 0.503694978125 0.16934030312499998 0.5179311 0.15836834375 0.514985834375 0.13386424218749998 0.3441544078125 0.141015071875 0.332861309375 0.140447471875 0.32991604375 0.15141943125 0.304389065625 0.15178511249999999
4 0.403060196875 0.1254524265625 0.5159675015625 0.1228923015625 0.5174402125 0.080467365625 0.3107709015625 0.0797359140625 0.3014436421875 0.1382530296875 0.40404202187499993 0.1382530296875 0.403060196875 0.1254524265625
4 0.1551551265625 0.243583915625 0.2886803359375 0.243583915625 0.2980073328125 0.0786387234375 0.0794391296875 0.080240590625 0.05610798125000001 0.2589446640625 0.151718815625 0.261139028125 0.1551551265625 0.243583915625