2 0.5313561484375 0.98046875 0.539228090625 0.98046875 0.5602199390625 0.998046875 0.665179178125 0.99609375 0.697978940625 0.9755859375 0.7058508828125001 0.9638671875 0.6717391296875 0.8857421875 0.6507472828124999 0.8564453125 0.662555196875 0.853515625 0.690106996875 0.8349609375 0.7189707890625 0.7841796875 0.7347146734375001 0.7392578125 0.7189707890625 0.7119140625 0.635003396875 0.6455078125 0.6507472828124999 0.6240234375 0.6586192265624999 0.5908203125 0.6796110734374999 0.5712890625 0.66911515 0.5595703125 0.6638671875 0.5029296875 0.627131453125 0.4560546875 0.6100755765625 0.4453125 0.594331690625 0.4453125 0.5877717390625 0.4365234375 0.57333984375 0.4296875 0.5339801296875 0.4296875 0.49986837656249994 0.451171875 0.46706861406250005 0.4638671875 0.456572690625 0.4873046875 0.43558084218750004 0.4951171875 0.4460767671875 0.5107421875 0.398845109375 0.5419921875 0.3778532609375 0.5615234375 0.3726052984375 0.5751953125 0.360797384375 0.58203125 0.3476774796875 0.58203125 0.34111752812499996 0.5947265625 0.3070057734375 0.6181640625 0.29650984999999996 0.6318359375 0.2860139265625 0.6650390625 0.275518003125 0.7451171875 0.27814198437500004 0.8076171875 0.3096297546875 0.8935546875 0.3201256796875 0.9091796875 0.3227496609375 0.9267578125 0.338493546875 0.9345703125 0.338493546875 0.9482421875 0.36473335625000003 0.9794921875 0.3489894703125 0.9990234375 0.3765412703125 1 0.38178923125 0.99609375 0.38966117499999997 1 0.44082880468749996 0.9990234375 0.4552607 0.99609375 0.5156122625 0.998046875 0.5247961953125 0.9931640625 0.5313561484375 0.98046875
2 0.7386506453125 0.041015625 0.7347146734375001 0.0458984375 0.7347146734375001 0.2080078125 0.7373386546875 0.3564453125 0.7425866171875 0.3623046875 0.7373386546875 0.3857421875 0.7399626359375 0.5283203125 0.7438986078125 0.53125 0.9288892671875001 0.5302734375 0.9393851906249999 0.5263671875 0.9315132484375 0.0439453125 0.9170813515624999 0.0390625 0.7386506453125 0.041015625
2 0.2519021734375 0.0537109375 0.2295983359375 0.044921875 0.21385445 0.046875 0.1810546875 0.0654296875 0.18236667812500001 0.09765625 0.1456309453125 0.078125 0.1272630765625 0.080078125 0.1075832203125 0.0888671875 0.091839334375 0.1162109375 0.0970872953125 0.1240234375 0.0970872953125 0.1474609375 0.0446076765625 0.1923828125 0.0472316578125 0.2158203125 0.09971127656249999 0.2509765625 0.1049592390625 0.2998046875 0.108895209375 0.302734375 0.1810546875 0.3017578125 0.25321416406249997 0.30078125 0.2571501359375 0.2978515625 0.2545261546875 0.0634765625 0.2519021734375 0.0537109375
7 0.7924422546875001 0.5693359375 0.788506284375 0.5625 0.7412746265625 0.5625 0.7373386546875 0.5673828125 0.7465225890625 0.57421875 0.785882303125 0.57421875 0.7924422546875001 0.5693359375
7 0.3293096125 0.28515625 0.2847019359375 0.28515625 0.2833899453125 0.2919921875 0.2899498984375 0.294921875 0.330621603125 0.2939453125 0.3293096125 0.28515625
7 0.08527938125 0.310546875 0.056415590625 0.31640625 0.061663553125000006 0.328125 0.146942934375 0.3251953125 0.1403829828125 0.314453125 0.08527938125 0.310546875
7 0.1731827453125 0.7626953125 0.16924677187499998 0.7578125 0.122015115625 0.75390625 0.0695354953125 0.7578125 0.06822350625 0.7666015625 0.0747834578125 0.76953125 0.16924677187499998 0.76953125 0.1731827453125 0.7626953125
4 0.9386096515625001 0.579374578125 0.7622068984375 0.5832042484375 0.7364814953125001 0.6012584140625 0.7364814953125001 0.8244735484374999 0.7857272656250001 0.8261148374999999 0.7835222296875 0.809701959375 0.9459597671875001 0.8091548640624999 0.9386096515625001 0.579374578125
4 0.7144311515624999 0.275189246875 0.50642290625 0.27901891874999996 0.507892928125 0.427829009375 0.6490151296875 0.4283761046875 0.6548952234375001 0.41415161093749997 0.7166361875 0.410869034375 0.7144311515624999 0.275189246875
4 0.28224440624999997 0.32223949687500003 0.28003937031250004 0.44369478906250004 0.48878262968749997 0.442053503125 0.485107571875 0.301996946875 0.31090985312499997 0.30637371406249997 0.28224440624999997 0.32223949687500003
4 0.7085510609375001 0.1608462 0.53288331875 0.163034584375 0.53288331875 0.18163584531250002 0.5027478484375 0.18273003593749998 0.5020128359375 0.232515765625 0.614469590625 0.2297802859375 0.6159396140625 0.213914503125 0.709286071875 0.2095377375 0.7085510609375001 0.1608462
4 0.704876003125 0.0361083296875 0.5005428125 0.0404850984375 0.5042178703125 0.1602991046875 0.593154259375 0.1602991046875 0.601974396875 0.14333913125 0.7100210828125 0.14060365156250001 0.704876003125 0.0361083296875
4 0.48290253749999995 0.03939090625 0.27268925624999996 0.03939090625 0.275629303125 0.2144616 0.3322251859375 0.2144616 0.332960196875 0.1996900109375 0.485107571875 0.1975016265625 0.48290253749999995 0.03939090625
4 0.3079698078125 0.235798340625 0.28224440624999997 0.23743962968750001 0.2770993265625 0.24947573906249998 0.48657759531250006 0.25221121874999997 0.485842584375 0.2161028875 0.3101748421875 0.2188383671875 0.3079698078125 0.235798340625
4 0.05642741875 0.5573223453125 0.2387102640625 0.5531139734375 0.24091529843749998 0.5388894796875 0.2673757109375 0.538342384375 0.257254015625 0.3337285109375 0.077007740625 0.3337285109375 0.0784777625 0.352329771875 0.04760728125 0.3528768671875 0.05642741875 0.5573223453125
4 0.1313985890625 0.677304746875 0.1328686109375 0.6619860609375 0.2666407 0.6592505828124999 0.2673757109375 0.5567752484375 0.0880329109375 0.5600578234375 0.0850928671875 0.57592360625 0.0615724984375 0.5766390984374999 0.0615724984375 0.677304746875 0.1313985890625 0.677304746875
4 0.26517067656250004 0.6811344187499999 0.09244298125 0.680587321875 0.0917079703125 0.6964531046875 0.06304252187500001 0.6991885843750001 0.062307509375 0.7303730515625 0.20636975937500002 0.729278859375 0.20857479375 0.71286598125 0.2673757109375 0.710130503125 0.26517067656250004 0.6811344187499999
4 0.062307509375 0.7960245625 0.0578974421875 0.9141972812500001 0.264435665625 0.921309528125 0.2666407 0.7768762046875 0.0939130046875 0.7746878203125 0.062307509375 0.7960245625