2 0.24804203125000002 0.38308927812500004 0.04696101875 0.3795434671875 0.03945326875 0.6459500390625 0.24139375937500002 0.650405334375 0.24804203125000002 0.38308927812500004
2 0.46826520625 0.38690809375 0.27033764374999997 0.3827248875 0.26300054687499996 0.6491323718750001 0.4632789703125 0.65358766875 0.46826520625 0.38690809375
2 0.6868524984375 0.391363365625 0.4822856953125 0.38749701875000003 0.48408095781249993 0.6548605828125 0.6876835171875 0.6561335453125 0.6868524984375 0.391363365625
2 0.90624471875 0.3932727609375 0.7046233578125001 0.3906784390625 0.6993179609375 0.657406459375 0.899596446875 0.6599523359374999 0.90624471875 0.3932727609375
1 0.087424334375 0.65107818125 0.056953203125 0.6478109812499999 0.043580939062500004 0.6504520265625 0.0453741640625 0.662280003125 0.0855960484375 0.662280003125 0.087424334375 0.65107818125
1 0.3135201171875 0.668814384375 0.31412953125 0.65854606875 0.2713904609375 0.6562846312499999 0.2757358875 0.6674141609375 0.2946280265625 0.6674141609375 0.3135201171875 0.668814384375
1 0.5332384953125 0.6604130265625 0.5039861890624999 0.6576125796875 0.47862855781249997 0.6580344124999999 0.47839041250000003 0.6692811375 0.5326290359375 0.6706813609375 0.5332384953125 0.6604130265625
1 0.7362232515625 0.662280003125 0.70034284375 0.661533975 0.70453329375 0.6692811375 0.7343949656250001 0.6744152953125 0.7362232515625 0.662280003125
3 0.9260738390625001 0.863018015625 0.9121523671875 0.8621755609375 0.9120571 0.8793539953125 0.924245553125 0.8798207296875 0.9260738390625001 0.863018015625
6 0.9248550124999999 0.9227610328125 0.9254643796875 0.8905558078125001 0.9113904609375 0.8884222812499999 0.9077911609375 0.9054915640625 0.9077911609375 0.9218275437499999 0.9248550124999999 0.9227610328125
7 0.5016189343749999 0.064495578125 0.47327343749999995 0.064453125 0.46944642812500004 0.0673828125 0.46944642812500004 0.0771484375 0.47327343749999995 0.080078125 0.5510892859375 0.0791015625 0.5523649546875 0.06640625 0.51664620625 0.064453125 0.5113907249999999 0.059007331249999996 0.5016189343749999 0.064495578125
7 0.058680803125 0.1044921875 0.058680803125 0.1123046875 0.0650591515625 0.1171875 0.0778158484375 0.119140625 0.193901784375 0.1181640625 0.1951774546875 0.107421875 0.15690736562500002 0.099609375 0.06761049218750001 0.1015625 0.058680803125 0.1044921875
4 0.045439218749999996 0.37083997968750004 0.257161390625 0.37778783125 0.316606365625 0.3758293015625 0.3270296015625 0.13284930625 0.2949456265625 0.12835890781249998 0.141202765625 0.125864246875 0.08079355 0.12669241874999998 0.079314746875 0.14482366875 0.055211010937500006 0.14332687500000002 0.045439218749999996 0.37083997968750004
4 0.371494078125 0.3401559984375 0.6138345140625 0.341153846875 0.6164403843749999 0.1111461015625 0.576701721875 0.10715464687500001 0.3471191109375 0.10611737031249999 0.340224371875 0.353128228125 0.36888825625 0.3561218140625 0.371494078125 0.3401559984375
4 0.6112287421875 0.36080690937500004 0.4978759390625 0.359310115625 0.3923405984375 0.359310115625 0.36829484375 0.3611232703125 0.36888825625 0.3747770265625 0.6112287421875 0.372781290625 0.6112287421875 0.36080690937500004
4 0.8620380875 0.318827175 0.9056854078125 0.31832825 0.9148058062500001 0.056887757812499995 0.711552440625 0.052397390625 0.6427649171875001 0.0524975484375 0.6320752140625 0.33080155625 0.8620380875 0.337287690625 0.8620380875 0.318827175
7 0.8053617093750001 0.33911088125 0.799498575 0.3381130140625 0.6789797984375 0.336616221875 0.662042084375 0.336117296875 0.6354348562500001 0.337430790625 0.6340295921875 0.3515841875 0.8008015593750001 0.3510852640625 0.8053617093750001 0.33911088125
4 0.9102455578124999 0.359068171875 0.680229675 0.35551189375000003 0.67832840625 0.3710425515625 0.9076397859374999 0.3705436078125 0.9102455578124999 0.359068171875
4 0.1903902171875 0.825577653125 0.312211878125 0.8275733890625 0.316772028125 0.67589800625 0.042514340625 0.6741133968749999 0.0405560390625 0.835556296875 0.1903902171875 0.8385499218750001 0.1903902171875 0.825577653125
4 0.038601685937500005 0.9190927437499999 0.308954615625 0.924581028125 0.3135147640625 0.8437539671875 0.066947878125 0.8399607546875 0.052933653125 0.8557283484375 0.039253128124999995 0.8582230093750001 0.038601685937500005 0.9190927437499999
4 0.33761855 0.9035568765624999 0.456182946875 0.9060515375 0.45813732500000004 0.890085684375 0.60666859375 0.8915824953125 0.6092743640625 0.6795362828125 0.5662784875 0.6790373578125 0.469863446875 0.679106334375 0.35976795625 0.67611274375 0.3365312453125 0.6766073421875001 0.335012728125 0.743399621875 0.3363156140625 0.8766145296875001 0.33761855 0.9035568765624999
4 0.6053657078125 0.9134835140625001 0.3617792328125 0.9079207625000001 0.3610708421875 0.921965346875 0.6060171000000001 0.9274536140625 0.6053657078125 0.9134835140625001
4 0.6272112203125 0.8052152187500001 0.7112486484375 0.8072109359375 0.7112486484375 0.7912451203125 0.8695516578125 0.795236575 0.8982156437500001 0.7947376312500001 0.9008214156250001 0.68497255625 0.8174354312500001 0.6779874984375 0.712551534375 0.6774885734375 0.62729034375 0.6747368828125 0.6330743062499999 0.7198978078125 0.6265597781250001 0.728878603125 0.6272112203125 0.8052152187500001
4 0.62395395625 0.9249417703124999 0.894958378125 0.928933225 0.89756415 0.8146777484375001 0.79007443125 0.8121830875 0.7092942703125 0.8106862859374999 0.6557961375 0.8131508437500001 0.6545722703125 0.828647865625 0.6246054 0.8281489125 0.62395395625 0.9249417703124999