2 0.9644711562499999 0.41598315937499997 0.9663793578125001 0.069655634375 0.9553044609375 0.0638347875 0.776196246875 0.0629616609375 0.772982696875 0.0653857265625 0.77253704375 0.42280781718749993 0.781440403125 0.4251679359375 0.9572151984374999 0.42442340156249997 0.9644711562499999 0.41598315937499997
2 0.9712459499999999 0.9136103609375 0.9663705828125 0.4636091171875 0.9593283828124999 0.45824225468749996 0.7684027734375001 0.459872665625 0.775148178125 0.9245505171874999 0.784628040625 0.9255826078125 0.9693499437499999 0.923931265625 0.9712459499999999 0.9136103609375
6 0.07608300625 0.90866445625 0.0768840859375 0.9176123 0.0954091859375 0.9173070437499999 0.0964105421875 0.9150176328124999 0.0965106765625 0.8842632109374999 0.092705525 0.8823553687500001 0.092290340625 0.8738714109375 0.084995075 0.8738900656249999 0.084494396875 0.88129249375 0.07908707499999999 0.8845493296875 0.07608300625 0.90866445625
3 0.0959098640625 0.8636115515625 0.0959098640625 0.85842221875 0.081390190625 0.8576590828124999 0.0795209234375 0.8589810828125 0.07908707499999999 0.8746007234375 0.0863969765625 0.8739902125000001 0.0926053921875 0.874142840625 0.0959098640625 0.8636115515625
4 0.141427790625 0.3358843375 0.141910759375 0.32189775468750004 0.16670650625 0.3234927140625 0.30022277656249996 0.3223885140625 0.30215464999999997 0.25039858125 0.301831853125 0.10710068749999999 0.3017521671875 0.060027268749999994 0.15338314375 0.060382284375 0.099811915625 0.061092315625000004 0.095393471875 0.061428453125000004 0.0949337890625 0.286856675 0.09561144375 0.3367247890625 0.11438184375 0.33809274375 0.141427790625 0.3358843375
4 0.0992705875 0.38469953281249997 0.11779988906250001 0.3873892765625 0.1934172890625 0.38623617499999996 0.26660478125 0.384948275 0.279794371875 0.38409238125 0.2812520234375 0.36897713906249996 0.3004398765625 0.3690474453125 0.3021926203125 0.3667977328125 0.303141784375 0.33962745 0.219028634375 0.3372620328125 0.1695229390625 0.33702548593750004 0.140657534375 0.3377351125 0.118930896875 0.33939090781250003 0.11055061875000001 0.34305730625 0.11206463281250001 0.34284015156250003 0.111623465625 0.355280284375 0.10412350781249999 0.35343107812499996 0.100373521875 0.3542716265625 0.0992705875 0.38469953281249997
4 0.0991734546875 0.7090144609375 0.10085877031249998 0.8258372656249999 0.11703780625 0.8302041718750001 0.14737348125 0.8304610546875001 0.1544518 0.8217272609374999 0.1558000578125 0.81453469375 0.2990518265625 0.8147915671874999 0.3068042875 0.806828390625 0.30646725468749997 0.6422454796875 0.305118971875 0.3894423703125 0.28476609062499997 0.3866303984375 0.26165536875 0.38615179374999997 0.18996101406250002 0.387396171875 0.160705665625 0.38732770625 0.1383424015625 0.38921300625 0.11122204218750001 0.3907491796875 0.110371225 0.39121130000000004 0.11157830312499999 0.4048920140625 0.09850636093750001 0.40720465937499994 0.0982729375 0.515312265625 0.0991734546875 0.7090144609375
6 0.291519725 0.8418521578125 0.29289820624999996 0.8375872031249999 0.29268613593750004 0.8290988234375 0.19725304999999999 0.827886659375 0.1930115796875 0.8326545062499999 0.170697515625 0.83141639375 0.17276511562500002 0.8428573421875001 0.2324549765625 0.8432946265625001 0.24581215312500002 0.8439308406249999 0.291519725 0.8418521578125
4 0.3047504953125 0.9064511078124999 0.3061229671875 0.8463320796874999 0.20382329999999999 0.8447857015625001 0.1310163796875 0.846517046875 0.10119608437500001 0.8485469437500001 0.1020991171875 0.92695771875 0.2734312203125 0.926678715625 0.2752616921875 0.909799128125 0.3047504953125 0.9064511078124999
4 0.323663871875 0.8494791546875 0.3267324 0.9233480937499999 0.328849546875 0.9255821609374999 0.5183905625 0.925333925 0.5317449187500001 0.9216104921875001 0.528578340625 0.7695059546875 0.5299567546875 0.69939949375 0.5061541765625 0.6973152796875 0.353320984375 0.6992015140625 0.3345557609375 0.7001094703125 0.3364881609375 0.7165180109375 0.32230551875 0.7168382671875 0.3236712578125 0.7682884718749999 0.323663871875 0.8494791546875
4 0.32233371875 0.6971525187500001 0.3892999734375 0.697468528125 0.44859519218750005 0.695098471875 0.4465219328125 0.680404134375 0.5259277421874999 0.68135215 0.5273790171875 0.671239915625 0.5277936953125 0.5969701578125 0.5263423890625 0.5663225453125 0.3691893671875 0.5663225453125 0.358408428125 0.5650585171875 0.3466027703125 0.5701909875 0.34721282656249997 0.5833893734375 0.3204677828125 0.5838633890625 0.3210897578125 0.64994539375 0.32233371875 0.6971525187500001
4 0.3167094734375 0.36667730625 0.31617500625 0.5401268640625 0.3169839203125 0.56591973125 0.33215543593749997 0.56591973125 0.39161793125 0.5648007984375 0.4158434015625 0.5648007984375 0.4158434015625 0.546897965625 0.424897375 0.5502547453125 0.52228865 0.5487628453125 0.5247356671875 0.54111684375 0.5240015546875 0.45412196875 0.522838646875 0.35162965625 0.5233280437500001 0.22129011406250002 0.5223492515625 0.1593861796875 0.52194975625 0.1284598796875 0.47726694218750004 0.125750559375 0.3588061421875 0.126674075 0.341598590625 0.126766425 0.3241486765625 0.13027578906249998 0.3241486765625 0.13064519375 0.32408506406250004 0.130934390625 0.32700786875 0.145353053125 0.3147478875 0.1455399140625 0.3159738859375 0.25771552343750004 0.3167094734375 0.36667730625
7 0.364179246875 0.1093606046875 0.4195467296875 0.1090813 0.420279715625 0.098328084375 0.41869455625 0.0976594828125 0.320108625 0.09658243125 0.315893971875 0.0985375609375 0.31900914375 0.109011475 0.364179246875 0.1093606046875
7 0.43046713593749997 0.07001873593749999 0.3476648203125 0.07028562656250001 0.3476531640625 0.0855179390625 0.44689975156250006 0.0846499875 0.4501537390625 0.07076269843750001 0.43046713593749997 0.07001873593749999
4 0.712016675 0.0892012328125 0.7094711390625 0.075279134375 0.7427129031249999 0.075279134375 0.7433118453125 0.058504153125 0.7274396624999999 0.0570206484375 0.6095960828125 0.058504153125 0.5494687468749999 0.061471153125 0.5393698796875 0.06283072656250001 0.53950316875 0.089429471875 0.5516319328125 0.09000005 0.6624090671875 0.090912965625 0.712016675 0.0892012328125
4 0.536850859375 0.24843015624999998 0.536850859375 0.357446365625 0.5390695296875 0.37393800625 0.556501271875 0.3723273296875 0.62418319375 0.3716646234375 0.7063330750000001 0.36967650625 0.738362403125 0.3714437234375 0.7416957796875 0.3701183125 0.7435798609375001 0.3311291328125 0.7427618093749999 0.2409081515625 0.7436300828125 0.1197438296875 0.745366565625 0.114119384375 0.7451495218749999 0.0932498859375 0.67029661875 0.0915746875 0.5672263921875 0.0914252203125 0.551340471875 0.0947134625 0.5517252906250001 0.0948027453125 0.5544100953125 0.1108831875 0.5391368437499999 0.11147026874999999 0.536590684375 0.14869160625 0.536850859375 0.24843015624999998
4 0.5392495984375001 0.4806793671875 0.5395391328125 0.6240318031250001 0.53852474375 0.734305125 0.5999461734375 0.7354091234375 0.6248624125 0.7298891390625 0.62804936875 0.7157579734375 0.7433594593749999 0.7164203687499999 0.7457653328125 0.685251015625 0.7449334265625 0.417796575 0.741674946875 0.373432153125 0.703368515625 0.3711646984375 0.6648761328125 0.37102298437500003 0.565530503125 0.37259018906249997 0.5532093265625 0.3759335953125 0.552649275 0.3767160953125 0.55261016875 0.3766974984375 0.552718009375 0.3909157515625 0.5398848546874999 0.3909157515625 0.5401005343749999 0.41729417656249995 0.5392495984375001 0.4806793671875
4 0.53829726875 0.791071321875 0.5392201609375 0.8265908484375 0.5449882171875 0.83010763125 0.6146663328125 0.8320418609375 0.6566577953125 0.8311626640625001 0.6626565703125 0.8271183578124999 0.6640409 0.8141062546875 0.733949753125 0.812875384375 0.7404099828125 0.8093586015625001 0.744562990625 0.796698190625 0.745024428125 0.7346269375000001 0.7136461859375001 0.7335719046875 0.634277725 0.7335719046875 0.6227416125 0.732692709375 0.6070525078125 0.735506134375 0.5842110015624999 0.7367370156249999 0.5847472765624999 0.738561946875 0.583518828125 0.7515407640625 0.5652917828125 0.7501340515625 0.540143053125 0.751013246875 0.53829726875 0.791071321875