0 0.8585184046875 0.921875 0.8752511484375001 0.9169921875 0.8803996843749999 0.7705078125 0.8778254171875 0.5322265625 0.8662412093749999 0.51953125 0.8147558484375 0.515625 0.22009992031249997 0.513671875 0.07079237187500001 0.515625 0.057921032812499995 0.51953125 0.04891109375 0.5283203125 0.046336825 0.6318359375 0.0527724953125 0.927734375 0.7787160953125001 0.923828125 0.8585184046875 0.921875
2 0.047623959375000004 0.30859375 0.0682181046875 0.3125 0.1995057765625 0.310546875 0.20851571562500001 0.3017578125 0.21881278750000002 0.2763671875 0.21881278750000002 0.2431640625 0.195644375 0.1884765625 0.17875688750000002 0.1689375671875 0.17875688750000002 0.072900725 0.0220500390625 0.07353672812499999 0.0231684140625 0.1826171875 0.0231684140625 0.2705078125 0.030891217187499997 0.2939453125 0.047623959375000004 0.30859375
2 0.5380220296875 0.4169921875 0.5354477609375 0.2646484375 0.5135664828125 0.26171875 0.3887144796875 0.2626953125 0.3835659453125 0.3330078125 0.3861402125 0.4208984375 0.5341606265625 0.419921875 0.5380220296875 0.4169921875
4 0.1397292484375 0.48704523125000004 0.1324457203125 0.48566326093749995 0.1342666125 0.48105671406250006 0.14640579843749998 0.4773715015625 0.1500475421875 0.4676978 0.14458490625 0.43821600156249996 0.176146765625 0.435452075 0.17553982968749998 0.423935753125 0.130017890625 0.421171828125 0.1263761484375 0.411958778125 0.15733102968749998 0.40827355 0.1530823484375 0.398599834375 0.14276401562500002 0.398599834375 0.14155009999999998 0.385701540625 0.1640075796875 0.385701540625 0.1712911078125 0.3792524015625 0.17675374375 0.3599049703125 0.15490320156249998 0.3548377859375 0.15733102968749998 0.32074946249999997 0.021979171875000002 0.3175248921875 0.021435715625 0.501061415625 0.1700771921875 0.5017861156250001 0.1700771921875 0.49026977812499994 0.1397292484375 0.48704523125000004
4 0.3630963015625 0.48755624375 0.3630963015625 0.4760399046875 0.33153444374999996 0.47271755000000004 0.3321413796875 0.4390898703125 0.3527780078125 0.4381685671875 0.3545989 0.42665222968750005 0.3345692484375 0.42342765312499997 0.3333553359375 0.411450678125 0.32182308593750003 0.411450678125 0.3175743640625 0.4022376125 0.32910661406249997 0.40315891718749997 0.32910661406249997 0.389800003125 0.3005795203125 0.3870360625 0.29936560624999997 0.37690169375 0.32060917031249997 0.3773623609375 0.323037 0.3640034171875 0.36491719375 0.36354275 0.3643102171875 0.35245449687499997 0.3090769625 0.3492299203125 0.3066491328125 0.3400168546875 0.3454944796875 0.33402836874999997 0.3418527375 0.3179055140625 0.3552058375 0.3146809359375 0.3570267296875 0.30267138125000004 0.31636045 0.30082874375 0.3175743640625 0.293458315625 0.33760401562500003 0.28885176874999996 0.3533849859375 0.27687479375 0.36066847343749997 0.241865175 0.33153444374999996 0.2308094734375 0.3533849859375 0.22574232031250002 0.3564197515625 0.21514728593750002 0.3321413796875 0.208698146875 0.326678784375 0.187047440625 0.35884758125 0.18658678906249998 0.3630963015625 0.1741491625 0.3321413796875 0.1690819796875 0.3533849859375 0.138218225 0.326678784375 0.12716255468749998 0.3412458 0.12209537031249999 0.3400318859375 0.1064331671875 0.3260718078125 0.1036692421875 0.3260718078125 0.0916922671875 0.20953566562499998 0.0936000734375 0.2089287078125 0.103734440625 0.19861039375 0.1083409734375 0.19739647968750001 0.17145044062499998 0.20043126562500002 0.19171916875 0.206500859375 0.1986289734375 0.21378436562499997 0.2202796640625 0.2259235515625 0.2475559859375 0.2271374671875 0.26321819375 0.2216748515625 0.286711496875 0.2180330875 0.310665453125 0.210142621875 0.307440884375 0.2028591140625 0.312047415625 0.1980034359375 0.501836459375 0.3278926984375 0.5013758234375 0.3297135515625 0.49078078906249994 0.3630963015625 0.48755624375
4 0.521106703125 0.490320153125 0.5198927890625 0.4778825109375 0.488330928125 0.4769612078125 0.4865100375 0.46636617343750003 0.5302110828125 0.46498423281249995 0.5368876328125001 0.4516252890625 0.545385075 0.43688438906249993 0.5472059671875 0.42582871874999995 0.382519015625 0.42721067343749997 0.3802921890625 0.5032184296875 0.4142818984375 0.503679096875 0.416102790625 0.4926234265625 0.521106703125 0.490320153125
4 0.493793565625 0.24094384062500002 0.4956144171875 0.2308094734375 0.517464959375 0.22988817031250003 0.521106703125 0.21698989218750003 0.5022909671875 0.21652925625 0.49864922343750007 0.20132768906249998 0.5265693390624999 0.201788340625 0.524748446875 0.19073267031250002 0.544778096875 0.18935071406249998 0.5465989890625 0.17829504375 0.3906105046875 0.1787556953125 0.393645290625 0.19073267031250002 0.3802921890625 0.1925752921875 0.37816914687500003 0.2553747875 0.521106703125 0.254302784375 0.520499765625 0.24324711406250002 0.493793565625 0.24094384062500002
4 0.521106703125 0.1501952 0.518071896875 0.138218225 0.49682833125 0.13637561874999998 0.4956144171875 0.1294658125 0.5004701140625001 0.113803609375 0.5126092609375 0.10689381875 0.5132162375 0.09814140625 0.5265693390624999 0.09491682968750001 0.524748446875 0.0838611578125 0.5113953453125 0.0820185515625 0.5077536031250001 0.06958091875 0.379078275 0.07096288125 0.3801721640625 0.17483010000000002 0.50350488125 0.17645242187500002 0.5053257734375001 0.1630934921875 0.5259623609374999 0.162632840625 0.521106703125 0.1501952
7 0.19854932812499998 0.090493971875 0.3017323890625 0.090493971875 0.3029463046875 0.079898953125 0.2003702 0.079898953125 0.19854932812499998 0.090493971875
7 0.7013628921875 0.073538690625 0.56115535625 0.07123542499999999 0.5605484 0.09518938125000001 0.6558409953125001 0.09518938125000001 0.6564479328124999 0.0850550125 0.700148978125 0.08367305 0.7013628921875 0.073538690625
4 0.6722288625 0.1417153390625 0.7007559546875 0.140794034375 0.700148978125 0.1260531359375 0.68861676875 0.1255924828125 0.6801193265625 0.10117786875000001 0.57450845625 0.0993352609375 0.5726875859375 0.110851584375 0.5581205703125 0.1117728875 0.5575767640625 0.162165840625 0.6849750265625 0.16659060625 0.6843680484375 0.15461363125 0.6740497546875 0.15184970625 0.6722288625 0.1417153390625
4 0.7122881640625 0.3002451859375 0.6952933203125 0.2836616796875 0.706218590625 0.28043710312500003 0.702576846875 0.2574044578125 0.7013628921875 0.2339111453125 0.700148978125 0.22055220000000003 0.6910445984375 0.213181759375 0.6867958765625 0.2007441328125 0.6946863421875 0.193373675 0.6952933203125 0.18001473750000002 0.703183784375 0.17448690312499998 0.700148978125 0.16803775625 0.5690458203125 0.1638918828125 0.569652778125 0.1772508203125 0.5581205703125 0.1772508203125 0.5609151265625 0.347064025 0.6770845609375 0.34631047656249997 0.6807263046875 0.338018746875 0.7092533578125 0.33617610937500003 0.7122881640625 0.3002451859375
4 0.7080394437499999 0.466638725 0.7128951406249999 0.463874815625 0.7128951406249999 0.45051587031249996 0.6867958765625 0.4454486859375 0.6952933203125 0.43301106093749997 0.7013628921875 0.41688820625 0.681333240625 0.40675383906249996 0.6910445984375 0.4007653515625 0.7043976984375 0.4007653515625 0.7080394437499999 0.397540775 0.7056116140625 0.3740474609375 0.6807263046875 0.373586809375 0.6764775828125 0.3625311390625 0.702576846875 0.3606885328125 0.706218590625 0.3519361203125 0.7056116140625 0.34825089062500003 0.5708667125 0.34825089062500003 0.5726875859375 0.3620704875 0.5587275265625 0.361149184375 0.5562414171875 0.50207455625 0.6965072343750001 0.504872921875 0.69772115 0.4956598890625 0.7043976984375 0.49197464531249996 0.7080394437499999 0.466638725
4 0.876315409375 0.4528191453125 0.890882465625 0.44683065624999996 0.886026765625 0.434393015625 0.865997115625 0.41642755468750003 0.8684249453125 0.41089971875 0.8902754875 0.4095177484375 0.8902754875 0.39938338125 0.8714597515625 0.3929342421875 0.8672110296875 0.380496615625 0.8405048296875 0.3763507359375 0.8392909140624999 0.37128355156250004 0.9005937812499999 0.3694409453125 0.897559015625 0.35700330468749997 0.865997115625 0.3477902390625 0.8811711078125001 0.34088045 0.8787432796875001 0.3215330171875 0.7452122734375 0.3183084484375 0.7470331234375001 0.3312067328125 0.7342870015625 0.33074608125 0.7318392968749999 0.4965022828125 0.8599275437499999 0.5002664046875 0.869031921875 0.4804583375 0.8842059156250001 0.47032396875 0.876315409375 0.4528191453125
4 0.890882465625 0.2587212171875 0.88724068125 0.25273273125 0.869031921875 0.2462835765625 0.8702458375000001 0.24213769531249998 0.8981659531249999 0.24029508906250002 0.8987729296875001 0.22739681250000002 0.8751014953125 0.2269361453125 0.8617483937499999 0.2006789375 0.7974107609375001 0.20199569843749998 0.7342870015625 0.2029170015625 0.73398693125 0.3166698015625 0.8999868453125 0.318145453125 0.8981659531249999 0.306168478125 0.8708528140625 0.3047865078125 0.890882465625 0.2587212171875
4 0.7446052953125 0.1490205859375 0.7415705296875 0.1596156203125 0.7342870015625 0.16007625625 0.7312521953125 0.1987711203125 0.7949828906249999 0.2010743953125 0.794077459375 0.1885074984375 0.8672110296875 0.18587284375 0.8744945578125 0.1480992828125 0.7446052953125 0.1490205859375
4 0.889668509375 0.1223027109375 0.8490022703125 0.12184205937499999 0.847181378125 0.1080224640625 0.8781363015625001 0.10848313125 0.8805641312500001 0.0969667921875 0.8902754875 0.094663534375 0.889668509375 0.0854504703125 0.843539634375 0.081765240625 0.8398978921875001 0.0707095703125 0.7306452578125 0.0684063125 0.731316240625 0.1479818703125 0.8222960703125001 0.14625667656250002 0.8192612625000001 0.137504278125 0.8914894015625 0.1361223078125 0.889668509375 0.1223027109375