7 0.8318019703124999 0.1142578125 0.8226180359375 0.10546875 0.7727623984374999 0.10546875 0.75439453125 0.091796875 0.7412746265625 0.09375 0.7386506453125 0.103515625 0.7084748640625 0.1044921875 0.7084748640625 0.1279296875 0.720282778125 0.138671875 0.7465225890625 0.140625 0.7491465703125 0.134765625 0.7596424921875 0.134765625 0.7727623984374999 0.140625 0.780634340625 0.134765625 0.791130265625 0.146484375 0.8003141984375001 0.1455078125 0.80949813125 0.138671875 0.821306046875 0.1396484375 0.8239300281249999 0.1181640625 0.8318019703124999 0.1142578125
2 0.7347146734375001 0.3095703125 0.7268427296875 0.2978515625 0.7320906921875 0.2880859375 0.7320906921875 0.2197265625 0.6730511203125 0.220703125 0.665179178125 0.216796875 0.539228090625 0.212890625 0.4788765296875 0.21484375 0.47362856718749996 0.21875 0.4395168140625 0.21484375 0.40278107968750004 0.216796875 0.38703719375 0.212890625 0.313565728125 0.216796875 0.308317765625 0.462890625 0.3148777171875 0.4580078125 0.3148777171875 0.4248046875 0.3188136890625 0.421875 0.3201256796875 0.4287109375 0.333245584375 0.4345703125 0.30438179375 0.4833984375 0.3017578125 0.6611328125 0.5156122625 0.666015625 0.7215947703125 0.6650390625 0.7268427296875 0.6552734375 0.72421875 0.6005859375 0.7320906921875 0.5048828125 0.7347146734375001 0.3095703125
3 0.9643130093750001 0.884765625 0.9603770375 0.8876953125 0.9603770375 0.8974609375 0.9616890296875 0.8984375 0.9695609703124999 0.8984375 0.9708729625 0.8974609375 0.9734969437500001 0.8955078125 0.9734969437500001 0.8876953125 0.9695609703124999 0.884765625 0.9643130093750001 0.884765625
6 0.9695609703124999 0.9140625 0.9590650484375001 0.9140625 0.95775305625 0.9150390625 0.95775305625 0.9248046875 0.955129075 0.9267578125 0.955129075 0.9287109375 0.9525050953124999 0.9306640625 0.9525050953124999 0.9326171875 0.955129075 0.9345703125 0.955129075 0.9365234375 0.9525050953124999 0.9384765625 0.9525050953124999 0.9443359375 0.9538170859375 0.9453125 0.9669369906249999 0.9453125 0.96824898125 0.9443359375 0.96824898125 0.9423828125 0.9708729625 0.9404296875 0.9708729625 0.9150390625 0.9695609703124999 0.9140625
7 0.3356224390625 0.7639150609375001 0.38539241562500004 0.769065134375 0.6923068703124999 0.7783349390625001 0.677099409375 0.715505459375 0.7351643453125 0.717565434375 0.7254868546875 0.6660660093749999 0.2734098375 0.65885606875 0.29691248125 0.715505459375 0.3356224390625 0.734045453125 0.3356224390625 0.7639150609375001
7 0.705040865625 0.1884876703125 0.736858671875 0.1575148625 0.28890881875 0.1462579953125 0.3054991796875 0.203937509375 0.3054991796875 0.1833377609375 0.705040865625 0.1884876703125
7 0.3834315703125 0.18380001562499998 0.3898312296875 0.21735954375 0.6939812140625 0.21735954375 0.676008396875 0.1926397359375 0.3834315703125 0.18380001562499998
4 0.1945588296875 0.2669054078125 0.2967610546875 0.2626751796875 0.2939221140625 0.146874553125 0.093727675 0.15115738750000002 0.0660961265625 0.276423259375 0.1867514984375 0.282239665625 0.1945588296875 0.2669054078125
4 0.22010921562500002 0.3530082046875 0.2193996515625 0.343490296875 0.29179289062499997 0.33767386250000003 0.2939221140625 0.27950913125 0.149135409375 0.278451621875 0.094970278125 0.27139621875 0.0937759640625 0.2752790015625 0.06680584375000001 0.3556520859375 0.22010921562500002 0.3530082046875
4 0.073962134375 0.5185877750000001 0.1399489296875 0.5188930843749999 0.13789966874999998 0.5063736640625 0.2764310546875 0.5094272156249999 0.2838084546875 0.35461398437499997 0.08713369374999999 0.35381293125 0.09527464687500001 0.3659119875 0.073142428125 0.36346916875 0.073962134375 0.5185877750000001
4 0.0743720453125 0.5374444265625 0.07150305312500001 0.59362915 0.075191709375 0.6705777265624999 0.22560881562500001 0.67027236875 0.230117225 0.6586689906250001 0.273152090625 0.6583636484375 0.278070471875 0.5218715203125 0.1086608453125 0.5177861874999999 0.0932253859375 0.5154591374999999 0.088717 0.5301160031250001 0.0743720453125 0.5374444265625
4 0.0669946453125 0.7923628875000001 0.2206906515625 0.790836109375 0.2251990609375 0.7798434656250001 0.27069307343750004 0.7810648671875 0.27520148125 0.7752632359375 0.27397190781249997 0.6961771484375 0.26864368125000004 0.6732758328124999 0.22806805 0.67083298125 0.0878512671875 0.6684065734375 0.085848009375 0.682741684375 0.0735523359375 0.6848791453125 0.0669946453125 0.7923628875000001
4 0.1268335484375 0.8521366796875001 0.1264237046875 0.8353423546875 0.265774690625 0.8411440671875001 0.272332490625 0.7950359640625 0.0828282640625 0.7917871015625 0.0817494 0.8072500093749999 0.062076371875 0.8081660859375001 0.064125653125 0.849083209375 0.1268335484375 0.8521366796875001
4 0.2670042640625 0.9513509093750001 0.2702830984375 0.8542491125 0.14404749375 0.85272236875 0.081393121875 0.8510738484375 0.0817494 0.8667685328125 0.05879747187499999 0.8679899499999999 0.06289608125 0.9440225015625 0.2670042640625 0.9513509093750001
4 0.2862674703125 0.945243903125 0.4940643984375 0.9476866734374999 0.4981630078125 0.7809647625 0.2937943375 0.7746954265625 0.291185853125 0.8038661359375 0.28872661875 0.8081410578125 0.2862674703125 0.945243903125
4 0.573986303125 0.8756237171875 0.7234791781250001 0.8756237171875 0.7275776984375 0.7864610937500001 0.5298754203125 0.7816389187499999 0.5215247781250001 0.8820360984375 0.534640115625 0.8887538375 0.574805990625 0.8878377796875 0.573986303125 0.8756237171875
4 0.5218301640624999 0.9000518421875 0.5156822078125 0.9144033640625 0.5283877453125 0.9214264468750001 0.5300271624999999 0.9272281265625001 0.518141353125 0.9278388281250001 0.5136330328125001 0.95257234375 0.73167639375 0.9592900343749999 0.7312663765625 0.8884484796875001 0.5456749140625 0.886325428125 0.538224290625 0.8899752390625 0.5406835265625001 0.899441140625 0.5218301640624999 0.9000518421875
4 0.8812184046875 0.24129539218749999 0.976528609375 0.2506472 0.976528609375 0.21858388125 0.9645400296875 0.16024653125 0.7637289093749999 0.160691828125 0.7523394765625 0.2555457015625 0.8830166578125 0.2555457015625 0.8812184046875 0.24129539218749999
4 0.88781203125 0.33484432656249996 0.9771281875 0.33751632656249997 0.9717330437499999 0.2537955015625 0.772339328125 0.24954579687499998 0.7565355609375 0.348649403125 0.8926075015625001 0.34953999375 0.88781203125 0.33484432656249996
4 0.75919055 0.389998471875 0.7600990953125 0.409176828125 0.8109773765625 0.405566778125 0.8155200078125 0.39496229375 0.9660349234375 0.3918035109375 0.977240240625 0.34509858125 0.7727598828125 0.3443154640625 0.761916090625 0.3529955453125 0.762521796875 0.3893216109375 0.75919055 0.389998471875
4 0.7634304078125 0.43869704687500005 0.8064345859375001 0.4348613765625 0.8227884031249999 0.42403122499999996 0.9614922921875 0.42673875624999996 0.9693662671875 0.41816494375 0.96421783125 0.40552980312500003 0.7785923171875 0.40785624218749994 0.77493859375 0.42042118593750005 0.762824634375 0.4249337671875 0.7634304078125 0.43869704687500005
4 0.761916090625 0.46688196406250004 0.758281940625 0.543595315625 0.9530125796875 0.543595315625 0.9514982625 0.5293807828125 0.9660349234375 0.528027046875 0.9660349234375 0.4377760109375 0.784954975 0.43469333906249996 0.7728186671875 0.446801125 0.7576762328125 0.4499598984375 0.761916090625 0.46688196406250004
4 0.7519221546875 0.8604540374999999 0.8975916046875 0.8611309484375 0.8933517468750001 0.8455626421875 0.942110034375 0.848947025 0.95573811875 0.84375761875 0.9639149937499999 0.543783984375 0.7743505468749999 0.5444097125 0.7688815828125 0.5568703546875 0.7558592390625 0.56228544375 0.7519221546875 0.8604540374999999
4 0.7555563046875 0.9506495796875001 0.9502869109375001 0.9517777078125 0.9502869109375001 0.9413988218749999 0.9521040671875 0.9226717671875001 0.9569495343750001 0.8874738765625001 0.960886553125 0.8608498000000001 0.9063741546875 0.85927040625 0.76162523125 0.8573776421874999 0.7670644906249999 0.8732593312500001 0.754042084375 0.8775462671875 0.7555563046875 0.9506495796875001