2 0.2741946984375 0.6357421875 0.2741946984375 0.4345703125 0.2145319625 0.4296875 0.0850511328125 0.4296875 0.0812428734375 0.4365234375 0.0812428734375 0.6376953125 0.0850511328125 0.640625 0.2703864375 0.640625 0.2741946984375 0.6357421875
2 0.3084690359375 0.17578125 0.3071996140625 0.3603515625 0.4912655 0.361328125 0.49507376093750005 0.1787109375 0.3084690359375 0.17578125
2 0.9393707234375 0.3896484375 0.9393707234375 0.2626953125 0.933023625 0.2578125 0.7476883187500001 0.259765625 0.7464189 0.3662109375 0.7527659984375 0.392578125 0.834008871875 0.39453125 0.9393707234375 0.3896484375
2 0.5268092578125 0.98046875 0.7096057234375001 0.978515625 0.71341398125 0.9755859375 0.715952821875 0.8486328125 0.71341398125 0.7880859375 0.7096057234375001 0.78515625 0.6029744515625 0.78125 0.3059301953125 0.78125 0.3021219359375 0.7841796875 0.2995830953125 0.8974609375 0.3021219359375 0.9736328125 0.3059301953125 0.9765625 0.5268092578125 0.98046875
7 0.39352016875 0.6064453125 0.389711909375 0.59765625 0.3084690359375 0.59765625 0.304660775 0.6044921875 0.31354671562499997 0.609375 0.389711909375 0.609375 0.39352016875 0.6064453125
7 0.19295182500000002 0.3193359375 0.1891435640625 0.30859375 0.17137168593750002 0.306640625 0.07997345312500001 0.30859375 0.078704034375 0.3173828125 0.0926676515625 0.3203125 0.1891435640625 0.322265625 0.19295182500000002 0.3193359375
3 0.0596627359375 0.8828125 0.055854475 0.8955078125 0.064740415625 0.8984375 0.068548675 0.8857421875 0.0596627359375 0.8828125
6 0.068548675 0.9111328125 0.055854475 0.9091796875 0.0507767953125 0.9267578125 0.053315634375 0.9384765625 0.064740415625 0.939453125 0.068548675 0.9111328125
7 0.4684159421875 0.10546875 0.49380433906250004 0.103515625 0.49761259999999996 0.0986328125 0.49634317968749997 0.091796875 0.4760324625 0.087890625 0.3059301953125 0.08984375 0.304660775 0.0966796875 0.31354671562499997 0.1015625 0.36686235 0.107421875 0.4684159421875 0.10546875
7 0.8302006140625 0.1005859375 0.8289311921875001 0.091796875 0.7426106390625 0.091796875 0.7413412203124999 0.0986328125 0.750227159375 0.103515625 0.826392353125 0.103515625 0.8302006140625 0.1005859375
7 0.9419095640625 0.4150390625 0.9254071046875 0.41015625 0.8570193234374999 0.4081375578125 0.7800017703125001 0.4096961 0.7426106390625 0.41015625 0.7426106390625 0.423828125 0.894941028125 0.42578125 0.9419095640625 0.4228515625 0.9419095640625 0.4150390625
4 0.2780029578125 0.28125 0.2818112171875 0.2763671875 0.28435005625 0.0908203125 0.2780029578125 0.0859375 0.23992036093750002 0.083984375 0.13836676875 0.08203125 0.08758997187499999 0.0859375 0.0812428734375 0.0908203125 0.078704034375 0.1201171875 0.078704034375 0.2939453125 0.0926676515625 0.298828125 0.13075025 0.298828125 0.2780029578125 0.28125
4 0.86447495 0.40625 0.8708220499999999 0.4013671875 0.85685843125 0.39453125 0.750227159375 0.396484375 0.7464189 0.3994140625 0.750227159375 0.408203125 0.834008871875 0.408203125 0.86447495 0.40625
4 0.943178984375 0.255859375 0.9469872421875 0.2353515625 0.9444484031249999 0.1142578125 0.933023625 0.109375 0.7487791359375 0.11169674843749999 0.7369226078125 0.1257237171875 0.73880238125 0.2001953125 0.743880059375 0.2529296875 0.750227159375 0.2578125 0.943178984375 0.255859375
4 0.5052620140624999 0.17255036562499998 0.5070861546875001 0.10872771562500001 0.3115165125 0.106315790625 0.299138896875 0.12275467031250001 0.299138896875 0.1718490421875 0.5052620140624999 0.17255036562499998
4 0.285643215625 0.42622687499999995 0.282907040625 0.32383006875000003 0.0868870953125 0.32473684375 0.0749598515625 0.344169153125 0.0731357109375 0.42622687499999995 0.285643215625 0.42622687499999995
4 0.2263600140625 0.7145174375 0.28837932187500004 0.7152187203125 0.2865552515625 0.6471880078125001 0.0754845859375 0.6475438609374999 0.074047746875 0.7271416390625001 0.2263600140625 0.72854439375 0.2263600140625 0.7145174375
4 0.1378911953125 0.944666684375 0.1378911953125 0.9292370296874999 0.28837932187500004 0.9334451312500001 0.2865552515625 0.7306483781249999 0.0880273453125 0.73087719375 0.0749598515625 0.7489906703125 0.07678392187500001 0.9411599468749999 0.1378911953125 0.944666684375
4 0.3032033390625 0.6668948625 0.5047662093749999 0.6633881234375 0.5065904203125 0.6479584671875 0.7273063109375 0.6486598046875 0.7282182765625 0.6135924296875 0.3434435375 0.6142105265625 0.33968530937499997 0.6297234484375 0.2995551984375 0.633230175 0.3032033390625 0.6668948625
4 0.2977310578125 0.7798118453125 0.64613384375 0.7798118453125 0.64613384375 0.766486253125 0.7273063109375 0.7643821890625 0.7273063109375 0.7159892078125 0.38528777187499996 0.7145865062500001 0.34230328593750003 0.7185964921875 0.334213028125 0.7321202015625 0.29864309375000003 0.734925603125 0.2977310578125 0.7798118453125
4 0.2995551984375 0.71528784375 0.5330397921875 0.71388516875 0.5330397921875 0.6977541484375 0.725482240625 0.6970528125000001 0.7282182765625 0.6633881234375 0.340022784375 0.6659649125 0.3369492046875 0.6795191171875 0.2977310578125 0.6858312578125 0.2995551984375 0.71528784375
4 0.3551901890625 0.5805132093750001 0.3551901890625 0.566486253125 0.508414490625 0.567187590625 0.5056783140625 0.41359242968750004 0.3115165125 0.4142105265625 0.2968190234375 0.43112610937499996 0.2949949515625 0.5805132093750001 0.3551901890625 0.5805132093750001
4 0.35792629531250003 0.3967600703125 0.5047662093749999 0.397461421875 0.5047662093749999 0.365199434375 0.2966932515625 0.36684210625 0.2959069875 0.41569649374999995 0.35336604843749997 0.41289107812500003 0.35792629531250003 0.3967600703125
4 0.6420633437500001 0.204407809375 0.6429753796875 0.1896795171875 0.729620128125 0.1903808546875 0.7305320937500001 0.120246075 0.7287080234375 0.09008812656250001 0.5338654296875001 0.08877193125 0.5180246609375 0.1076218203125 0.5180246609375 0.2072132109375 0.6420633437500001 0.204407809375
4 0.6885779125 0.4884536609375 0.694050125 0.47372536875 0.725971846875 0.47162130468749996 0.7287080234375 0.3250396875 0.5372861828125 0.32385965 0.5180246609375 0.34397602968749996 0.5180246609375 0.48985638906249995 0.6885779125 0.4884536609375
4 0.5727476140625 0.32433829687500004 0.5727476140625 0.3068046015625 0.7287080234375 0.3054019015625 0.7287080234375 0.2079145484375 0.5338654296875001 0.20807017656250001 0.5189366953125 0.22614960625 0.51984873125 0.32433829687500004 0.5727476140625 0.32433829687500004
4 0.6986103703125 0.5720096109374999 0.725971846875 0.555878590625 0.72779605625 0.4878478765625 0.5327251796875 0.49228070312499994 0.51984873125 0.5081869734375 0.5180246609375 0.5713082734375 0.6986103703125 0.5720096109374999
4 0.7668275625 0.9482989703125 0.7668275625 0.9293626015625 0.9501495171875 0.927959875 0.9501495171875 0.7477134890625 0.7476745421875 0.7477134890625 0.73764194375 0.7638445093749999 0.7330816984374999 0.9433895578125 0.7668275625 0.9482989703125
4 0.8525602046874999 0.7449081140625 0.8525602046874999 0.7308811578125 0.9501495171875 0.7308811578125 0.9483253078124999 0.6446153859375 0.75279359375 0.6475438609374999 0.73764194375 0.66565581875 0.7403781203124999 0.7456094515625 0.8525602046874999 0.7449081140625
4 0.7431142953125 0.5947525875 0.9054590203125 0.5954539515625 0.9510614828125 0.57721889375 0.9501495171875 0.5344366890625001 0.9474133421875001 0.5126948921875 0.7470923390624999 0.5133333343750001 0.7403781203124999 0.5295272484375 0.7385540484375 0.554074421875 0.7431142953125 0.5947525875
4 0.7932770046875001 0.5119935546875001 0.7969251453124999 0.4986679359375 0.9474133421875001 0.5000706375 0.9474133421875001 0.429935859375 0.7505130921875 0.43000000156249996 0.7367299093749999 0.445365515625 0.73764194375 0.51479895625 0.7932770046875001 0.5119935546875001
4 0.7923649 0.629118640625 0.9446771671875 0.629118640625 0.9446771671875 0.5982593265625 0.7322690781250001 0.595789475 0.733993803125 0.644548296875 0.795101075 0.647353671875 0.7923649 0.629118640625