4 0.7943751125 0.3053102234375 0.8108649625 0.307005184375 0.8588105609375001 0.30511388125 0.86931805625 0.30652714062499997 0.8714809062500001 0.29154021406249997 0.9260158374999999 0.2899385609375 0.9254791390625 0.1810419296875 0.9297924109375 0.12793042500000001 0.91479609375 0.127117846875 0.6567332328125 0.126034415625 0.5011753359375 0.12332583281250001 0.4959168921875 0.12536565 0.4916704171875 0.3039492015625 0.522842125 0.30591072812500003 0.666291153125 0.3057605984375 0.7943751125 0.3053102234375
4 0.492637684375 0.392930809375 0.49099455000000003 0.44757563593749994 0.49022180000000004 0.53434619375 0.4927701640625 0.5730832015625 0.5246246796875 0.575239921875 0.7665558671875 0.5742963609375 0.91850660625 0.5742997187500001 0.9229352296875 0.5509058484375 0.923304096875 0.4408422234375 0.9271422453125 0.3848909796875 0.9237130625000001 0.30901396718749996 0.8444822265624999 0.305880053125 0.8230054812500001 0.3069116765625 0.8109320125 0.3082871734375 0.7263477015625 0.306395865625 0.684787109375 0.30682570937500003 0.67698675 0.3088889546875 0.5923563890625 0.3087170171875 0.5900345671875 0.3065678015625 0.576916278125 0.3065678015625 0.5763358234375 0.3087170171875 0.5409280640625 0.3082871734375 0.5386313375 0.30996060000000003 0.538336525 0.32499478125 0.4953703421875 0.32378956875 0.4945907 0.3346800640625 0.492637684375 0.392930809375
4 0.0408207609375 0.4307924328125 0.037720075 0.5685768906249999 0.047255628125 0.57439271875 0.12421425 0.5752272953124999 0.2241948625 0.575481421875 0.23150859218750003 0.5768569218749999 0.29187592812499996 0.5769428953125 0.3279051546875 0.5749656125 0.4254073296875 0.575380971875 0.46966223281249997 0.574760290625 0.471222496875 0.5663859640625 0.4723568125 0.474153253125 0.47191414375 0.40343937187499995 0.4731748546875 0.3168909390625 0.47418344531249995 0.2463700953125 0.44806834218749997 0.24460777031249997 0.42881757968749995 0.24540529218749998 0.311649703125 0.24570436406249999 0.23231280625 0.24590374375000001 0.16021129843749998 0.2458040546875 0.090030290625 0.24620281562500002 0.0871419859375 0.2478099390625 0.0880726625 0.2617869703125 0.04489835625 0.26392940625 0.0431179734375 0.3108016328125 0.0408207609375 0.4307924328125
6 0.245625128125 0.23155935625000001 0.2463365265625 0.21575503437500002 0.22627505625 0.2104869265625 0.2107665609375 0.21027620156250001 0.2092014734375 0.213647790625 0.2061977578125 0.21417494218750002 0.043043085937499996 0.2150174984375 0.0477383203125 0.2334558796875 0.08700756093749999 0.23587920312500002 0.245625128125 0.23155935625000001
7 0.27639648125 0.202504709375 0.40917585 0.2017585875 0.4142137609375 0.1450517609375 0.39943591093749997 0.14132105 0.21706353437499998 0.1430620609375 0.08269975 0.1425646203125 0.0815437046875 0.14533839843750002 0.041629846875 0.1457979046875 0.04230158125 0.19877399843750002 0.11182472968749999 0.20325084843750002 0.27639648125 0.202504709375
7 0.20123629062499998 0.1042666015625 0.201102509375 0.0777139578125 0.17059780625 0.078803809375 0.15748615 0.073750878125 0.14290276562499998 0.0736518015625 0.125819275 0.077476340625 0.127115246875 0.10377121250000002 0.1701964359375 0.104662915625 0.1794281203125 0.1050592171875 0.20123629062499998 0.1042666015625
7 0.4761362875 0.6036950328125 0.3352442203125 0.5999908484375001 0.3043980171875 0.58856961875 0.2585455640625 0.59073039375 0.25104245468749997 0.5978300734374999 0.08263887343750001 0.587026209375 0.03397813125 0.5884780171874999 0.033529703125 0.6388847671875 0.19693116093750002 0.6404281765625 0.4782204890625 0.64413235 0.4761362875 0.6036950328125
4 0.0391760890625 0.8799687734375 0.04195931875 0.9122564265625 0.28472846406249996 0.91676965 0.46896919062500003 0.915506375 0.47177216250000004 0.9076648828125 0.47402866250000003 0.72274795 0.47465154062500003 0.65060750625 0.427935 0.64737865625 0.2634927953125 0.6469173890625 0.128466075 0.6455335984375 0.09265006249999999 0.64737865625 0.08603919374999999 0.6503474734375 0.086020434375 0.66425581875 0.042648543750000004 0.663900921875 0.03952209375 0.7514647203125 0.0391760890625 0.8799687734375
1 0.895442678125 0.8973827578125 0.9172215890625001 0.8961421515625 0.918896890625 0.8807586296875 0.6923962046875001 0.8752999609375 0.5768004390625 0.8735631187499999 0.49806130625 0.872818746875 0.4868395078125 0.8770899125 0.48504718281250003 0.9075557265624999 0.6147154921875 0.9115256734375 0.893432346875 0.911773790625 0.895442678125 0.8973827578125
6 0.92201615625 0.925705603125 0.9350183578125 0.9267372234375 0.9445378171875 0.9254476953124999 0.943725184375 0.8932094734374999 0.9446538984374999 0.8884812015625 0.9438606640625 0.8877634406249999 0.928865528125 0.8876361921875 0.9250345203125001 0.8981243687499999 0.9209713359375 0.9106610984374999 0.92201615625 0.925705603125
3 0.943725184375 0.8846126156249999 0.942564275 0.8709436046875 0.9329287140625 0.8697400468750001 0.9262989812500001 0.8719569890625 0.926427609375 0.8869337640625 0.9307229734375 0.8878794187500001 0.9414033625 0.88779345 0.943725184375 0.8846126156249999
2 0.956363478125 0.8641739312500001 0.9552598718749999 0.6844633578125 0.95370276875 0.5981821265625 0.6205257484375 0.5972212390625 0.48685314843749994 0.5962614109375 0.48951004375 0.8645582875000001 0.5087140953125 0.8653269937499999 0.8928191734375 0.86398175625 0.956363478125 0.8641739312500001
6 0.034470246875 0.1344086015625 0.19956458593749998 0.13709677343749999 0.20137880937500002 0.11559139843749999 0.048984034375 0.11693548437500001 0.034470246875 0.1344086015625