7 0.377598215625 0.7099609375 0.377598215625 0.7177734375 0.3839765625 0.72265625 0.428625 0.7216796875 0.45286272343749995 0.720703125 0.469624275 0.692952490625 0.3839765625 0.703125 0.377598215625 0.7099609375
2 0.25896093750000004 0.591796875 0.07016183125 0.591796875 0.0688861609375 0.8388671875 0.07271316875 0.841796875 0.25258258906250003 0.8408203125 0.26023660625 0.8388671875 0.26278794687499996 0.8271484375 0.26278794687499996 0.5947265625 0.25896093750000004 0.591796875
2 0.72202901875 0.5380859375 0.72202901875 0.7294921875 0.7411640625 0.732421875 0.96440625 0.7333984375 0.969508928125 0.5380859375 0.9656819203125 0.53515625 0.7258560265625 0.53515625 0.72202901875 0.5380859375
7 0.6365591515625 0.365234375 0.62635379375 0.365234375 0.6186997765625 0.37109375 0.60721875 0.3720703125 0.60721875 0.3837890625 0.61095219375 0.3933447015625 0.66046778125 0.3933447015625 0.6710022312499999 0.3876953125 0.6722779015625 0.37109375 0.6467645078125 0.37109375 0.6365591515625 0.365234375
7 0.4043872765625 0.4453125 0.3941819203125 0.451171875 0.3648415171875 0.4521484375 0.3686685265625 0.46875 0.3788738828125 0.46484375 0.3941819203125 0.46875 0.4490357140625 0.4677734375 0.4477600453125 0.451171875 0.424797990625 0.451171875 0.41714397343750004 0.4453125 0.4043872765625 0.4453125
7 0.1951774546875 0.478515625 0.227069196875 0.4794921875 0.228344865625 0.4609375 0.20028013437499997 0.4609375 0.191350446875 0.4697265625 0.1951774546875 0.478515625
7 0.165837053125 0.3173828125 0.17986941875 0.32421875 0.232171875 0.3232421875 0.24237723125000002 0.3193359375 0.2411015625 0.3046875 0.165837053125 0.3056640625 0.165837053125 0.3173828125
7 0.4222466515625 0.087890625 0.4299006703125 0.091796875 0.4490357140625 0.0908203125 0.4566897328125 0.0869140625 0.4579654015625 0.07421875 0.41586830468749997 0.0732421875 0.4222466515625 0.087890625
2 0.5102678578125001 0.2919921875 0.514094865625 0.294921875 0.7016183046875 0.2939453125 0.70416964375 0.0654296875 0.51664620625 0.0625 0.5102678578125001 0.0712890625 0.5102678578125001 0.2919921875
3 0.9312388390624999 0.8779296875 0.9465468749999999 0.8779296875 0.9465468749999999 0.8662109375 0.9376171875000001 0.86328125 0.9312388390624999 0.8681640625 0.9312388390624999 0.8779296875
6 0.9261361609375 0.9228515625 0.92996316875 0.92578125 0.9439955359375001 0.9248046875 0.9465468749999999 0.8974609375 0.9427198656250001 0.892578125 0.92996316875 0.892578125 0.9261361609375 0.9228515625
4 0.267890625 0.9072265625 0.267890625 0.8837890625 0.253858259375 0.845703125 0.1186372765625 0.845703125 0.07271316875 0.85546875 0.061232142187500005 0.8701171875 0.058680803125 0.9248046875 0.0778158484375 0.935546875 0.253858259375 0.923828125 0.267890625 0.9072265625
4 0.1926261171875 0.5859375 0.25768526718749996 0.5615234375 0.26023660625 0.5029296875 0.253858259375 0.5 0.08802120625 0.5 0.066334821875 0.5048828125 0.061232142187500005 0.5205078125 0.061232142187500005 0.5732421875 0.07016183125 0.5859375 0.1926261171875 0.5859375
4 0.0905725453125 0.4453125 0.23855022343750001 0.43359375 0.2564095984375 0.431640625 0.26278794687499996 0.4267578125 0.2653392859375 0.3544921875 0.25896093750000004 0.337890625 0.085469865625 0.33984375 0.076540178125 0.3427734375 0.061232142187500005 0.3623046875 0.058680803125 0.4189453125 0.061232142187500005 0.4345703125 0.07016183125 0.443359375 0.0905725453125 0.4453125
4 0.269631796875 0.2657386484375 0.2704419640625 0.2431640625 0.267890625 0.2021484375 0.2671520875 0.1626392984375 0.23089620625 0.1640625 0.103329240625 0.162109375 0.0688861609375 0.1865234375 0.068772328125 0.285979040625 0.1737482578125 0.282183934375 0.1754014609375 0.2657386484375 0.269631796875 0.2657386484375
4 0.146731428125 0.058525809375 0.06248 0.058525809375 0.06248 0.074772528125 0.146731428125 0.074772528125 0.146731428125 0.058525809375
4 0.5600189734375001 0.345703125 0.5421595984375001 0.34375 0.5064408484375 0.345703125 0.5064408484375 0.353515625 0.557467634375 0.353515625 0.5612946421875 0.3505859375 0.5600189734375001 0.345703125
4 0.700342634375 0.3359375 0.70416964375 0.3330078125 0.70416964375 0.3076171875 0.6952399546875 0.302734375 0.5472622765625 0.298828125 0.5115435265625 0.3046875 0.5051651781250001 0.3095703125 0.5102678578125001 0.3271484375 0.5421595984375001 0.337890625 0.700342634375 0.3359375
4 0.43755468750000004 0.677734375 0.46817075937499997 0.673828125 0.479651784375 0.6650390625 0.4847544640625 0.6435546875 0.48730580312500005 0.5048828125 0.479651784375 0.4873046875 0.47327343749999995 0.484375 0.317641740625 0.484375 0.2870256703125 0.50390625 0.2831986609375 0.5068359375 0.28575 0.6708984375 0.34060379375 0.677734375 0.43755468750000004 0.677734375
4 0.9210334828125 0.7509765625 0.9210334828125 0.7451171875 0.9044497765624999 0.73828125 0.7335100453125001 0.736328125 0.72458035625 0.7392578125 0.72202901875 0.7607421875 0.7284073656250001 0.765625 0.9070011171875001 0.763671875 0.9210334828125 0.7509765625
4 0.8381149546875 0.529296875 0.9197578125 0.5234375 0.9261361609375 0.4951171875 0.9286875 0.4287109375 0.9286875 0.3623046875 0.9261361609375 0.3291015625 0.9210334828125 0.3212890625 0.8126015625 0.3203125 0.7615747765624999 0.32421875 0.7296830359375 0.3447265625 0.72458035625 0.3623046875 0.7271316953125 0.5205078125 0.7488180796874999 0.529296875 0.8381149546875 0.529296875
4 0.789666340625 0.1856639015625 0.9210334828125 0.1884765625 0.9286875 0.1806640625 0.9312388390624999 0.1162109375 0.9286875 0.0791015625 0.9223091515625 0.0625 0.8559743296875 0.05859375 0.7386127234375001 0.060546875 0.7296830359375 0.0673828125 0.72458035625 0.0849609375 0.7266927 0.19887681875000002 0.781540675 0.20043128281249997 0.789666340625 0.1856639015625
4 0.9172064734375001 0.30078125 0.923584821875 0.2939453125 0.9298335765625 0.20120850156249998 0.9044497765624999 0.203125 0.8279095984374999 0.203125 0.75716383125 0.20354018593749998 0.725676934375 0.2237481828125 0.7236455562499999 0.3123524109375 0.8363886484374999 0.31157519375 0.8434987046875 0.29991674375 0.9172064734375001 0.30078125
4 0.7066234125 0.7031188734375 0.708654790625 0.4069942359375 0.6771680484375 0.4077714546875 0.5370007359375 0.4077714546875 0.4984040171875 0.430311134375 0.5000625000000001 0.6572265625 0.5014510828125001 0.7147773234375 0.6507596718750001 0.718663471875 0.7066234125 0.7031188734375
4 0.6977912953125001 0.9296875 0.70416964375 0.8935546875 0.6952399546875 0.873046875 0.5421595984375001 0.869140625 0.5089921875 0.888671875 0.5026138390625 0.8994140625 0.5000625000000001 0.9169921875 0.5064408484375 0.9296875 0.6340078124999999 0.93359375 0.6977912953125001 0.9296875
4 0.5778783484375001 0.869140625 0.6990669640625 0.8486328125 0.7016183046875 0.7509765625 0.6926886156250001 0.728515625 0.6059430796874999 0.72265625 0.53450558125 0.7265625 0.5115435265625 0.740234375 0.5051651781250001 0.7490234375 0.5000625000000001 0.8037109375 0.5089921875 0.86328125 0.531954240625 0.869140625 0.5778783484375001 0.869140625
4 0.3150904015625 0.8046875 0.43245200937500006 0.8046875 0.47072209843749996 0.802734375 0.479651784375 0.7939453125 0.479651784375 0.7568359375 0.47710044687500003 0.7412109375 0.47072209843749996 0.736328125 0.3023337046875 0.736328125 0.28575 0.7412109375 0.28064732187499997 0.7822265625 0.2831986609375 0.7958984375 0.2921283484375 0.80078125 0.3150904015625 0.8046875
4 0.3744880359375 0.22769966875 0.482203125 0.2216796875 0.4847544640625 0.1416015625 0.482203125 0.1103515625 0.4758247765625 0.10546875 0.3329497765625 0.103515625 0.2921283484375 0.109375 0.28575 0.1142578125 0.28575 0.2158203125 0.2861217875 0.24324426875 0.37042528125 0.244798734375 0.3744880359375 0.22769966875
4 0.44520870468749996 0.43359375 0.47710044687500003 0.4248046875 0.48730580312500005 0.4130859375 0.48985714218750004 0.3974609375 0.48730580312500005 0.2802734375 0.4847544640625 0.2490234375 0.47837611718749995 0.244140625 0.314561540625 0.245575953125 0.290852678125 0.2685546875 0.28575 0.3037109375 0.2831986609375 0.4091796875 0.2870256703125 0.4296875 0.2946796875 0.43359375 0.44520870468749996 0.43359375
4 0.28104326562500004 0.8216396843749999 0.27596474375 0.9335607828124999 0.48533330937499997 0.9353553031249999 0.4831684515625 0.8053178375 0.3125300859375 0.8037634015625 0.28104326562500004 0.8216396843749999
4 0.20612094375 0.1603577421875 0.20612094375 0.14481314218750002 0.269094584375 0.1432586765625 0.26706320625 0.0748624453125 0.090412675 0.0760182765625 0.06392233124999999 0.0958476609375 0.06290664375 0.16346667343750002 0.20612094375 0.1603577421875