2 0.9642846828125 0.087840909375 0.5508020234375001 0.087840909375 0.5508020234375001 0.45523268437500003 0.9642846828125 0.45523268437500003 0.9642846828125 0.087840909375
1 0.9642846828125 0.46527597343749993 0.8289812140624999 0.46527597343749993 0.8289812140624999 0.47929112500000004 0.9642846828125 0.47929112500000004 0.9642846828125 0.46527597343749993
7 0.1750722546875 0.1663041125 0.1082514453125 0.1663041125 0.1082514453125 0.1830898265625 0.1750722546875 0.1830898265625 0.1750722546875 0.1663041125
7 0.14494942187499998 0.27724025937499996 0.110050578125 0.27724025937499996 0.110050578125 0.294361471875 0.14494942187499998 0.294361471875 0.14494942187499998 0.27724025937499996
7 0.1389234109375 0.69931818125 0.1082442203125 0.69931818125 0.1082442203125 0.7155735937500001 0.1389234109375 0.7155735937500001 0.1389234109375 0.69931818125
4 0.5341488062499999 0.1918458796875 0.13831903750000002 0.1878192125 0.12971404687500002 0.2055365515625 0.110352778125 0.20714722187499998 0.10939569375 0.2710823671875 0.182419625 0.2731845375 0.1899489890625 0.2562725359375 0.5363000625 0.25707787187500003 0.5341488062499999 0.1918458796875
4 0.34284424375 0.38572985000000004 0.34284424375 0.372844525 0.5353810343750001 0.3696232265625 0.5353810343750001 0.30197521875 0.137314346875 0.3013838078125 0.13740000937500002 0.313249871875 0.100828759375 0.3140552296875 0.1040556421875 0.3825085515625 0.34284424375 0.38572985000000004
4 0.10943377812499999 0.432439178125 0.40415487343749995 0.43404984999999996 0.40630612812500005 0.4219698390625 0.533229778125 0.421164525 0.5343054359375 0.4155271984375 0.5343054359375 0.38975655 0.130541684375 0.38616145 0.13740000937500002 0.40103120312499996 0.10835815156249999 0.401836515625 0.10943377812499999 0.432439178125
4 0.10728252499999999 0.48478583437499995 0.1352487546875 0.488812490625 0.3439199 0.4855911921875 0.34607115624999996 0.471900509375 0.5343054359375 0.4702898390625 0.5343054359375 0.440492534375 0.130541684375 0.43978149687499996 0.13094624375 0.4533778578125 0.11158500625000001 0.4533778578125 0.10728252499999999 0.48478583437499995
4 0.10620689531250001 0.606391125 0.2944411453125 0.606391125 0.2933655484375 0.589479146875 0.536456690625 0.590284503125 0.5343054359375 0.4928391890625 0.134411778125 0.4883293765625 0.1330975 0.5057245140625 0.10835815156249999 0.507335184375 0.10620689531250001 0.606391125
4 0.1341731265625 0.6116154875 0.1105093765625 0.6253061703125 0.10513126875 0.6897328359375 0.431045475 0.69939681875 0.437246509375 0.68107170625 0.5278516703125 0.680068809375 0.530002925 0.613226159375 0.1341731265625 0.6116154875
4 0.490204790625 0.7879834625 0.49880981249999995 0.77429278125 0.5353810343750001 0.77429278125 0.5321541812499999 0.728388809375 0.140216915625 0.718750659375 0.1105093765625 0.73885815 0.11266063281250001 0.78717815 0.13632438281249998 0.7863727921875 0.490204790625 0.7879834625
4 0.11481188906249999 0.9418021328125 0.36650799218749996 0.9426074453125001 0.36758365 0.9297220765624999 0.5375322890625001 0.9289167640624999 0.533229778125 0.79201011875 0.139551265625 0.7895941343749999 0.139551265625 0.8048954437500001 0.10943377812499999 0.8057008015625 0.11481188906249999 0.9418021328125
4 0.604045746875 0.5775513296875 0.6093401265625 0.567082034375 0.9762117953124999 0.56305535625 0.9762117953124999 0.49621270624999997 0.5756023140625001 0.49557532968749995 0.5770714156250001 0.5115140375 0.54910515625 0.5107087015625 0.5524157656249999 0.576746015625 0.604045746875 0.5775513296875
4 0.5513401390625 0.7160686468749999 0.7148350703124999 0.716873959375 0.718061925 0.703988634375 0.97728739375 0.7023779625000001 0.9729849421875001 0.58721535625 0.5793063703125 0.5815780296875 0.581457625 0.6017113515625 0.5502645109375 0.6017113515625 0.5513401390625 0.7160686468749999
4 0.54811325625 0.8199566 0.8557418515625 0.8191512859375001 0.8600443625 0.8022393062500001 0.9740605406249999 0.8014339484375 0.9762117953124999 0.7192899875000001 0.5793063703125 0.721705971875 0.55349139375 0.7394233109374999 0.54811325625 0.8199566
4 0.6094238562500001 0.9214286125 0.6180288468749999 0.90773793125 0.9719092843749999 0.9069326171875 0.9754024046875 0.8245415609375 0.582533253125 0.8231779421875001 0.5556426484375 0.8400899656249999 0.55349139375 0.9222339265624999 0.6094238562500001 0.9214286125
4 0.9740605406249999 0.9260541 0.581457625 0.9276647703125 0.580381996875 0.942160765625 0.9740605406249999 0.9397447812499999 0.9740605406249999 0.9260541
6 0.9944973765625 0.9373287515625 0.99664863125 0.9075314484374999 0.9815899046875 0.9067260906250001 0.97728739375 0.9373287515625 0.9944973765625 0.9373287515625
3 0.993421778125 0.8833714703125001 0.9794386484375 0.8841767828125 0.9815899046875 0.90431010625 0.995573034375 0.9002834500000001 0.993421778125 0.8833714703125001
7 0.5310693640624999 0.146103896875 0.5256502890625 0.0919913421875 0.29624277499999996 0.0919913421875 0.12283237031250001 0.102813853125 0.1282500234375 0.1487974546875 0.5310693640624999 0.146103896875