0 0.5723421265625 0.92049704375 0.599520384375 0.9217034625 0.8808952828125 0.9253227171875 0.9096722625 0.9168777890625 0.920863309375 0.903607190625 0.933653078125 0.88551091875 0.9288569156250001 0.6816262515625 0.5259792171875 0.6840390875 0.5259792171875 0.8879237546875001 0.54036770625 0.903607190625 0.5563549171875 0.9108457 0.5723421265625 0.92049704375
0 0.9288569156250001 0.6200989265625 0.933653078125 0.5839063828125 0.9288569156250001 0.48498009375000006 0.6059152671875 0.48618651249999995 0.5723421265625 0.48980576718749996 0.5435651484374999 0.5006635296875 0.5323741 0.517553384375 0.5227817734375 0.530823984375 0.521183053125 0.5416817468749999 0.5275779375 0.6671492328124999 0.868105515625 0.664736396875 0.8952837734375001 0.6562914703125 0.9144684265624999 0.6394016171875 0.9288569156250001 0.6200989265625
0 0.5196820062499999 0.47519695625 0.9385715921875001 0.4765925421875 0.9404209953124999 0.290979634375 0.5224561078125001 0.290979634375 0.5196820062499999 0.47519695625
6 0.7889908265625001 0.2852436875 0.9322723140625 0.28595501875 0.9285017484375 0.266037753125 0.7861629015625 0.2695944078125 0.7889908265625001 0.2852436875
4 0.9369855203125 0.0583291328125 0.7305470609375 0.056195140624999994 0.7239485718750001 0.2695944078125 0.77202328125 0.2688830765625 0.77202328125 0.25252246718750004 0.934157596875 0.25252246718750004 0.9369855203125 0.0583291328125
4 0.5109116218749999 0.28097570312500003 0.7116942328125 0.28097570312500003 0.7126368750000001 0.057617803125 0.5071410562499999 0.0590404640625 0.5109116218749999 0.28097570312500003
4 0.49205879374999995 0.056906471874999996 0.282792409375 0.0590404640625 0.2875056171875 0.138709525 0.340293534375 0.13657553125 0.33935089375 0.12234891249999999 0.4901735125 0.1209262515625 0.49205879374999995 0.056906471874999996
4 0.41287691875 0.43320051406250004 0.414762203125 0.416128571875 0.4967720015625 0.414705909375 0.493944078125 0.1394208546875 0.3044731625 0.142266178125 0.305415803125 0.155781465625 0.2875056171875 0.1564927953125 0.2893909 0.430355190625 0.41287691875 0.43320051406250004
7 0.328039196875 0.48655032968749995 0.459066346875 0.490106984375 0.459066346875 0.47090105 0.323325990625 0.47090105 0.328039196875 0.48655032968749995
6 0.396852015625 0.45169511562500003 0.48828822812499995 0.45382910781249997 0.4816897390625 0.4381798296875 0.3940240921875 0.43889116093749997 0.396852015625 0.45169511562500003
7 0.2893909 0.515003565625 0.4062784296875 0.5121582421875 0.40439314687500005 0.497931625 0.2893909 0.49579763125 0.2893909 0.515003565625
4 0.49582935937499995 0.9233074968749999 0.4854603046875 0.7284028328125001 0.3016452375 0.7305368265625 0.3025878796875 0.745474775 0.28562033593749997 0.749031428125 0.293161465625 0.9261528203125 0.49582935937499995 0.9233074968749999
4 0.4892308703125 0.515003565625 0.2997599546875 0.5206942125 0.29693203125 0.5363434921875 0.282792409375 0.5363434921875 0.288448259375 0.726268840625 0.47697653281249996 0.7241348484375 0.47509125 0.7099082296875 0.491116153125 0.7084855671875 0.4892308703125 0.515003565625
6 0.0557775953125 0.8746949765625001 0.036604046875000004 0.877983303125 0.0348959625 0.9102069531250001 0.058392171874999996 0.9088935765624999 0.0557775953125 0.8746949765625001
3 0.039218621875 0.866802990625 0.040961671875 0.865487659375 0.058392171874999996 0.8641723296875 0.0557775953125 0.8457577000000001 0.040090146874999996 0.8483883609375 0.039218621875 0.866802990625
4 0.08018029374999999 0.4794380734375 0.06797894531250001 0.4794380734375 0.0636213203125 0.4794380734375 0.06797894531250001 0.9181008921875 0.2745303546875 0.9181008921875 0.2684296796875 0.4623387734375 0.08105181875 0.4616811078125 0.08018029374999999 0.4794380734375
7 0.0627497953125 0.447870134375 0.06797894531250001 0.445239471875 0.1699473625 0.4445818078125 0.1699473625 0.43077083437499997 0.0671074203125 0.42945550312499997 0.0627497953125 0.447870134375
7 0.1577460125 0.39788756406250003 0.09935384375 0.3972298984375 0.10897815468750001 0.41039344531250005 0.16646126249999998 0.41104087187499994 0.1577460125 0.39788756406250003
6 0.10371146718749999 0.36960795156250004 0.26494357968750004 0.3610583015625 0.25971442968749997 0.349220325 0.10196841718750001 0.3518509875 0.10371146718749999 0.36960795156250004
4 0.2701727296875 0.2814807890625 0.07756571875 0.2906881046875 0.07756571875 0.3025260828125 0.059263695312499996 0.303183746875 0.061878270312500004 0.349220325 0.21526665937499997 0.34856265937500003 0.21526665937499997 0.3367246828125 0.2675581546875 0.3340940203125 0.2701727296875 0.2814807890625
4 0.27191577968749997 0.2393902046875 0.07582266875 0.24070553593750002 0.0784372453125 0.2538588421875 0.0627497953125 0.25648950312499996 0.0636213203125 0.287399778125 0.109812140625 0.28411145000000004 0.109812140625 0.2735888046875 0.27191577968749997 0.26569682031249997 0.27191577968749997 0.2393902046875
4 0.2710442546875 0.190722965625 0.07669419375 0.190722965625 0.07756571875 0.20650693437499998 0.0636213203125 0.20650693437499998 0.0636213203125 0.23544421249999997 0.18999243593749998 0.2367595421875 0.18999243593749998 0.22294856875 0.273658828125 0.21966024218750002 0.2710442546875 0.190722965625
4 0.2727873046875 0.0940461515625 0.08105181875 0.09601914843750001 0.08279486875 0.10654179374999999 0.0671074203125 0.107199459375 0.0627497953125 0.1861193078125 0.1629751625 0.1874346375 0.1629751625 0.176254325 0.2745303546875 0.169677671875 0.2727873046875 0.0940461515625
4 0.2666866296875 0.06116288125 0.0653643703125 0.060505215625 0.0627497953125 0.0933884859375 0.1812771875 0.0914154890625 0.1804056625 0.0795775125 0.2675581546875 0.07497385625 0.2666866296875 0.06116288125