2 0.6940192890625 0.228515625 0.7056077390625 0.2197265625 0.703032528125 0.2099609375 0.6824308421875 0.1982421875 0.692731684375 0.1845703125 0.692731684375 0.1474609375 0.685006053125 0.1337890625 0.7056077390625 0.1220703125 0.7056077390625 0.1123046875 0.6991697109375 0.10546875 0.668267184375 0.103515625 0.6631167625 0.09765625 0.6476654984375 0.095703125 0.61676296875 0.072265625 0.5897232546875 0.0849609375 0.58843565 0.095703125 0.534356225 0.076171875 0.49315285312499996 0.076171875 0.441648640625 0.09375 0.4377858234375 0.0791015625 0.41589653281250005 0.068359375 0.3824187921875 0.091796875 0.366967528125 0.09375 0.36181710625 0.099609375 0.3270517625 0.1025390625 0.32190134062500003 0.1162109375 0.3450782375 0.1318359375 0.3347773953125 0.1455078125 0.3347773953125 0.1806640625 0.3425030265625 0.1943359375 0.32190134062500003 0.2060546875 0.32190134062500003 0.2177734375 0.33091457812499997 0.224609375 0.3566666859375 0.224609375 0.3824187921875 0.234375 0.4107461109375 0.2578125 0.4352106125 0.2470703125 0.4390734296875 0.234375 0.48800243125 0.251953125 0.50602890625 0.25390625 0.5369314359375 0.251953125 0.5832852296875 0.234375 0.5871480453125 0.2470703125 0.5961612828125 0.25390625 0.6154753625 0.2587890625 0.6450902875 0.236328125 0.6605415515625 0.234375 0.668267184375 0.228515625 0.6940192890625 0.228515625
2 0.27554754843749996 0.0947265625 0.2781227578125 0.0810546875 0.2691095203125 0.072265625 0.22018051718749998 0.068359375 0.204729253125 0.0703125 0.19957883125 0.076171875 0.186702778125 0.06640625 0.0888447703125 0.06640625 0.0849819546875 0.0693359375 0.08240674375 0.1923828125 0.086269559375 0.1953125 0.2729723375 0.2001953125 0.2832731796875 0.1943359375 0.285848390625 0.1142578125 0.2832731796875 0.1005859375 0.27554754843749996 0.0947265625
2 0.33091457812499997 0.3125 0.3296269734375 0.2900390625 0.3154633140625 0.283203125 0.3064500765625 0.2978515625 0.3064500765625 0.3798828125 0.29872444531250003 0.3837890625 0.29614923437499996 0.4658203125 0.302587259375 0.470703125 0.494440459375 0.4716796875 0.49959088124999995 0.2841796875 0.3386402109375 0.28125 0.332202184375 0.2900390625 0.33091457812499997 0.3125
2 0.9451023359375 0.0712890625 0.94123951875 0.068359375 0.7712756125 0.068359375 0.7622623749999999 0.0732421875 0.7622623749999999 0.1552734375 0.749386321875 0.1669921875 0.7442359 0.1923828125 0.7468111109375 0.2314453125 0.7506739265625 0.234375 0.8549699593750001 0.2353515625 0.9206378328125 0.234375 0.9386643078124999 0.232421875 0.9451023359375 0.2275390625 0.9451023359375 0.0712890625
2 0.0836943484375 0.580078125 0.0798315328125 0.5830078125 0.0798315328125 0.7783203125 0.0888447703125 0.783203125 0.2703971265625 0.7841796875 0.27554754843749996 0.7802734375 0.27554754843749996 0.5830078125 0.204729253125 0.578125 0.0836943484375 0.580078125
2 0.8987485421875 0.6279296875 0.8987485421875 0.6201171875 0.9116245968750001 0.6083984375 0.9167750187499999 0.5947265625 0.9116245968750001 0.5791015625 0.9000361484375 0.5703125 0.8794344625000001 0.564453125 0.8588327765624999 0.568359375 0.84209390625 0.5830078125 0.84209390625 0.6103515625 0.8279302484375 0.61328125 0.812478984375 0.607421875 0.7880144828125 0.6064453125 0.8021781406249999 0.60546875 0.8086161671875001 0.5986328125 0.8086161671875001 0.5654296875 0.8021781406249999 0.5625 0.7712756125 0.564453125 0.7880144828125 0.5830078125 0.7777136390625 0.5869140625 0.78028885 0.5927734375 0.775138428125 0.5947265625 0.785439271875 0.5986328125 0.785439271875 0.6103515625 0.767412796875 0.6201171875 0.7545367421875 0.6416015625 0.7545367421875 0.6552734375 0.739085478125 0.6552734375 0.739085478125 0.6650390625 0.7442359 0.6669921875 0.7365102671875 0.7099609375 0.739085478125 0.7705078125 0.7583995578125 0.775390625 0.92450065 0.7744140625 0.9322262828125 0.7705078125 0.9322262828125 0.6748046875 0.92450065 0.6455078125 0.8987485421875 0.6279296875
1 0.0785439265625 0.7890625 0.07468111093749999 0.7919921875 0.07468111093749999 0.8017578125 0.0836943484375 0.8046875 0.1879903828125 0.8037109375 0.1879903828125 0.7958984375 0.17382672500000002 0.791015625 0.1068712453125 0.79296875 0.0785439265625 0.7890625
1 0.7712756125 0.77734375 0.7416606890625 0.7822265625 0.7455235046875 0.791015625 0.7583995578125 0.79296875 0.85239475 0.7919921875 0.86012038125 0.7841796875 0.8459567234375 0.779296875 0.7918772984375 0.78125 0.7712756125 0.77734375
1 0.30129965468750003 0.4853515625 0.3051624703125 0.494140625 0.365679921875 0.4931640625 0.37083034375 0.4853515625 0.36181710625 0.48046875 0.31288810312500004 0.48046875 0.30129965468750003 0.4853515625
1 0.1017208234375 0.205078125 0.0901323765625 0.2099609375 0.093995190625 0.21875 0.2343441765625 0.2197265625 0.23563178125 0.208984375 0.18927798906249999 0.2109375 0.1532250390625 0.205078125 0.1017208234375 0.205078125
1 0.749386321875 0.2392578125 0.749386321875 0.2470703125 0.755824346875 0.251953125 0.7828640609375 0.2529296875 0.8408063015625 0.251953125 0.8446691171875 0.2451171875 0.8408063015625 0.240234375 0.749386321875 0.2392578125
4 0.9325321421874999 0.5595377765625 0.912719446875 0.5465720703125 0.9537108765625 0.549165134375 0.9591762046874999 0.249397878125 0.7612431359375 0.25076904375 0.765834275 0.2716988890625 0.734407684375 0.2716988890625 0.7309919265625 0.554351428125 0.9325321421874999 0.5595377765625
7 0.588205825 0.323561765625 0.643543815625 0.3251176046875 0.6585739078125 0.29918619375 0.7118626921875 0.305409753125 0.7118626921875 0.2789596890625 0.5172352296875 0.271634065625 0.50622340625 0.30177935312500004 0.5854730874999999 0.3022979515625 0.588205825 0.323561765625
7 0.45840031718749996 0.754372071875 0.4488356984375 0.7367386296875 0.30073802031249997 0.733386059375 0.29033611875 0.756446578125 0.434488771875 0.7642260171874999 0.45840031718749996 0.754372071875
4 0.49959088124999995 0.6923828125 0.5021660921875 0.5419921875 0.49701567031250005 0.5107421875 0.4905776421875 0.501953125 0.3386402109375 0.5 0.3154633140625 0.50390625 0.30129965468750003 0.5185546875 0.303874865625 0.5751953125 0.30129965468750003 0.6533203125 0.2935740234375 0.6748046875 0.29614923437499996 0.7021484375 0.302587259375 0.712890625 0.3605295 0.7158203125 0.431347796875 0.712890625 0.46740074531250003 0.701171875 0.48027680000000006 0.703125 0.49959088124999995 0.6923828125
4 0.2266408546875 0.5755119093750001 0.2289873203125 0.5634882484375 0.2835428578125 0.5657149718750001 0.3011415625 0.21970099843750002 0.094928365625 0.2192175265625 0.070013759375 0.22905272499999998 0.054761645312499996 0.5706133921875 0.2266408546875 0.5755119093750001
4 0.197896553125 0.9186348484375 0.2700506078125 0.921752090625 0.27415693750000003 0.9106190906249999 0.288822575 0.80641413125 0.060008807812499995 0.807321403125 0.056521509375 0.9395649296874999 0.1873374296875 0.9386742703125 0.197896553125 0.9186348484375
4 0.43078421875000006 0.8108673421875 0.43782348750000005 0.79528113125 0.5011782859375 0.7983983734375 0.49824534375 0.7587648859375 0.2982834390625 0.7613636171875 0.291755515625 0.7698978624999999 0.2853028484375 0.8077501 0.43078421875000006 0.8108673421875
4 0.3781188296875 0.9329135578125 0.383981934375 0.9215391015625001 0.4931010546875 0.9198082078125 0.504827196875 0.8127400484375 0.307435771875 0.8112564250000001 0.2891949828125 0.8273290015624999 0.2797489390625 0.9363753453125 0.3781188296875 0.9329135578125
4 0.8995727625000001 0.9404141921875 0.898183015625 0.9235342140625 0.9384855078125 0.9372491515625001 0.9454341984375001 0.7962314109374999 0.7538114421875 0.7962364749999999 0.73141410625 0.80959469375 0.73141410625 0.9439308125 0.8995727625000001 0.9404141921875
4 0.729561125 0.7149967515625 0.505630665625 0.7138096109375 0.5021067375 0.9316225296875 0.7230756671874999 0.9358424968750001 0.729561125 0.7149967515625
4 0.722149053125 0.7105115828125 0.7277081453124999 0.516392403125 0.5177963906249999 0.513278584375 0.5062760296875 0.706643309375 0.6999131843749999 0.7115666218750001 0.722149053125 0.7105115828125
4 0.7286345109375 0.5139884328125001 0.7304874921875 0.3254958375 0.5186074374999999 0.32320469687500003 0.5090555 0.439083703125 0.5192469453124999 0.49535012656250005 0.7286345109375 0.5139884328125001
7 0.35628885625 0.17954298125 0.6791009078125 0.1958650703125 0.6791009078125 0.139644540625 0.35150645625 0.143271671875 0.35628885625 0.17954298125