2 0.023247790625 0.4628868046875 0.448972928125 0.463968315625 0.44751994218749996 0 0.0228136359375 0.0010815109374999999 0.023247790625 0.4628868046875
1 0.43062359375000003 0.469816315625 0.032444243750000004 0.469816315625 0.026545290625000002 0.5327512109375 0.08553482343749999 0.5327512109375 0.0884843 0.515187984375 0.4355393890625 0.5144561828125 0.43062359375000003 0.469816315625
4 0.43062359375000003 0.6952110593749999 0.4601183609375 0.6805750359375 0.4591352015625 0.563486859375 0.050141103124999996 0.5627550578125 0.0491579453125 0.580318284375 0.0235958125 0.5817818875 0.0285116078125 0.6981382640625 0.43062359375000003 0.6952110593749999
1 0.01868001875 0.7296057125 0.01868001875 0.728142109375 0.42275832187500006 0.7274103078125 0.41882568750000004 0.7149696890625 0.0157305421875 0.715701490625 0.01868001875 0.7296057125
2 0.017777868750000002 0.82764635 0.4460628890625 0.82764635 0.4444467171875 0.7350173265625 0.017777868750000002 0.7344158375000001 0.017777868750000002 0.82764635
2 0.0202021234375 0.835465684375 0.022626378125 0.925688759375 0.45091139687500004 0.9268917328124999 0.449295228125 0.833059734375 0.0202021234375 0.835465684375
6 0 0.919577084375 0.001791346875 0.9191326296875 0.0149278859375 0.9164659 0.012539425000000002 0.8822428765625 0 0.8822428765625 0 0.919577084375
3 0 0.8546866765625 0.0011942296874999998 0.8729093265625 0.0137336546875 0.8684647765625 0.012539425000000002 0.8546866765625 0 0.8546866765625
7 0.46292574062499997 0.08632919375 0.46392557968750003 0.107167275 0.601903446875 0.10642305781250001 0.604902965625 0.0893060625 0.46292574062499997 0.08632919375
4 0.8898572546875 0.11386522968749999 0.49092125 0.1123767953125 0.4929209296875 0.1272611390625 0.46392557968750003 0.130982225 0.468924778125 0.23145154531249998 0.8498636703125 0.23145154531249998 0.8478639906250001 0.215822984375 0.891856934375 0.21433455 0.8898572546875 0.11386522968749999
4 0.8928567734374999 0.233684196875 0.49592044843750005 0.23517263124999999 0.49592044843750005 0.2522896265625 0.468924778125 0.254522278125 0.468924778125 0.3326650828125 0.51791691875 0.3326650828125 0.5189167593749999 0.3162923046875 0.9008554906249999 0.3162923046875 0.8928567734374999 0.233684196875
4 0.49692028749999995 0.3512705125 0.4669250984375 0.355735815625 0.473859609375 0.43610943906250005 0.852863190625 0.4353670546875 0.8458643125 0.41825005937500004 0.8968561328125 0.41973849375 0.9028551703125001 0.337874603125 0.49692028749999995 0.33638616875 0.49692028749999995 0.3512705125
4 0.49592044843750005 0.45248404999999997 0.49592044843750005 0.456949353125 0.4729241359375 0.45918200468750003 0.46792493906250004 0.48895069218750004 0.8908570953125 0.488206475 0.8978559718750001 0.442065009375 0.49692028749999995 0.4428092265625 0.49592044843750005 0.45248404999999997
4 0.8998556515624999 0.49416021250000003 0.5139175609375 0.4949044296875 0.51191788125 0.50904455625 0.47092445781250003 0.5097887734375 0.471924296875 0.5737914515625 0.47092445781250003 0.576024103125 0.7058867671875 0.5737914515625 0.7058867671875 0.5611397593749999 0.9018553296875 0.5574186734375 0.8998556515624999 0.49416021250000003
4 0.8998556515624999 0.58048940625 0.5209164375 0.5797451890625 0.51791691875 0.593885315625 0.4699246171875 0.5961179671875 0.4729241359375 0.644492084375 0.888857415625 0.64300365 0.8848580578125 0.6288635234375 0.8998556515624999 0.6251424375 0.8998556515624999 0.58048940625
7 0.471924296875 0.6839355953124999 0.6308987953125 0.683191378125 0.6268994375 0.6690512515625 0.47092445781250003 0.6690512515625 0.471924296875 0.6839355953124999
4 0.8958562921875 0.6884008984375 0.5139175609375 0.69063355 0.51191788125 0.7062621109375 0.46492542031250006 0.7062621109375 0.471924296875 0.7717532234375 0.8458643125 0.7702647890625001 0.8478639906250001 0.7553804453125 0.8958562921875 0.7546362281250001 0.8958562921875 0.6884008984375
4 0.5139175609375 0.7918470875 0.4699246171875 0.7911028703125 0.4759236546875 0.9295272671875001 0.9018553296875 0.9265503984375 0.8938566140624999 0.7747300921875 0.5139175609375 0.7739858749999999 0.5139175609375 0.7918470875