3 0.960622046875 0.8447265625 0.9683070234375 0.8447265625 0.975992 0.8232421875 0.9721495109375 0.818359375 0.9580603890624999 0.8232421875 0.960622046875 0.8447265625
6 0.9554987296874999 0.8466796875 0.9503754109375 0.8623046875 0.9503754109375 0.8779296875 0.9683070234375 0.8779296875 0.973430340625 0.8681640625 0.973430340625 0.8505859375 0.9619028765625 0.841796875 0.9554987296874999 0.8466796875
2 0.6903670453124999 0.62109375 0.68652455625 0.6240234375 0.6890862156249999 0.8291015625 0.6954903625 0.83203125 0.922197165625 0.8310546875 0.9324438 0.8291015625 0.929882140625 0.6240234375 0.926039653125 0.62109375 0.6903670453124999 0.62109375
2 0.6995089734375 0.041144678125 0.7070178265625 0.2509765625 0.89401891875 0.2509765625 0.8991422359374999 0.2470703125 0.8965805765624999 0.0458984375 0.897414315625 0.038351565625 0.6995089734375 0.041144678125
2 0.7095794859375 0.5517578125 0.7134219734375 0.5546875 0.7953950546875 0.5546875 0.8338199375 0.5546875 0.8991422359374999 0.5537109375 0.8991422359374999 0.3427734375 0.710860315625 0.341796875 0.7070178265625 0.3447265625 0.7095794859375 0.5517578125
4 0.9234779937500001 0.32421875 0.9324438 0.3017578125 0.9324438 0.2685546875 0.9273204828124999 0.2607421875 0.9234779937500001 0.2578125 0.8568748656249999 0.25390625 0.6814012375 0.2587890625 0.6788395796875 0.3271484375 0.6826820671875 0.3359375 0.7390385609375001 0.33984375 0.8197308140624999 0.3388671875 0.8773681359375001 0.337890625 0.8850531125 0.3359375 0.8952997484375 0.326171875 0.9234779937500001 0.32421875
4 0.935005459375 0.5830078125 0.9324438 0.5634765625 0.9055463828124999 0.55859375 0.710860315625 0.55859375 0.683962896875 0.5634765625 0.683962896875 0.6123046875 0.6903670453124999 0.6171875 0.7864292484375001 0.6181640625 0.9081080406250001 0.6171875 0.9209163359374999 0.611328125 0.929882140625 0.6005859375 0.935005459375 0.5830078125
4 0.9106697 0.833984375 0.692928703125 0.8359375 0.68652455625 0.8388671875 0.6814012375 0.8564453125 0.683962896875 0.8681640625 0.6762779203125 0.8798828125 0.6954903625 0.884765625 0.9247588234374999 0.8837890625 0.9426904359374999 0.8798828125 0.9426904359374999 0.8505859375 0.9311629703125 0.8359375 0.9106697 0.833984375
4 0.6625487234375 0.888474096875 0.656755834375 0.63130505 0.40846494843750003 0.6323896671875 0.3815946296875 0.649750584375 0.382318728125 0.8853968765625 0.6625487234375 0.888474096875
4 0.658204028125 0.62804986875 0.6545834875 0.5651372484375 0.406654375 0.5661274890625 0.378698184375 0.585004390625 0.3801463796875 0.6313610390625 0.658204028125 0.62804986875
4 0.43300631718749993 0.5653387953125 0.43300631718749993 0.5531977640625 0.6538594437499999 0.5471272593750001 0.6574799859375 0.5035299359375001 0.660376375 0.48421466406249997 0.5155546890625 0.483662796875 0.41118080468749996 0.4853704578125 0.3779740875 0.506841115625 0.378698184375 0.5658906734375 0.43300631718749993 0.5653387953125
4 0.415627703125 0.48328848750000003 0.42721342656249994 0.4705955984375 0.660376375 0.46562880624999997 0.6589281812500001 0.338699884375 0.6589281812500001 0.29289509375 0.40846494843750003 0.29210577187500003 0.3815946296875 0.309451040625 0.383766921875 0.48273661093750003 0.415627703125 0.48328848750000003
4 0.6031718546875 0.290504490625 0.6096887859375 0.276155990625 0.6589281812500001 0.27505226875 0.6596522234375 0.228143753125 0.40937023437500003 0.22860451718750002 0.3808705328125 0.2435959859375 0.3815946296875 0.293263815625 0.6031718546875 0.290504490625
4 0.5119341484375 0.22768546875 0.5148305921875 0.21554443750000002 0.6553076390625 0.21333696875000002 0.6574799859375 0.179673209375 0.4048438046875 0.1823590375 0.37942228125 0.1989884796875 0.37942228125 0.23044479375 0.5119341484375 0.22768546875
4 0.3801463796875 0.1835362890625 0.4250411359375 0.1813288109375 0.4257652328125 0.1658765984375 0.592310228125 0.1664284546875 0.656755834375 0.1631172734375 0.656755834375 0.1333165609375 0.4048438046875 0.136113559375 0.39897324218749997 0.15207996562499998 0.37724998906249996 0.15318369999999998 0.3801463796875 0.1835362890625
4 0.42069649531250003 0.1209699890625 0.6553076390625 0.11876252031250001 0.651687096875 0.0376383890625 0.37587465937500003 0.0415519078125 0.3801463796875 0.1353184671875 0.42069649531250003 0.1336628765625 0.42069649531250003 0.1209699890625
4 0.3718020453125 0.8710151578125 0.2277044546875 0.868255834375 0.1242051984375 0.870519371875 0.12705337187500002 0.8859155359375 0.3718020453125 0.8848117796875 0.3718020453125 0.8710151578125
4 0.171948071875 0.8677039765625001 0.1762927671875 0.8544592124999999 0.36673325156250003 0.8539073546875 0.36673325156250003 0.7429825015625 0.1196787703125 0.74144616875 0.09374439531249999 0.7578828578125 0.0944684921875 0.868807690625 0.171948071875 0.8677039765625001
4 0.0915720484375 0.6613065046875 0.09374439531249999 0.7402231765625 0.2805643375 0.7402231765625 0.2805643375 0.7269784328125 0.36673325156250003 0.7258746984375 0.36673325156250003 0.64806176875 0.31025282656250003 0.6453024453125 0.12270873125 0.6481633203125 0.11981228749999999 0.6613065046875 0.0915720484375 0.6613065046875
4 0.36673325156250003 0.6451792359375 0.3652850578125 0.518802190625 0.1205840546875 0.5198820093750001 0.0922961453125 0.5381174625 0.0922961453125 0.6457311359375 0.36673325156250003 0.6451792359375
4 0.31676975937499996 0.516961834375 0.31676975937499996 0.503717090625 0.36745735 0.4970947078125 0.3660091546875 0.45349737343749996 0.1205840546875 0.4563807546875 0.0922961453125 0.47060519687499996 0.0879515046875 0.518617425 0.31676975937499996 0.516961834375
4 0.08939975624999999 0.45625669843749994 0.2320490953125 0.45349737343749996 0.2320490953125 0.4397007515625 0.3638368078125 0.4385970171875 0.3638368078125 0.42314480468750004 0.12329991250000001 0.425320359375 0.119088190625 0.4385970171875 0.09084795 0.4385970171875 0.08939975624999999 0.45625669843749994
4 0.0922961453125 0.42314480468750004 0.208877646875 0.42259295 0.21104993906249997 0.40824445000000004 0.30083939531250004 0.40824445000000004 0.36673325156250003 0.40493326874999996 0.3660091546875 0.3900329125 0.1223946265625 0.3914990390625 0.120536384375 0.40493326874999996 0.0915720484375 0.40603700312499996 0.0922961453125 0.42314480468750004
4 0.090123853125 0.39224038125 0.242186625 0.38892917968749996 0.242910721875 0.37789189218749997 0.3652850578125 0.37623629062499997 0.36673325156250003 0.35968034375 0.1187734828125 0.3611288734375 0.11763994062500001 0.3767881796875 0.090123853125 0.3767881796875 0.090123853125 0.39224038125
4 0.23566963749999997 0.3449031453125 0.3689055984375 0.34379943125 0.3623886125 0.0430330609375 0.087993765625 0.0429323703125 0.08939975624999999 0.35980352187500003 0.2334972890625 0.358147909375 0.23566963749999997 0.3449031453125