0 0.5283610125 0.9473848968749999 0.940188440625 0.9396123671875 0.93000589375 0.387762825 0.5193098609375 0.38949005312499996 0.5283610125 0.9473848968749999
6 0.9503709859375 0.9007497234375 0.9469768046875 0.9352942953125 0.963947715625 0.9361579109375 0.9673418968749999 0.9016133375000001 0.9503709859375 0.9007497234375
3 0.9492395921875 0.8938408093750001 0.9673418968749999 0.8938408093750001 0.9662105015625 0.8791593656250001 0.9515023796875001 0.8791593656250001 0.9492395921875 0.8938408093750001
0 0.8915384968750001 0.3765358390625 0.9175605593749999 0.3661724671875 0.9288745 0.353218253125 0.9311372890625 0.2245397203125 0.9243489234375 0.20640382031249999 0.8994582546875 0.1969040625 0.5600400453125001 0.1960404484375 0.536280771875 0.19949490625 0.5227040421875 0.21935803437499998 0.5181784671874999 0.240084778125 0.5272296187500001 0.35062740937500003 0.5328865890625 0.359263553125 0.5464633171875 0.3696269234375 0.563434228125 0.374808609375 0.8915384968750001 0.3765358390625
4 0.9345314703125001 0.1399055171875 0.554383075 0.1399055171875 0.554383075 0.15545057499999998 0.513652890625 0.15545057499999998 0.513652890625 0.18567707656250002 0.5871935015624999 0.18567707656250002 0.5928504718750001 0.1727228625 0.941319834375 0.17013201875 0.9345314703125001 0.1399055171875
4 0.9367942578124999 0.0708163734375 0.513652890625 0.0708163734375 0.513652890625 0.137314675 0.8225234609375001 0.13645106093749998 0.8236548546875 0.125224075 0.9390570453124999 0.12176961718749998 0.9367942578124999 0.0708163734375
4 0.293797234375 0.11054263125 0.4895284015625 0.10708817500000001 0.4876308265625 0.07599805937500001 0.05959866874999999 0.07513444531249999 0.06525563906250001 0.123496846875 0.293797234375 0.1243604609375 0.293797234375 0.11054263125
4 0.1150369765625 0.2720385078125 0.1161683703125 0.2590842921875 0.491791190625 0.2573570640625 0.4872656125 0.1260876890625 0.10711721874999999 0.1260876890625 0.10711721874999999 0.1424963609375 0.067518428125 0.1424963609375 0.069781215625 0.27290212187499996 0.1150369765625 0.2720385078125
4 0.4906597953125 0.27462935 0.1082486125 0.27462935 0.11051140156249999 0.29276525000000003 0.068649821875 0.2936288640625 0.067518428125 0.47412425625 0.2994542046875 0.4749878703125 0.2994542046875 0.461170040625 0.495185371875 0.45512474062499997 0.4906597953125 0.27462935
4 0.494053978125 0.47671509843750004 0.1127741890625 0.47844232656249996 0.1127741890625 0.49485099843749997 0.0720440046875 0.49571461250000004 0.0720440046875 0.6442562749999999 0.169343890625 0.6451198875 0.167081103125 0.62957483125 0.49631676562499993 0.6287112171875 0.494053978125 0.47671509843750004
4 0.495185371875 0.64771073125 0.1127741890625 0.6468471171875 0.1127741890625 0.6667102468749999 0.068649821875 0.6675738609375 0.0765695796875 0.7634350484375 0.1761322546875 0.7634350484375 0.1727380734375 0.7496172203125 0.5008423421875 0.7470263765625 0.495185371875 0.64771073125
4 0.4974481609375 0.7634350484375 0.1127741890625 0.76688950625 0.1139055828125 0.78157095 0.0754381859375 0.783298178125 0.0720440046875 0.8299333499999999 0.12182534062499999 0.8299333499999999 0.12182534062499999 0.8169791359374999 0.49631676562499993 0.8135246781250001 0.4974481609375 0.7634350484375
4 0.07317539843750001 0.9482485109375001 0.5008423421875 0.9491121250000001 0.4929225828125 0.8316605796875001 0.10938000625 0.8333878078125 0.1127741890625 0.848932865625 0.1150369765625 0.8497964796874999 0.070912609375 0.8497964796874999 0.07317539843750001 0.9482485109375001