6 0.07663185 0.8894606140624999 0.0821821484375 0.883335165625 0.0812571015625 0.8495577000000001 0.0717753296875 0.8492076687500001 0.0655312453125 0.8513078265624999 0.0655865375 0.8515660359374999 0.063449875 0.8625086390625001 0.0588246234375 0.8824600984375 0.064606190625 0.8894606140624999 0.07663185 0.8894606140624999
3 0.080139303125 0.84475821875 0.08091332031250001 0.8331407296875 0.0763982 0.8306024546874999 0.065948940625 0.8323597218750001 0.0643626984375 0.8346805375 0.061562823437500004 0.8498347640624999 0.061304817187500006 0.8524706640625 0.066722953125 0.850322890625 0.07214109375 0.8497371390625 0.07601119687499999 0.8501276437499999 0.080139303125 0.84475821875
0 0.1002972421875 0.9040058109375 0.3342023890625 0.906151409375 0.7150523109375 0.9140186281249999 0.9559022015625 0.91938265 0.9620452234375 0.8306975734375 0.9691332796875001 0.5875135125 0.9733860375000001 0.4970423890625 0.9114838593749999 0.4923935734375 0.6563146390625 0.48631435781250004 0.3470605875 0.48130795624999995 0.13756820625 0.47344071874999993 0.11221810000000002 0.47336853593750006 0.1073852984375 0.493236046875 0.101714859375 0.733480375 0.095099353125 0.8993569890625001 0.1002972421875 0.9040058109375
7 0.976059596875 0.2890904359375 0.97433798125 0.26824478125 0.904736325 0.2661974421875 0.8912094937499999 0.26191663906249996 0.8705503546875001 0.26154439375 0.8331671203125 0.265825196875 0.8211159531250001 0.2628472484375 0.7997189812500001 0.2602415390625 0.7829857953125 0.2625059796875 0.7763544625 0.268989271875 0.77881389375 0.28741533750000003 0.9064579390624999 0.2889043203125 0.976059596875 0.2890904359375
4 0.7722140859375 0.4647698875 0.9065266203125001 0.46289392500000004 0.9020194765625 0.4456690390625 0.9826971468749999 0.44652175781250003 0.9849507203125001 0.34112837812499996 0.9835985703125001 0.2976814859375 0.9584167328125 0.29664328125 0.8791779937499999 0.295950609375 0.799778315625 0.296445375 0.7990776578125 0.29639115625 0.8033132984375 0.31409927031249996 0.7749183859375 0.3118822109375 0.77536908125 0.33166523125 0.7722140859375 0.4647698875
4 0.7780192046875001 0.240207028125 0.825100953125 0.239897203125 0.8218256859374999 0.22595499531250002 0.9843600578125 0.23044749375 0.9843600578125 0.21557580468749998 0.9518122609375 0.2113931359375 0.9206973749999999 0.2126324453125 0.7923930265625 0.2092486328125 0.793167228125 0.22223707187500003 0.7737204328125 0.22502552968749998 0.7743345328125 0.2347850578125 0.7780192046875001 0.240207028125
6 0.9779151625000001 0.2477818171875 0.9202666234375 0.2474500515625 0.91588270625 0.24288832187499998 0.8705091453125 0.2462059453125 0.8690737453124999 0.2460381109375 0.8738203078125 0.25907975625 0.902994975 0.2608864171875 0.9798879406250001 0.26146700312500004 0.9779151625000001 0.2477818171875
4 0.7785523234375 0.19993464218749998 0.77897080625 0.2051601078125 0.792218621875 0.20645685781249998 0.7967651078125 0.2078546296875 0.85189134375 0.2092523890625 0.8568640765625 0.21086519374999999 0.8724926500000001 0.210972715625 0.932165390625 0.21022007343750002 0.9328757624999999 0.1965649796875 0.9829873578124999 0.1960273765625 0.98483436875 0.1605456375 0.9874830109375001 0.11508065 0.9872314265625001 0.09840110468749999 0.9512510453124999 0.096306584375 0.8035554875 0.095354525 0.7991315171875 0.0973295015625 0.8009411249999999 0.10817015781249999 0.7831556328125 0.10801181875000002 0.7810632156249999 0.142531575 0.7785523234375 0.19993464218749998
4 0.8760182484374999 0.094442659375 0.8718698484375 0.0792414390625 0.988679903125 0.0807285140625 0.9902082453125001 0.048508534375 0.9666279328125 0.04619530625 0.781669934375 0.046539103124999995 0.78235189375 0.0936165078125 0.8258008640625001 0.09378174375000001 0.8602980203125 0.09543405 0.8760182484374999 0.094442659375
4 0.5549057234375 0.157609334375 0.5785058765625 0.15807324218750002 0.7201068265624999 0.16363994531249998 0.75832579375 0.16172316874999998 0.7617618234375 0.15194407031249998 0.7615334984375 0.057080315625 0.7597283765625 0.0439789296875 0.6249454234375 0.043523574999999995 0.5720274578125 0.0457145375 0.57329545 0.059495806250000005 0.5509212765625 0.0615833359375 0.5545992296875 0.153666228125 0.5549057234375 0.157609334375
4 0.6015282890625 0.18984750781249998 0.7365558578125 0.1938041578125 0.7506496671875 0.1924279296875 0.7540594328125 0.188815334375 0.7542867281250001 0.1755691421875 0.548977790625 0.173513528125 0.5483356171875 0.20619020625 0.592435528125 0.20498600625000002 0.6103937562499999 0.20550209531250002 0.6015282890625 0.18984750781249998
4 0.56711659375 0.304411446875 0.5761019843749999 0.30466803593749997 0.5803403765625 0.30235864375 0.6067879296875 0.3045397421875 0.6278103625 0.303128446875 0.6639214515625 0.304411446875 0.69104715625 0.30607933125 0.703762321875 0.30787552812499996 0.71274770625 0.30736233125 0.7166470281249999 0.3053095375 0.726649634375 0.304796340625 0.7264801171874999 0.2923512765625 0.7524190468749999 0.2892720796875 0.75377535 0.237952240625 0.7537254765625 0.2094333921875 0.67566669375 0.2050490875 0.6079750749999999 0.20781811718749998 0.5753393375 0.206562003125 0.5647026015625001 0.209641215625 0.566748465625 0.221855234375 0.549244890625 0.2230594359375 0.5469717000000001 0.3001281890625 0.56711659375 0.304411446875
4 0.5427483734375 0.40156251562499995 0.5710645265625 0.4022607921875 0.6463570546875 0.4040778890625 0.7134335187499999 0.4056744359375 0.74499119375 0.4054148421875 0.7475638140624999 0.40385733124999995 0.7544241765625 0.3348074109375 0.7514632046874999 0.3081972359375 0.647556540625 0.306774003125 0.633921734375 0.30588448437500004 0.6226377484375 0.3039275453125 0.604301284375 0.3062402921875 0.5814982375 0.3048170640625 0.562221446875 0.304994965625 0.5608475671875001 0.30757962031249997 0.56372239375 0.3200022265625 0.5482338718750001 0.321223184375 0.5440390765625 0.321711575 0.5427483734375 0.40156251562499995
4 0.540358728125 0.46916858906250003 0.549526984375 0.47183714375 0.6012452265625 0.4711255296875 0.661191346875 0.4711255296875 0.7230181734375 0.47130343906250005 0.7465264734375 0.46916858906250003 0.7479369499999999 0.40779175 0.58972615 0.4049452859375 0.5598632796875 0.4068974859375 0.5596355359375 0.42095663906249997 0.5450603843749999 0.4227356765625 0.5408288921875 0.43625636874999996 0.540358728125 0.46916858906250003
4 0.32283858906249996 0.45837111249999996 0.348209075 0.4607710640625 0.4233447703125 0.4655709703125 0.45578970781250006 0.46778633125 0.465547584375 0.46852476249999997 0.4838436171875 0.46630941562499995 0.48311177031249997 0.4484020734375 0.5231190796875 0.45394042968750004 0.5272662046875001 0.45301736562499995 0.52897381875 0.403910584375 0.389192184375 0.39966450625 0.3489409203125 0.395418428125 0.33704769687499997 0.4002779421875 0.3373753625 0.4120159296875 0.32576594999999997 0.4124027265625 0.3240583203125 0.41517190781249996 0.32283858906249996 0.45837111249999996
4 0.325648328125 0.332119915625 0.3262702046875 0.3953472578125 0.3554332203125 0.395880340625 0.3833770234375 0.3971663109375 0.4538029671875 0.4003097984375 0.4666420171875 0.40159575937499997 0.471928715625 0.40159575937499997 0.46871890625 0.38616412499999997 0.5287603468750001 0.386592784375 0.5295156078125001 0.37959140156250004 0.5350042171875 0.2962950359375 0.5346928578125001 0.24885956718750002 0.5331361015625 0.2234827421875 0.449048484375 0.22021922031250002 0.3780871171875 0.22051591250000002 0.3512315765625 0.2197741796875 0.34492076250000003 0.2203809390625 0.346792225 0.23376029375 0.330312428125 0.2307012625 0.3290686625 0.24740827968749998 0.325648328125 0.332119915625
4 0.32996508750000003 0.215475853125 0.34248621562500003 0.21737098437500002 0.368894340625 0.21806011718749999 0.401449221875 0.21943838124999998 0.404636415625 0.2187492484375 0.40349812968750004 0.20496655000000003 0.4986585234375 0.206517103125 0.5323516749999999 0.207206246875 0.5359941953125 0.1975583546875 0.5359941953125 0.1660304265625 0.5359941953125 0.1562102578125 0.4460698890625 0.1546596984375 0.3953024984375 0.1562102578125 0.3709432640625 0.1548319859375 0.3467779671875 0.15553600781250002 0.3468116796875 0.1693038171875 0.3320139953125 0.17137121875 0.3283714984375 0.17498918125000001 0.32996508750000003 0.215475853125
4 0.33383525625 0.152814721875 0.3820434765625 0.15261320312499999 0.39692711875 0.1544749390625 0.4300155421875 0.152892459375 0.430261559375 0.137440046875 0.53428736875 0.1397165953125 0.53810299375 0.13733859531249998 0.5369807375 0.0435517765625 0.52216699375 0.0399847625 0.46672764375 0.0410039109375 0.3324367765625 0.0442326390625 0.3320139953125 0.0670247859375 0.3324693234375 0.11749656093750001 0.3311033734375 0.1485076265625 0.33383525625 0.152814721875
4 0.16680759218750002 0.07869475468750001 0.1858633375 0.078972078125 0.1856190265625 0.0647361328125 0.27461820000000003 0.0657529859375 0.307843590625 0.06566054375 0.309920190625 0.0342472375 0.158695753125 0.0330455 0.1047239375 0.032305971875 0.1018214578125 0.034589865625 0.100583659375 0.0715387453125 0.10182609843749998 0.08031444843749999 0.13394865312499998 0.07998893124999999 0.16680759218750002 0.07869475468750001
4 0.10217592812500001 0.0982087921875 0.0992525953125 0.1614428 0.10140662812500001 0.1904187765625 0.10356066562499999 0.19693921875 0.11633101562499999 0.1975213953125 0.1332555765625 0.1975213953125 0.1426410171875 0.1981035796875 0.1491031296875 0.19740496406250002 0.1467952375 0.181453175 0.16694600625 0.18468945625 0.30895849375 0.1835250921875 0.3099156453125 0.156065103125 0.3072816125 0.1329090859375 0.308553978125 0.08500516875 0.1730465296875 0.08163504687499999 0.15555142500000002 0.0797092578125 0.1418734390625 0.0789870890625 0.11788538281250001 0.0834942171875 0.11925435468750001 0.0942499515625 0.10940733124999999 0.0959965 0.10371452343750001 0.0973937359375 0.10217592812500001 0.0982087921875
4 0.1441782453125 0.2463249984375 0.15659965625 0.24498211718750001 0.16775358906249999 0.24248820000000001 0.1652185984375 0.2317451578125 0.2673783953125 0.234430915625 0.30844511093750004 0.2336635578125 0.3089521234375 0.1987486671875 0.280813828125 0.1960629109375 0.16775358906249999 0.1958710671875 0.1155224390625 0.2012607578125 0.1178144234375 0.2133285125 0.10235102968750001 0.217548996875 0.102858040625 0.2451739640625 0.1441782453125 0.2463249984375
4 0.0970782984375 0.3821137125 0.0970782984375 0.3905026609375 0.111766003125 0.391245821875 0.11842970156249999 0.3915514515625 0.127786525 0.3911736046875 0.1509104640625 0.39207733437500003 0.15547012031250002 0.3938026421875 0.163720915625 0.394213425 0.166760684375 0.39183086093749997 0.1807653203125 0.39158439375 0.18109100625000002 0.376220959375 0.2425177109375 0.37969531875 0.30185357343749997 0.3807830171875 0.3103191953125 0.252036103125 0.2969441234375 0.246515078125 0.261682459375 0.246515078125 0.149817903125 0.246515078125 0.12013618125 0.24814615 0.12025336093750001 0.2600976390625 0.10620730625000001 0.26197285625 0.099686596875 0.26419346875 0.0970782984375 0.3821137125
4 0.10948926249999999 0.42317664375 0.16598 0.4247199453125 0.1844046328125 0.4255565359375 0.20540873125 0.4266720046875 0.2107518625 0.4255565359375 0.2090936453125 0.4114738765625 0.3006641171875 0.412589340625 0.301032621875 0.3983672453125 0.16984916562500002 0.3943237046875 0.1092321109375 0.3934871140625 0.10825597499999999 0.3951577046875 0.1085100328125 0.40594738125 0.09626980625 0.4046505546875 0.0950457796875 0.419471421875 0.10948926249999999 0.42317664375
4 0.09246568125 0.45736036875 0.13355263125 0.4605673078125 0.15603069375 0.46251936562499996 0.176297796875 0.46335595781250005 0.23802035312499997 0.46265879375 0.3050860640625 0.46307709375000006 0.30434905625 0.4286373171875 0.2520230765625 0.4264064 0.2059614625 0.42975277656250005 0.1958279046875 0.42947390937499996 0.19011626875 0.426964128125 0.17408683593750002 0.42626696875 0.11443074687499999 0.42907343437499995 0.11125883125 0.44118622343749997 0.1000197875 0.4435565765625 0.093939659375 0.44467203125 0.09246568125 0.45736036875