2 0.9260624999999999 0.6673069109374999 0.121 0.6673069109374999 0.121 0.929115853125 0.9260624999999999 0.929115853125 0.9260624999999999 0.6673069109374999
2 0.12276785781249999 0.41085946562500003 0.125 0.6721835078125 0.6071428578125 0.643147503125 0.53125 0.3919860625 0.12276785781249999 0.41085946562500003
2 0.5401785718750001 0.3919860625 0.6138392859375 0.6445993031249999 0.9241071421875 0.6315331 0.9151785718750001 0.370209059375 0.5401785718750001 0.3919860625
2 0.12276785781249999 0.3992450640625 0.9174107140625001 0.3629500578125 0.9196428578125 0.0696864109375 0.1272321421875 0.0667828109375 0.12276785781249999 0.3992450640625
4 0.5611991625 0.1828125 0.559375 0.1795968671875 0.4041000375 0.1796875 0.4046875 0.2187938359375 0.4234375 0.22206419375 0.4328125 0.22665250937499998 0.5296875 0.2266797203125 0.5515625 0.2172142046875 0.560991103125 0.2078125 0.5611991625 0.1828125
4 0.8953125 0.9000218875 0.9000813437499999 0.8953125 0.8984572390625001 0.8640625 0.6654109078125 0.8640625 0.665625 0.9047693671875001 0.671875 0.9017226562499999 0.703125 0.901753459375 0.73125 0.9111028203125 0.8328125 0.9109467546875001 0.8578125 0.903218425 0.88125 0.9031393281250001 0.8953125 0.9000218875
4 0.920390971875 0.4109375 0.9203125 0.38243218125 0.728125 0.3821580625 0.696875 0.3842469796875 0.5667401046875 0.3828125 0.567118625 0.4171875 0.6015625 0.4234436296875 0.6140625 0.42200170468750003 0.6265625 0.425012528125 0.6515625 0.425164525 0.684375 0.4297078046875 0.7328125 0.4312554140625 0.8921875 0.43126798125 0.9078125 0.42976107187499996 0.9156799843749999 0.4265625 0.920390971875 0.4109375
4 0.6719420656249999 0.753125 0.6719301046874999 0.7421875 0.6672592046875 0.7234375 0.47000084218750005 0.7234375 0.4703125 0.762607425 0.4765625 0.7595058390625 0.484375 0.7595350625 0.534375 0.7703464328125 0.6171875 0.7703812359375 0.6296875 0.765823865625 0.6640625 0.7609926609375 0.6719420656249999 0.753125
4 0.5359375 0.40309940624999996 0.13856237968750001 0.403125 0.1386054921875 0.446875 0.140625 0.45156772187499994 0.5171875 0.45156913125000003 0.5265625 0.45011308281250006 0.5344154249999999 0.44375 0.5359375 0.40309940624999996
4 0.328146771875 0.0921875 0.3284485515625 0.0828125 0.1789743125 0.0828125 0.1796875 0.1094066359375 0.1828125 0.1063842765625 0.203125 0.10637212656249999 0.215625 0.1110497546875 0.2203125 0.11562628125 0.2828125 0.115675840625 0.2921875 0.10947783281250001 0.315625 0.10629518125 0.328146771875 0.0921875
4 0.259375 0.6796525890625 0.253125 0.6842745390625 0.246875 0.6843122765625 0.2203125 0.68430889375 0.2187761203125 0.6828125 0.221875 0.6796855046875 0.210702575 0.6796875 0.2109375 0.7127658328125 0.38125 0.7125101078125 0.3921958046875 0.7078125 0.3921875 0.6791925734375 0.259375 0.6796525890625
4 0.6181578234375 0.321875 0.61875 0.3440108328125 0.75 0.34532569375 0.7658681390625001 0.3421875 0.765625 0.321828015625 0.6181578234375 0.321875
4 0.5851989765625001 0.7890625 0.5859375 0.8097132953124999 0.63125 0.8094512765624999 0.63601750625 0.80625 0.6359375 0.7885546140625 0.5851989765625001 0.7890625
6 0.2296875 0.983264421875 0.46875 0.9828905140625 0.46875 0.954120153125 0.2290153578125 0.9546875 0.2296875 0.983264421875
6 0.0431282484375 0.9671875 0.0828125 0.9675896125 0.08339434531249999 0.925 0.04375 0.9242616984375 0.0431282484375 0.9671875
4 0.4202113953125 0.86151168125 0.5670863953125 0.8611856343750001 0.5842738953125 0.8577668265625 0.5905238953125 0.8610839718750001 0.5905238953125 0.8291974812499999 0.41950095000000004 0.829571825 0.4202113953125 0.86151168125
6 0.50625 0.9817738765625 0.7484375 0.9817258875 0.7484375 0.9571436171875 0.505521565625 0.9578125 0.50625 0.9817738765625
2 0.043149334375 0.965625 0.084375 0.9658493515625001 0.08492405 0.9234375 0.04375 0.9226924437499999 0.043149334375 0.965625
6 0.453125 0.5563049578125 0.471875 0.537675525 0.49375 0.532893028125 0.5078125 0.5158259296875001 0.540625 0.5016204234375 0.5907193734375 0.4578125 0.593816475 0.453125 0.5938241921875 0.434375 0.584375 0.4311659234375 0.5640625 0.43428760468750005 0.5265625 0.4529028109375 0.5203125 0.453058909375 0.4796875 0.49193235468749996 0.4453125 0.5093177078125 0.4296875 0.520071971875 0.4203125 0.5217854140625 0.390625 0.5343227125000001 0.3859375 0.54052304375 0.378125 0.5452259984375 0.36875 0.5436906968749999 0.36399555625 0.546875 0.36401971718750004 0.55 0.36875 0.5547302078125 0.403125 0.5719621359375 0.4109375 0.5750580078125 0.4203125 0.5750459875 0.4265625 0.5735221312500001 0.446875 0.5579883765625 0.453125 0.5563049578125