7 0.0798544453125 0.237582421875 0.95483105625 0.233342259375 0.9527157671875001 0.18310271718749999 0.06638835 0.1993090203125 0.0798544453125 0.237582421875
6 0.22292345156249999 0.2852023921875 0.2208081640625 0.3046499625 0.37311263125 0.3062705984375 0.36676665 0.28682302656249997 0.22292345156249999 0.2852023921875
2 0.0842761796875 0.19011754218750002 0.942387665625 0.18182830156250002 0.9392963390625001 0.08590984375 0.0827006234375 0.0953832671875 0.0842761796875 0.19011754218750002
2 0.0873376125 0.3109037375 0.088883275 0.509845678125 0.9486873078125001 0.5051089515625 0.9425046578125 0.2410372 0.0861827296875 0.2513774875 0.0873376125 0.27893092343750003 0.3871952625 0.27656255937499996 0.39028658906249997 0.30971955625 0.0873376125 0.3109037375
7 0.08922071718749999 0.5300194921875 0.2953011234375 0.528470659375 0.29399672187500003 0.516978246875 0.08724971249999999 0.51747791875 0.08922071718749999 0.5300194921875
4 0.514289959375 0.7669705687499999 0.5088654234375001 0.53354753125 0.128244909375 0.53770344375 0.1318612671875 0.5550196859375001 0.087045065625 0.554613309375 0.090273275 0.7905206609375 0.298213240625 0.78497944375 0.298213240625 0.772511746875 0.514289959375 0.7669705687499999
4 0.517002203125 0.9538080593749999 0.5115777171875 0.787572075 0.1327653328125 0.793113290625 0.132633921875 0.793301675 0.1354776015625 0.8119928156249999 0.092081428125 0.8113001437499999 0.0966018765625 0.9641978203124999 0.517002203125 0.9538080593749999
6 0.066766996875 0.9129417249999999 0.0658629328125 0.951730121875 0.090273275 0.95034481875 0.090273275 0.9108637484375001 0.066766996875 0.9129417249999999
3 0.0703833546875 0.8893916328125 0.069479265625 0.9039372671875 0.0866569171875 0.8997813546875 0.0830405828125 0.8845430500000001 0.0703833546875 0.8893916328125
4 0.5848657109375 0.852414053125 0.5387572953124999 0.852414053125 0.542373628125 0.9563115484375 0.5450858968750001 0.9535409390625 0.9663903140625001 0.9479997625 0.9636780703125 0.8350978093749999 0.5803452874999999 0.834405178125 0.5848657109375 0.852414053125
4 0.53242866875 0.697953134375 0.5315246046875 0.7069575718750001 0.5369491171874999 0.711113484375 0.5414695390625 0.8309418984375 0.8161757515625 0.829449275 0.8135996609375 0.8143183265625 0.9627740062499999 0.8129330234375001 0.952829046875 0.6799442390625 0.5767289296875 0.6820221765625 0.5776330187500001 0.6965678296875 0.53242866875 0.697953134375
4 0.5776330187500001 0.5621937531250001 0.5315246046875 0.5642716984375 0.5306205140625 0.6778662828125 0.9524192156250001 0.675515509375 0.955541290625 0.5434921953125 0.575824840625 0.546955446875 0.5776330187500001 0.5621937531250001
4 0.95734946875 0.5095523531249999 0.5315246046875 0.513015603125 0.5306205140625 0.5400289546875 0.625970453125 0.542772371875 0.625549615625 0.5282538999999999 0.9537331109375 0.5254833015625 0.95734946875 0.5095523531249999