0 0.5582639781250001 0.76492716875 0.5628556171875 0.7818411234375 0.5713830062499999 0.7947753453125 0.5569520453125001 0.7957702875 0.5569520453125001 0.9126756500000001 0.556296103125 0.9261073328125 0.5694151328125 0.9295896062500001 0.9465872640624999 0.9305845671874999 0.9610181750000001 0.9271022578125001 0.9669216984375 0.920137675 0.9682335828124999 0.9101883015625001 0.9702014562500001 0.8092019531249999 0.9695455656249999 0.792785459375 0.9656098156249999 0.7813436609375 0.9518347953124999 0.7689069203125001 0.9662658078125 0.759454990625 0.9623300578125 0.754480303125 0.9511789046875 0.7490081359375 0.579137265625 0.74860126875 0.570071075 0.751495484375 0.560231803125 0.7569676421875 0.5582639781250001 0.76492716875
3 0.08438314062499999 0.8569197046875001 0.0710731890625 0.85685275 0.0686676421875 0.8755748265625 0.08574971249999999 0.8740202187499999 0.08438314062499999 0.8569197046875001
6 0.08438314062499999 0.9170306281249999 0.086432984375 0.8854205671875001 0.0710731890625 0.8834027515624999 0.06798434375 0.898893715625 0.06798434375 0.9170306281249999 0.08438314062499999 0.9170306281249999
1 0.26271995625 0.3679813875 0.3727284703125 0.3700541859375 0.3734117421875 0.3586538375 0.227400071875 0.355640515625 0.227189221875 0.3684995984375 0.25452053124999996 0.3705723765625 0.26271995625 0.3679813875
2 0.37682815468749997 0.07641908124999999 0.0351948890625 0.0745990296875 0.035870075 0.3515819875 0.3734117421875 0.35624573437499996 0.37682815468749997 0.07641908124999999
7 0.1827758421875 0.38923270312499997 0.21215702187500002 0.3907872921875 0.21215702187500002 0.371095790625 0.14451201875 0.37213216875 0.10556489531249999 0.36435920624999996 0.096700546875 0.3731246640625 0.1007819375 0.38975089218750003 0.1424622015625 0.38923270312499997 0.1827758421875 0.38923270312499997
6 0.9626172937499999 0.60644965 0.8895060609375 0.6054132890624999 0.87406373125 0.608189315625 0.8737905359375 0.618886378125 0.9626172937499999 0.6194045874999999 0.9626172937499999 0.60644965
7 0.641474346875 0.6256229609374999 0.569046384375 0.6219955749999999 0.4891023234375 0.622513765625 0.45548355625000003 0.6256734640625 0.459037871875 0.643241665625 0.640107803125 0.6427234765625001 0.641474346875 0.6256229609374999
4 0.0925287515625 0.738351946875 0.2846720734375 0.7351375359375 0.2769015828125 0.7206726453125001 0.298093859375 0.7179939640625 0.2973874609375 0.6729920875000001 0.233810628125 0.6713848828125 0.233810628125 0.659598675 0.11675349531250001 0.6595701953125 0.121491546875 0.6762065296875 0.0946479734375 0.6751350328125 0.0925287515625 0.738351946875
4 0.096060825 0.83049863125 0.20696705468749999 0.8310343609374999 0.20696705468749999 0.8154980140625 0.29950665625 0.8160337421875001 0.30162590625 0.800497375 0.26701184218749996 0.7978186921875 0.26701184218749996 0.783353821875 0.29950665625 0.7828180734375 0.29950665625 0.7351375359375 0.12028612812499999 0.7378991765625 0.1243171953125 0.7506738828125 0.0946479734375 0.7501381546875 0.096060825 0.83049863125
4 0.095354371875 0.8847194703125 0.09888641875000001 0.9302570734375 0.21685679531250002 0.9281141203125 0.21261835156250003 0.9136492296875 0.2988002578125 0.9147207078124999 0.30303870312500003 0.8991843609375 0.16740814843750002 0.8997201296874999 0.154692759375 0.8948984515625 0.152573565625 0.8804335828125 0.30021305468750004 0.8793621046875 0.298093859375 0.833288753125 0.20979270312499998 0.8338245015625001 0.1412709734375 0.8338245015625001 0.12205244374999999 0.8356430343750001 0.12078514843749999 0.8509680734374999 0.093941575 0.8509680734374999 0.095354371875 0.8847194703125
4 0.3106618109375 0.7062223609375 0.3438630234375 0.7083653156249999 0.4102655046875 0.7072938375 0.408852653125 0.6917574703125 0.5183460859375 0.6928289484375 0.5155204921875 0.6612204859374999 0.381302734375 0.660149028125 0.3428419875 0.662248109375 0.34598227187499997 0.67889980625 0.31419385625 0.6783640578125001 0.3106618109375 0.7062223609375
4 0.31772590312500004 0.8035596078125 0.5197589375 0.8030238796875 0.5204653359375 0.7714154171875001 0.437815475 0.770343940625 0.434989828125 0.7548075828125 0.5239973828125 0.7558790796875 0.5218781328125 0.7226634015625 0.40814625312499997 0.7237348890625 0.3437251453125 0.7245096078125 0.3488078671875 0.739806984375 0.3163130515625 0.739806984375 0.31772590312500004 0.8035596078125
4 0.31419385625 0.92099735 0.5042179015625 0.92099735 0.5183460859375 0.9043895281250001 0.521171734375 0.8567089687499999 0.386247578125 0.856173240625 0.3784770875 0.8395654171875 0.5183460859375 0.838493940625 0.5183460859375 0.8079569531249999 0.3707065953125 0.8084926921875001 0.33754303750000003 0.809533375 0.3339732828125 0.82670773125 0.3106618109375 0.8277791999999999 0.31419385625 0.92099735
4 0.538332821875 0.7220177515625 0.6075608953125 0.7252321640625 0.606854496875 0.707017134375 0.7396594578125 0.7091600671875 0.7446043015625 0.6609437812500001 0.5671641625 0.6595701953125 0.5680019890625 0.6780873546875 0.5397456187499999 0.67915883125 0.538332821875 0.7220177515625
4 0.7688236171875 0.711969425 0.7652915703125001 0.738220503125 0.8394645421875 0.738220503125 0.8394645421875 0.721612678125 0.9694438546875 0.7226841562499999 0.96520535625 0.6626816625 0.881849096875 0.6594672609375001 0.78530423125 0.6595701953125 0.7907222921875 0.6771465421875 0.7575210796875 0.6766108140625 0.7688236171875 0.711969425
4 0.19710305156250002 0.40234375 0.19195003125 0.3984375 0.155878884375 0.40234375 0.137843309375 0.3984375 0.1288255234375 0.4013671875 0.1262490140625 0.4130859375 0.1198077375 0.41796875 0.10048390781250001 0.4228515625 0.10268754375 0.44607530000000006 0.1249607578125 0.44921875 0.314334278125 0.4501953125 0.374882275 0.447265625 0.37617052968750003 0.4072265625 0.3439641484375 0.40234375 0.19710305156250002 0.40234375
4 0.666027959375 0.158203125 0.6750457453125 0.1513671875 0.6776222546875 0.1416015625 0.6801987656249999 0.1142578125 0.6750457453125 0.0810546875 0.66860446875 0.076171875 0.5949799453125 0.07764963281250001 0.58586411875 0.07396249687499999 0.47465107968750003 0.0753451703125 0.4599071203125 0.076171875 0.40064737812500006 0.078125 0.3967826125 0.0830078125 0.3967826125 0.1083984375 0.401935634375 0.1689453125 0.4083769109375 0.171875 0.449601078125 0.173828125 0.5153020953125 0.1728515625 0.552661496875 0.169921875 0.6041917078125 0.171875 0.632533321875 0.158203125 0.666027959375 0.158203125
4 0.6521058390625 0.3341115 0.6698927234375 0.3251953125 0.6724692343750001 0.1943359375 0.66860446875 0.185546875 0.617074259375 0.1796875 0.5810031125 0.1796875 0.5706970703125 0.18359375 0.544931965625 0.1796875 0.5191668609375 0.1796875 0.50886081875 0.18359375 0.4392950375 0.181640625 0.42641248281250005 0.18359375 0.418682953125 0.1953125 0.3967826125 0.2021484375 0.39420610312500004 0.2880859375 0.3980781109375 0.34102488750000004 0.39990129531249996 0.34839919375 0.4284641953125 0.3502427359375 0.4576348546875 0.34839919375 0.4908252453125 0.349609375 0.552661496875 0.349609375 0.560391028125 0.345703125 0.6223274203125 0.3502427359375 0.65028265625 0.3470164859375 0.6521058390625 0.3341115
4 0.6041917078125 0.4375 0.6273803015625 0.43359375 0.666027959375 0.43359375 0.6698927234375 0.4306640625 0.6750457453125 0.3916015625 0.6724692343750001 0.3583984375 0.666027959375 0.3515625 0.5852564078125 0.35254719843750004 0.5758500921875 0.349609375 0.5196224484374999 0.35254719843750004 0.4985547765625 0.3515625 0.49340175625000005 0.35546875 0.4702131625 0.3515625 0.43671852656250004 0.3515625 0.4277007390625 0.3564453125 0.4277007390625 0.3662109375 0.4238359734375 0.369140625 0.418682953125 0.3671875 0.3992935828125 0.3732873578125 0.3993591234375 0.4267578125 0.4011167203125 0.447951940625 0.5462202203125 0.4482421875 0.560391028125 0.447265625 0.5732735812499999 0.439453125 0.5938856640625 0.435546875 0.6041917078125 0.4375
4 0.966191428125 0.1591796875 0.966191428125 0.1376953125 0.9713444499999999 0.1279296875 0.9713444499999999 0.1025390625 0.966191428125 0.0986328125 0.9713444499999999 0.0947265625 0.966191428125 0.0791015625 0.94872595625 0.0791639 0.8204966453125 0.07547678125 0.792276971875 0.076171875 0.7407467624999999 0.076171875 0.7278642093750001 0.072265625 0.6943695734374999 0.078125 0.6905048078125 0.0830078125 0.69308131875 0.1689453125 0.696946084375 0.171875 0.7773484140625 0.1750295375 0.7768179078124999 0.166015625 0.7974299921875 0.16015625 0.9623266625 0.162109375 0.966191428125 0.1591796875
4 0.9004904109374999 0.29296875 0.9623266625 0.2890625 0.9687679390625 0.2763671875 0.966191428125 0.2724609375 0.9713444499999999 0.2685546875 0.9713444499999999 0.1982421875 0.966191428125 0.1962890625 0.966191428125 0.1845703125 0.9494441109375 0.177734375 0.8695722859374999 0.1796875 0.8438071812500001 0.17578125 0.7716648875 0.17578125 0.720134678125 0.1796875 0.7098286359375 0.189453125 0.696946084375 0.19140625 0.6905048078125 0.1962890625 0.69308131875 0.2998046875 0.7020991046875 0.3046875 0.75491756875 0.3037109375 0.7716648875 0.298828125 0.7742413984375001 0.29296875 0.7897004609375 0.291015625 0.9004904109374999 0.29296875
4 0.9571736421875 0.32421875 0.87472530625 0.3203125 0.7227111890625 0.3203125 0.7098286359375 0.3359375 0.696946084375 0.337890625 0.6853517859375 0.3447265625 0.6827752765625 0.4345703125 0.6892165515625 0.447265625 0.7304407203125 0.451171875 0.8051595234375 0.451171875 0.8128890546875001 0.453125 0.95905720625 0.4503562578125 0.9614881015625001 0.4439037578125 0.9610384078124999 0.3466796875 0.9636149187499999 0.3330078125 0.9571736421875 0.32421875
4 0.38132354999999996 0.5810546875 0.37617052968750003 0.5751953125 0.38132354999999996 0.5517578125 0.38132354999999996 0.4873046875 0.37617052968750003 0.4833984375 0.37617052968750003 0.4775390625 0.3723057640625 0.474609375 0.33108159531250003 0.474609375 0.297586959375 0.46875 0.25120977187500004 0.47265625 0.10692518437500001 0.47265625 0.10048390781250001 0.4794921875 0.10048390781250001 0.6162109375 0.1078458546875 0.6201372421875 0.2913778296875 0.6150674671874999 0.3671527421875 0.619140625 0.37874704062500003 0.6142578125 0.37617052968750003 0.5908203125 0.38132354999999996 0.5810546875
4 0.6698927234375 0.4755859375 0.666027959375 0.47265625 0.617074259375 0.470703125 0.48513439687500004 0.4749561265625 0.4392950375 0.474609375 0.39807086875 0.474609375 0.39162959218750004 0.4853515625 0.39162959218750004 0.5126953125 0.38905308125000004 0.5712890625 0.39162959218750004 0.6162109375 0.39807086875 0.619140625 0.4392950375 0.62109375 0.5616792828125 0.6201171875 0.6634514484375 0.619140625 0.6698817499999999 0.6178327796875 0.6741358765625 0.5445508890624999 0.6698927234375 0.4755859375
4 0.743323271875 0.470703125 0.7227111890625 0.474609375 0.6943695734374999 0.474609375 0.6905048078125 0.4775390625 0.6905048078125 0.4814453125 0.6995225953124999 0.486328125 0.8450954359375 0.4853515625 0.8528249671875001 0.4833984375 0.8489602015625 0.474609375 0.8180420749999999 0.470703125 0.743323271875 0.470703125
4 0.9664499484375 0.512749303125 0.9636149187499999 0.4951171875 0.9571736421875 0.4921875 0.93302525625 0.4920091421875 0.903066921875 0.490234375 0.83607765 0.490234375 0.7381702515625 0.48828125 0.7175581671875 0.4921875 0.6995225953124999 0.5 0.6905048078125 0.5107421875 0.687928296875 0.5771484375 0.6943695734374999 0.583984375 0.9172377296875001 0.5849609375 0.9339850484375001 0.57421875 0.9571736421875 0.5703125 0.966191428125 0.5634765625 0.9664499484375 0.512749303125