2 0.3601586421875 0.300170659375 0.6248780078125 0.3008927875 0.6248780078125 0.073098178125 0.35817465 0.0714939859375 0.3601586421875 0.300170659375
2 0.651965090625 0.0698898046875 0.6537838828125 0.2965622671875 0.9160499859375 0.2992885953125 0.9181336109375 0.0714939859375 0.651965090625 0.0698898046875
1 0.654555721875 0.3145283765625 0.6550688921875001 0.32398605156250004 0.737900484375 0.3265597734375 0.7358168593750001 0.3113199921875 0.654555721875 0.3145283765625
1 0.3522445375 0.3256782078125 0.46974296875 0.325372909375 0.47115284687500003 0.3101763671875 0.354838175 0.3145182234375 0.3522445375 0.3256782078125
4 0.6346983515625 0.9178840390625 0.6297637546875 0.35345563750000003 0.358592159375 0.354489175 0.3583628734375 0.9347088031249999 0.3943146734375 0.9357942453125 0.3971344296875 0.9216831750000001 0.6346983515625 0.9178840390625
4 0.6744899171875 0.3682489296875 0.642062815625 0.36879165 0.648678503125 0.9131289453125 0.924742690625 0.912526425 0.9169883750000001 0.3481677515625 0.6744899171875 0.3492532234375 0.6744899171875 0.3682489296875
6 0.9226278921875 0.917953753125 0.7696564625 0.917953753125 0.7675924921874999 0.9311959796875 0.9275624499999999 0.93097938125 0.9226278921875 0.917953753125
6 0.0487581921875 0.8963089562500001 0.043929175 0.908790396875 0.043148603125000004 0.9301704703125001 0.0629002921875 0.9300354046875 0.0629002921875 0.8971056390625 0.0487581921875 0.8963089562500001
3 0.047186303125 0.8876394796874999 0.0639350828125 0.8870142609375 0.0618655 0.86815933125 0.04806833125 0.8700182671875 0.047186303125 0.8876394796874999
4 0.100264159375 0.8365573875000001 0.065596509375 0.8373540703125 0.0670642140625 0.9318430375 0.34045265625 0.9332221515624999 0.33803815312499996 0.8195613859374999 0.09922936875 0.819030259375 0.100264159375 0.8365573875000001
4 0.33341385625000003 0.44426000312499997 0.0920678421875 0.44000066093749995 0.0899932296875 0.4543758984375 0.057491040625 0.4575704046875 0.05541644531249999 0.5182658609375 0.065789478125 0.5289141890625 0.0648564625 0.8150022796874999 0.30146110625 0.8163517953125 0.30146110625 0.803446734375 0.340731909375 0.8016031375000001 0.33341385625000003 0.44426000312499997
4 0.3375630453125 0.17536581874999999 0.090684765625 0.17270374375 0.08861015312500001 0.1897410546875 0.061640268750000005 0.1897410546875 0.057863031249999995 0.43780913281249995 0.26702640624999996 0.4411339140625 0.26426025468750003 0.42622624374999996 0.339637678125 0.4230317375 0.3375630453125 0.17536581874999999
4 0.3361800078125 0.067817746875 0.060257192187499996 0.067817746875 0.056799503125 0.16471749062500002 0.0572403359375 0.1641450671875 0.09137630468749999 0.165249909375 0.0962170515625 0.1498098359375 0.334105375 0.1498098359375 0.3361800078125 0.067817746875