5 0.9394347 0.083984375 0.34818209218749996 0.08203125 0.2089092546875 0.078125 0.082775365625 0.078125 0.076205890625 0.0810546875 0.0735781015625 0.5537109375 0.0775197859375 0.556640625 0.5715441875 0.5625 0.9354930156249999 0.5615234375 0.9407485937500001 0.5576171875 0.9433763828125 0.3193359375 0.9433763828125 0.0869140625 0.9394347 0.083984375
5 0.93155133125 0.609375 0.153725678125 0.603515625 0.07095031406249999 0.6064453125 0.065694734375 0.9365234375 0.07226420781250001 0.94140625 0.9276096468749999 0.9443359375 0.9354930156249999 0.9384765625 0.9381208046875 0.7392578125 0.9381208046875 0.6220703125 0.93155133125 0.609375
6 0.028905684375 0.9267578125 0.047300209375 0.9287109375 0.0538696828125 0.892578125 0.0341612609375 0.8974609375 0.028905684375 0.9150390625 0.028905684375 0.9267578125
3 0.049927998437499996 0.8798828125 0.05255578749999999 0.8681640625 0.0407307359375 0.8671875 0.039416840625 0.8798828125 0.049927998437499996 0.8798828125
7 0.7055614453125 0.57421875 0.6871669203125 0.57421875 0.6819113406249999 0.578125 0.6214721859375001 0.578125 0.6083332390625 0.576171875 0.6030776609374999 0.5703125 0.576799765625 0.56640625 0.49796608593749997 0.56640625 0.47431598125 0.57421875 0.45066587656249996 0.576171875 0.4112490359375 0.576171875 0.38759893125 0.568359375 0.3429265125 0.57421875 0.237986428125 0.5646375203125 0.14058673125 0.57421875 0.0959143125 0.568359375 0.0735781015625 0.5791015625 0.076205890625 0.5927734375 0.0906587328125 0.599609375 0.2483260953125 0.599609375 0.2798595671875 0.603515625 0.3192764078125 0.599609375 0.4301510921875 0.5999998093750001 0.45329366562500006 0.599609375 0.4795715609375 0.603515625 0.5636608203125 0.603515625 0.5820553453125 0.59765625 0.6083332390625 0.603515625 0.6608890265625 0.603515625 0.689794709375 0.59765625 0.7160726015625001 0.607421875 0.751547759375 0.6064453125 0.7804534421875 0.5888671875 0.776511759375 0.580078125 0.7160726015625001 0.578125 0.7055614453125 0.57421875
6 0.23387325468750003 0.1103515625 0.2312454640625 0.0927734375 0.206281465625 0.0859375 0.172120203125 0.08984375 0.0959143125 0.087890625 0.08146147031249999 0.0966796875 0.0893448390625 0.1025390625 0.084089259375 0.1142578125 0.0906587328125 0.119140625 0.1366450484375 0.1240234375 0.1458423109375 0.12109375 0.2220482015625 0.123046875 0.2312454640625 0.1181640625 0.23387325468750003 0.1103515625
6 0.0906587328125 0.13671875 0.08146147031249999 0.1435546875 0.0893448390625 0.1494140625 0.084089259375 0.1552734375 0.08671704999999999 0.1611328125 0.0985421015625 0.166015625 0.135331153125 0.16796875 0.14058673125 0.1640625 0.161609046875 0.1640625 0.178689678125 0.1669921875 0.207595359375 0.1630859375 0.2141648328125 0.13671875 0.10379768125 0.134765625 0.0906587328125 0.13671875
6 0.30745135625 0.1376953125 0.31664861875 0.146484375 0.3442404078125 0.1474609375 0.352123775 0.1376953125 0.34818209218749996 0.130859375 0.3140208296875 0.130859375 0.30745135625 0.1376953125
6 0.3140208296875 0.16796875 0.33898482812499997 0.1689453125 0.3376709328125 0.15625 0.3087652515625 0.15625 0.302195778125 0.1630859375 0.3140208296875 0.16796875
6 0.258837253125 0.1796875 0.2378149375 0.17578125 0.1563534671875 0.17578125 0.1484700984375 0.1796875 0.08803094375 0.177734375 0.08146147031249999 0.1806640625 0.08146147031249999 0.1884765625 0.08803094375 0.193359375 0.2312454640625 0.1943359375 0.3455543015625 0.19140625 0.35475156406249997 0.1806640625 0.329787565625 0.173828125 0.258837253125 0.1796875
6 0.08540315312499999 0.21484375 0.091972628125 0.2138671875 0.091972628125 0.2041015625 0.082775365625 0.203125 0.07883368125 0.2099609375 0.08540315312499999 0.21484375
6 0.082775365625 0.228515625 0.07883368125 0.2392578125 0.09460041875 0.2412109375 0.09722820625 0.2392578125 0.0893448390625 0.2353515625 0.091972628125 0.2294921875 0.082775365625 0.228515625
6 0.09722820625 0.2607421875 0.08803094375 0.25 0.076205890625 0.2548828125 0.0801475765625 0.26171875 0.09722820625 0.2607421875
6 0.09722820625 0.2861328125 0.093286521875 0.275390625 0.08146147031249999 0.2763671875 0.08540315312499999 0.287109375 0.09722820625 0.2861328125
6 0.082775365625 0.310546875 0.091972628125 0.3095703125 0.09460041875 0.2998046875 0.08803094375 0.296875 0.07883368125 0.3056640625 0.082775365625 0.310546875
6 0.294312409375 0.3408203125 0.2969401984375 0.3291015625 0.290370725 0.32421875 0.266720621875 0.3203125 0.24569830625 0.32421875 0.224675990625 0.32421875 0.21679262187499998 0.3203125 0.093286521875 0.32421875 0.08671704999999999 0.3291015625 0.08146147031249999 0.3525390625 0.0906587328125 0.361328125 0.11562273125 0.3623046875 0.2824873578125 0.361328125 0.3008818828125 0.357421875 0.30745135625 0.3466796875 0.294312409375 0.3408203125
6 0.076205890625 0.3798828125 0.084089259375 0.3818359375 0.0893448390625 0.3798828125 0.08540315312499999 0.369140625 0.076205890625 0.3740234375 0.076205890625 0.3798828125
6 0.0893448390625 0.4052734375 0.08540315312499999 0.392578125 0.07883368125 0.3955078125 0.07883368125 0.4033203125 0.0893448390625 0.4052734375
6 0.082775365625 0.4296875 0.091972628125 0.4287109375 0.0906587328125 0.419921875 0.082775365625 0.41796875 0.076205890625 0.4228515625 0.082775365625 0.4296875
6 0.09460041875 0.4560546875 0.08803094375 0.4453125 0.07883368125 0.4462890625 0.0801475765625 0.455078125 0.09460041875 0.4560546875
6 0.329787565625 0.466796875 0.082775365625 0.46484375 0.076205890625 0.4697265625 0.076205890625 0.4970703125 0.0906587328125 0.50390625 0.1458423109375 0.501953125 0.19314251875 0.505859375 0.21679262187499998 0.501953125 0.277231778125 0.505859375 0.292998515625 0.501953125 0.2982540921875 0.505859375 0.32059030312500003 0.5048828125 0.331101459375 0.5009765625 0.34161261875000004 0.4853515625 0.34161261875000004 0.4716796875 0.329787565625 0.466796875
6 0.07883368125 0.5166015625 0.0801475765625 0.5234375 0.1658898875 0.5271225937499999 0.174624584375 0.5148540328125 0.14453821718749998 0.5112456359374999 0.08540315312499999 0.513671875 0.07883368125 0.5166015625
6 0.076205890625 0.5419921875 0.0801475765625 0.552734375 0.093286521875 0.548828125 0.1090532578125 0.552734375 0.1576673609375 0.5517578125 0.17080630937500002 0.5498046875 0.16949241406249999 0.5390625 0.14058673125 0.537109375 0.076205890625 0.5419921875
6 0.2207343078125 0.5224609375 0.22730378125 0.525390625 0.315334725 0.5263671875 0.3232180921875 0.5244140625 0.3192764078125 0.513671875 0.2207343078125 0.5146484375 0.2207343078125 0.5224609375
6 0.292998515625 0.54296875 0.258837253125 0.537109375 0.2207343078125 0.5439453125 0.23518714843750002 0.552734375 0.31007914531249997 0.5537109375 0.3284736703125 0.5478515625 0.3284736703125 0.5419921875 0.3192764078125 0.53515625 0.292998515625 0.54296875
6 0.779139546875 0.119140625 0.794906284375 0.11328125 0.8027896515625 0.1171875 0.8632288062500001 0.1171875 0.8724260703125 0.1142578125 0.8750538593750001 0.1025390625 0.8632288062500001 0.09375 0.8422064921875 0.09375 0.8316953359375001 0.099609375 0.8264397562499999 0.09375 0.8001618625000001 0.09375 0.794906284375 0.09765625 0.7843951265625 0.091796875 0.7660006015625 0.09375 0.7633728109375 0.1015625 0.7554894437499999 0.087890625 0.7344671296875 0.0859375 0.3836572484375 0.0908203125 0.38891282656250004 0.1181640625 0.4033656671875 0.123046875 0.461177034375 0.12109375 0.5321273468750001 0.125 0.550521871875 0.12109375 0.5689163984375 0.126953125 0.5873109249999999 0.126953125 0.6083332390625 0.12109375 0.6346111328124999 0.126953125 0.710817025 0.123046875 0.7226420765625 0.1259765625 0.7449782859375 0.125 0.7554894437499999 0.109375 0.7633728109375 0.109375 0.779139546875 0.119140625
6 0.5478940828125001 0.130859375 0.5163606109375001 0.134765625 0.505849453125 0.130859375 0.46380482343749996 0.130859375 0.45066587656249996 0.134765625 0.3928545109375 0.1328125 0.3836572484375 0.1396484375 0.3928545109375 0.1484375 0.5097911374999999 0.1494140625 0.5478940828125001 0.1484375 0.557091346875 0.1435546875 0.557091346875 0.1357421875 0.5478940828125001 0.130859375
6 0.57023029375 0.1591796875 0.550521871875 0.154296875 0.5294995578125 0.158203125 0.390226721875 0.154296875 0.3836572484375 0.1591796875 0.3836572484375 0.1650390625 0.398110090625 0.171875 0.4296435609375 0.173828125 0.461177034375 0.16796875 0.512418928125 0.1728515625 0.5242439796875 0.166015625 0.5531496625 0.171875 0.56103303125 0.169921875 0.57023029375 0.1591796875
6 0.382343353125 0.181640625 0.381029459375 0.1943359375 0.391540615625 0.1962890625 0.41913240468749996 0.193359375 0.42307408906250005 0.1826171875 0.41913240468749996 0.1796875 0.382343353125 0.181640625
6 0.400737878125 0.203125 0.3836572484375 0.2080078125 0.3836572484375 0.2138671875 0.3954823 0.216796875 0.4519797703125 0.2197265625 0.46906040156250006 0.205078125 0.44803808749999996 0.201171875 0.43752692968750007 0.205078125 0.400737878125 0.203125
6 0.381029459375 0.2314453125 0.381029459375 0.2392578125 0.38759893125 0.2421875 0.43884082500000005 0.2412109375 0.45066587656249996 0.240234375 0.45460756093750004 0.2314453125 0.43227135156249996 0.2265625 0.381029459375 0.2314453125
6 0.381029459375 0.2568359375 0.381029459375 0.2626953125 0.390226721875 0.267578125 0.436213034375 0.2685546875 0.44672419375 0.2587890625 0.4401547203125 0.25390625 0.408621246875 0.25 0.381029459375 0.2568359375
6 0.390226721875 0.2734375 0.381029459375 0.2822265625 0.3849711421875 0.287109375 0.4309574578125 0.2861328125 0.43489914062499996 0.275390625 0.40599345781249996 0.279296875 0.400737878125 0.2734375 0.390226721875 0.2734375
6 0.461177034375 0.302734375 0.45066587656249996 0.296875 0.3954823 0.296875 0.3757738796875 0.3056640625 0.3757738796875 0.3115234375 0.390226721875 0.31640625 0.49927997968750004 0.3173828125 0.512418928125 0.3134765625 0.5137328218749999 0.30078125 0.48219934999999997 0.298828125 0.461177034375 0.302734375
6 0.6700862890625 0.1376953125 0.674027971875 0.146484375 0.7095031296875 0.1474609375 0.79652195625 0.15172902187499998 0.79749254375 0.1372954265625 0.7160726015625001 0.1328125 0.6700862890625 0.1376953125
6 0.6674585000000001 0.1630859375 0.674027971875 0.169921875 0.6963641828125 0.1708984375 0.72132818125 0.169921875 0.7305254437500001 0.1611328125 0.671400184375 0.16015625 0.6674585000000001 0.1630859375
6 0.768628390625 0.18359375 0.6871669203125 0.18359375 0.6792835515625 0.1796875 0.6674585000000001 0.1865234375 0.6766557625 0.1953125 0.70424755 0.1962890625 0.7318393390625 0.19140625 0.768628390625 0.193359375 0.7725700734375 0.1865234375 0.768628390625 0.18359375
6 0.747606075 0.203125 0.72921155 0.208984375 0.7187003921875 0.205078125 0.674027971875 0.205078125 0.6674585000000001 0.2099609375 0.6674585000000001 0.2158203125 0.6766557625 0.220703125 0.7147587078125001 0.2197265625 0.7712561796874999 0.21875 0.7778256531250001 0.2080078125 0.768628390625 0.203125 0.747606075 0.203125
6 0.6674585000000001 0.2353515625 0.674027971875 0.2421875 0.7226420765625 0.2451171875 0.7357810234375 0.2353515625 0.7318393390625 0.232421875 0.671400184375 0.232421875 0.6674585000000001 0.2353515625
6 0.663516815625 0.3125 0.6871669203125 0.318359375 0.7200142875 0.3173828125 0.7252698671875 0.3056640625 0.7160726015625001 0.302734375 0.6595751328125 0.3056640625 0.663516815625 0.3125
6 0.664830709375 0.2568359375 0.664830709375 0.2666015625 0.674027971875 0.26953125 0.7344671296875 0.26953125 0.742350496875 0.265625 0.7581172328125 0.271484375 0.7778256531250001 0.2705078125 0.788336809375 0.2685546875 0.7870229156249999 0.255859375 0.671400184375 0.251953125 0.664830709375 0.2568359375
6 0.8803094390625 0.2900390625 0.8803094390625 0.2802734375 0.8238119671874999 0.28125 0.7581172328125 0.2734375 0.7344671296875 0.279296875 0.6766557625 0.275390625 0.6595751328125 0.2802734375 0.6595751328125 0.2861328125 0.674027971875 0.294921875 0.7016197625 0.2958984375 0.80804523125 0.294921875 0.8290675453125 0.291015625 0.873739965625 0.29296875 0.8803094390625 0.2900390625
6 0.635925028125 0.3271484375 0.5899387125 0.322265625 0.43752692968750007 0.326171875 0.3954823 0.322265625 0.382343353125 0.32421875 0.37051829999999997 0.3349609375 0.3744599859375 0.361328125 0.562346925 0.3642578125 0.6188443968749999 0.361328125 0.62541386875 0.3466796875 0.6332972375 0.3427734375 0.635925028125 0.3271484375
6 0.6661446046874999 0.326171875 0.6569473421875001 0.3447265625 0.6595751328125 0.3583984375 0.68453913125 0.3671875 0.9170984890625 0.3681640625 0.9246316828125 0.344566621875 0.8984274437499999 0.344566621875 0.8964864171875 0.32941133125 0.6661446046874999 0.326171875
6 0.37051829999999997 0.3740234375 0.3744599859375 0.3828125 0.4598631390625 0.3837890625 0.46511871875 0.3779296875 0.45592145625 0.37109375 0.3744599859375 0.37109375 0.37051829999999997 0.3740234375
6 0.377087775 0.392578125 0.37051829999999997 0.3974609375 0.3718321953125 0.408203125 0.3954823 0.404296875 0.4138768265625 0.408203125 0.45460756093750004 0.4072265625 0.46511871875 0.4052734375 0.46511871875 0.3974609375 0.4585492453125 0.39453125 0.377087775 0.392578125
6 0.377087775 0.419921875 0.37051829999999997 0.4228515625 0.37051829999999997 0.4306640625 0.377087775 0.43359375 0.390226721875 0.4296875 0.4598631390625 0.4326171875 0.461177034375 0.421875 0.43489914062499996 0.419921875 0.3928545109375 0.423828125 0.377087775 0.419921875
6 0.37051829999999997 0.4501953125 0.377087775 0.45703125 0.462490928125 0.4580078125 0.46774650781249993 0.4541015625 0.46511871875 0.4482421875 0.445410296875 0.443359375 0.37051829999999997 0.4501953125
6 0.5097911374999999 0.3720703125 0.5137328218749999 0.384765625 0.5373829265625 0.380859375 0.5452662953125 0.384765625 0.5991359765625 0.3857421875 0.6122749234375 0.3837890625 0.6083332390625 0.37109375 0.5268717671875 0.369140625 0.5097911374999999 0.3720703125
6 0.5373829265625 0.40234375 0.521616190625 0.396484375 0.5097911374999999 0.3994140625 0.5137328218749999 0.408203125 0.60701934375 0.4072265625 0.60570545 0.396484375 0.5873109249999999 0.39453125 0.5452662953125 0.396484375 0.5373829265625 0.40234375
6 0.5071633484375 0.4248046875 0.5163606109375001 0.435546875 0.5294995578125 0.431640625 0.550521871875 0.435546875 0.6043915546874999 0.4345703125 0.60701934375 0.4248046875 0.6004498703125 0.421875 0.51110503125 0.421875 0.5071633484375 0.4248046875
6 0.550521871875 0.44140625 0.5373829265625 0.451171875 0.5294995578125 0.451171875 0.5242439796875 0.4453125 0.5071633484375 0.4482421875 0.5071633484375 0.4541015625 0.5189884 0.4609375 0.5649747140625 0.4619140625 0.5899387125 0.458984375 0.5965081875 0.4482421875 0.5820553453125 0.44140625 0.550521871875 0.44140625
6 0.68453913125 0.37109375 0.664830709375 0.3779296875 0.6687723953125 0.38671875 0.8487759671875 0.3896484375 0.892134490625 0.384765625 0.8987039640625 0.3740234375 0.8895067015624999 0.37109375 0.68453913125 0.37109375
6 0.8500898609374999 0.390625 0.708189234375 0.390625 0.663516815625 0.3984375 0.6595751328125 0.4052734375 0.6713238453125 0.4116735125 0.881623334375 0.4140625 0.890820596875 0.4072265625 0.890820596875 0.3994140625 0.8763677546875 0.392578125 0.8500898609374999 0.390625
6 0.7843951265625 0.423828125 0.72132818125 0.41796875 0.7055614453125 0.421875 0.663516815625 0.421875 0.6595751328125 0.4267578125 0.663516815625 0.43359375 0.7003058671875 0.4375 0.8750538593750001 0.4365234375 0.88819280625 0.4306640625 0.8855650171875 0.4248046875 0.8763677546875 0.421875 0.7843951265625 0.423828125
6 0.8724260703125 0.4501953125 0.834323125 0.443359375 0.8052566531249999 0.4492008625 0.779139546875 0.4453125 0.7449782859375 0.4453125 0.7344671296875 0.451171875 0.72132818125 0.447265625 0.6687723953125 0.447265625 0.6595751328125 0.4521484375 0.6608890265625 0.458984375 0.6792835515625 0.462890625 0.788336809375 0.4638671875 0.8001618625000001 0.462890625 0.8159286 0.462890625 0.8632288062500001 0.4609375 0.8724260703125 0.4501953125
6 0.750233865625 0.466796875 0.72132818125 0.470703125 0.663516815625 0.46875 0.6595751328125 0.4736328125 0.6595751328125 0.4814453125 0.6661446046874999 0.484375 0.74891996875 0.4853515625 0.7975340734375 0.482421875 0.8014757578125 0.4736328125 0.7870229156249999 0.46875 0.750233865625 0.466796875
6 0.8829372281250001 0.4970703125 0.8684843859375 0.494140625 0.8054174406250001 0.49609375 0.7975340734375 0.4921875 0.7187003921875 0.4921875 0.708189234375 0.498046875 0.6819113406249999 0.4921875 0.6595751328125 0.4951171875 0.6595751328125 0.5029296875 0.6766557625 0.5078125 0.7003058671875 0.505859375 0.7055614453125 0.501953125 0.73972270625 0.51171875 0.79884796875 0.5107421875 0.8106730203125 0.505859375 0.871112175 0.5078125 0.8829372281250001 0.5029296875 0.8829372281250001 0.4970703125
6 0.6608890265625 0.525390625 0.68453913125 0.529296875 0.7314965796874999 0.5278639375 0.73440819375 0.5155953765625 0.6687723953125 0.515625 0.6569473421875001 0.5205078125 0.6608890265625 0.525390625
6 0.381029459375 0.4990234375 0.38759893125 0.50390625 0.409935140625 0.5029296875 0.4204462984375 0.4970703125 0.41650461562499996 0.4921875 0.3849711421875 0.494140625 0.381029459375 0.4990234375
6 0.37840166875 0.5166015625 0.37840166875 0.5244140625 0.38759893125 0.53125 0.4335852453125 0.5302734375 0.43489914062499996 0.517578125 0.3954823 0.517578125 0.390226721875 0.513671875 0.37840166875 0.5166015625
6 0.3757738796875 0.5458984375 0.377087775 0.55078125 0.4020517734375 0.5517578125 0.4138768265625 0.55078125 0.4151907203125 0.5439453125 0.3797155625 0.54296875 0.3757738796875 0.5458984375
6 0.5163606109375001 0.55078125 0.540010715625 0.556640625 0.57023029375 0.5556640625 0.5741719765625 0.544921875 0.5189884 0.54296875 0.512418928125 0.5458984375 0.5163606109375001 0.55078125
6 0.5938803984375001 0.4716796875 0.461177034375 0.46875 0.45066587656249996 0.47265625 0.445410296875 0.46875 0.41913240468749996 0.466796875 0.390226721875 0.466796875 0.3862850375 0.4716796875 0.3862850375 0.4775390625 0.398110090625 0.482421875 0.4716881921875 0.48046875 0.504535559375 0.4853515625 0.5294995578125 0.48046875 0.576799765625 0.484375 0.5873109249999999 0.482421875 0.5938803984375001 0.4716796875
6 0.5189884 0.490234375 0.512418928125 0.4951171875 0.5189884 0.505859375 0.5859970296875 0.5068359375 0.5938803984375001 0.4970703125 0.584683134375 0.490234375 0.5636608203125 0.494140625 0.5189884 0.490234375
6 0.5268717671875 0.513671875 0.5071633484375 0.5185546875 0.5137328218749999 0.52734375 0.5242439796875 0.529296875 0.5991359765625 0.5302734375 0.60701934375 0.5263671875 0.6030776609374999 0.513671875 0.5689163984375 0.517578125 0.5268717671875 0.513671875
6 0.32059030312500003 0.6181640625 0.2627789375 0.6123046875 0.24569830625 0.61328125 0.224675990625 0.61328125 0.190514728125 0.61328125 0.187886940625 0.607421875 0.1484700984375 0.61328125 0.12219220625 0.607421875 0.1090532578125 0.61328125 0.0906587328125 0.611328125 0.08146147031249999 0.6201171875 0.084089259375 0.6435546875 0.093286521875 0.6484375 0.172120203125 0.6484375 0.187886940625 0.64453125 0.21153704375000001 0.650390625 0.2299315703125 0.64453125 0.25489556874999997 0.6494140625 0.277231778125 0.64453125 0.311393040625 0.64453125 0.3232180921875 0.6279296875 0.32059030312500003 0.6181640625
6 0.11132888437499999 0.6724680421875 0.156943690625 0.6724680421875 0.1944564140625 0.6708984375 0.19314251875 0.65625 0.0735781015625 0.6572265625 0.0780799953125 0.6688596437500001 0.11132888437499999 0.6724680421875
6 0.1411643453125 0.684736603125 0.1300755734375 0.681640625 0.0801475765625 0.681640625 0.076205890625 0.6845703125 0.076205890625 0.6904296875 0.08540315312499999 0.6953125 0.12876167968750002 0.6962890625 0.1773757828125 0.6953125 0.1839452546875 0.6865234375 0.1773757828125 0.681640625 0.1411643453125 0.684736603125
6 0.11430883750000001 0.708984375 0.10379768125 0.705078125 0.0775197859375 0.705078125 0.0735781015625 0.7080078125 0.0775197859375 0.71875 0.2470122 0.7216796875 0.2522677796875 0.7099609375 0.2378149375 0.705078125 0.1327033625 0.705078125 0.11430883750000001 0.708984375
6 0.2430705171875 0.728515625 0.0985421015625 0.7265625 0.076205890625 0.7294921875 0.08146147031249999 0.7451171875 0.0735781015625 0.7490234375 0.0735781015625 0.7587890625 0.0801475765625 0.765625 0.1116810484375 0.763671875 0.14058673125 0.76953125 0.2089092546875 0.767578125 0.2141648328125 0.771484375 0.2233620953125 0.7705078125 0.2483260953125 0.767578125 0.2522677796875 0.7626953125 0.25489556874999997 0.7353515625 0.2430705171875 0.728515625
6 0.2614650421875 0.783203125 0.2509538859375 0.779296875 0.21153704375000001 0.78125 0.15898125624999998 0.77734375 0.1195644171875 0.779296875 0.11693662656249999 0.783203125 0.08803094375 0.77734375 0.0735781015625 0.7841796875 0.07883368125 0.7978515625 0.076205890625 0.8095703125 0.0985421015625 0.81640625 0.2614650421875 0.814453125 0.2746039890625 0.818359375 0.30482356718750003 0.8173828125 0.315334725 0.8056640625 0.315334725 0.7861328125 0.3061374609375 0.78125 0.2614650421875 0.783203125
6 0.084089259375 0.8349609375 0.08146147031249999 0.8271484375 0.06963641875 0.822265625 0.0683225234375 0.8330078125 0.084089259375 0.8349609375
6 0.084089259375 0.8603515625 0.0801475765625 0.8515625 0.0683225234375 0.8544921875 0.07226420781250001 0.861328125 0.084089259375 0.8603515625
6 0.084089259375 0.8857421875 0.084089259375 0.8779296875 0.0732273546875 0.874883178125 0.0683225234375 0.8857421875 0.084089259375 0.8857421875
6 0.07883368125 0.9111328125 0.08146147031249999 0.9033203125 0.07226420781250001 0.900390625 0.0683225234375 0.9091796875 0.07883368125 0.9111328125
6 0.08146147031249999 0.9345703125 0.08146147031249999 0.9248046875 0.074891996875 0.923828125 0.07095031406249999 0.9326171875 0.08146147031249999 0.9345703125
6 0.5951942921875 0.609375 0.5616765859374999 0.6149252265625 0.5471186593749999 0.6098734625 0.516061778125 0.6170902593750001 0.37840166875 0.6162109375 0.37840166875 0.6416015625 0.39668674843749996 0.6474008140625 0.47141748437500003 0.6481224828125 0.5032216640625 0.64453125 0.505849453125 0.6484375 0.5781136609375 0.6494140625 0.6014683125 0.6481224828125 0.60701934375 0.6259765625 0.6043915546874999 0.6142578125 0.5951942921875 0.609375
6 0.3744599859375 0.658203125 0.3678905109375 0.6630859375 0.3718321953125 0.669921875 0.382343353125 0.671875 0.42570187812500004 0.6728515625 0.4296435609375 0.669921875 0.47431598125 0.671875 0.4782576640625 0.6611328125 0.3744599859375 0.658203125
6 0.43227135156249996 0.68359375 0.4112446765625 0.6820414359375 0.3850404375 0.6820414359375 0.3718321953125 0.6796875 0.3652627234375 0.6845703125 0.3718321953125 0.697265625 0.4335852453125 0.6982421875 0.47431598125 0.697265625 0.4808854546875 0.6884765625 0.461177034375 0.6796875 0.43227135156249996 0.68359375
6 0.3652627234375 0.7099609375 0.3652627234375 0.7177734375 0.3744599859375 0.72265625 0.5439523984375 0.7236328125 0.5465801890625 0.7119140625 0.540010715625 0.70703125 0.41650461562499996 0.705078125 0.3652627234375 0.7099609375
6 0.521616190625 0.736328125 0.5189884 0.732421875 0.400737878125 0.73046875 0.36920440625 0.732421875 0.3652627234375 0.7392578125 0.3652627234375 0.7626953125 0.377087775 0.767578125 0.45329366562500006 0.7734375 0.4795715609375 0.76953125 0.48482713750000006 0.7734375 0.5176745046875 0.7724609375 0.5321273468750001 0.76953125 0.5413246093749999 0.7548828125 0.5347551359375 0.732421875 0.521616190625 0.736328125
6 0.5781136609375 0.7861328125 0.566288609375 0.78125 0.487454928125 0.78515625 0.48219934999999997 0.78125 0.4427825078125 0.783203125 0.43752692968750007 0.779296875 0.4243879828125 0.78515625 0.3849711421875 0.78125 0.3757738796875 0.7861328125 0.3757738796875 0.8115234375 0.382343353125 0.818359375 0.5781136609375 0.8193359375 0.58862481875 0.8173828125 0.5938803984375001 0.8056640625 0.5781136609375 0.7919921875 0.5781136609375 0.7861328125
6 0.37051829999999997 0.8310546875 0.3718321953125 0.837890625 0.4283296671875 0.8388671875 0.436213034375 0.8310546875 0.427015771875 0.828125 0.398110090625 0.826171875 0.37051829999999997 0.8310546875
6 0.36271825468749996 0.850520015625 0.3678905109375 0.8623046875 0.3744599859375 0.865234375 0.4493519828125 0.8642578125 0.4598631390625 0.8603515625 0.45592145625 0.85546875 0.4243879828125 0.8515625 0.36271825468749996 0.850520015625
6 0.3652627234375 0.8798828125 0.3652627234375 0.8837890625 0.377087775 0.888671875 0.4283296671875 0.8896484375 0.4427825078125 0.888671875 0.44672419375 0.8818359375 0.41913240468749996 0.875 0.3652627234375 0.8798828125
6 0.36920440625 0.904296875 0.3626349328125 0.9091796875 0.377087775 0.9140625 0.417818509375 0.9130859375 0.42307408906250005 0.9091796875 0.41913240468749996 0.904296875 0.408333134375 0.898150865625 0.36920440625 0.904296875
6 0.3665766171875 0.935546875 0.3849711421875 0.9375 0.44146861406250004 0.9365234375 0.44672419375 0.9287109375 0.4296435609375 0.923828125 0.3652627234375 0.9287109375 0.3665766171875 0.935546875
6 0.5005938750000001 0.83984375 0.5334412421875 0.8388671875 0.5439523984375 0.8349609375 0.5426385046875 0.830078125 0.4921308390625 0.8261060078125 0.5005938750000001 0.83984375
6 0.49533829531249995 0.86328125 0.5281856625 0.8642578125 0.5373829265625 0.85546875 0.49533829531249995 0.853515625 0.4913966125 0.8583984375 0.49533829531249995 0.86328125
6 0.49533829531249995 0.888671875 0.5308134531250001 0.8876953125 0.53606903125 0.8818359375 0.5268717671875 0.87890625 0.48995411093749996 0.87466363125 0.49533829531249995 0.888671875
6 0.49533829531249995 0.9140625 0.522930084375 0.9130859375 0.5308134531250001 0.9091796875 0.5294995578125 0.904296875 0.49140528124999994 0.89894244375 0.49533829531249995 0.9140625
6 0.49533829531249995 0.935546875 0.5308134531250001 0.9345703125 0.5321273468750001 0.927734375 0.48995411093749996 0.9221421921875 0.4913966125 0.9287109375 0.49533829531249995 0.935546875
6 0.8934232062499999 0.6255694968750001 0.884251121875 0.619140625 0.873739965625 0.6171875 0.7691374843750001 0.6189681921875 0.72132818125 0.61328125 0.710817025 0.6171875 0.663516815625 0.6171875 0.6569473421875001 0.6259765625 0.6595751328125 0.6435546875 0.6661446046874999 0.6484375 0.6924224999999999 0.6484375 0.70293365625 0.65234375 0.747606075 0.6484375 0.7660006015625 0.65234375 0.8514037562500001 0.6513671875 0.8852285656250001 0.6529902890625 0.9050322890625001 0.650959103125 0.9104954171875 0.6408032593749999 0.8934232062499999 0.6255694968750001
6 0.8054174406250001 0.66015625 0.7896507046875 0.6640625 0.7318393390625 0.66015625 0.7187003921875 0.666015625 0.674027971875 0.658203125 0.6622029203124999 0.6630859375 0.6687723953125 0.673828125 0.710817025 0.67578125 0.72132818125 0.669921875 0.7265837609375 0.673828125 0.769942284375 0.6748046875 0.794906284375 0.671875 0.8238119671874999 0.673828125 0.8382648078124999 0.6650390625 0.8054174406250001 0.66015625
6 0.77388396875 0.69140625 0.768628390625 0.685546875 0.7581172328125 0.68359375 0.710817025 0.685546875 0.6871669203125 0.681640625 0.654319553125 0.6865234375 0.655633446875 0.6953125 0.6924224999999999 0.701171875 0.7528616546875 0.701171875 0.7712561796874999 0.697265625 0.8146147046875001 0.7001953125 0.8251258625 0.6904296875 0.8211841765625 0.685546875 0.779139546875 0.685546875 0.77388396875 0.69140625
6 0.77388396875 0.724609375 0.7817673375 0.720703125 0.8185563890625 0.724609375 0.822498071875 0.7138671875 0.8185563890625 0.7109375 0.72132818125 0.712890625 0.663516815625 0.708984375 0.6516917640625 0.7158203125 0.674027971875 0.7265625 0.685853025 0.7255859375 0.710817025 0.724609375 0.7265837609375 0.71875 0.742350496875 0.724609375 0.77388396875 0.724609375
6 0.671400184375 0.732421875 0.6569473421875001 0.7392578125 0.6608890265625 0.74609375 0.6792835515625 0.751953125 0.7173864984375 0.7509765625 0.7786979328125 0.74702725 0.7862096953125 0.7363636140625001 0.7239559703125 0.73046875 0.671400184375 0.732421875
6 0.6912882484375 0.7780025921875 0.7068753390625 0.7724609375 0.710817025 0.76171875 0.6537293859375 0.758706475 0.656460896875 0.7708934859375 0.6912882484375 0.7780025921875
6 0.6595751328125 0.8330078125 0.663516815625 0.841796875 0.7200142875 0.8408203125 0.7252698671875 0.8388671875 0.7239559703125 0.83203125 0.689794709375 0.826171875 0.6595751328125 0.8330078125
6 0.652363578125 0.850734865625 0.6569473421875001 0.8603515625 0.6608890265625 0.865234375 0.6871669203125 0.8671875 0.7410366015625 0.8662109375 0.74891996875 0.8623046875 0.747606075 0.857421875 0.72132818125 0.853515625 0.652363578125 0.850734865625
6 0.654319553125 0.8818359375 0.654319553125 0.8857421875 0.6661446046874999 0.890625 0.7390904375 0.8913582375000001 0.743870634375 0.8817101984375 0.7090433375 0.8771400609375 0.6582612359375 0.87890625 0.654319553125 0.8818359375
6 0.6608890265625 0.927734375 0.6516917640625 0.9345703125 0.655633446875 0.9375 0.7384088125 0.9365234375 0.7370949171875 0.9296875 0.718603784375 0.9238569421875 0.68453913125 0.9296875 0.6608890265625 0.927734375
6 0.7896507046875 0.828125 0.785709021875 0.8330078125 0.7896507046875 0.841796875 0.8198702828125001 0.8408203125 0.8290675453125 0.83984375 0.83563701875 0.8330078125 0.8001618625000001 0.828125 0.7896507046875 0.828125
6 0.785709021875 0.8583984375 0.7896507046875 0.8671875 0.8251258625 0.8662109375 0.8303814390625 0.8623046875 0.8264397562499999 0.857421875 0.7896507046875 0.853515625 0.785709021875 0.8583984375
6 0.7870229156249999 0.890625 0.8224028531249999 0.8944050015625 0.8271830515625 0.8817101984375 0.8159286 0.880859375 0.782795253125 0.8771400609375 0.7870229156249999 0.890625
6 0.7830812328125 0.9072265625 0.7862096953125 0.9167478453125 0.81724249375 0.9150390625 0.8271830515625 0.9172556484375001 0.8292317375 0.9055764343750001 0.782795253125 0.9010062968750001 0.7830812328125 0.9072265625
6 0.7151893421875 0.9050686296875 0.7028973296875 0.90151408125 0.68309355625 0.8989751203124999 0.6755817937499999 0.9055764343750001 0.6524374468749999 0.90437210625 0.652363578125 0.9157322765625 0.7158722203125001 0.915224471875 0.7151893421875 0.9050686296875
6 0.8326461796875 0.930966040625 0.7978188281249999 0.9253803156249999 0.781354034375 0.9253125203125 0.7841610609375 0.939598490625 0.8326461796875 0.9401062937500001 0.8326461796875 0.930966040625
6 0.8808861484375001 0.7883436109375 0.71400529375 0.786725028125 0.703121759375 0.7813297375 0.671922328125 0.7818692578124999 0.666117753125 0.803989965625 0.6697455984375 0.8158596109375 0.77388396875 0.8203125 0.8061525812499999 0.8174781937500001 0.9249818578125 0.8232421875 0.9328652265624999 0.8193359375 0.9280481281249999 0.8012923187500001 0.8808861484375001 0.802910903125 0.8808861484375001 0.7883436109375