2 0.715093525 0.1360694890625 0.5174820140625 0.1360694890625 0.5174820140625 0.355092290625 0.715093525 0.355092290625 0.715093525 0.1360694890625
2 0.9324676265624999 0.137942453125 0.7410287765625 0.137942453125 0.7410287765625 0.35788816562500003 0.9324676265624999 0.35788816562500003 0.9324676265624999 0.137942453125
7 0.86453956875 0.4482899015625 0.7496762593749999 0.4482899015625 0.7496762593749999 0.4771824109375 0.86453956875 0.4771824109375 0.86453956875 0.4482899015625
7 0.4582086328125 0.37186210625 0.317417265625 0.37186210625 0.317417265625 0.399820846875 0.4582086328125 0.399820846875 0.4582086328125 0.37186210625
7 0.5965323734375 0.0959989140625 0.5360143890625 0.0959989140625 0.5360143890625 0.1230238875 0.5965323734375 0.1230238875 0.5965323734375 0.0959989140625
7 0.187719425 0.7828773078125 0.09262590000000001 0.7828773078125 0.09262590000000001 0.80431053125 0.187719425 0.80431053125 0.187719425 0.7828773078125
6 0.96244604375 0.908963084375 0.9451510796875 0.908963084375 0.9451510796875 0.9458903359375 0.96244604375 0.9458903359375 0.96244604375 0.908963084375
3 0.9565611515624999 0.8825841484374999 0.9444172656250001 0.8825841484374999 0.9444172656250001 0.89646036875 0.9565611515624999 0.89646036875 0.9565611515624999 0.8825841484374999
4 0.2770215734375 0.0831063796875 0.07455014843749999 0.0856635 0.07455014843749999 0.446217334375 0.19399981875 0.4449387734375 0.1956941390625 0.429596059375 0.275327253125 0.42767821875 0.2770215734375 0.0831063796875
4 0.27617441249999997 0.448774453125 0.1025064546875 0.4513315734375 0.10165929375 0.46539572968750004 0.077938790625 0.466035009375 0.0770916296875 0.6009230578125 0.2668556453125 0.6022016171875 0.26770280625 0.5862196203125001 0.27617441249999997 0.585580340625 0.27617441249999997 0.448774453125
4 0.271938609375 0.6079551359375001 0.104200775 0.605398015625 0.10335361406250002 0.6245764125 0.0762444703125 0.622658571875 0.07455014843749999 0.7051256734375 0.15079461875 0.705764953125 0.15079461875 0.6872258375 0.2710914484375 0.688504396875 0.271938609375 0.6079551359375001
4 0.2744800921875 0.7096006312500001 0.08979904375 0.7121577515624999 0.08979904375 0.7281397484375 0.07031434375 0.7287790265625 0.075397309375 0.771610778125 0.11182522343750001 0.7722500578125 0.1101309 0.7588251796875001 0.27617441249999997 0.7620215796875 0.2744800921875 0.7096006312500001
4 0.104200775 0.8425708406249999 0.0711615046875 0.8425708406249999 0.0711615046875 0.9467734562500001 0.2778687359375 0.949330575 0.278715896875 0.8317030843750001 0.10504793593749999 0.8259495640625 0.104200775 0.8425708406249999
4 0.3270040609375 0.86110995625 0.29989491562500004 0.8636670765625001 0.3049020140625 0.948052015625 0.333781346875 0.948052015625 0.3354756671875 0.9320700203125 0.502366340625 0.928234340625 0.4989776984375 0.8425708406249999 0.3261569 0.8464065203125 0.3270040609375 0.86110995625
4 0.499180678125 0.7933462921875 0.3263598796875 0.7933462921875 0.32551271875 0.8112461281250001 0.299250734375 0.8112461281250001 0.3015892375 0.8406530015625 0.4881675890625 0.8393744406250001 0.4881675890625 0.8233924453125001 0.500875 0.820835325 0.499180678125 0.7933462921875
4 0.49833351718749996 0.666129603125 0.323818396875 0.668686721875 0.3263598796875 0.685947278125 0.295862090625 0.68658655625 0.2984035734375 0.784396375 0.46953005000000003 0.784396375 0.46783572968750003 0.7696929375 0.49833351718749996 0.7664965390625 0.49833351718749996 0.666129603125
4 0.49833351718749996 0.471788528125 0.321276915625 0.477542046875 0.322124075 0.49416332343749997 0.293320609375 0.49224548281249997 0.295862090625 0.6635724828125 0.370412240625 0.6635724828125 0.36787075625 0.6482297671875 0.499180678125 0.6469512078124999 0.49833351718749996 0.471788528125
4 0.4966391953125 0.4455780546875 0.49748635625000004 0.41553190156250003 0.3229712359375 0.41744974218750003 0.3229712359375 0.43471029687499996 0.295862090625 0.43598885625 0.2984035734375 0.466035009375 0.42632485000000003 0.46475645 0.42632485000000003 0.4481351734375 0.4966391953125 0.4455780546875
4 0.5017221593750001 0.24164778281250002 0.323818396875 0.2429263421875 0.3229712359375 0.2589083390625 0.29416777031249997 0.2621047390625 0.30009789531250003 0.34840751718749996 0.30094505625 0.3432932796875 0.44919819062500005 0.3426539984375 0.44750387031249994 0.324114884375 0.50426364375 0.32219704375 0.5017221593750001 0.24164778281250002
4 0.5000278390624999 0.1700484390625 0.3246655578125 0.17388411875 0.3229712359375 0.189226834375 0.293320609375 0.1917839546875 0.2975564125 0.23845138281249997 0.3602463109375 0.23717282343749999 0.3602463109375 0.22246938749999998 0.5025693203125 0.2192729875 0.5000278390624999 0.1700484390625
4 0.4966391953125 0.0850242203125 0.29501493125 0.086942059375 0.295862090625 0.1700484390625 0.2975564125 0.17068772031249999 0.35431618593750003 0.16876988125 0.35431618593750003 0.1534271640625 0.5000278390624999 0.15087004375 0.4966391953125 0.0850242203125
4 0.716627209375 0.365418459375 0.5461673375 0.367518565625 0.5461673375 0.382744334375 0.5197286640625001 0.3837943875 0.5225116828124999 0.550752821875 0.6115682671875 0.5512778484374999 0.6115682671875 0.5350020265625 0.7235847546875 0.5350020265625 0.716627209375 0.365418459375
4 0.682535234375 0.7744141203125 0.682535234375 0.761813484375 0.71801871875 0.7597133781250001 0.722889 0.5560030874999999 0.528773475 0.5575781671875 0.526686209375 0.5712288562500001 0.5183371546875 0.5738539890625 0.5190329109375 0.777039253125 0.682535234375 0.7744141203125
4 0.716627209375 0.7775642796875 0.539905546875 0.779139359375 0.542688565625 0.794365128125 0.5162498921875 0.7969902609374999 0.5148583828125 0.8253416937500001 0.6874055171875 0.8248166671874999 0.6874055171875 0.8080158171875 0.718714471875 0.8064407390625 0.716627209375 0.7775642796875
4 0.7173229625 0.9476728734375 0.7159314546875 0.82954190625 0.5433843203125 0.830591959375 0.544080075 0.8452927015625 0.5134668734375001 0.847917834375 0.51277111875 0.951348059375 0.7173229625 0.9476728734375
4 0.7683291484375 0.5943300234375 0.74119471875 0.5943300234375 0.73910745625 0.9508230328125 0.9415720359374999 0.9481978984375001 0.9415720359374999 0.57542906875 0.7697206578125 0.578579228125 0.7683291484375 0.5943300234375
4 0.9429635453125 0.48512450781250005 0.76763339375 0.48722461250000004 0.7662418843750001 0.5040254609375 0.7398032109375 0.5045504890625 0.7439777375000001 0.5675536703125 0.743281984375 0.5696537765625 0.9172206265625 0.5665036171875 0.9172206265625 0.551802875 0.9429635453125 0.5502277953125 0.9429635453125 0.48512450781250005
4 0.942267790625 0.36489343281250003 0.74119471875 0.36489343281250003 0.7398032109375 0.42947169531249996 0.8337300781250001 0.4315718015625 0.83233856875 0.41477095156250005 0.94644231875 0.4142459265625 0.942267790625 0.36489343281250003
4 0.76206735625 0.1186559953125 0.7363244375 0.1223311796875 0.741890475 0.1344067890625 0.9325272265625 0.13178165625 0.9360060000000001 0.102380171875 0.7641546203125 0.10343022500000001 0.76206735625 0.1186559953125
4 0.7370201921875 0.10553033125 0.7377159468750001 0.10185514531249999 0.799638103125 0.0987049859375 0.7968550859375 0.08610435 0.7356286828124999 0.0845292703125 0.7370201921875 0.10553033125