4 0.3371067734375 0.53057926875 0.049047071875 0.53057926875 0.049047071875 0.7417552265625 0.3371067734375 0.7417552265625 0.3371067734375 0.53057926875
4 0.333369690625 0.7386324046875 0.054138920312500005 0.7386324046875 0.054138920312500005 0.8887195125 0.333369690625 0.8887195125 0.333369690625 0.7386324046875
4 0.34084385781250004 0.8843205578125 0.057778415625 0.8843205578125 0.057778415625 0.9222299656249999 0.34084385781250004 0.9222299656249999 0.34084385781250004 0.8843205578125
4 0.6339724453125 0.7347691640625 0.350895521875 0.7347691640625 0.350895521875 0.9188719515624999 0.6339724453125 0.9188719515624999 0.6339724453125 0.7347691640625
4 0.63315155 0.524503484375 0.3436337546875 0.524503484375 0.3436337546875 0.7384233453125 0.63315155 0.7384233453125 0.63315155 0.524503484375
1 0.73245120625 0.4935975609375 0.6331285875 0.4935975609375 0.6331285875 0.5118379796875 0.73245120625 0.5118379796875 0.73245120625 0.4935975609375
1 0.880361653125 0.5057447734375 0.8186050515625001 0.5057447734375 0.8186050515625001 0.5458754359375 0.880361653125 0.5458754359375 0.880361653125 0.5057447734375
1 0.4773306546875 0.4958101046875 0.3523593578125 0.4958101046875 0.3523593578125 0.5143641109375 0.4773306546875 0.5143641109375 0.4773306546875 0.4958101046875
1 0.149425946875 0.49514372812499996 0.055740528125 0.49514372812499996 0.055740528125 0.51788763125 0.149425946875 0.51788763125 0.149425946875 0.49514372812499996
2 0.3245522390625 0.0708710796875 0.056297359375 0.0708710796875 0.056297359375 0.494982578125 0.3245522390625 0.494982578125 0.3245522390625 0.0708710796875
2 0.6129104484375001 0.0653571421875 0.3494316875 0.0653571421875 0.3494316875 0.491524390625 0.6129104484375001 0.491524390625 0.6129104484375001 0.0653571421875
2 0.997801378125 0.065910278125 0.6374684265624999 0.065910278125 0.6374684265624999 0.48936846718749993 0.997801378125 0.48936846718749993 0.997801378125 0.065910278125
2 1 0.8271039734375 0.9288301109375 0.8091414890624999 0.925506284375 0.5755140484375 0.9774425953125 0.5087060359375 0.9238441921874999 0.509651428125 0.8876965953125 0.54841269375 0.8141545640625001 0.5480975359375 0.813739175 0.5395889953124999 0.8133236953124999 0.5128027453125 0.6382394953125 0.516228378125 0.6458806609375001 0.913765290625 0.7368732265625 0.913765290625 0.8212179203125001 0.906202115625 0.867752921875 0.89296656875 0.9275836765625 0.8976935734374999 1 0.9024205796875 1 0.8271039734375
6 0.90681400625 0.9219163765625 0.8181228468749999 0.9219163765625 0.8181228468749999 0.938222996875 0.90681400625 0.938222996875 0.90681400625 0.9219163765625
3 0.9406314578125 0.9246036578125001 0.9144316874999999 0.9246036578125001 0.9144316874999999 0.937870209375 0.9406314578125 0.937870209375 0.9406314578125 0.9246036578125001