2 0.5039487953124999 0.0383639203125 0.0868978625 0.038350634375 0.087062340625 0.297377125 0.5062605734375001 0.30141519687499996 0.5039487953124999 0.0383639203125
2 0.52909439375 0.302191465625 0.9507202640625 0.30069018125 0.9476378546875001 0.07686585312500001 0.5253573296875 0.08205765312499999 0.52909439375 0.302191465625
2 0.3673874109375 0.3342096953125 0.08882464531249999 0.3339100359375 0.0884356484375 0.5955303609375 0.36276391406249997 0.598991596875 0.3673874109375 0.3342096953125
2 0.6586685515624999 0.3342096953125 0.3874226078125 0.3342096953125 0.38665203593749997 0.616874415625 0.659439125 0.6174512953125 0.6586685515624999 0.3342096953125
2 0.3650756328125 0.70821551875 0.085934471875 0.7109284890625001 0.091518 0.9228099859375 0.3689285578125 0.9233868890625001 0.3650756328125 0.70821551875
2 0.65789791875 0.6816796546874999 0.3884392890625 0.682814303125 0.3897343875 0.9216562484375 0.6602096984375 0.92223310625 0.65789791875 0.6816796546874999
1 0.185832425 0.31479401875 0.495607615625 0.31710149374999996 0.495607615625 0.30498729999999996 0.187373628125 0.300949228125 0.13728560625 0.3003723484375 0.0772639515625 0.299307959375 0.079491734375 0.3274850921875 0.18197950000000002 0.33094630625 0.185832425 0.31479401875
1 0.7651874046875 0.3228701625 0.7651874046875 0.30902535000000003 0.5833293046875 0.306141015625 0.52909439375 0.30579584843749996 0.5293883578125 0.31825523125 0.6442055296875 0.3234470203125 0.7651874046875 0.3228701625
1 0.20959559843750003 0.6180190484375 0.29204816562499997 0.6191728296875 0.29204816562499997 0.6082123078125 0.24273071562499998 0.605904853125 0.1518016953125 0.603597378125 0.090751428125 0.603517878125 0.0909255015625 0.6335945015625 0.20805439374999998 0.634171315625 0.20959559843750003 0.6180190484375
1 0.17337806875 0.6855124906250001 0.29050702031250003 0.6872430656249999 0.29204816562499997 0.6578228671875 0.08882464531249999 0.6525374859374999 0.0893843265625 0.7010878765624999 0.1726074953125 0.7028184953125 0.17337806875 0.6855124906250001
1 0.4816802328125 0.64990186875 0.4816802328125 0.633629303125 0.6351572296875 0.6311637625000001 0.63581586875 0.6213016 0.38639124375 0.62002881875 0.38748626875 0.6479294484375 0.468506246875 0.6479294484375 0.4816802328125 0.64990186875
1 0.49958885156250005 0.676670321875 0.49958885156250005 0.66444650625 0.391531675 0.6648480218749999 0.3931707125 0.676248809375 0.44666130624999995 0.680042421875 0.49958885156250005 0.676670321875
6 0.0854087734375 0.8962333656249999 0.06701511875 0.8950322937499999 0.06739090625000001 0.929111215625 0.0865348734375 0.9261606359375 0.0854087734375 0.8962333656249999
3 0.08315652968750001 0.870521190625 0.06701511875 0.8702756328125 0.06851700625 0.8873816265625001 0.082593478125 0.8840095437500001 0.08315652968750001 0.870521190625
4 0.9039272734375 0.5016174999999999 0.9061795171875 0.4872861390625 0.9529133796875 0.48602159218749996 0.9489719843750001 0.3296410421875 0.6702921 0.3330034234375 0.67814066875 0.5024605578125 0.8769004734375001 0.50330355 0.9039272734375 0.5016174999999999
4 0.683771259375 0.714443625 0.7839957578125001 0.712757575 0.7862479578125 0.6958971390625 0.9579809625 0.6937895843749999 0.9540395671875 0.504109690625 0.7033773015625 0.507880259375 0.7068566640625 0.5272927921874999 0.6787037203125 0.5264497515625 0.683771259375 0.714443625
4 0.6848973593750001 0.7974274546875 0.7119242015625 0.800378034375 0.711361153125 0.7843606234375 0.9636115500000001 0.781831546875 0.9619223578125 0.7405234796875 0.954602575 0.7122822453125 0.9281388234374999 0.7080671359374999 0.9230712859375 0.7114392281249999 0.7146403484375 0.71436134375 0.713613396875 0.7388374296875 0.684334309375 0.73925895 0.6848973593750001 0.7974274546875
4 0.6905279484375 0.92469351875 0.8740851796875001 0.9268010734375001 0.96530074375 0.925115021875 0.96248545 0.801190828125 0.891539996875 0.7990832734375 0.8504366796875 0.7995047703125 0.7710453859374999 0.801190828125 0.7153442906249999 0.8023265 0.713613396875 0.8176297375000001 0.687712653125 0.8184727625000001 0.6905279484375 0.92469351875