2 0.07882782499999999 0.116296425 0.0854520125 0.40703748749999996 0.5021133734375 0.40400366875 0.49350193124999997 0.1157907890625 0.07882782499999999 0.116296425
2 0.73859685 0.114273878125 0.7440628640625 0.343327271875 0.9434508921875 0.34029345312500003 0.9401387984375 0.11275696875 0.73859685 0.114273878125
2 0.3028920109375 0.667440353125 0.30487926718749997 0.8029509718750001 0.5049297140625 0.8049735171875 0.5009552015625001 0.663900896875 0.3028920109375 0.667440353125
2 0.5254646937499999 0.931382675 0.722203046875 0.9349221312499999 0.722203046875 0.6901940015625 0.524802275 0.6891827296875 0.5254646937499999 0.931382675
7 0.08014750781249999 0.44160246875000003 0.1941601609375 0.4398791421875 0.192466903125 0.42286129062500005 0.076196575 0.42803127031250005 0.08014750781249999 0.44160246875000003
4 0.2819273265625 0.6277217515625 0.27910523125000003 0.44569536875000004 0.0928469375 0.445910784375 0.093129146875 0.46292863593750005 0.08014750781249999 0.464436546875 0.07676099374999999 0.6305221578125 0.2819273265625 0.6277217515625
4 0.5042156515625 0.6085497421875 0.50365123125 0.40821301249999997 0.3039396703125 0.4105825875 0.30450408906250004 0.6238442671875 0.45245514687500005 0.6268600890625 0.45527724375 0.612427228125 0.5042156515625 0.6085497421875
7 0.0817619875 0.6874152125 0.188681509375 0.6871151625 0.188288421875 0.6724126984375001 0.07704495 0.66881209375 0.0817619875 0.6874152125
4 0.1041679171875 0.689467796875 0.0797965546875 0.708971065625 0.0821550734375 0.93975750625 0.284594609375 0.9376571531250001 0.279877571875 0.6927683499999999 0.1041679171875 0.689467796875
4 0.50668846875 0.91425323125 0.505902296875 0.8053349765625001 0.3018904140625 0.8053349765625001 0.3081797984375 0.9343565999999999 0.42610574218749997 0.9352567515624999 0.4268919140625 0.9214544374999999 0.50668846875 0.91425323125
6 0.9496969296875 0.9010510187499999 0.9465522375000001 0.9322562484375 0.9685650796875 0.9319561984375 0.9709235984375001 0.9007509671875 0.9496969296875 0.9010510187499999
3 0.9555932265625 0.8776470953125 0.956772484375 0.8947499625 0.9717097718750001 0.891449409375 0.9736752031250001 0.8773470453125001 0.9555932265625 0.8776470953125
4 0.9477314968749999 0.752826175 0.7645531984375 0.751625975 0.7464712203125 0.7702290921875 0.745685046875 0.9325562984375001 0.8317709859375 0.9352567515624999 0.8341295046875 0.917553784375 0.9453729765625001 0.9172537343749999 0.9477314968749999 0.752826175
4 0.9461591515625001 0.638206965625 0.764946284375 0.6376068640625 0.7492228265625 0.6544096796875001 0.7492228265625 0.7513259234375 0.86243173125 0.7507258234374999 0.8612524718750001 0.7375236109375 0.9485176687499999 0.735723309375 0.9461591515625001 0.638206965625
4 0.9457660640625001 0.38316421875 0.7618015921875 0.389465275 0.74686430625 0.40836844375 0.748043565625 0.6367067140625 0.784600609375 0.6364066625 0.7838144359375 0.620203946875 0.9485176687499999 0.6208040484375 0.9457660640625001 0.38316421875
7 0.7464712203125 0.38376432031249996 0.914319146875 0.3804637671875 0.913532971875 0.3657613015625 0.7488297390625 0.365461253125 0.7464712203125 0.38376432031249996
4 0.7287476078124999 0.6561158640625 0.7258117390625001 0.6254888234375 0.5248679046875 0.626484825 0.5229106609375 0.6740438875 0.674923365625 0.6740438875 0.6736185359375 0.65985086875 0.7287476078124999 0.6561158640625
4 0.7232020796875 0.4922736484375 0.53791620625 0.491526646875 0.5369375828125 0.510201671875 0.520301 0.5111976734375 0.5222582453125 0.6249908234375 0.5620555625 0.6249908234375 0.5623817703125 0.609801803125 0.7235282875 0.610050803125 0.7232020796875 0.4922736484375
4 0.7225496640625 0.14417118906249998 0.53954724375 0.148902196875 0.5238892828124999 0.1673282203125 0.523563075 0.48928564531249996 0.5904356171875 0.48928564531249996 0.5927190703125 0.47857863125 0.721244834375 0.47708462812499997 0.7225496640625 0.14417118906249998
7 0.6863406296875 0.11105414531249999 0.5216058296875 0.106572140625 0.5206272078125 0.13944018281249998 0.5751038640624999 0.1426771875 0.5751038640624999 0.1264921671875 0.6856882140625 0.12599416562500002 0.6863406296875 0.11105414531249999
7 0.4901500109375 0.0955833921875 0.8535459 0.09324257500000001 0.860701375 0.0682738515625 0.49168332656249997 0.0729554875 0.4901500109375 0.0955833921875