2 0.7993677078125 0.04797746875 0.7943190703125 0.041580471875000004 0.7850632328125 0.036462875 0.7732830765625 0.032624678125 0.7665515593750001 0.033264378125 0.7514056453125 0.037742275 0.7471984468749999 0.0396613734375 0.74635700625 0.04669806875 0.7438326875 0.051175965625 0.7438326875 0.057572960937499994 0.5191682906249999 0.0601317609375 0.5158025312500001 0.0601317609375 0.5284241265625 0.44139270625 0.9541926109375 0.43499571093749995 0.9424124546874999 0.05181566562499999 0.7968433890625 0.056933262500000005 0.7993677078125 0.04797746875
4 0.064626915625 0.0668094375 0.06941409375 0.13309895624999998 0.25611406875 0.12815973593750002 0.277998315625 0.1097026546875 0.2721853125 0.0631700125 0.064626915625 0.0668094375
4 0.0745432140625 0.328588046875 0.2075583984375 0.3246886625 0.2075583984375 0.31091084062499996 0.2817596703125 0.3080512921875 0.276972490625 0.1302394078125 0.08343368906250001 0.13309895624999998 0.0810401 0.1489564484375 0.0803562171875 0.1492164078125 0.06941409375 0.1538956671875 0.0745432140625 0.328588046875
4 0.176441734375 0.477804453125 0.289624321875 0.47442498750000006 0.2831274359375 0.3272882515625 0.0933499875 0.32962788125000003 0.075227096875 0.3460052921875 0.0806981578125 0.4936619453125 0.173022321875 0.49158227343750005 0.176441734375 0.477804453125
4 0.2899662625 0.49652149375 0.0984791078125 0.5004208765625 0.079672334375 0.51809808125 0.0950596953125 0.9275333437500001 0.30364391562500004 0.9257136328125 0.2899662625 0.49652149375
6 0.06773331875000001 0.8906209203125 0.06480255 0.92131918125 0.08531793125 0.9204526984375001 0.08613203281250001 0.8902495703125 0.06773331875000001 0.8906209203125
3 0.0690358828125 0.882451221875 0.08173588125 0.882079871875 0.08173588125 0.865740475 0.0675704984375 0.8671020921875 0.0690358828125 0.882451221875
4 0.49365221249999997 0.0561000234375 0.282504471875 0.060173290625 0.28883646875 0.174965415625 0.46345345781249997 0.1714475921875 0.46515822656249994 0.15774659687499998 0.49730528593749995 0.15533966562499998 0.49365221249999997 0.0561000234375
4 0.5158142 0.7165250375000001 0.4980359015625 0.173484228125 0.30515353749999996 0.1753357125 0.30637122968749997 0.190703046875 0.2905412375 0.1945911671875 0.3092936890625 0.7370765312499999 0.49194744375 0.7331884109375 0.5158142 0.7165250375000001
4 0.516544815625 0.7359656390625 0.3239059890625 0.7396686109374999 0.31051138125 0.755406240625 0.3107549203125 0.81743101875 0.47051607031250003 0.8161349781249999 0.4722208390625 0.8018785359375 0.516301278125 0.80002705 0.516544815625 0.7359656390625
6 0.37237011875000003 0.8339092421875 0.5172754296875001 0.834094390625 0.5170318921875 0.8159498296875001 0.3716395046875 0.8211339890625 0.37237011875000003 0.8339092421875
7 0.3146515328125 0.8714944062500001 0.47977052656249997 0.8657548 0.48318006249999995 0.8479805359375 0.314895071875 0.8496468734375 0.3146515328125 0.8714944062500001
4 0.3813810375 0.8729755953125 0.3390053671875 0.8770488625 0.3190352234375 0.892416196875 0.3190352234375 0.9216696734375001 0.5272605015625 0.9196330390625 0.523850965625 0.872605296875 0.3813810375 0.8729755953125
4 0.658597028125 0.8871716421875 0.5573433359375 0.8926213781250001 0.53643549375 0.9055645015625 0.537032859375 0.9198700593750001 0.747306015625 0.9178264078125 0.7464099656250001 0.8864904250000001 0.658597028125 0.8871716421875
4 0.5319552421875 0.75456139375 0.5358381265625 0.891031871875 0.7476047 0.883538484375 0.7392415625 0.7338978109375 0.549577565625 0.7354873171875 0.5319552421875 0.75456139375
4 0.7341639437499999 0.5526940812500001 0.5433052140625 0.552467009375 0.5268776234375 0.5674537843749999 0.5325526093749999 0.73208123125 0.6654667484375001 0.7311729421875001 0.6663627984375 0.7166403125 0.7398389296875 0.718002746875 0.7341639437499999 0.5526940812500001
4 0.729982375 0.4498303109375 0.5235921046875001 0.4527822515625 0.5256828890625 0.5504233578125 0.6747259359375 0.5515587203125001 0.6759206703125 0.5336200046874999 0.732969209375 0.5315763546875 0.729982375 0.4498303109375
4 0.7461112828124999 0.467996096875 0.7947966859375 0.4684502421875 0.79509536875 0.4541446859375 0.74521523125 0.4559612640625 0.7461112828124999 0.467996096875
4 0.9041148328125 0.6794004484375 0.903517465625 0.666230253125 0.96146205625 0.6612346625 0.9530989203125 0.465952446875 0.764928340625 0.4695856046875 0.7646296578125 0.48820553593750005 0.74850075 0.48843260781250003 0.7571625703125 0.6823523890625001 0.9041148328125 0.6794004484375
4 0.9626567906249999 0.6821253171875 0.771798059375 0.684396040625 0.757461253125 0.7027889 0.7601494046874999 0.8006570796875 0.806445340625 0.7986134296875 0.810626909375 0.7829454375 0.9662409921874999 0.7795393515625 0.9626567906249999 0.6821253171875
4 0.9740067609375 0.9171451906250001 0.9680330921875001 0.7954344156250001 0.7789664640625 0.803154875 0.7726941093749999 0.8201853015625 0.7625388734375 0.8224560249999999 0.7625388734375 0.9171451906250001 0.9740067609375 0.9171451906250001