7 0.1168075078125 0.07784984687499999 0.1281395796875 0.0845036796875 0.760120496875 0.095815196875 0.754890309375 0.0479075984375 0.1150641125 0.049238365625 0.1168075078125 0.07784984687499999
4 0.2656964234375 0.2148633671875 0.306530915625 0.2136165765625 0.306530915625 0.1990707015625 0.29183049843750003 0.197408315625 0.29183049843750003 0.184109228125 0.27495224218750003 0.1836936328125 0.2716854828125 0.16499179218749999 0.3157867328125 0.1641605984375 0.31905349375 0.1566798625 0.30326415624999997 0.14421196875 0.32340917187499996 0.129250496875 0.31360889375 0.09891195625 0.13230375156250002 0.0968339734375 0.12631469374999998 0.23148722500000002 0.26624088281249997 0.23024043437500002 0.2656964234375 0.2148633671875
4 0.13284821093750002 0.29673586875 0.313064434375 0.30255421875 0.3087087546875 0.250189065625 0.13284821093750002 0.24769548593750002 0.13284821093750002 0.29673586875
4 0.93776815625 0.29265407187500003 0.9393224671875 0.2760439765625 0.955383690625 0.27525301875 0.9600466265625001 0.23056395156249998 0.9413948828125 0.22819108125 0.9434673 0.21316289843749997 0.9678181859375 0.21039455 0.9683362890625 0.19378445312499998 0.9590104187499999 0.19378445312499998 0.9548655875 0.1740105296875 0.9569380015625001 0.1605642609375 0.9486483390625 0.15305017031249998 0.93621384375 0.133276246875 0.9315509078125 0.1249711984375 0.7528050453125 0.11824806406249999 0.739852446875 0.302541034375 0.9559017937500001 0.3112415609375 0.9559017937500001 0.2942359859375 0.93776815625 0.29265407187500003
4 0.793242678125 0.5460163359375 0.7400964953125 0.54793506875 0.733991865625 0.5953551609375001 0.7907290062500001 0.5991926249999999 0.7892926234375001 0.6128978546875 0.8553662546874999 0.6145424828125 0.8585981171875 0.5953551609375001 0.8639845546875 0.5865838140624999 0.84890253125 0.5841168734375 0.841002421875 0.5684929125 0.8438751890624999 0.5484832765625 0.8453115718750001 0.531762896875 0.8352568890625 0.5254584921875 0.8442342843749999 0.480231234375 0.7386601125000001 0.47995712968750004 0.7386601125000001 0.5292959546875 0.7928835828125 0.53231110625 0.793242678125 0.5460163359375
4 0.27478192031250004 0.8618351984375 0.27656912031249997 0.8447826624999999 0.3033771125 0.8458058156250001 0.30427071250000004 0.8290943296875 0.298015515625 0.8250017203125 0.2962283140625 0.7980587124999999 0.32973830625 0.79533030625 0.32929150625000003 0.7789598718749999 0.316334309375 0.7799830234375 0.318121509375 0.764976790625 0.2899731171875 0.76020208125 0.29041991718750004 0.744172696875 0.096508771875 0.74280849375 0.090253575 0.8768414312499999 0.30114311250000003 0.8788877359375 0.2989091140625 0.8604709968750001 0.27478192031250004 0.8618351984375
4 0.21759153750000002 0.9140159609375 0.21625113906250001 0.8938939671874999 0.0947215734375 0.8935529171875001 0.09338117343749999 0.9256116859375 0.2336763328125 0.9297042953125001 0.23322953281249997 0.9140159609375 0.21759153750000002 0.9140159609375
4 0.9339823734375001 0.6366472140625 0.7390643140625001 0.6301783171875 0.7369456390625 0.69648450625 0.9382197234375 0.7037620140625 0.9456350828125 0.6716870703125 0.9329230359375 0.6711479953125 0.9339823734375001 0.6366472140625
6 0.9644181656249999 0.904013890625 0.9617364328125 0.9357426546875001 0.9825198625 0.9359985312499999 0.9821846453124999 0.9052932765625 0.9644181656249999 0.904013890625
3 0.9634125156250001 0.89684933125 0.983860728125 0.8958258234375001 0.9821846453124999 0.879193809375 0.96777033125 0.879961440625 0.9634125156250001 0.89684933125
2 0.550126484375 0.5712890625 0.5398915718749999 0.6025390625 0.527097934375 0.6083984375 0.528377296875 0.61328125 0.5437296640625 0.611328125 0.553964575 0.60546875 0.5641994875 0.6171875 0.584669309375 0.609375 0.59234549375 0.619140625 0.6000216765624999 0.6171875 0.6076978609375 0.623046875 0.6204914984375 0.61328125 0.6332851390625 0.619140625 0.63840259375 0.619140625 0.6435200484375 0.611328125 0.6511962328124999 0.611328125 0.66143114375 0.6171875 0.6767835109375 0.6171875 0.6819009671875 0.61328125 0.692135878125 0.625 0.701091425 0.6123046875 0.703650153125 0.5869140625 0.7241199765624999 0.5615234375 0.7292374328125 0.5400390625 0.7292374328125 0.5087890625 0.7266787046875 0.5029296875 0.7164437921875 0.4970703125 0.7190025203125 0.4873046875 0.7049295171875001 0.48046875 0.697253334375 0.48046875 0.6895771515625 0.48828125 0.674224784375 0.484375 0.6716660562500001 0.48046875 0.6563136890625 0.482421875 0.6511962328124999 0.486328125 0.63840259375 0.478515625 0.6204914984375 0.484375 0.6025804031249999 0.48046875 0.5949042203125 0.490234375 0.5769931265625 0.490234375 0.5680375796875 0.4951171875 0.5654788515625 0.5068359375 0.550126484375 0.5283203125 0.5296566609375 0.5419921875 0.533494753125 0.55078125 0.5437296640625 0.546875 0.550126484375 0.5498046875 0.550126484375 0.5712890625
2 0.7241199765624999 0.8525390625 0.72795806875 0.87109375 0.6486375062499999 0.8828125 0.6473581421875 0.8955078125 0.6588724171875 0.896484375 0.743310434375 0.8828125 0.76761835 0.8994140625 0.756104075 0.90625 0.7228406125 0.9140625 0.7215612484375 0.9169921875 0.730516796875 0.91796875 0.7330755234375 0.923828125 0.8047199031250001 0.90625 0.8059992671874999 0.9013671875 0.837983365625 0.875 0.848218275 0.875 0.854615096875 0.8818359375 0.849497640625 0.9052734375 0.8558944593750001 0.91015625 0.8865991937500001 0.91015625 0.8929960140625001 0.9052734375 0.8802023734375 0.8994140625 0.877643646875 0.8916015625 0.8840404656249999 0.8828125 0.9032309250000001 0.8740234375 0.9032309250000001 0.8701171875 0.89171665 0.869140625 0.87508491875 0.8486328125 0.8686880984375 0.84375 0.8507770046875001 0.841796875 0.8469389125 0.8349609375 0.8558944593750001 0.826171875 0.8878785578124999 0.8173828125 0.900672196875 0.7958984375 0.9032309250000001 0.7822265625 0.877643646875 0.7744140625 0.8827611015624999 0.7685546875 0.8802023734375 0.7607421875 0.8661293703125 0.751953125 0.8431008203125 0.755859375 0.8315865453125 0.7646484375 0.8290278171875001 0.7822265625 0.8123960875 0.794921875 0.8059992671874999 0.7900390625 0.8047199031250001 0.78125 0.7893675359375 0.779296875 0.781691353125 0.7734375 0.766338984375 0.7734375 0.7471485265625 0.7861328125 0.7497072546875 0.8037109375 0.72795806875 0.830078125 0.669107328125 0.8359375 0.669107328125 0.845703125 0.640961321875 0.849609375 0.640961321875 0.853515625 0.6511962328124999 0.85546875 0.6870184234375001 0.8515625 0.7241199765624999 0.8525390625
2 0.376132990625 0.8857421875 0.40044090624999995 0.896484375 0.381250446875 0.9111328125 0.39788217812500004 0.912109375 0.4055583609375 0.91796875 0.43882182187499996 0.923828125 0.46440910156250004 0.912109375 0.500231290625 0.908203125 0.5207011125000001 0.900390625 0.5437296640625 0.8828125 0.5718756703125 0.888671875 0.5949042203125 0.88671875 0.6025804031249999 0.890625 0.6204914984375 0.890625 0.6345645015625 0.8818359375 0.6371232296875 0.8740234375 0.6345645015625 0.8447265625 0.6396819578125 0.8388671875 0.6396819578125 0.8291015625 0.6345645015625 0.8173828125 0.6281676828125 0.814453125 0.5974629484375 0.814453125 0.5859486734375 0.8251953125 0.5961835843750001 0.8388671875 0.5949042203125 0.84765625 0.5693169421875 0.849609375 0.5514058484375 0.841796875 0.53605348125 0.845703125 0.5322153890625 0.8427734375 0.5322153890625 0.8369140625 0.5398915718749999 0.8291015625 0.53605348125 0.822265625 0.5232598421875 0.822265625 0.510466203125 0.828125 0.4925551078125 0.830078125 0.484878925 0.830078125 0.47848210468749997 0.8251953125 0.4810408328125 0.8173828125 0.49127574375 0.8134765625 0.49639319843749996 0.7998046875 0.5066281109374999 0.7919921875 0.5040693828125 0.7841796875 0.4874376515625 0.775390625 0.45673291718750003 0.775390625 0.442659915625 0.7841796875 0.437542459375 0.7998046875 0.3991615421875 0.8232421875 0.37869171874999996 0.8466796875 0.3710155359375 0.8642578125 0.383809175 0.8720703125 0.383809175 0.8759765625 0.376132990625 0.8857421875
2 0.516863021875 0.3544921875 0.5219804781249999 0.3447265625 0.528377296875 0.34375 0.5322153890625 0.3564453125 0.5462883921875 0.35546875 0.5488471203125 0.357421875 0.5424502999999999 0.3623046875 0.5128296734375 0.41091869062499997 0.5616407578125 0.357421875 0.5744343984375 0.357421875 0.579551853125 0.353515625 0.6051391328125 0.357421875 0.5987423125 0.3525390625 0.6000216765624999 0.349609375 0.6256089546875 0.345703125 0.6460787781249999 0.3515625 0.6511962328124999 0.349609375 0.652475596875 0.3583984375 0.6435200484375 0.357421875 0.6371232296875 0.3642578125 0.6371232296875 0.3837890625 0.6537549609375 0.3828125 0.6588724171875 0.38671875 0.6998120625 0.390625 0.7612215296875 0.390625 0.8098373593750001 0.380859375 0.81879290625 0.3759765625 0.8200722703125001 0.3671875 0.8251897250000001 0.365234375 0.8328659093749999 0.37109375 0.849497640625 0.3603515625 0.8456595484375 0.35546875 0.86485000625 0.3466796875 0.8507770046875001 0.33984375 0.7944849921875 0.337890625 0.7932056281250001 0.3427734375 0.802161175 0.34375 0.8059992671874999 0.3505859375 0.8059992671874999 0.3564453125 0.802161175 0.357421875 0.781691353125 0.349609375 0.7714564421875 0.3515625 0.76761835 0.3486328125 0.7701770781249999 0.3408203125 0.7637802578125 0.337890625 0.7253993390625 0.337890625 0.7074882453125 0.333984375 0.7096733875 0.328491625 0.6837729 0.32271260625 0.69333615625 0.2372439515625 0.7072825734375 0.230248296875 0.70927491875 0.21047796718749998 0.7009070687500001 0.1837119828125 0.668631075 0.21351955625 0.6650448531250001 0.2226443234375 0.6666387296875 0.2308566140625 0.6718188265625 0.23663563437500001 0.581764821875 0.3318373734375 0.5566612703125 0.328491625 0.5470980125 0.328491625 0.5130249296875 0.33984375 0.5024694796875 0.33153321406249997 0.48214755781249996 0.34278709375 0.483741434375 0.3525201796875 0.49569550468749995 0.3662073296875 0.508446515625 0.36499069375 0.516863021875 0.3544921875
2 0.115142753125 0.5244140625 0.1253776640625 0.5400390625 0.1509649421875 0.5615234375 0.1509649421875 0.5830078125 0.14584748593750002 0.6005859375 0.14073003125 0.6044921875 0.1432887578125 0.6162109375 0.13561257499999999 0.6396484375 0.13049511875 0.6435546875 0.126657028125 0.640625 0.11770148124999999 0.6435546875 0.12026020781249999 0.6533203125 0.1164221171875 0.65625 0.09851102187500001 0.654296875 0.093393565625 0.6640625 0.07292374375 0.666015625 0.0665269234375 0.6708984375 0.0665269234375 0.6806640625 0.07292374375 0.685546875 0.15224430625000002 0.708984375 0.20853631875 0.732421875 0.2417997796875 0.7421875 0.2929743359375 0.732421875 0.39532345 0.720703125 0.4132345453125 0.70703125 0.4759233765625 0.7060546875 0.4759233765625 0.6884765625 0.4695265578125 0.681640625 0.4503360984375 0.6748046875 0.46312973749999997 0.6650390625 0.460571009375 0.6416015625 0.4759233765625 0.5908203125 0.4759233765625 0.5712890625 0.46440910156250004 0.5625 0.4145139078125 0.5654296875 0.4797614671875 0.537109375 0.488717015625 0.5302734375 0.48615828906249997 0.5048828125 0.5066281109374999 0.4951171875 0.5040693828125 0.4833984375 0.51942175 0.4697265625 0.52453920625 0.4541015625 0.5219804781249999 0.4306640625 0.53733284375 0.4208984375 0.53605348125 0.4140625 0.5207011125000001 0.4140625 0.5155836578125 0.40625 0.505348746875 0.41015625 0.4925551078125 0.408203125 0.488717015625 0.4111328125 0.49127574375 0.4150390625 0.46312973749999997 0.4404296875 0.460571009375 0.4599609375 0.4196313640625 0.5029296875 0.39532345 0.51953125 0.353104440625 0.4658203125 0.37997108281249997 0.46484375 0.38508853906249996 0.4609375 0.39020599375 0.46484375 0.3940440859375 0.4619140625 0.3940440859375 0.4521484375 0.38636790312499997 0.4462890625 0.39660281406250003 0.4384765625 0.38892662968749997 0.4365234375 0.38636790312499997 0.4287109375 0.38892662968749997 0.4189453125 0.39660281406250003 0.4169921875 0.3914853578125 0.4130859375 0.39660281406250003 0.4052734375 0.3914853578125 0.4013671875 0.39660281406250003 0.3681640625 0.37869171874999996 0.3525390625 0.376132990625 0.3388671875 0.36717744375 0.328125 0.346707621875 0.3203125 0.308326703125 0.3203125 0.2929743359375 0.31640625 0.28273942500000004 0.30859375 0.27122514999999997 0.3134765625 0.268666421875 0.3291015625 0.28913624531250004 0.3408203125 0.285298153125 0.34375 0.24691723593749998 0.3359375 0.2110950453125 0.3359375 0.1983014078125 0.337890625 0.18678713125 0.3466796875 0.18678713125 0.3642578125 0.205977590625 0.375 0.229006140625 0.3828125 0.2865775171875 0.3916015625 0.268666421875 0.4287109375 0.2417997796875 0.431640625 0.2264474125 0.439453125 0.1906252234375 0.43359375 0.15224430625000002 0.435546875 0.1292157546875 0.443359375 0.115142753125 0.4541015625 0.110025296875 0.4677734375 0.112584025 0.4892578125 0.1228189359375 0.4970703125 0.115142753125 0.5087890625 0.115142753125 0.5244140625