0 0.9451521734374999 0.7741963328125 0.750818840625 0.7741963328125 0.750818840625 0.9681553390625 0.9451521734374999 0.9681553390625 0.9451521734374999 0.7741963328125
2 0.5244715203125 0.6361193671875001 0.951777790625 0.6426942437500001 0.965027596875 0.0986231578125 0.527783971875 0.092870140625 0.5244715203125 0.6361193671875001
2 0.5001802078125 0.6336537875 0.502388509375 0.385452175 0.07367091249999999 0.3829865953125 0.0714626109375 0.632831928125 0.5001802078125 0.6336537875
4 0.2786396953125 0.37588594531249997 0.285015890625 0.16326359375 0.11222102187500001 0.1627889890625 0.1109457828125 0.1784509046875 0.0809776703125 0.1803493171875 0.0765143328125 0.37730975624999996 0.2786396953125 0.37588594531249997
4 0.285653509375 0.0892254515625 0.08416576718749999 0.08732703750000001 0.083528146875 0.15804295468750001 0.1536662859375 0.1566191453125 0.1543039046875 0.14285564374999998 0.285015890625 0.1419064375 0.285653509375 0.0892254515625
4 0.5044062031250001 0.37636055 0.5044062031250001 0.272422390625 0.3277363921875 0.27289699375 0.32964925 0.2876097015625 0.3010056 0.2918811328125 0.3010056 0.376835153125 0.5044062031250001 0.37636055
4 0.505681440625 0.0878016421875 0.3022808390625 0.0892254515625 0.3016432203125 0.2672017515625 0.45084617031249996 0.2672017515625 0.4495709296875 0.2491668203125 0.5037685828125 0.24679380312500002 0.505681440625 0.0878016421875
6 0.0381047296875 0.921316428125 0.0336591765625 0.9577152812499999 0.0571570921875 0.9577152812499999 0.055251856249999995 0.921316428125 0.0381047296875 0.921316428125
1 0.49683612187500004 0.6362708625 0.08640336093749999 0.6357981515625 0.0895461109375 0.66416089375 0.1625801734375 0.66321546875 0.1613100171875 0.6504522359375 0.49810627968750004 0.6471432484374999 0.49683612187500004 0.6362708625
1 0.5593921359375 0.6552803 0.9528007046875 0.6627887203125 0.95096663125 0.6505022140625 0.555723990625 0.6429937953125 0.5593921359375 0.6552803
6 0.74921865 0.7624459328125 0.8794378015625 0.761080765625 0.8757696562499999 0.7446987578125001 0.7464675390625 0.7446987578125001 0.74921865 0.7624459328125
4 0.95096663125 0.677122978125 0.7473845765625 0.6757578093750001 0.7446334671875 0.744016175 0.8299178421875 0.7419684234374999 0.830834878125 0.728999334375 0.9528007046875 0.7303645015625 0.95096663125 0.677122978125
4 0.5234740265625 0.6743926421875 0.5225569906249999 0.7235386640625 0.6474276203125 0.7242212484375 0.64834465625 0.7105695765625 0.7288901546875 0.7064740734375 0.72797311875 0.6757578093750001 0.5234740265625 0.6743926421875
4 0.550068078125 0.7371903375 0.5528191875 0.7528897609375 0.5225569906249999 0.7515245937499999 0.5143036640624999 0.965855859375 0.71880275625 0.9699513609375 0.726139046875 0.74060325625 0.550068078125 0.7371903375
4 0.31591405 0.7419684234374999 0.29298814218749997 0.7412858390625 0.289319996875 0.96858619375 0.49504590156250006 0.9679036109375 0.49840427031249995 0.7262689984375 0.3168310859375 0.7283167515625 0.31591405 0.7419684234374999
4 0.4956531625 0.6709797234375 0.29298814218749997 0.6689319734375 0.29298814218749997 0.72285608125 0.403032496875 0.722173496875 0.401198425 0.7030611546875 0.49840427031249995 0.7016959875000001 0.4956531625 0.6709797234375
4 0.088301240625 0.9494738515625001 0.060790151562500006 0.9487912671875 0.059873115624999994 0.962442940625 0.260891871875 0.965173275 0.2607040640625 0.9303615093750001 0.08555013125000001 0.9317266765625 0.088301240625 0.9494738515625001
3 0.042449426562499996 0.9132969187500001 0.060790151562500006 0.909201415625 0.056204970312500005 0.8928194093749999 0.0442834984375 0.8935019921875 0.042449426562499996 0.9132969187500001
4 0.27262553437500003 0.670297140625 0.0681264421875 0.66961455625 0.060790151562500006 0.9235356734375 0.1185634390625 0.92421825625 0.1203975109375 0.9085188328125 0.264372209375 0.907153665625 0.27262553437500003 0.670297140625