2 0.172714128125 0 0.1675966734375 0.00390625 0.1624792171875 0 0.025587278125 0.0009765625 0.025587278125 0.3095703125 0.030704734374999997 0.3251953125 0.030704734374999997 0.3740234375 0.025587278125 0.4072265625 0.025587278125 0.5439453125 0.029425370312499997 0.548828125 0.0383809171875 0.5498046875 0.030704734374999997 0.5556640625 0.037101553125 0.560546875 0.09851102187500001 0.5625 0.1087459328125 0.564453125 0.1087459328125 0.568359375 0.1292157546875 0.5703125 0.149685578125 0.568359375 0.1535236703125 0.5751953125 0.1586411265625 0.5751953125 0.1624792171875 0.5703125 0.172714128125 0.5703125 0.177831584375 0.56640625 0.4618503734375 0.568359375 0.5462883921875 0.56640625 0.5603613953125001 0.5595703125 0.5654788515625 0.5146484375 0.5833899453125 0.4365234375 0.6089772250000001 0.3681640625 0.6140946796875 0.3642578125 0.629447046875 0.3232421875 0.6499168703125 0.2861328125 0.657593053125 0.2587890625 0.657593053125 0.2236328125 0.6473581421875 0.2041015625 0.6230502265625 0.1875 0.60385976875 0.1845703125 0.617932771875 0.1796875 0.6204914984375 0.18359375 0.6281676828125 0.181640625 0.6435200484375 0.189453125 0.6563136890625 0.1796875 0.6652692359375 0.1826171875 0.6627105078125 0.1455078125 0.6678279640625 0.1318359375 0.6678279640625 0.0732421875 0.66143114375 0.068359375 0.6537549609375 0.068359375 0.6537549609375 0.064453125 0.6435200484375 0.0625 0.6447994140625 0.0478515625 0.635843865625 0.05078125 0.6268883187500001 0.0419921875 0.624329590625 0.0087890625 0.6345645015625 0.0068359375 0.6332851390625 0 0.606418496875 0.0009765625 0.6166534078125 0.0087890625 0.619212134375 0.0205078125 0.6140946796875 0.0283203125 0.619212134375 0.0341796875 0.6140946796875 0.0380859375 0.612815315625 0.046875 0.5974629484375 0.048828125 0.59362485625 0.0322265625 0.5885074015625 0.0283203125 0.59362485625 0.0263671875 0.5910661296875 0.0166015625 0.5782724890625001 0.0146484375 0.584669309375 0.0078125 0.59362485625 0.0068359375 0.59234549375 0 0.40044090624999995 0 0.3991615421875 0.0048828125 0.38764726718750003 0.01171875 0.381250446875 0.0107421875 0.38764726718750003 0 0.172714128125 0
7 0.6345645015625 0.6181640625 0.624329590625 0.6142578125 0.6268883187500001 0.6083984375 0.6204914984375 0.60546875 0.6025804031249999 0.6015625 0.5514058484375 0.599609375 0.42602818437499995 0.6015625 0.41067581718749996 0.60546875 0.38508853906249996 0.60546875 0.3774123546875 0.607421875 0.3735742625 0.6142578125 0.3748536265625 0.623046875 0.39532345 0.626953125 0.5782724890625001 0.6279296875 0.5974629484375 0.626953125 0.6076978609375 0.62109375 0.6332851390625 0.62109375 0.6345645015625 0.6181640625
3 0.058850740624999995 0.8857421875 0.058850740624999995 0.8974609375 0.0665269234375 0.9052734375 0.07164437968750001 0.8955078125 0.07164437968750001 0.8857421875 0.06780628749999999 0.8828125 0.058850740624999995 0.8857421875
6 0.0607934703125 0.9037289062499999 0.0562920125 0.9248046875 0.058850740624999995 0.9345703125 0.06908565156249999 0.9345703125 0.07164437968750001 0.9072265625 0.065706359375 0.90546128125 0.062871984375 0.9058943828125001 0.0607934703125 0.9037289062499999
4 0.06552315625 0.6626864953125 0.06657189062499999 0.703144725 0.0749605484375 0.7444040843749999 0.25269829375 0.741199528125 0.2500769296875 0.7299833437500001 0.28153492812500003 0.7243752734375 0.2820591 0.631441521875 0.075664434375 0.6323141062500001 0.1006512546875 0.6378507421874999 0.09593269843749999 0.6566778390625 0.06552315625 0.6626864953125
4 0.076009284375 0.87819663125 0.1950254171875 0.874992075 0.1971226109375 0.863775934375 0.2794377359375 0.8621736328124999 0.282583553125 0.742801784375 0.0830079515625 0.74372230625 0.090165403125 0.7544185546875 0.0718149 0.76523406875 0.076009284375 0.87819663125
4 0.0754850015625 0.9454606468750001 0.2857292 0.9458612750000001 0.286253653125 0.8773626484375001 0.108710259375 0.8754502421874999 0.1048458078125 0.8901811531250001 0.078106365625 0.8949880109375 0.0754850015625 0.9454606468750001
4 0.389352575 0.7440692296875 0.504174209375 0.734054803125 0.49683400781250003 0.6359135874999999 0.2941340515625 0.63791955 0.29183259375000004 0.759291078125 0.3909254828125 0.759291078125 0.389352575 0.7440692296875
4 0.2897354015625 0.84134365 0.35474875781250004 0.839340765625 0.35527293125 0.8269228453125 0.5020769609375 0.821715403125 0.4999799375 0.7536174046874999 0.324421284375 0.758436596875 0.3248635015625 0.7704416171874999 0.2939299546875 0.7672369531250001 0.2897354015625 0.84134365
4 0.2981243390625 0.908975353125 0.32905805312499997 0.9049696468749999 0.329582225 0.8909494703125 0.509941446875 0.8873442203125 0.5088929906249999 0.8384739171875 0.3271751015625 0.8397155359375 0.3306309625 0.854897553125 0.29550269375 0.8560992687500001 0.2981243390625 0.908975353125
4 0.300745703125 0.9410214781249999 0.507844309375 0.940220371875 0.5026012453125001 0.90456901875 0.3253392234375 0.906280184375 0.324339215625 0.921793859375 0.2981243390625 0.9237967453125 0.300745703125 0.9410214781249999
4 0.545563396875 0.8388744703125001 0.51200820625 0.8416785062500001 0.528203865625 0.9511237359375 0.73064134375 0.948632478125 0.7164853921875001 0.81844509375 0.5413690124999999 0.8204479796875 0.545563396875 0.8388744703125001
4 0.7337871609375 0.9414221062499999 0.79303305625 0.9446266640625 0.79775178125 0.9266007796875 0.9503231046874999 0.9270013015625 0.95294475 0.854897553125 0.776985865625 0.853028465625 0.77048816875 0.870520009375 0.7348358953125 0.86891773125 0.7337871609375 0.9414221062499999
4 0.69656198125 0.6979700531249999 0.7332629890625 0.7007740874999999 0.7280198671875 0.6350795390624999 0.518126909375 0.635817509375 0.50257086875 0.7067827875 0.6976104375000001 0.706382159375 0.69656198125 0.6979700531249999
4 0.51095969375 0.7408317328125 0.5162025921875 0.7712756 0.6247328734375001 0.7724773359375 0.6981348890625 0.76767039375 0.6902702359374999 0.7588576796875001 0.7243497671875 0.7572554234375 0.7243497671875 0.746439803125 0.72120395 0.724808734375 0.718582584375 0.7039787515625 0.5364857015625 0.7030828375 0.5376989125 0.717998928125 0.5135811703125001 0.72520925625 0.51095969375 0.7408317328125
4 0.5203970328125 0.8036894125 0.525640096875 0.8245194390625 0.5822644046875001 0.8225165531249999 0.6577637796875 0.821715403125 0.6567150453124999 0.8060929265624999 0.7233011421875 0.8072945984375 0.726446959375 0.797280234375 0.726446959375 0.780856609375 0.717009565625 0.7700409890625 0.5438292171875 0.7717495265625 0.5476607015625 0.7888681296875 0.520921371875 0.7912715359375 0.5203970328125 0.8036894125
4 0.7526619484375 0.7175654875 0.8092863671874999 0.7147614531250001 0.83287988125 0.7167643171875 0.8286856078125 0.7023435546875 0.9445558109375 0.6987383687500001 0.9482259125000001 0.631441521875 0.767806471875 0.6330147875 0.767866803125 0.6454616984375 0.7416516453125 0.6462628484375 0.735884353125 0.7095539578125 0.7526619484375 0.7175654875
4 0.7379815453125 0.7892687140625 0.765245159375 0.7896692359374999 0.759477865625 0.8036894125 0.73431144375 0.7984819703125 0.7427002703125 0.8565655624999999 0.7773041968750001 0.8549632203125 0.9225352078125001 0.8561649765625001 0.9288269515625001 0.8373378359375 0.945080096875 0.83293154375 0.9440316390625 0.7195683515625 0.7742320484375 0.72130053125 0.7657696109375001 0.7343897 0.7337871609375 0.7311851218750001 0.7379815453125 0.7892687140625
4 0.898372 0.1721351609375 0.7042958484375 0.1660875734375 0.708400178125 0.2563536703125 0.8763845968749999 0.25612971562500003 0.898372 0.1721351609375
4 0.893974575 0.060851140625 0.7039171171875 0.061287281250000006 0.6975530062499999 0.15066931562500002 0.9059944078125 0.1495493875 0.893974575 0.060851140625
4 0.8763845968749999 0.43522623281249995 0.8772641 0.41999519999999996 0.8925087578124999 0.41820331250000004 0.8942676703125001 0.40678005781250004 0.8790230140625 0.401404440625 0.8810751781249999 0.3899811515625 0.9065806609375 0.38594943125 0.9059944078125 0.37094240156249997 0.8819546812500001 0.3639988625 0.87872985625 0.33040103906249996 0.7039171171875 0.32927221875 0.7045890046875 0.43455424843749996 0.7972296734375 0.43925794218750003 0.8763845968749999 0.43522623281249995
4 0.9007174171875001 0.56778885 0.9024763296874999 0.55188589375 0.9127371546875 0.5359829140625 0.91185765 0.5194080234375 0.909512328125 0.4940976453125 0.9238774812500001 0.49297771562500003 0.9435196578125 0.45198840156250003 0.7007778328125001 0.44907657968750003 0.7037095015625 0.5700287312500001 0.9004241640625 0.572268540625 0.9007174171875001 0.56778885