7 0.6850876593749999 0.3184081984375 0.691867075 0.31538682812499996 0.6909426640625 0.2970262125 0.636399084375 0.2965613921875 0.581855590625 0.297491040625 0.49372309531249997 0.300744828125 0.4977291109375 0.3204999234375 0.5498074140625 0.31957025781250004 0.5849371546875 0.31957025781250004 0.6850876593749999 0.3184081984375
4 0.0628178046875 0.36089416875 0.165457715625 0.36041789375 0.1829421125 0.3584521515625 0.184561021875 0.3501493375 0.41121064531249996 0.3506377390625 0.48410836875 0.3452857859375 0.47832341562499997 0.215401046875 0.47787840625 0.084099759375 0.14769077656250001 0.0874559546875 0.085269984375 0.0923809 0.0871016984375 0.104726125 0.0628178046875 0.1061913359375 0.0608751 0.2085114859375 0.0628178046875 0.36089416875
4 0.1219010859375 0.404003796875 0.1379726765625 0.40238134375 0.142013475 0.3923990953125 0.1998066578125 0.3943280421875 0.241584390625 0.3914901109375 0.41330171875 0.390197846875 0.48395030625 0.39040754375 0.48395030625 0.3604207359375 0.18488766406249998 0.36106721406250003 0.09286472031250001 0.365893728125 0.092758690625 0.3771657921875 0.06545681875 0.3767030703125 0.066070340625 0.404003796875 0.1219010859375 0.404003796875
4 0.0658182484375 0.49713710000000005 0.064817896875 0.6460869015624999 0.0671520328125 0.71147769375 0.12117055937500001 0.7137410984375 0.12050366562499999 0.6986517906249999 0.21020874374999998 0.6995001125 0.3351283375 0.6999572296875 0.437354509375 0.70026196875 0.4820983046875 0.7008714609375 0.48169426406250004 0.6408373359375 0.48593225156250003 0.5909415109375 0.4814664859375 0.5084546203125 0.48210443437499995 0.4588709671875 0.48019050312499995 0.40377916249999996 0.425643925 0.4011327640625 0.3765200140625 0.4011327640625 0.3245253171875 0.401854509375 0.30442919375 0.40089218750000005 0.23967499062500003 0.4011327640625 0.1886372140625 0.4013733484375 0.143936534375 0.4039030453125 0.129653615625 0.403095125 0.0910499515625 0.405114928125 0.09119053437499999 0.405931653125 0.093494403125 0.420433115625 0.061483409375 0.42420543593750004 0.0658182484375 0.49713710000000005
6 0.2966557078125 0.7430114718749999 0.377995684375 0.7426280484375 0.41561540937499997 0.7437783078125 0.4199366234375 0.76026534375 0.4832292515625 0.7596902359375 0.4867878796875 0.7265244296875 0.48500854843749996 0.710612528125 0.3795207859375 0.710612528125 0.369463078125 0.715094471875 0.3693532953125 0.7276746921874999 0.3065690203125 0.728058109375 0.2976724703125 0.730358625 0.2966557078125 0.7430114718749999
6 0.0554658640625 0.8963234078125 0.034455878125 0.8980059796875001 0.0337236796875 0.9331685046875 0.0554658640625 0.9343831874999999 0.059223775 0.9113043828125 0.0554658640625 0.8963234078125
7 0.15981079375 0.780663696875 0.16551991562499999 0.7766356375 0.164967403125 0.7587177125 0.0769364 0.760662290625 0.07066768906250001 0.7643285765625001 0.069569790625 0.7728853734375 0.0708589625 0.7810804015625 0.11966275 0.7799692078125 0.15981079375 0.780663696875
4 0.08362091875 0.8425085609374999 0.27529807968750003 0.8414609984375 0.459621390625 0.84137275625 0.46688549999999995 0.8367926109375 0.4646298921875 0.8271088703125 0.48302179062499995 0.8275014578125001 0.4819807546875 0.7835489734375 0.42541694999999996 0.7808008875 0.3074311265625 0.7811934703125 0.2414667171875 0.7806700265625001 0.16887038125 0.7794922765625001 0.161930028125 0.7822403609374999 0.130698490625 0.7825020828125 0.125319721875 0.78040830625 0.0963375328125 0.7817169234375 0.0953446875 0.7857477109375 0.0916769140625 0.793063434375 0.06473101249999999 0.7939014875 0.06862009999999999 0.8406229406250001 0.08362091875 0.8425085609374999
4 0.5014353703125 0.1548974171875 0.603481009375 0.1554105046875 0.6956609578124999 0.154256053125 0.7212950453125 0.152761171875 0.7209886875 0.13681653437500002 0.8450153234375 0.13982059062500002 0.905919040625 0.1398312515625 0.9033251968749999 0.1249179734375 0.8401130984374999 0.122027315625 0.7540174046875 0.1213340734375 0.6584236171875 0.121102984375 0.5818260625 0.122027315625 0.5616042953125 0.1204097421875 0.51840326875 0.11948542031250001 0.5182729015625 0.1194942125 0.51708236875 0.1379654484375 0.4942921796875 0.13963299843750002 0.49072057812500003 0.1502796078125 0.5014353703125 0.1548974171875
4 0.554049946875 0.12014247812500001 0.6335152484375 0.11882129999999999 0.685271184375 0.11966204843749999 0.8005868265625 0.1197821546875 0.7956501078125 0.10392807343749999 0.8454950625000001 0.10392807343749999 0.90073144375 0.1063375140625 0.901379903125 0.09142424375 0.73481695 0.0884343078125 0.693571434375 0.08531153281250001 0.5270580734375 0.08462513125 0.51808664375 0.088198140625 0.5171776921875 0.10354079062499999 0.49021536406250005 0.10330970937499999 0.49174732031249996 0.1206408234375 0.554049946875 0.12014247812500001
4 0.4979592109375 0.44609059218749997 0.5230984859375 0.44206872500000005 0.628226340625 0.44130265937499996 0.7336081546875 0.4395790046875 0.8596954374999999 0.438621415625 0.90711513125 0.43785535781249996 0.9088926046875001 0.432301353125 0.912193753125 0.3752292203125 0.909654425 0.32268703125 0.9063532765625 0.318665171875 0.8085894484375 0.3190482046875 0.747645759375 0.3196227578125 0.6643560296875 0.3221124859375 0.6069673859375 0.32134641249999996 0.53316075 0.3223039984375 0.5204866859374999 0.3252978234375 0.5228445625 0.340764578125 0.4949120390625 0.342488240625 0.497705271875 0.4265642953125 0.4979592109375 0.44609059218749997
4 0.4993480859375 0.502774628125 0.5018420640625 0.5680574109375 0.500096284375 0.600974475 0.5267818531249999 0.60135068125 0.6063397625 0.6007863718750001 0.6439988359375 0.6002220765625 0.7245543234375 0.60135068125 0.82506163125 0.5983411078125 0.8243134484375 0.5838576015625 0.840524321875 0.58649096875 0.9106693953124999 0.5847688171875001 0.9117272640625 0.5437790328125 0.9108016328125 0.49360451875000005 0.9111983484374999 0.4458656171875 0.91177819375 0.4407898140625 0.862071940625 0.44256296562499997 0.8181994593749999 0.440633584375 0.7610245515625 0.443238253125 0.7074212656250001 0.4420806203125 0.51973011875 0.44410647187499996 0.5257937859374999 0.45954152812500004 0.5018420640625 0.46158129375 0.4990986984375 0.473619525 0.5018420640625 0.4956269390625 0.4993480859375 0.502774628125
4 0.500860315625 0.66740295625 0.5012401765625001 0.7197515390625 0.49993071718750004 0.782024146875 0.49953115625000005 0.8027562703125 0.51451758125 0.8055385140625001 0.54610436875 0.80032180625 0.5447209953125001 0.7891928546875 0.6588483734375 0.79267065625 0.7457482359375 0.7891308140625 0.8017080812499999 0.788455528125 0.9084559953125 0.78865371875 0.911754425 0.6801293859374999 0.9134036109375 0.6016461703125 0.7932421093750001 0.6014578625 0.6427125031250001 0.6021519984375 0.5478176125 0.6021519984375 0.530449478125 0.6025489453125 0.525616371875 0.605588703125 0.5263111265625 0.6174095609375 0.5027596359375 0.61841229375 0.498961009375 0.6198447687499999 0.500860315625 0.66740295625
4 0.5037094734374999 0.8638514140625 0.6163935390625 0.8638514140625 0.8306804 0.8611961046875001 0.87051595625 0.8611961046875001 0.8729369484375 0.847753603125 0.9096711781250001 0.8452642546875 0.9134126046875 0.798997059375 0.9037288234374999 0.7963417484375 0.8936048578125 0.7981672734374999 0.7893243328125 0.7998268453125 0.600959425 0.8013204578125 0.5590172546875001 0.8003247140624999 0.5290565234375 0.8044246640624999 0.52824668125 0.8205697031250001 0.50161626875 0.820901615625 0.4993077546875 0.855522296875 0.5037094734374999 0.8638514140625
3 0.0381093046875 0.87103635 0.03748510625 0.887667309375 0.038525457812500004 0.88939315625 0.0388767453125 0.8896064359375 0.05433873593750001 0.889079365625 0.0566275 0.8711932499999999 0.0485127921875 0.8697811828124999 0.0381093046875 0.87103635