7 0.71927280625 0.140625 0.7309788734375 0.0791015625 0.7296781984375 0.0703125 0.2276179765625 0.07421875 0.223715953125 0.0810546875 0.23932404375 0.1181640625 0.29785438124999997 0.14453125 0.71927280625 0.140625
6 0.5774993234375 0.2119140625 0.5735973015625 0.1953125 0.4032799765625 0.1897642703125 0.405810334375 0.2041015625 0.425320446875 0.2109375 0.5719721375 0.220311409375 0.5774993234375 0.2119140625
2 0.6239008640625 0.2650602234375 0.3548813015625 0.26439389687500003 0.3548813015625 0.507606509375 0.4721447171875 0.5078125 0.624788771875 0.5096055374999999 0.6239008640625 0.2650602234375
3 0.0416215734375 0.8681640625 0.0351182015625 0.8671875 0.02861483125 0.8720703125 0.0299155046875 0.8828125 0.044222920312500004 0.8798828125 0.0416215734375 0.8681640625
6 0.0260134828125 0.9013671875 0.023412134374999997 0.9306640625 0.0403208984375 0.93359375 0.0416215734375 0.8994140625 0.0260134828125 0.9013671875
4 0.32126651562499997 0.947265625 0.3303712359375 0.9423828125 0.3303712359375 0.9072265625 0.3082597734375 0.90234375 0.08454382031249999 0.900390625 0.052026967187499995 0.9189453125 0.052026967187499995 0.9365234375 0.0611316859375 0.9453125 0.25883415625 0.94921875 0.32126651562499997 0.947265625
4 0.101816528125 0.8836343781249999 0.32126651562499997 0.884765625 0.3277698859375 0.8798828125 0.3303712359375 0.8486328125 0.3303712359375 0.5869140625 0.3186651671875 0.580078125 0.2536314609375 0.578125 0.0822837109375 0.5811593875 0.0546283140625 0.5966796875 0.052026967187499995 0.8779296875 0.04854531875 0.896961096875 0.0938258328125 0.8982937484375 0.101816528125 0.8836343781249999
4 0.3277698859375 0.5615234375 0.3303712359375 0.4833984375 0.3335462703125 0.4405624921875 0.0813958703125 0.4398961671875 0.0546283140625 0.4599609375 0.0520966796875 0.579160359375 0.1124707421875 0.5771613828125 0.12223711718750001 0.5625019609375 0.3277698859375 0.5615234375
4 0.139172134375 0.26171875 0.0832431453125 0.2626953125 0.0832431453125 0.2705078125 0.09234786406249999 0.2734375 0.1430741578125 0.2685546875 0.139172134375 0.26171875
4 0.33265842968750003 0.2719447296875 0.0813958703125 0.27527640937500003 0.0546283140625 0.2939453125 0.049433159375 0.44052772500000004 0.2944807046875 0.4391950484375 0.33265842968750003 0.421870325 0.33265842968750003 0.2719447296875
4 0.629526290625 0.5927734375 0.6256242671875001 0.5234375 0.43312449218750004 0.517578125 0.3563847171875 0.5224609375 0.3563847171875 0.5908203125 0.3654894375 0.607421875 0.46954336874999997 0.607421875 0.629526290625 0.5927734375
4 0.629526290625 0.8291015625 0.62432359375 0.6240234375 0.38630022343750003 0.625 0.351182021875 0.6435546875 0.35378336875 0.9404296875 0.57619865 0.943359375 0.6256242671875001 0.939453125 0.629526290625 0.8291015625
4 0.9195766265625 0.92578125 0.926079996875 0.9208984375 0.9286813453124999 0.8974609375 0.9286813453124999 0.5556640625 0.9117725796875 0.55078125 0.6880566265625 0.5546875 0.652938425 0.5712890625 0.6477357265625 0.6650390625 0.6451343796875 0.8896484375 0.652938425 0.9384765625 0.8207253890624999 0.94140625 0.9195766265625 0.92578125
4 0.9013671875 0.3046875 0.926079996875 0.2880859375 0.926079996875 0.2666015625 0.9039685359374999 0.259765625 0.656840446875 0.26171875 0.6503370765625001 0.2666015625 0.6503370765625001 0.2861328125 0.6594417953125 0.3046875 0.9013671875 0.3046875
4 0.80124356875 0.54999705625 0.8101221031250001 0.5353376609375 0.9326459093749999 0.5373366890625 0.929982321875 0.30545178125 0.6804954421875 0.30878346093750003 0.647644890625 0.32410920625 0.6477357265625 0.4755859375 0.6494205703125 0.5506634078125 0.6880566265625 0.552734375 0.80124356875 0.54999705625