4 0.1299495671875 0.2149448484375 0.344554028125 0.2109375 0.3614566796875 0.2060546875 0.3640570875 0.1826171875 0.35495566093750003 0.0859375 0.1963307859375 0.083984375 0.080996928125 0.084578096875 0.0884138640625 0.1943359375 0.08746240937500001 0.23228085312500002 0.12533139531249998 0.2302005109375 0.1299495671875 0.2149448484375
4 0.3666574953125 0.3505859375 0.3640570875 0.2607421875 0.3614566796875 0.2353515625 0.35495566093750003 0.23046875 0.23533690312500002 0.228515625 0.11831855312499999 0.234375 0.097515290625 0.248046875 0.091014271875 0.2529296875 0.0902332703125 0.359180390625 0.34975484375 0.35546875 0.3666574953125 0.3505859375
4 0.5631339375 0.11092884218750002 0.6514021453125001 0.09765625 0.657903165625 0.0888671875 0.6488017375 0.083984375 0.5915927671875 0.08203125 0.3887609609375 0.083984375 0.382259940625 0.0888671875 0.3802544140625 0.1102353734375 0.412581609375 0.1123157015625 0.5631339375 0.11092884218750002
6 0.6514021453125001 0.32421875 0.6093156468750001 0.3217346125 0.6093156468750001 0.3397640734375 0.6553027578124999 0.3369140625 0.657903165625 0.3291015625 0.6514021453125001 0.32421875
7 0.20283180625 0.3935546875 0.2015316015625 0.3828125 0.175527525 0.37890625 0.1365214078125 0.3828125 0.13262079531249998 0.3857421875 0.1365214078125 0.396484375 0.19893119374999998 0.396484375 0.20283180625 0.3935546875
7 0.1548876609375 0.44169977656250003 0.329454534375 0.4382325765625 0.325759984375 0.413962171875 0.117018675 0.41465560156250003 0.097515290625 0.419921875 0.091014271875 0.4287109375 0.08581345625 0.4677734375 0.1059350921875 0.47429144218749997 0.14842225 0.4680504703125 0.1548876609375 0.44169977656250003
1 0.3029475046875 0.748046875 0.3068481171875 0.7431640625 0.3029475046875 0.736328125 0.256140165625 0.732421875 0.0949148828125 0.732421875 0.09361467968750001 0.7431640625 0.10271610625000001 0.748046875 0.289945465625 0.75 0.3029475046875 0.748046875
1 0.5889923593749999 0.74609375 0.595493378125 0.7412109375 0.595493378125 0.7353515625 0.5889923593749999 0.732421875 0.396562184375 0.732421875 0.3952619796875 0.7412109375 0.401763 0.74609375 0.5265825734375 0.748046875 0.5889923593749999 0.74609375
1 0.873737009375 0.7392578125 0.873737009375 0.7314453125 0.8568343593750001 0.7265625 0.6904082625 0.73046875 0.6891080578125 0.7392578125 0.7060107078125 0.744140625 0.869836396875 0.7421875 0.873737009375 0.7392578125
3 0.9764531156249999 0.8671875 0.9725525046874999 0.8818359375 0.98165393125 0.884765625 0.9881549515625 0.8701171875 0.9764531156249999 0.8671875
6 0.9881549515625 0.9208984375 0.9881549515625 0.8935546875 0.98165393125 0.890625 0.9725525046874999 0.8935546875 0.9673516875000001 0.9111328125 0.9699520968750001 0.9228515625 0.9842543390625 0.923828125 0.9881549515625 0.9208984375
2 0.36015647500000003 0.9375 0.3718583109375 0.9326171875 0.369257903125 0.7568359375 0.36275688281249996 0.75 0.10271610625000001 0.75390625 0.0988154953125 0.7568359375 0.0988154953125 0.9033203125 0.105316515625 0.9375 0.36015647500000003 0.9375
2 0.6683047953125001 0.9287109375 0.6631039796875 0.7529296875 0.65920336875 0.75 0.41216463125 0.75 0.39786238749999997 0.7529296875 0.39786238749999997 0.9287109375 0.40436340781249996 0.93359375 0.6618037765625 0.93359375 0.6683047953125001 0.9287109375
2 0.6930086703125 0.931640625 0.9582502625 0.931640625 0.9621508734375 0.9287109375 0.959550465625 0.7490234375 0.955649853125 0.74609375 0.6904082625 0.748046875 0.68650765 0.7509765625 0.68650765 0.8076171875 0.6891080578125 0.9287109375 0.6930086703125 0.931640625
4 0.3666574953125 0.5712890625 0.3700921515625 0.47965405624999996 0.32895158125 0.48046875 0.159925078125 0.482421875 0.1261197765625 0.486328125 0.09621508749999999 0.5029296875 0.09361467968750001 0.5732421875 0.0939255203125 0.5926847921875 0.27680511406249997 0.591991415625 0.3666574953125 0.5712890625
4 0.369257903125 0.6201171875 0.36916853125000004 0.5892175921875 0.2324706453125 0.5947651328125 0.12440547500000002 0.5947651328125 0.0920782796875 0.6148748828125 0.0939255203125 0.7237450140624999 0.36015647500000003 0.71875 0.369257903125 0.7138671875 0.369257903125 0.6201171875
7 0.8438323203125 0.67578125 0.86853619375 0.6689453125 0.86463558125 0.662109375 0.8516335421875001 0.66015625 0.6904082625 0.6640625 0.68650765 0.6669921875 0.6904082625 0.67578125 0.7554184562499999 0.677734375 0.8438323203125 0.67578125
4 0.9569500578125 0.7060546875 0.959550465625 0.6845703125 0.9530494453125 0.677734375 0.7476172328125 0.6796875 0.719012746875 0.68359375 0.6930086703125 0.69921875 0.68650765 0.7041015625 0.6930086703125 0.712890625 0.937447 0.708984375 0.9569500578125 0.7060546875
4 0.869836396875 0.6484375 0.9504490375 0.62890625 0.9569500578125 0.6240234375 0.9569500578125 0.5458984375 0.9504490375 0.50390625 0.719012746875 0.5078125 0.6904082625 0.5234375 0.6839072421875 0.5283203125 0.6839072421875 0.6455078125 0.6878078546874999 0.6484375 0.869836396875 0.6484375
4 0.654002553125 0.71484375 0.6631039796875 0.7099609375 0.668692334375 0.63805586875 0.5938779796875 0.636669009375 0.416540246875 0.6373624390625 0.39266157343749997 0.6572265625 0.39006116562500004 0.6865234375 0.3897548421875 0.717801484375 0.5317833875 0.71875 0.654002553125 0.71484375
4 0.6631505421874999 0.6212193734375 0.6631505421874999 0.4111069921875 0.38244801562499997 0.41387684374999995 0.386060290625 0.6371684656250001 0.6520669609375 0.634394746875 0.6631505421874999 0.6212193734375
4 0.61512159375 0.3217044625 0.6631505421874999 0.30644879999999997 0.662226921875 0.11436587812500001 0.4066974390625 0.1120555078125 0.3805185 0.129621540625 0.3814421203125 0.3237848046875 0.61512159375 0.3217044625
4 0.748124928125 0.48951700625 0.9587135484375 0.4874366640625 0.95040075625 0.07830697343750001 0.669976884375 0.07909800624999999 0.6788522953125 0.5060407421875001 0.7453539984375 0.5053472859375 0.748124928125 0.48951700625