7 0.7251766953125001 0.0952302921875 0.6803896734375 0.094216734375 0.6586747734375 0.07698631875 0.5840298078124999 0.073945646875 0.5636720562499999 0.0972573921875 0.474098009375 0.0952302921875 0.459169075 0.0759727609375 0.3695950296875 0.0759727609375 0.3695950296875 0.0921896203125 0.315307740625 0.0952302921875 0.30580747656249996 0.14185378125 0.3397370125 0.148948653125 0.32345085625 0.16415195625 0.31259336875 0.178341728125 0.31398040312500003 0.20147828125 0.7143192078125 0.20570768749999999 0.7075333171875 0.1509757671875 0.7251766953125001 0.137799553125 0.7251766953125001 0.0952302921875
6 0.33108948125 0.237043890625 0.6627462921875 0.2330736484375 0.6586747734375 0.208748359375 0.3329511203125 0.208748359375 0.33108948125 0.237043890625
4 0.509867053125 0.2906410234375 0.1220036953125 0.2938416890625 0.120932246875 0.3090447859375 0.0930746640625 0.31064512031249997 0.09158088125 0.42831823281250003 0.194862015625 0.427469078125 0.194862015625 0.41066564687499996 0.5120099515625001 0.4090653125 0.509867053125 0.2906410234375
4 0.5115494 0.43164693125 0.12047172343749998 0.43404743124999995 0.1226145921875 0.450050696875 0.0915426921875 0.44925052968749996 0.087721740625 0.5687070015625 0.3904760546875 0.5684749874999999 0.39261889375000003 0.5532718671875 0.51262081875 0.5524717015625 0.5115494 0.43164693125
4 0.092614140625 0.7981220703125 0.3444038390625 0.7981220703125 0.3433324203125 0.78451930625 0.5169066140624999 0.7813186390625 0.5169066140624999 0.5748762968750001 0.11832882656249999 0.57407613125 0.11832882656249999 0.5876789171875 0.0851139984375 0.58847910625 0.092614140625 0.7981220703125
4 0.092614140625 0.8185151484375 0.093685559375 0.94174039375 0.2704741296875 0.94014010625 0.2704741296875 0.9265372968750001 0.51583519375 0.9201359640625 0.5112625015625001 0.801968340625 0.11940027499999999 0.8033120296874999 0.11940027499999999 0.82011548125 0.092614140625 0.8185151484375
4 0.5629787703125 0.94174039375 0.9576848953124999 0.9361392499999999 0.9555419984375 0.9201359640625 0.558035659375 0.9281376296875001 0.5629787703125 0.94174039375
4 0.9555419984375 0.7977108859375 0.559107078125 0.8033120296874999 0.5633928734375 0.8153144828125001 0.53232094375 0.8185151484375 0.5327469218750001 0.92435855 0.6716088906250001 0.9193358203124999 0.6705374703125 0.9065331999999999 0.9555419984375 0.8969312234375 0.9555419984375 0.7977108859375
4 0.954470578125 0.288349296875 0.5612499765625001 0.290749796875 0.5601785578125 0.30355241718750003 0.5355352625 0.30355241718750003 0.5317821359375 0.7998085125000001 0.6748232078124999 0.79691071875 0.6758946859375 0.7809074328125 0.9576848953124999 0.77610645625 0.954470578125 0.288349296875
6 0.9905426921875 0.8882505406250001 0.9718017359375001 0.8882505406250001 0.9718017359375001 0.9233693296875 0.9905426921875 0.9233693296875 0.9905426921875 0.8882505406250001
3 0.9884587546875 0.8591306703124999 0.9733646890625 0.8591306703124999 0.9733646890625 0.8746922250000001 0.9884587546875 0.8746922250000001 0.9884587546875 0.8591306703124999