6 0.97005619375 0.876953125 0.9610384078124999 0.8779296875 0.9610384078124999 0.8876953125 0.9558853875000001 0.8935546875 0.9558853875000001 0.9052734375 0.966191428125 0.9072265625 0.9713444499999999 0.9052734375 0.9739209593749999 0.8974609375 0.9739209593749999 0.8798828125 0.97005619375 0.876953125
3 0.958461896875 0.8525390625 0.9610384078124999 0.8642578125 0.9687679390625 0.8720703125 0.9739209593749999 0.8642578125 0.9774586 0.8450224984375 0.9618815703125 0.8442844875000001 0.958461896875 0.8525390625
6 0.69707206875 0.9225136453125 0.9501987984375001 0.9202996125 0.9511723625 0.9018493390625 0.69707206875 0.9062774046875001 0.69707206875 0.9225136453125
7 0.671759396875 0.8870891203125 0.7476974140625 0.8848750875 0.7457502859375 0.8715908906250001 0.671759396875 0.8693768593750001 0.671759396875 0.8870891203125
4 0.956040184375 0.7180846203125 0.704860584375 0.7166085984375 0.7029134546875 0.735058871875 0.6746800890625 0.735058871875 0.67662721875 0.8664248140625 0.9054148375000001 0.8686388484374999 0.90833553125 0.851664596875 0.9550666203124999 0.851664596875 0.956040184375 0.7180846203125
4 0.956040184375 0.6988963375 0.9540930546874999 0.616239115625 0.7058341484375 0.615501103125 0.7029134546875 0.6302613218750001 0.671759396875 0.6324753546874999 0.6746800890625 0.7158705890625 0.903467709375 0.7129185453125 0.903467709375 0.6981583265625 0.946304540625 0.6996343484375 0.956040184375 0.6988963375
4 0.9550666203124999 0.44871063749999995 0.671759396875 0.44797262499999996 0.671759396875 0.6118110484375 0.8343446421875 0.61402508125 0.8372653343750001 0.5992648640625 0.953119490625 0.5992648640625 0.9550666203124999 0.44871063749999995
7 0.8283481187499999 0.41015625 0.7961417375 0.4111328125 0.8000065031249999 0.423828125 0.8811665828124999 0.4228515625 0.8798783265625 0.41015625 0.846383690625 0.41015625 0.8412306703124999 0.404296875 0.8283481187499999 0.41015625
6 0.903066921875 0.3828125 0.8979139015625 0.37890625 0.87472530625 0.376953125 0.8541132234375001 0.376953125 0.8502484562499999 0.3798828125 0.8502484562499999 0.3837890625 0.8592662437499999 0.388671875 0.8953373906250001 0.388671875 0.9004904109374999 0.384765625 0.9133729640625001 0.388671875 0.9430028343749999 0.3876953125 0.9481558546875 0.3818359375 0.9288320265625 0.376953125 0.9159494734375 0.376953125 0.903066921875 0.3828125
6 0.3104695125 0.15625 0.25120977187500004 0.15234375 0.24734500625 0.1572265625 0.25378628281250004 0.1640625 0.305316490625 0.1640625 0.3104695125 0.16015625 0.3233520640625 0.1640625 0.3478289140625 0.1630859375 0.350405425 0.1572265625 0.346540659375 0.15234375 0.3233520640625 0.15234375 0.3104695125 0.15625
7 0.07858356875 0.244140625 0.1262490140625 0.2431640625 0.1288255234375 0.2373046875 0.1249607578125 0.234375 0.074718803125 0.2333984375 0.07858356875 0.244140625
7 0.2447684953125 0.1845703125 0.2486332609375 0.1953125 0.283416153125 0.1962890625 0.2885691734375 0.1943359375 0.28728091875 0.18359375 0.2769748765625 0.181640625 0.2447684953125 0.1845703125
7 0.1210959921875 0.4833984375 0.1133664609375 0.4794921875 0.1146547171875 0.470703125 0.1326902890625 0.470703125 0.137843309375 0.474609375 0.16876143593749998 0.474609375 0.17391445625 0.470703125 0.19195003125 0.470703125 0.1996795609375 0.474609375 0.22802117656249998 0.470703125 0.2847044078125 0.47265625 0.3233520640625 0.466796875 0.3272168296875 0.4638671875 0.3272168296875 0.4541015625 0.31819904375 0.44921875 0.297586959375 0.447265625 0.19195003125 0.447265625 0.17906747812499998 0.451171875 0.1610319046875 0.4453125 0.148149353125 0.44921875 0.083736590625 0.44921875 0.074718803125 0.4541015625 0.074718803125 0.4619140625 0.08244833593749999 0.4716796875 0.0772953140625 0.4951171875 0.091466121875 0.501953125 0.1056369296875 0.5009765625 0.1185194828125 0.4951171875 0.115942971875 0.4892578125 0.1210959921875 0.4873046875 0.1210959921875 0.4833984375
2 0.0785337890625 0.9157267843750001 0.6499366953125 0.9177938875 0.647209828125 0.6168236390625 0.07788555781249999 0.6180639015625 0.0785337890625 0.9157267843750001
1 0.068978175 0.614564796875 0.41476487031250003 0.6179601828125 0.41476487031250003 0.6036995625 0.070769815625 0.6023414093749999 0.068978175 0.614564796875
4 0.0779363796875 0.5337546203125 0.0716656359375 0.6009832546875 0.3547449 0.5989460234374999 0.3556407203125 0.516777690625 0.356536540625 0.5154195374999999 0.1057068140625 0.5181358453125 0.0779363796875 0.5337546203125
4 0.6576633609375 0.4461536703125 0.374584096875 0.44954905624999997 0.3771404109375 0.48214475781250005 0.540179734375 0.48214475781250005 0.540179734375 0.468563215625 0.656767540625 0.46720506093749997 0.6576633609375 0.4461536703125
4 0.6576633609375 0.4835029125 0.40325035312499996 0.484861065625 0.4041461734375 0.49980076249999994 0.37547991875000003 0.5018379953125 0.3790632 0.566350321875 0.546581625 0.5670293984375 0.5492690859375 0.5500524703125 0.6603508234375 0.5520897015624999 0.6576633609375 0.4835029125
4 0.41131273593750006 0.5853644796874999 0.37816737968749997 0.58332725 0.3763757375 0.5996251 0.6576633609375 0.6023414093749999 0.656767540625 0.5690666296875 0.4077294546875 0.568387553125 0.41131273593750006 0.5853644796874999
4 0.36831335468750004 0.048893553125 0.3718966359375 0.3911484234375 0.653184259375 0.392506578125 0.6522884390625 0.0495726296875 0.36831335468750004 0.048893553125
4 0.1028425171875 0.2811379296875 0.0741762625 0.2811379296875 0.0750720828125 0.3952228859375 0.3548760484375 0.3972601171875 0.35635970625 0.260765615625 0.10194669687499999 0.2614446921875 0.1028425171875 0.2811379296875
4 0.35277642343750004 0.052968015624999996 0.0688013390625 0.052968015624999996 0.07148880156250001 0.1514341984375 0.12075892656250001 0.150755121875 0.12075892656250001 0.135815425 0.35725552656250004 0.13377819375 0.35277642343750004 0.052968015624999996
4 0.9522571421875 0.046856321875 0.6718653406249999 0.0495726296875 0.6745528015625 0.194895134375 0.7677181281250001 0.1955742109375 0.7650306687499999 0.18199266875 0.9513613218750001 0.18199266875 0.9522571421875 0.046856321875
4 0.9531053046875 0.20915575468749997 0.702275578125 0.210513909375 0.698692296875 0.22477452812499998 0.670026040625 0.22545360468750003 0.672713503125 0.3734924171875 0.761399728125 0.3721342640625 0.761399728125 0.356515490625 0.9513136640625 0.36194810781250003 0.9531053046875 0.20915575468749997