2 0.2625739453125 0.66015625 0.050445240625 0.65625 0.02198895 0.658203125 0.0181085484375 0.8681640625 0.0206954828125 0.9462890625 0.0245758859375 0.94921875 0.0763145953125 0.951171875 0.3156061203125 0.9521484375 0.3233669265625 0.8408203125 0.32595386249999997 0.6650390625 0.322073459375 0.662109375 0.2625739453125 0.66015625
2 0.37639910312499997 0 0.3725187 0.0048828125 0.3699317640625 0.0400390625 0.36734482812499997 0.2021484375 0.3738121671875 0.205078125 0.391920715625 0.19921875 0.390627246875 0.1923828125 0.3970945859375 0.1875 0.41002926406249995 0.19140625 0.4152031328125 0.185546875 0.42037700468750006 0.185546875 0.42167047343749997 0.1904296875 0.36734482812499997 0.2158203125 0.36217095781249997 0.2548828125 0.36475789375 0.2607421875 0.3815729734375 0.263671875 0.6312122421875 0.2666015625 0.6363861109375 0.2626953125 0.6363861109375 0.1767578125 0.6079298234375 0.1689453125 0.6247449015625001 0.166015625 0.63509264375 0.171875 0.638973046875 0.1630859375 0.6415599828125 0.0009765625 0.580767 0 0.5730061937500001 0.00390625 0.5523107109375001 0 0.46176797187499996 0 0.4358986171875 0.00390625 0.430724746875 0 0.37639910312499997 0
2 0.6738966750000001 0 0.6700162734374999 0.0087890625 0.6674293375 0.0712890625 0.6700162734374999 0.1455078125 0.6648424015625001 0.1650390625 0.662255465625 0.2939453125 0.671309740625 0.296875 0.741156996875 0.298828125 0.9571661031250001 0.2998046875 0.9571661031250001 0.2119140625 0.9623399750000001 0.1904296875 0.9675138453125 0.0009765625 0.6738966750000001 0
2 0.6583750640625 0.431640625 0.6519077234374999 0.4345703125 0.6493207890625 0.5556640625 0.654494659375 0.5634765625 0.6493207890625 0.5732421875 0.646733853125 0.6064453125 0.646733853125 0.6630859375 0.65061425625 0.666015625 0.826525865625 0.66796875 0.8937861859374999 0.671875 0.9752746515625 0.6708984375 0.9804485218749999 0.6337890625 0.9817419890625001 0.4375 0.7049399000000001 0.431640625 0.6583750640625 0.431640625
2 0.972687715625 0.8115234375 0.9778615875 0.7705078125 0.9778615875 0.7177734375 0.9739811828124999 0.71484375 0.646733853125 0.7119140625 0.638973046875 0.9072265625 0.638973046875 0.9423828125 0.6428534499999999 0.9453125 0.9675138453125 0.9501953125 0.972687715625 0.9345703125 0.9701007796875001 0.8994140625 0.9752746515625 0.8662109375 0.972687715625 0.8115234375
7 0.1539226578125 0.2265625 0.1396945125 0.2353515625 0.17073773750000001 0.2548828125 0.17073773750000001 0.2646484375 0.18496588281249998 0.27734375 0.2612804765625 0.2783203125 0.2638674125 0.2451171875 0.244465396875 0.232421875 0.2185960421875 0.2265625 0.1539226578125 0.2265625
7 0.5445499046875 0.654296875 0.5678323234375 0.654296875 0.569125790625 0.6357421875 0.5742996609375 0.6279296875 0.5445499046875 0.623046875 0.5367890984375 0.623046875 0.531615228125 0.626953125 0.5057458734375 0.623046875 0.4514202296875 0.623046875 0.4488332953125 0.626953125 0.4436594234375 0.623046875 0.40097498906249995 0.6240234375 0.40097498906249995 0.6435546875 0.407442328125 0.650390625 0.44107248749999994 0.65234375 0.446246359375 0.6484375 0.4488332953125 0.65234375 0.5173870828125 0.6552734375 0.5277348234375 0.6533203125 0.5277348234375 0.6416015625 0.531615228125 0.638671875 0.5445499046875 0.654296875
4 0.32595386249999997 0.5029296875 0.33371466875 0.3115234375 0.329834265625 0.30859375 0.283269428125 0.3046875 0.25998700937499997 0.30859375 0.097010078125 0.3046875 0.0918362078125 0.31640625 0.0672603203125 0.3212890625 0.06467338593750001 0.3310546875 0.0594995140625 0.4580078125 0.06208645 0.4677734375 0.06984725625 0.4716796875 0.06984725625 0.4775390625 0.06208645 0.4833984375 0.0594995140625 0.5029296875 0.056912578125 0.5576171875 0.06467338593750001 0.5654296875 0.06467338593750001 0.5732421875 0.056912578125 0.5869140625 0.056912578125 0.6201171875 0.0633799171875 0.626953125 0.2806824921875 0.6328125 0.289736765625 0.6376953125 0.3040641109375 0.633035446875 0.336942159375 0.6338635171875 0.336942159375 0.6326212359375 0.3352982578125 0.631793165625 0.32595386249999997 0.5986328125 0.3233669265625 0.5498046875 0.328540796875 0.5185546875 0.32595386249999997 0.5029296875
6 0.323242875 0.6578129765625 0.3314625046875 0.636694278125 0.3002283578125 0.6375224578124999 0.2766658921875 0.640007065625 0.2766658921875 0.6516016125 0.323242875 0.6578129765625
4 0.3424216390625 0.5737862671875 0.372559715625 0.5779272359375 0.3681761328125 0.579997696875 0.37803937187500003 0.5940767859375 0.5533881125 0.5953190890625 0.5544840078125 0.5816540140625001 0.630103171875 0.580825878125 0.6306512375 0.47895925000000006 0.578594421875 0.477717034375 0.378403446875 0.4761894375 0.369820034375 0.4909679640625 0.3528331203125 0.49262428125 0.3424216390625 0.5737862671875
1 0.45365865312500003 0.2674262390625 0.3582566484375 0.2632390109375 0.359956678125 0.2902013109375 0.448178996875 0.2856462734375 0.45365865312500003 0.2674262390625
4 0.5216062515625 0.3432050859375 0.5254420046875 0.3282977296875 0.6350348203125 0.32995415625 0.637774678125 0.3150468 0.6322949640625 0.2968267640625 0.3534597921875 0.29293617968749996 0.35886060625 0.33326685624999997 0.3654361578125 0.3432050859375 0.5216062515625 0.3432050859375
4 0.3511891 0.40904567968750005 0.49585193437499997 0.4082175 0.49201618125 0.39662293125 0.6350348203125 0.39455246875 0.6383227437500001 0.3473460109375 0.38703778906249997 0.341465696875 0.38954663125 0.356455971875 0.3594085546875 0.357284153125 0.3511891 0.40904567968750005
4 0.153373965625 0.0857417734375 0.34187369218749997 0.0902968109375 0.3544770234375 0.03729305625 0.06948588125 0.030007590625000004 0.0651515296875 0.0969222640625 0.15227789375 0.10354772968749999 0.153373965625 0.0857417734375
4 0.0613157765625 0.183467434375 0.093097696875 0.18885068437500002 0.08707009375 0.20996936093750002 0.261870828125 0.209555215625 0.26789860625 0.19257750625 0.1846078203125 0.188022503125 0.18625172343750002 0.17642793437499998 0.35173704843750003 0.1793265765625 0.35886060625 0.10479003281249999 0.10402324999999998 0.100991065625 0.10186515781250001 0.1172127609375 0.0695352890625 0.1147281984375 0.0613157765625 0.183467434375
4 0.339681840625 0.7632705984375 0.33858588749999996 0.9032336109375001 0.6147601593750001 0.9086168609374999 0.626815484375 0.7397691796875 0.6290073921875 0.695875509375 0.624075509375 0.6722722265625001 0.379683390625 0.6689595484375 0.3697691046875 0.6753777624999999 0.3736557875 0.6875596765624999 0.3451616140625 0.68673151875 0.339681840625 0.7632705984375
1 0.7848302390625 0.6900442625000001 0.7842824078125 0.670996003125 0.6470274171875 0.668858871875 0.6390716265624999 0.6883878578125 0.7316776453125 0.6912865 0.7848302390625 0.6900442625000001
1 0.7519524828125 0.71033478125 0.7585279171875 0.6929429046875 0.645647178125 0.6908724203125 0.63194806875 0.700396528125 0.645647178125 0.71033478125 0.7519524828125 0.71033478125
4 0.3559928796875 0.473804865625 0.4016919203125 0.4729826234375 0.40060399843749994 0.45818214062499996 0.6329074578125 0.4639378640625 0.634539575 0.41172529375 0.4087644078125 0.408025125 0.37147166249999997 0.4112705015625 0.39135537343750004 0.4232367390625 0.3576250546875 0.42241443125 0.3559928796875 0.473804865625
1 0.721041190625 0.2998997796875 0.6623910671875 0.29658906875 0.657933115625 0.317989184375 0.7183211515625 0.31552244375 0.721041190625 0.2998997796875
4 0.8048227671875001 0.4232367390625 0.802102553125 0.409258521875 0.9103658250000001 0.41131411875 0.940288065625 0.40596957187499993 0.9435522984375 0.3282672859375 0.6642960546875 0.317443790625 0.6508605125 0.33196739062499997 0.6497725890625 0.42447005000000004 0.8048227671875001 0.4232367390625