0 0.0894753421875 0.8876656390625 0.9516570515625 0.8876656390625 0.9500522328125 0.46173428281250006 0.1408295171875 0.45556136406250003 0.10070906718749999 0.7074164265625 0.0894753421875 0.8876656390625
6 0.9543661 0.8492969421875 0.954864290625 0.8853230765625 0.9761203999999999 0.8846843156249999 0.97362945 0.8490414375 0.9543661 0.8492969421875
3 0.95320365625 0.8448256125 0.9751240203125 0.843164834375 0.97362945 0.82170245625 0.95320365625 0.8206804390625001 0.95320365625 0.8448256125
4 0.676651596875 0.438122353125 0.957091684375 0.4458669390625 0.962125225 0.0271060546875 0.6795279046875 0.024893315625000002 0.676651596875 0.438122353125
4 0.39261612343749996 0.2063379265625 0.664427284375 0.20910384999999998 0.6665845171875 0.01659554375 0.39477335468749997 0.01382961875 0.39261612343749996 0.2063379265625
1 0.5547364953125 0.2265625 0.5268092578125 0.220703125 0.46333826250000004 0.220703125 0.45572174375 0.224609375 0.432872184375 0.220703125 0.397328428125 0.22265625 0.39352016875 0.2255859375 0.3947895890625 0.236328125 0.41510030625 0.23828125 0.6499429875 0.2373046875 0.6524818265625 0.2275390625 0.6334405296875001 0.22265625 0.559814175 0.22265625 0.5547364953125 0.2265625
4 0.6651760265625 0.4150390625 0.660098346875 0.3623046875 0.6651760265625 0.2861328125 0.660098346875 0.2587890625 0.5344257765625 0.25 0.397328428125 0.251953125 0.39098132812499997 0.2568359375 0.39098132812499997 0.3193359375 0.38590364843749997 0.3291015625 0.39098132812499997 0.4326171875 0.404944946875 0.439453125 0.42779450468749997 0.439453125 0.43541102499999995 0.443359375 0.5737777937499999 0.4443359375 0.585202571875 0.439453125 0.6512124078125 0.439453125 0.6626371859375 0.4345703125 0.6651760265625 0.4150390625
7 0.1632305125 0.189189196875 0.10409243125 0.1884765625 0.10409243125 0.2060546875 0.148522128125 0.208984375 0.2145319625 0.208984375 0.253834234375 0.20855066562500002 0.253834234375 0.1908487515625 0.24017176718750002 0.19029556718750001 0.1632305125 0.189189196875
6 0.33131859218750004 0.1953125 0.2703864375 0.19140625 0.2615005 0.1943359375 0.2640393390625 0.2021484375 0.27546411718749997 0.205078125 0.3262409140625 0.203125 0.32877975312499996 0.19921875 0.3389351125 0.205078125 0.3528987328125 0.2041015625 0.3617846703125 0.203125 0.3681317703125 0.1962890625 0.3643235109375 0.193359375 0.33131859218750004 0.1953125
6 0.32877975312499996 0.16015625 0.3160855546875 0.15625 0.279272378125 0.1572265625 0.279272378125 0.1650390625 0.28561947656250003 0.169921875 0.31354671562499997 0.171875 0.33131859218750004 0.166015625 0.3389351125 0.169921875 0.363054090625 0.1708984375 0.37320945 0.1689453125 0.3757482890625 0.1611328125 0.3719400296875 0.158203125 0.32877975312499996 0.16015625
4 0.3655929296875 0.2275390625 0.35416815156250003 0.224609375 0.3084690359375 0.2265625 0.293235996875 0.220703125 0.2297650015625 0.220703125 0.217070803125 0.224609375 0.1332890890625 0.22265625 0.1231337296875 0.23828125 0.10282301093749999 0.23828125 0.099014753125 0.2412109375 0.09647591250000001 0.2607421875 0.099014753125 0.3564453125 0.093937071875 0.3798828125 0.1015535921875 0.4423828125 0.11043953124999999 0.4453125 0.3579764109375 0.4443359375 0.363054090625 0.4423828125 0.363054090625 0.4306640625 0.3681317703125 0.4228515625 0.3655929296875 0.2275390625
4 0.369401190625 0.0390625 0.3757482890625 0.0341796875 0.3757482890625 0.0263671875 0.369401190625 0.0234375 0.3389351125 0.025390625 0.3084690359375 0.021484375 0.2221484828125 0.025390625 0.176449365625 0.01953125 0.1586774875 0.0234375 0.13836676875 0.01953125 0.10282301093749999 0.021484375 0.099014753125 0.0244140625 0.10282301093749999 0.05078125 0.20945428281249998 0.05078125 0.22341790156250002 0.0537109375 0.244998040625 0.05078125 0.3338574328125 0.052734375 0.3389351125 0.037109375 0.369401190625 0.0390625
4 0.376796425 0.0569780328125 0.126557578125 0.053658925 0.12583850000000002 0.0713608375 0.0963563375 0.0697012828125 0.099232646875 0.10178600156249999 0.1625114359375 0.10123281718749999 0.1617923578125 0.087403196875 0.3782345796875 0.088509565625 0.376796425 0.0569780328125
4 0.376796425 0.10842421875 0.12368126875 0.1023391859375 0.13015296406250002 0.121700653125 0.09851356875 0.12114746875 0.0999517234375 0.155444925 0.29338347656249997 0.1537853703125 0.2941025546875 0.13884938125 0.3782345796875 0.1360834578125 0.376796425 0.10842421875