2 0.9436314031249999 0.49277228281249996 0.9498299234375001 0.0626438953125 0.026554671875 0.066198484375 0.058549453125 0.50799665625 0.9436314031249999 0.49277228281249996
7 0.7581000078125 0.6006858 0.5174285453125 0.6017060375 0.5169971999999999 0.6190478453125 0.748958809375 0.6120527828125 0.7581000078125 0.6006858
4 0.07135690781250001 0.731843359375 0.4998571890625 0.725722665625 0.5021425765624999 0.692496090625 0.11314283124999999 0.69575678125 0.11020761718750001 0.716978828125 0.0702142578125 0.7161044578125 0.07135690781250001 0.731843359375
4 0.38702554375 0.690941190625 0.389084334375 0.6772877609375 0.4995716625 0.6746621 0.4940815890625 0.5948420015625 0.1936223734375 0.5945651078124999 0.11457140156250001 0.597331584375 0.07134758125 0.6168975578125 0.072720125 0.6967176562499999 0.38702554375 0.690941190625
4 0.32354198125 0.57541210625 0.49510609062500005 0.57541210625 0.49647858281249996 0.51449676875 0.4731459046875 0.508720321875 0.179428128125 0.5108208484375 0.0730984296875 0.5150592734375 0.073744625 0.59641739375 0.32216948749999996 0.5927414640625 0.32354198125 0.57541210625
4 0.6821676578125 0.5699667203125001 0.9381413296875 0.5678661843749999 0.9374550312500001 0.503274928125 0.579229190625 0.5038000515625 0.5166652921875 0.5065209281249999 0.516779865625 0.5872960796875 0.6835402015625001 0.5862458109375 0.6821676578125 0.5699667203125001
4 0.5154073734375 0.8819432078125 0.5236424296875 0.8976971734375001 0.5257012203125 0.9386574812499999 0.8914758718750001 0.9386574812499999 0.9450038953125001 0.9166019656250001 0.9436314031249999 0.867239490625 0.9395138234375 0.8467593453125 0.9436314031249999 0.8068492859375 0.9388276281250001 0.750660165625 0.5578475140625 0.7567601296875 0.51883865625 0.777441890625 0.51883865625 0.789519928125 0.5154073734375 0.8819432078125
4 0.8454967109375 0.7532249296875 0.9257886937500001 0.74902385625 0.9388276281250001 0.7327447640625 0.9395138234375 0.6844325984374999 0.9395138234375 0.6193162078125 0.6306984234375 0.6208916 0.5840330171875 0.621416734375 0.5621373296875001 0.6240873765625 0.5174661125 0.6408466296875 0.51883865625 0.7558505890625 0.8454967109375 0.7532249296875
2 0.45858503125 0.7426606359375 0.0705245421875 0.7475649890625 0.0742500921875 0.943261140625 0.4722788265625 0.9437862656249999 0.45858503125 0.7426606359375
3 0.06464249062500001 0.8718431484375 0.0482175046875 0.8716993953125 0.0495448703125 0.8923233125 0.06532873593750001 0.8886473828125 0.06464249062500001 0.8718431484375
6 0.06670128125 0.8975746359375 0.0482175046875 0.8992848203125 0.048858571875 0.933283621875 0.0673875265625 0.933283621875 0.06670128125 0.8975746359375