1 0.63742839375 0.034088825 0.59554371875 0.035087234375 0.54917360625 0.033811603125 0.5497323093750001 0.051061878125 0.632192784375 0.0475674234375 0.63742839375 0.034088825
1 0.3363819953125 0.29478042968749996 0.25789558281249997 0.293325015625 0.2683193203125 0.3122526921875 0.3363819953125 0.3092574546875 0.3363819953125 0.29478042968749996
1 0.268973809375 0.3756355578125 0.34947096875 0.3711427203125 0.3488165296875 0.34468470625 0.2906234515625 0.3426076109375 0.2918795140625 0.35766409375 0.2696282484375 0.36115856874999996 0.268973809375 0.3756355578125
1 0.838717821875 0.2947639546875 0.7128129453125001 0.2983156578125 0.7222259828125 0.3142330375 0.8361000671875001 0.31023938125 0.838717821875 0.2947639546875
1 0.822356603125 0.39945427968749997 0.8190843593749999 0.3889709296875 0.8210477265625 0.377489159375 0.7974875828125 0.373495484375 0.7283586828125 0.37629444843750004 0.72811598125 0.404446353125 0.8190843593749999 0.40544481093750007 0.822356603125 0.39945427968749997
4 0.1249967015625 0.14392664375 0.3540537703125 0.13693775 0.3507815265625 0.0435859421875 0.0721649328125 0.0456643796875 0.07918529375 0.1584037078125 0.125651140625 0.1549092125 0.1249967015625 0.14392664375
4 0.0804941953125 0.20781089531250002 0.2585042203125 0.20381721874999997 0.2565409046875 0.1878425953125 0.3540537703125 0.1858457953125 0.3494725984375 0.15789014375 0.32198577500000003 0.15389646875000002 0.10489280000000001 0.1604491578125 0.1053632421875 0.17636080625 0.07918529375 0.17885684531249998 0.0804941953125 0.20781089531250002
4 0.08573685156250001 0.257288215625 0.35821404375 0.2515280875 0.35821404375 0.2083274390625 0.353179803125 0.204487384375 0.3103889546875 0.2054474015625 0.2506075859375 0.2064074203125 0.2078166890625 0.2064074203125 0.11187264999999999 0.20946302656250002 0.11216649218750001 0.2265677078125 0.08133190312500001 0.2270477265625 0.08573685156250001 0.257288215625
4 0.8413591281249999 0.0477356859375 0.939101921875 0.047291882812500005 0.939683715625 0.0330904828125 0.906520990625 0.029983940625 0.8314684578125 0.030427728124999998 0.7663065953125 0.0308715140625 0.6635104421875 0.033940471875 0.66449115625 0.0628246609375 0.8419409218749999 0.0628246609375 0.8413591281249999 0.0477356859375
4 0.6679819640625 0.1613468734375 0.7546705453125 0.160903053125 0.7552523390625 0.1458141125 0.9408473468749999 0.14359514375 0.9437563593749999 0.06504362968750001 0.899539378125 0.0637122515625 0.6933327703125001 0.065551696875 0.6929994890625 0.0823515890625 0.6656547453125 0.0832391796875 0.6679819640625 0.1613468734375
4 0.6697273890625 0.22643934531249998 0.7488525218750001 0.22466418125 0.8035419656249999 0.22643934531249998 0.846013521875 0.224220378125 0.846013521875 0.209575190625 0.9425927734374999 0.209575190625 0.9425927734374999 0.1625330703125 0.901284759375 0.1603141015625 0.7686338140625 0.1625330703125 0.697697015625 0.1637128671875 0.6953266625000001 0.1811723890625 0.6703091828125001 0.1811723890625 0.6697273890625 0.22643934531249998
4 0.6691455515625 0.2751159421875 0.9431745218750001 0.2715655796875 0.9443381984375 0.2280738046875 0.8675402406250001 0.22718622187499998 0.7988875265625001 0.22718622187499998 0.7616521578125 0.2267424265625 0.6984243890624999 0.229153646875 0.7011446890624999 0.24360658124999998 0.6697273890625 0.24626935312499998 0.6691455515625 0.2751159421875
2 0.576373228125 0.2451171875 0.580215715625 0.240234375 0.5930240109375 0.240234375 0.6096747921875 0.2314453125 0.6429763562499999 0.1923828125 0.6532229921875 0.1689453125 0.6532229921875 0.1494140625 0.6506613328124999 0.1396484375 0.607113134375 0.0869140625 0.5930240109375 0.076171875 0.546914153125 0.06640625 0.532825028125 0.0556640625 0.532825028125 0.0458984375 0.5430716624999999 0.0361328125 0.54819498125 0.0205078125 0.5456333234375 0.0009765625 0.4623794125 0 0.4585369234375 0.0048828125 0.4585369234375 0.0224609375 0.47903019375 0.0498046875 0.47903019375 0.0576171875 0.42651618906250005 0.078125 0.40474208906250003 0.0908203125 0.3663172078125 0.1298828125 0.3535089125 0.1552734375 0.39705711250000003 0.2216796875 0.41114623593750005 0.234375 0.42395452968749997 0.236328125 0.43548199375 0.2431640625 0.43548199375 0.2548828125 0.4546944359375 0.26171875 0.468783559375 0.2724609375 0.47903019375 0.2880859375 0.47903019375 0.3115234375 0.4713452171875 0.3349609375 0.46366024218749996 0.3447265625 0.46366024218749996 0.3603515625 0.472626046875 0.3671875 0.487996 0.37109375 0.494400146875 0.3642578125 0.507208440625 0.3037109375 0.5123317578125001 0.2998046875 0.532825028125 0.3447265625 0.54819498125 0.4287109375 0.5584416156249999 0.4130859375 0.5866198640625 0.3974609375 0.5814965453125 0.2626953125 0.576373228125 0.2451171875
2 0.8684023296875001 0.9111328125 0.8709639890625 0.9013671875 0.8607173546875 0.8798828125 0.8607173546875 0.8466796875 0.8684023296875001 0.8154296875 0.8850531125 0.810546875 0.89786140625 0.810546875 0.9324438 0.8193359375 0.9503754109375 0.8701171875 0.947813753125 0.9130859375 0.982396146875 0.94140625 0.99264278125 0.943359375 0.9990469296875 0.9384765625 0.9990469296875 0.9150390625 0.9836769765625 0.8916015625 0.973430340625 0.8544921875 0.973430340625 0.8115234375 0.9836769765625 0.8037109375 0.9836769765625 0.7724609375 0.9657453640625 0.6611328125 0.9529370703125 0.6162109375 0.9529370703125 0.5927734375 0.9964852703125 0.5673828125 0.9990469296875 0.5419921875 0.995204440625 0.5390625 0.9619028765625 0.5625 0.9542179000000001 0.5625 0.9426904359374999 0.5478515625 0.9529370703125 0.5302734375 0.9580603890624999 0.4970703125 0.9619028765625 0.494140625 0.9849578046874999 0.494140625 0.995204440625 0.501953125 0.9990469296875 0.5009765625 0.9990469296875 0.4677734375 0.9939236109375 0.4560546875 0.9849578046874999 0.44921875 0.9426904359374999 0.4306640625 0.9324438 0.3935546875 0.9273204828124999 0.3876953125 0.9273204828124999 0.3603515625 0.9119505296874999 0.3369140625 0.8901764296874999 0.328125 0.8671215 0.328125 0.8568748656249999 0.33203125 0.8299774484375 0.3544921875 0.8222924718750001 0.3720703125 0.8248541312500001 0.4033203125 0.8197308140624999 0.4287109375 0.7825867609375 0.4453125 0.7736209546875 0.4521484375 0.7684976375 0.4658203125 0.7787442718750001 0.4912109375 0.787710078125 0.494140625 0.8056416890625 0.490234375 0.8146074953125 0.4951171875 0.8146074953125 0.5048828125 0.8043608609374999 0.5263671875 0.8094841781250001 0.5517578125 0.8005183718750001 0.5625 0.7889909078125 0.5654296875 0.7864292484375001 0.5712890625 0.8017992015625 0.5810546875 0.8017992015625 0.5947265625 0.7889909078125 0.6201171875 0.7915525671875 0.6630859375 0.7864292484375001 0.6748046875 0.7864292484375001 0.6982421875 0.7633743203125001 0.7919921875 0.8274157890625 0.8115234375 0.8351007656249999 0.9052734375 0.8120458375 0.9384765625 0.8120458375 0.9482421875 0.8210116421875 0.955078125 0.8325391078125 0.9560546875 0.8491898890625 0.951171875 0.8555940359375 0.9443359375 0.8607173546875 0.9228515625 0.8684023296875001 0.9111328125
2 0.7198261203125 0.8251953125 0.727511096875 0.7978515625 0.7313535859375 0.794921875 0.7492851968750001 0.796875 0.7582510015625 0.7919921875 0.7608126609375 0.7861328125 0.783867590625 0.6943359375 0.783867590625 0.6669921875 0.7889909078125 0.6611328125 0.78130593125 0.5634765625 0.796675884375 0.5478515625 0.796675884375 0.5341796875 0.7710592968750001 0.4833984375 0.753127684375 0.4287109375 0.714702803125 0.4033203125 0.7070178265625 0.3857421875 0.7070178265625 0.3623046875 0.7249494375000001 0.3388671875 0.7172644609375001 0.3232421875 0.7172644609375001 0.3134765625 0.7095794859375 0.3095703125 0.7044561671875 0.2998046875 0.6852437265625 0.2890625 0.654503821875 0.28515625 0.6314488921875 0.29296875 0.6096747921875 0.3154296875 0.604551475 0.3291015625 0.607113134375 0.3857421875 0.601989815625 0.3974609375 0.56996908125 0.408203125 0.5533182984375 0.4248046875 0.54819498125 0.4892578125 0.532825028125 0.5361328125 0.532825028125 0.5556640625 0.54819498125 0.5849609375 0.5456333234375 0.6455078125 0.561003275 0.6591796875 0.5584416156249999 0.7333984375 0.563564934375 0.7568359375 0.5712499109375 0.7724609375 0.584058203125 0.7802734375 0.589181521875 0.7880859375 0.5789348859375 0.8017578125 0.57381156875 0.8212890625 0.563564934375 0.8291015625 0.5533182984375 0.8466796875 0.5674074234375001 0.853515625 0.5904623515625 0.849609375 0.6224830859375 0.8212890625 0.6224830859375 0.8076171875 0.6288872343749999 0.796875 0.63913386875 0.791015625 0.669873775 0.79296875 0.6737162624999999 0.8388671875 0.65578465 0.8681640625 0.6532229921875 0.8896484375 0.6429763562499999 0.9052734375 0.6250447453125 0.9208984375 0.626325575 0.92578125 0.6660312859374999 0.9267578125 0.6826820671875 0.921875 0.71214114375 0.8955078125 0.7172644609375001 0.8798828125 0.7198261203125 0.8251953125
2 0.420112040625 0.8544921875 0.42779701875000004 0.8369140625 0.42779701875000004 0.8193359375 0.4444478 0.8125 0.4585369234375 0.8154296875 0.4662219 0.8388671875 0.468783559375 0.8759765625 0.46366024218749996 0.8837890625 0.46366024218749996 0.8994140625 0.478489271875 0.940470225 0.49223271718749995 0.94085850625 0.492741725 0.9319282265625001 0.5151384218749999 0.9311516937500001 0.53295396875 0.9470708906249999 0.5573867359375 0.953671496875 0.583855534375 0.9525066828125001 0.589181521875 0.9462890625 0.580215715625 0.935546875 0.554599128125 0.927734375 0.532825028125 0.9091796875 0.5353866875 0.8466796875 0.5277017109375 0.8076171875 0.5405100046875 0.7998046875 0.5379483453125 0.7431640625 0.532825028125 0.7216796875 0.532825028125 0.6611328125 0.5430716624999999 0.6455078125 0.5430716624999999 0.5791015625 0.5302633703125 0.5615234375 0.5302633703125 0.5419921875 0.5430716624999999 0.4931640625 0.5430716624999999 0.4541015625 0.520016734375 0.3935546875 0.485434340625 0.369140625 0.4693270125 0.36588431250000003 0.46109858125000003 0.3564453125 0.46109858125000003 0.3447265625 0.4693270125 0.33948177031250004 0.4739068765625 0.3251953125 0.4759441921875 0.31074960625000003 0.479507325 0.29599526875 0.481591853125 0.2900390625 0.4713452171875 0.2802734375 0.466781934375 0.2684279046875 0.4479483328125 0.2602741796875 0.4393244828125 0.255859375 0.40858457656249997 0.25390625 0.39321462500000004 0.2578125 0.3765638421875 0.2685546875 0.368878865625 0.2802734375 0.36119389062499996 0.3095703125 0.3637555484375 0.3466796875 0.3483855953125 0.3759765625 0.3073990546875 0.4072265625 0.29715241875 0.4287109375 0.2843441265625 0.4833984375 0.27665915 0.4970703125 0.27665915 0.5126953125 0.2817824671875 0.5166015625 0.286905784375 0.5517578125 0.286905784375 0.6005859375 0.2945907609375 0.6533203125 0.286905784375 0.6689453125 0.28946744375 0.7138671875 0.2817824671875 0.7548828125 0.2817824671875 0.7958984375 0.2881866140625 0.8046875 0.3163648609375 0.806640625 0.3266114953125 0.8125 0.334296471875 0.8125 0.343262278125 0.8193359375 0.3637555484375 0.8583984375 0.368878865625 0.8916015625 0.3765638421875 0.9052734375 0.386810478125 0.9443359375 0.40722707968750005 0.9563894062499999 0.433186909375 0.957554221875 0.442858175 0.9532832156250001 0.44060531249999996 0.9443359375 0.4226737015625 0.9052734375 0.420112040625 0.8544921875
2 0.12295962187500001 0.8916015625 0.1306445984375 0.8505859375 0.1306445984375 0.8193359375 0.170350309375 0.693359375 0.18174956874999998 0.6892083796875 0.1844394328125 0.7412109375 0.2074943625 0.7919921875 0.21261767968749998 0.8251953125 0.23311095 0.8779296875 0.23823426875 0.9228515625 0.24817614531249998 0.9477978546875001 0.257446709375 0.955078125 0.2779399796875 0.955078125 0.286905784375 0.9462890625 0.28946744375 0.9365234375 0.28946744375 0.9248046875 0.27665915 0.8876953125 0.27665915 0.8251953125 0.2587275390625 0.7509765625 0.2664125140625 0.6865234375 0.279220809375 0.6767578125 0.2920291015625 0.6552734375 0.286905784375 0.6181640625 0.26385085625000004 0.5771484375 0.26385085625000004 0.5634765625 0.27665915 0.5498046875 0.27665915 0.5009765625 0.286905784375 0.4677734375 0.286905784375 0.4384765625 0.274097490625 0.4130859375 0.25488505 0.3984375 0.21133685 0.390625 0.197247728125 0.3818359375 0.197247728125 0.3642578125 0.2151793375 0.3291015625 0.21261767968749998 0.3056640625 0.197247728125 0.2841796875 0.16778865 0.26953125 0.126802109375 0.2734375 0.10246635156249999 0.2841796875 0.0896580578125 0.3056640625 0.0896580578125 0.3271484375 0.092219715625 0.3349609375 0.11015132812499999 0.3466796875 0.12552128125 0.3798828125 0.0909388859375 0.40625 0.070445615625 0.4140625 0.040986540625 0.4404296875 0.040986540625 0.5126953125 0.0473906875 0.517578125 0.061479810937500004 0.5068359375 0.061479810937500004 0.5009765625 0.0730072765625 0.494140625 0.0768497640625 0.4951171875 0.0742881046875 0.5400390625 0.07941142343749999 0.5517578125 0.0896580578125 0.5595703125 0.07941142343749999 0.6240234375 0.06788395781249999 0.626953125 0.0473906875 0.623046875 0.043548199999999995 0.6259765625 0.043548199999999995 0.6494140625 0.0461098578125 0.6591796875 0.08453474062500001 0.6904296875 0.0870963984375 0.7646484375 0.071726446875 0.8134765625 0.071726446875 0.8447265625 0.0870963984375 0.9072265625 0.07941142343749999 0.9541015625 0.08581556875 0.96875 0.10246635156249999 0.9697265625 0.12552128125 0.9521484375 0.12808293906249998 0.9189453125 0.12295962187500001 0.9072265625 0.12295962187500001 0.8916015625
1 0.12552128125 0.8974609375 0.1313753609375 0.9015958562499999 0.21556888125 0.8956217453124999 0.21389850781250003 0.884765625 0.12936376875 0.888671875 0.12552128125 0.8974609375
6 0.017931610937500002 0.9150390625 0.021774099999999998 0.91796875 0.030739906249999997 0.9169921875 0.0358632234375 0.9150390625 0.0358632234375 0.8876953125 0.021774099999999998 0.884765625 0.017931610937500002 0.9150390625
6 0.058918153125 0.9072265625 0.061479810937500004 0.9208984375 0.071726446875 0.9208984375 0.07941142343749999 0.9169921875 0.0768497640625 0.8896484375 0.06532229843750001 0.888671875 0.058918153125 0.9072265625
3 0.017931610937500002 0.8740234375 0.028178246875 0.8759765625 0.0333015640625 0.8720703125 0.0333015640625 0.8603515625 0.019212440625 0.857421875 0.017931610937500002 0.8740234375
3 0.058918153125 0.8740234375 0.062760640625 0.87890625 0.0742881046875 0.8798828125 0.07941142343749999 0.8759765625 0.0768497640625 0.8642578125 0.06532229843750001 0.861328125 0.058918153125 0.8740234375