2 0.8290675453125 0.328125 0.9328652265624999 0.3212890625 0.9236679640625001 0.0546875 0.505849453125 0.05859375 0.50190776875 0.2236328125 0.504535559375 0.3212890625 0.51110503125 0.33203125 0.8290675453125 0.328125
2 0.4808854546875 0.3505859375 0.479764225 0.056252012500000004 0.0450677546875 0.0600853375 0.0551835765625 0.3095703125 0.0630669453125 0.6337890625 0.4795715609375 0.630859375 0.48614103281250004 0.6220703125 0.4808854546875 0.3505859375
2 0.9262957515625001 0.62890625 0.9354930156249999 0.6240234375 0.9328652265624999 0.3681640625 0.9262957515625001 0.357421875 0.5137328218749999 0.361328125 0.5097911374999999 0.5458984375 0.512418928125 0.6201171875 0.5189884 0.6328125 0.9262957515625001 0.62890625
1 0.85271765 0.353515625 0.8645427031249999 0.3447265625 0.8606010187500001 0.330078125 0.8369509140625 0.328125 0.5084772421875 0.3359375 0.5137328218749999 0.357421875 0.550521871875 0.359375 0.8290675453125 0.35546875 0.85271765 0.353515625
1 0.6490639734375 0.6455078125 0.6372389218750001 0.634765625 0.5084772421875 0.640625 0.5189884 0.65234375 0.626727765625 0.65234375 0.645122290625 0.650390625 0.6490639734375 0.6455078125
1 0.31007914531249997 0.6513671875 0.303509671875 0.640625 0.067008628125 0.642578125 0.0630669453125 0.6533203125 0.0801475765625 0.658203125 0.3061374609375 0.65625 0.31007914531249997 0.6513671875
3 0.0551835765625 0.8505859375 0.0420446296875 0.8525390625 0.0367890515625 0.8623046875 0.051241892187500006 0.865234375 0.057811365625 0.8603515625 0.0551835765625 0.8505859375
6 0.0407307359375 0.876953125 0.0367890515625 0.8837890625 0.0341612609375 0.9091796875 0.051241892187500006 0.912109375 0.0551835765625 0.8779296875 0.0407307359375 0.876953125
4 0.2627789375 0.9130859375 0.2627789375 0.7041015625 0.2575233578125 0.6728515625 0.2483260953125 0.666015625 0.21679262187499998 0.6640625 0.07226420781250001 0.669921875 0.060439154687499996 0.6748046875 0.059256737500000004 0.905388428125 0.06963641875 0.921875 0.2562094625 0.919921875 0.2627789375 0.9130859375
4 0.48614103281250004 0.8076171875 0.4940244 0.6767578125 0.487454928125 0.66796875 0.2982540921875 0.666015625 0.28642904062499996 0.6708984375 0.2838012515625 0.7587890625 0.286279175 0.8229718828125 0.4716881921875 0.8125 0.48614103281250004 0.8076171875
4 0.7160726015625001 0.89453125 0.7200142875 0.8134765625 0.71213091875 0.6689453125 0.624099975 0.6640625 0.5268717671875 0.66796875 0.5150467171875001 0.6728515625 0.512418928125 0.8408203125 0.5176745046875 0.9091796875 0.5452662953125 0.9140625 0.7160726015625001 0.89453125
4 0.9441283421875 0.9168884203125 0.9389688203125001 0.8574718234375001 0.7631026953125 0.8608414249999999 0.737744290625 0.8843051515625 0.735164528125 0.919763409375 0.9441283421875 0.9168884203125
4 0.73903426875 0.861305165625 0.8770535640625001 0.8574718234375001 0.8770535640625001 0.8392635343749999 0.945418321875 0.8392635343749999 0.9441283421875 0.6629304125 0.7631026953125 0.661872228125 0.73903426875 0.6840137265624999 0.7312947875 0.8095552171874999 0.73903426875 0.861305165625
4 0.49266322812499996 0.9149717484375 0.4887934875 0.8258468703125 0.3147879078125 0.8236845265625 0.2824094359375 0.84118020625 0.283699315625 0.9149717484375 0.49266322812499996 0.9149717484375