4 0.0714259046875 0.6902981484375 0.1043152625 0.689725234375 0.1613577234375 0.6859058453125 0.1641841484375 0.668145696875 0.46271995312499997 0.6709769140625 0.47325483906250004 0.667539465625 0.472997875 0.616932565625 0.4524420296875 0.613877046875 0.21610814375 0.6155957703125 0.08382710625 0.6165506187500001 0.07716145625000001 0.619151696875 0.079391290625 0.6318998734375 0.0539534296875 0.6328547203125 0.052925651562499995 0.6893433015625 0.0714259046875 0.6902981484375
4 0.05178997187499999 0.817326415625 0.10726433124999998 0.8134317 0.1642410453125 0.8151577718749999 0.2978322375 0.8157331296875 0.40659392812500006 0.8134738531249999 0.40716522031249996 0.7971977906250001 0.4715960359375 0.795499421875 0.4724501640625 0.7280138609375 0.470788715625 0.6908489109375 0.30771086406250003 0.68605556875 0.14154248593750002 0.6884099640625 0.0865917609375 0.69070706875 0.078383753125 0.6929527828125 0.07853414843749999 0.7036141796875001 0.052157462499999994 0.706109203125 0.05103845 0.7160892859375 0.05178997187499999 0.817326415625
4 0.0836001859375 0.8900858203125 0.2525786671875 0.888006153125 0.4006939421875 0.888278709375 0.3992036203125 0.869864253125 0.46958114375 0.869864253125 0.47200288593749995 0.8189129859375001 0.45020700937499997 0.8151641578125 0.259812859375 0.8175178890625 0.11341047343749999 0.8144718859375001 0.0921734703125 0.815441071875 0.07950577343750001 0.8184870656250001 0.0793335640625 0.81894293125 0.081349521875 0.8317470046875 0.0533678046875 0.8318625390625 0.0498666703125 0.8871973984375 0.0836001859375 0.8900858203125
4 0.4672644078125 0.9066406562499999 0.4669296328125 0.891711771875 0.3579591890625 0.8895968453125 0.32869348125000003 0.8919605828125 0.0791594171875 0.8934482765625 0.0788937296875 0.90695270625 0.12827683125 0.908158890625 0.204097559375 0.90884814375 0.4672644078125 0.9066406562499999
6 0.041019942187500005 0.869492725 0.0207431 0.869405615625 0.020543971875 0.870770921875 0.01992264375 0.90303045625 0.03129175 0.9070375609375001 0.041605978125 0.9059051140625 0.041019942187500005 0.869492725
3 0.023621171875 0.8390657171875 0.0237609625 0.857810659375 0.0399355625 0.8573751046875 0.040287178125 0.8382977984375 0.023621171875 0.8390657171875
0 0.9318929406249999 0.9118927937500001 0.9332388187499999 0.902390171875 0.9318929406249999 0.5340945890625 0.84127144375 0.5340945890625 0.5025228375 0.5327608890625 0.498388884375 0.5350860921875 0.49836350312500005 0.61093615625 0.49410159687500005 0.91038113125 0.5241592296875 0.91038113125 0.9318929406249999 0.9118927937500001
4 0.6190167484375 0.23313398593749998 0.6324509203125 0.2328445890625 0.64354869375 0.230095203125 0.7027368390625 0.23038461250000003 0.7028879890625 0.212007234375 0.81519693125 0.21374368124999998 0.9139736515625 0.2150460171875 0.9291600921875001 0.21359897968750002 0.92682369375 0.1432262703125 0.859068853125 0.13946397500000002 0.8049428203125 0.139898084375 0.6250633703124999 0.1400427921875 0.5668477453125 0.1377275296875 0.5218725296875 0.139898084375 0.5107647265625 0.14284626875 0.5115435203125 0.22821405625 0.5257564578125 0.22966109375000002 0.6120076421875 0.23023991093750001 0.6190167484375 0.23313398593749998
4 0.5597451812500001 0.321227209375 0.6270249078125001 0.32204226875 0.648792140625 0.320310271875 0.649203378125 0.304518578125 0.785358359375 0.30520215156249997 0.8009480859375 0.3066065890625 0.92999289375 0.303446603125 0.9292842640625001 0.2346291265625 0.91038764375 0.23427801406249998 0.7682447703124999 0.230801153125 0.654724965625 0.2317384875 0.622100965625 0.2339270046875 0.568367315625 0.232628271875 0.540990825 0.23414345937499997 0.538952153125 0.2359833328125 0.538682290625 0.2361479015625 0.5385733328125 0.2517228234375 0.51156829375 0.2523341171875 0.510395871875 0.321532859375 0.5597451812500001 0.321227209375
4 0.5105294015624999 0.48436112031249995 0.5298360375 0.4855826125 0.68621996875 0.4858309546875 0.6868511875000001 0.46894312656250003 0.927482509375 0.470322796875 0.93148648125 0.442586575 0.931708834375 0.3248888171875 0.9068067609374999 0.3225753453125 0.7858537765625 0.321418609375 0.721358009375 0.3242278265625 0.5446914375 0.3220409171875 0.5386272484375 0.3229423265625 0.53852785 0.323956409375 0.5382898515625001 0.32351293124999997 0.5391551546875 0.340618871875 0.5217667375 0.338981903125 0.5104282828125 0.34010193437499997 0.5105294015624999 0.48436112031249995
4 0.56427956875 0.5226623453125 0.8625274031249999 0.52383924375 0.8630805984375 0.507941696875 0.9317816734375001 0.5072564578125001 0.9301220859375 0.4899884375 0.903200159375 0.4879327203125 0.7492172796875 0.48683633437499996 0.6195787828125 0.4865622421875 0.5365507218750001 0.4876293109375 0.5153616921874999 0.4876778078125 0.5136228515625 0.49155484375 0.513273540625 0.5199914999999999 0.56427956875 0.5226623453125
7 0.6761172921874999 0.12998051093750002 0.8704512890625 0.127549003125 0.87256173125 0.0620644296875 0.7939494265625 0.0448110046875 0.7206131906250001 0.0448110046875 0.687374434375 0.05343771562500001 0.51273915625 0.050692853125000006 0.1877031109375 0.063240796875 0.1644887453125 0.063240796875 0.16371477031249998 0.0633650453125 0.11264151250000001 0.050771625 0.0920651421875 0.065280178125 0.09312034375 0.131549009375 0.6761172921874999 0.12998051093750002
2 0.49796900937500005 0.1375005109375 0.043898132812500004 0.13854982968750001 0.04266366875 0.404526740625 0.056242751562500005 0.4047561078125 0.49920349999999997 0.4034501796875 0.49796900937500005 0.1375005109375
2 0.0465015890625 0.40789571875 0.044769125 0.40868985625 0.0437251203125 0.602258521875 0.49695142031249995 0.6017895890625 0.497700609375 0.40653856250000003 0.0465015890625 0.40789571875