3 0.054353081250000004 0.8623046875 0.05694132187499999 0.8505859375 0.0452942328125 0.84765625 0.0414118703125 0.8603515625 0.054353081250000004 0.8623046875
6 0.042705990625 0.876953125 0.0362353875 0.9072265625 0.042705990625 0.912109375 0.05176483750000001 0.9111328125 0.05694132187499999 0.9072265625 0.05694132187499999 0.8818359375 0.053058959375000006 0.876953125 0.042705990625 0.876953125
7 0.8429980703125001 0.1415184390625 0.8412274999999999 0.1067636171875 0.864245315625 0.1074319828125 0.8775247921875 0.08537603437499999 0.8669012390624999 0.07134043906250001 0.8235215312499999 0.0666619015625 0.7420740968749999 0.0760189703125 0.7181710640625 0.092059653125 0.6465965484375 0.1012277640625 0.658856090625 0.13750826562500001 0.80493034375 0.1361715625 0.8429980703125001 0.1415184390625
6 0.3100484015625 0.1261461078125 0.1153292546875 0.12628414062499999 0.1170533703125 0.1461969890625 0.307392546875 0.1455286 0.3100484015625 0.1261461078125
6 0.6092793203125 0.24927620312499998 0.6765620609375 0.2445976640625 0.6924973265625 0.247939475 0.7650919109375 0.2445976640625 0.772174190625 0.22722027968749997 0.5503043515625 0.22734485937499999 0.5552761265624999 0.24593439374999998 0.5995410515625 0.24593439374999998 0.6092793203125 0.24927620312499998
6 0.3463456265625 0.664553271875 0.2454216515625 0.6678950796875001 0.2321421734375 0.6618798390625 0.1993860890625 0.6618798390625 0.16734917656249998 0.6700075171875 0.1701712796875 0.6886143125 0.343689771875 0.6825990453124999 0.3463456265625 0.664553271875
7 0.22505975937499997 0.726042565625 0.2516187140625 0.73874145 0.26401290624999996 0.739409803125 0.2675541140625 0.7307211046875 0.3950370453125 0.729384375 0.4153989359375 0.6973030125 0.19584488125 0.69997646875 0.18345075625 0.691956121875 0.15185388125 0.69088783125 0.1135121625 0.7026499015625001 0.122365146875 0.7253742140624999 0.22505975937499997 0.726042565625
7 0.32244259375 0.168437009375 0.280833590625 0.15573815 0.252504 0.1650952 0.11090202656249999 0.16637434375 0.11262687812500001 0.1924980515625 0.3127043234375 0.193166403125 0.32244259375 0.168437009375
7 0.6809885546875 0.29772524375 0.78456845 0.2923783546875 0.8173244671875001 0.2983935953125 0.8412274999999999 0.2943834359375 0.8314892984375 0.26096532968749997 0.5049252703125 0.2590829375 0.5242906796875 0.2903732484375 0.6446912609375001 0.29104162499999997 0.6809885546875 0.29772524375
4 0.2560452078125 0.2683173125 0.46409035468750004 0.266980596875 0.46143443125 0.2462613765625 0.26401290624999996 0.24759809375000003 0.26401290624999996 0.23289414062499997 0.349886834375 0.230889046875 0.349886834375 0.2108381921875 0.066629753125 0.213146246875 0.0674766 0.2870314390625 0.2569304921875 0.2843580078125 0.2560452078125 0.2683173125
4 0.13387398749999999 0.334304859375 0.2967689234375 0.3363099390625 0.2985395609375 0.34900882499999997 0.0710178078125 0.3543557140625 0.07190309218749999 0.371064759375 0.291457146875 0.37039640937499996 0.29234243125 0.3871054546875 0.0672176625 0.3877622984375 0.06898823281250001 0.4258589296875 0.1781389125 0.42587043593749996 0.17990955 0.40782466250000005 0.4109724453125 0.4051512296875 0.4109724453125 0.3891105359375 0.394151759375 0.38443199843750003 0.3923811890625 0.3730698421875 0.4233666359375 0.36504951874999997 0.42425192031250003 0.3536873625 0.386184059375 0.3336365078125 0.4791404015625 0.334304859375 0.48091103906250005 0.31425400468750003 0.45081087656249996 0.31425400468750003 0.4481549546875 0.29487153906249997 0.0655229453125 0.29750271562499997 0.07013252187499999 0.3169274609375 0.13387398749999999 0.3189325421875 0.13387398749999999 0.334304859375
4 0.19912708437499999 0.509044571875 0.06898823281250001 0.5110496515625 0.06898823281250001 0.5290954265625001 0.1938153078125 0.5284270484375 0.1982418 0.54914628125 0.070758803125 0.54914628125 0.068102946875 0.565855328125 0.1902741 0.565855328125 0.1955859453125 0.6113039796875 0.06898823281250001 0.61264065625 0.0707588703125 0.628013025 0.2655245390625 0.628681325 0.2637539015625 0.60328358125 0.38061334375 0.6019468515625 0.379727990625 0.6019468515625 0.379727990625 0.565855328125 0.24604793281249998 0.5645186 0.24516264687499997 0.5471412015625 0.3912369 0.547809553125 0.39035168124999997 0.527090346875 0.3567102453125 0.527090346875 0.3567102453125 0.51305473125 0.382383915625 0.51305473125 0.382383915625 0.4909987953125 0.33457778125000004 0.48966206718749994 0.3407749125 0.4722846703125 0.325724796875 0.4375298484375 0.0648591828125 0.43698321250000005 0.06898823281250001 0.495677334375 0.1964712296875 0.4976824140625 0.19912708437499999 0.509044571875
4 0.333692496875 0.882934025 0.467372625 0.8836024281249999 0.488619734375 0.8475108515625 0.431960684375 0.845505771875 0.4310753328125 0.8267916968750001 0.4859638109375 0.82612329375 0.4859638109375 0.793373553125 0.362022021875 0.7913684734374999 0.3602514515625 0.7385678765625 0.25224499375 0.7419096859375001 0.23808023125000002 0.7372311484375 0.0655229453125 0.7359893093750001 0.066332309375 0.8635515984375 0.3274953671875 0.8668933828125001 0.333692496875 0.882934025
4 0.6332029328125001 0.52563086875 0.5641496906250001 0.52563086875 0.5676908296875001 0.5089218234375 0.8979072640625001 0.5089218234375 0.9058748968750001 0.4908760484375 0.67127079375 0.48887096718749995 0.67127079375 0.4741670015625 0.7615712140625 0.472161921875 0.7624565671875 0.45879468437500004 0.7925566625 0.45545287500000003 0.799639078125 0.43807547812500003 0.8810865124999999 0.43807547812500003 0.8810865124999999 0.4186929734375 0.5942497859375 0.4146828125 0.5942497859375 0.4013155765625 0.88639835625 0.4026523046875 0.8970219125 0.38059634375 0.7173062890625 0.37859126249999997 0.71553571875 0.36455567499999997 0.8253126796875 0.363887296875 0.8253126796875 0.34717825156250004 0.7456358140625 0.343168090625 0.7456358140625 0.3277957734375 0.8554129093749999 0.328464125 0.8545275562500001 0.311086728125 0.5115661109375 0.31253654062499997 0.5092611421875 0.5456817234375 0.6340882171875 0.5423399156250001 0.6332029328125001 0.52563086875
4 0.7651124890625 0.8154620937500001 0.871348309375 0.8154620937500001 0.8925954203125 0.7947428875 0.8925954203125 0.7807072984375 0.8616099734375 0.7733553296875 0.8616099734375 0.761993146875 0.6854355562500001 0.7579829859375 0.682779634375 0.741273940625 0.7659977062500001 0.7419422921875001 0.763341784375 0.7218914359374999 0.741209321875 0.7218914359374999 0.7429800265625001 0.7051823890625 0.6314323625 0.7038456609375 0.6314323625 0.6878049921875 0.7562595046875 0.6851315359375 0.7562595046875 0.6717642968749999 0.8660364640625 0.67042756875 0.8766600203125 0.6517134437500001 0.709338590625 0.6483716328125 0.709338590625 0.6343360437500001 0.8952513421875 0.6316625874999999 0.894365990625 0.6156219187499999 0.773080121875 0.6169586218750001 0.773080121875 0.6015863046875001 0.726159275 0.59757614375 0.7279298453124999 0.58153545 0.8987924812499999 0.5808670984375001 0.8987924812499999 0.5621529703125 0.5093524984375 0.5614298843750001 0.50483465 0.7947428875 0.757144721875 0.7994214000000001 0.7651124890625 0.8154620937500001
4 0.7208474984375 0.868262690625 0.5057199359375 0.8702677953125001 0.5074905734375 0.8916553546875001 0.789015521875 0.8856400875 0.789015521875 0.8709361484375 0.85806883125 0.8709361484375 0.8589540484375 0.852890346875 0.8925954203125 0.8522219953124999 0.8925954203125 0.832171140625 0.5071388828125001 0.8312035421875 0.5074905734375 0.8508852921875001 0.7208474984375 0.8542271015624999 0.7208474984375 0.868262690625