2 0.10894234218750001 0.9182464124999999 0.38179793281249996 0.9213433640625001 0.38179793281249996 0.6333267828125 0.1099418140625 0.63100406875 0.10894234218750001 0.9182464124999999
6 0.07695926875 0.875663315625 0.0749603265625 0.91050403125 0.099947103125 0.9089555546874999 0.0979481609375 0.8748890781249999 0.07695926875 0.875663315625
3 0.0779587390625 0.8655982203124999 0.09694868906250001 0.86482398125 0.09694868906250001 0.84856498125 0.07995768125 0.84856498125 0.0779587390625 0.8655982203124999
1 0.10294551562500001 0.6294555921875 0.24387093124999998 0.63100406875 0.24387093124999998 0.6139708296874999 0.10494445781249999 0.611648115625 0.10294551562500001 0.6294555921875
4 0.107942871875 0.088263146875 0.1099418140625 0.6093254015625 0.38179793281249996 0.607776925 0.3867952890625 0.065810240625 0.13792700156249998 0.0712299078125 0.107942871875 0.088263146875
7 0.11094128437499999 0.065810240625 0.3158328453125 0.063487525 0.31283443125 0.046454287500000004 0.11094128437499999 0.046454287500000004 0.11094128437499999 0.065810240625
7 0.67476448125 0.1858171484375 0.3989104765625 0.181945959375 0.3997884109375 0.21833515 0.5047328703125 0.2191093875 0.5047328703125 0.2043988640625 0.6737650093750001 0.20207614999999998 0.67476448125 0.1858171484375
4 0.6837597203125 0.0449058109375 0.40190888906250005 0.0441315734375 0.3999099484375 0.1773005296875 0.52684276875 0.17807476718749998 0.52984118125 0.168009671875 0.6787623640625 0.16336424375 0.6837597203125 0.0449058109375
4 0.6797618359375 0.23459415 0.42889460625 0.233045675 0.3989104765625 0.253950103125 0.39791100625000003 0.3987326328125 0.6247909296875 0.40337806093750006 0.6247909296875 0.385570584375 0.6787623640625 0.385570584375 0.6797618359375 0.23459415
4 0.67476448125 0.4026038234375 0.4278951359375 0.40415229999999996 0.3989104765625 0.4180885859375 0.396911534375 0.5140941125 0.3959120640625 0.5156425890625 0.43988878906249995 0.517191065625 0.437889846875 0.4993835875 0.6757639515625 0.50635173125 0.67476448125 0.4026038234375
7 0.40090941874999997 0.55280601875 0.67776289375 0.55203178125 0.6757639515625 0.5349985421875 0.4059067734375 0.5288046375000001 0.40090941874999997 0.55280601875
4 0.3999099484375 0.5830013046875 0.3989104765625 0.6991370234375001 0.67776289375 0.6991370234375001 0.6767634234375 0.5636453515625 0.4278951359375 0.564419590625 0.3999099484375 0.5830013046875
4 0.3989104765625 0.7138475484375 0.3999099484375 0.9267630312499999 0.6757639515625 0.9290857453125 0.67776289375 0.7006855 0.42889460625 0.6983627859375 0.3989104765625 0.7138475484375
7 0.9727731593750001 0.8152727421874999 0.6989180984375001 0.8121757890625 0.6957533734375 0.8470165046875 0.7757110546875 0.8454680296875001 0.7757110546875 0.829209028125 0.969774746875 0.8307575046875 0.9727731593750001 0.8152727421874999
4 0.97677104375 0.751010978125 0.6979186265624999 0.747914025 0.7009170390625 0.7966910265625 0.7778763093750001 0.798239503125 0.7798752515625 0.781980503125 0.9747721015625 0.782754740625 0.97677104375 0.751010978125
4 0.7299016984375 0.8663724578125 0.7259038140625 0.88030874375 0.6949202140625 0.8818572203124999 0.6979186265624999 0.930634221875 0.9717736890625 0.9321826984375001 0.964777390625 0.8625012671875 0.7299016984375 0.8663724578125
2 0.695919684375 0.516416828125 0.6949202140625 0.7378489296875 0.9987594062499999 0.7417201203125 1 0.517965303125 0.695919684375 0.516416828125
1 0.7558879453125 0.5133198734375 0.9687752749999999 0.5156425890625 0.9687752749999999 0.501706303125 0.75988583125 0.49860935 0.7558879453125 0.5133198734375
1 0.6859249734375 0.486995778125 0.9227996078125 0.486995778125 0.9218001359375 0.4722852546875 0.6889233875 0.47073677812500003 0.6859249734375 0.486995778125
1 0.9587805640625 0.23691686562499997 0.6859249734375 0.2322714359375 0.6859249734375 0.2655636765625 0.7299016984375 0.2655636765625 0.7319006406249999 0.24853043593750002 0.9597800359375 0.252401628125 0.9587805640625 0.23691686562499997
2 0.69691915625 0.4684140640625 0.9677758046875 0.471511015625 0.9727731593750001 0.277177246875 0.6989180984375001 0.27253181875 0.69691915625 0.4684140640625
2 0.69691915625 0.22840024531249997 0.9997588765625001 0.233045675 1 0.0131620484375 0.69691915625 0.0100650953125 0.69691915625 0.22840024531249997