2 0.317044728125 0.1689453125 0.317044728125 0.2509765625 0.32081907187500003 0.25390625 0.729706121875 0.2548828125 0.734738578125 0.2060546875 0.7334804640625 0 0.322077184375 0.0009765625 0.317044728125 0.1689453125
2 0.10064912031249999 0.2509765625 0.10064912031249999 0.4404296875 0.10945591875 0.443359375 0.29188245 0.4423828125 0.2943986765625 0.2451171875 0.28559187812500003 0.2421875 0.106939690625 0.2421875 0.10064912031249999 0.2509765625
2 0.50701994375 0.5390625 0.43656555937499997 0.537109375 0.32081907187500003 0.537109375 0.317044728125 0.5419921875 0.317044728125 0.7451171875 0.32081907187500003 0.748046875 0.5057618296874999 0.7490234375 0.5107942859375 0.7470703125 0.5133105125 0.7333984375 0.5107942859375 0.5419921875 0.50701994375 0.5390625
2 0.535956565625 0.5009765625 0.53847279375 0.5419921875 0.5334403375 0.6142578125 0.535956565625 0.7470703125 0.5397309078125 0.75 0.729706121875 0.7490234375 0.73222235 0.4931640625 0.6127015203124999 0.490234375 0.5397309078125 0.4921875 0.535956565625 0.5009765625
2 0.7548684015625 0.3525390625 0.7548684015625 0.4365234375 0.7586427453125 0.453125 0.938553046875 0.4521484375 0.9536504156250001 0.4482421875 0.9523923015625 0.349609375 0.7586427453125 0.349609375 0.7548684015625 0.3525390625
3 0.075486840625 0.8408203125 0.08555175312499999 0.8525390625 0.090584209375 0.8466796875 0.08806798125000001 0.8330078125 0.0792611828125 0.83203125 0.075486840625 0.8408203125
6 0.075486840625 0.8896484375 0.090584209375 0.8896484375 0.090584209375 0.8623046875 0.081777409375 0.859375 0.07800306875 0.8623046875 0.075486840625 0.8896484375
7 0.10064912031249999 0.0322265625 0.10945591875 0.03515625 0.1245532859375 0.03125 0.148457453125 0.0341796875 0.16229670624999998 0.033203125 0.1635548203125 0.0244140625 0.10064912031249999 0.0224609375 0.10064912031249999 0.0322265625
7 0.17739407499999998 0.53515625 0.1811684171875 0.5263671875 0.17739407499999998 0.5234375 0.11700460312500001 0.5234375 0.0981328921875 0.5283203125 0.101907234375 0.53515625 0.11574648750000001 0.5361328125 0.14216688125000002 0.53515625 0.149715565625 0.53125 0.15726425156249998 0.53515625 0.17739407499999998 0.53515625
7 0.368627403125 0.2578125 0.327109640625 0.2626953125 0.327109640625 0.2685546875 0.3359164390625 0.2734375 0.426500646875 0.2734375 0.43404933124999995 0.267578125 0.4441142421875 0.2734375 0.5007293734375 0.2724609375 0.5057618296874999 0.2705078125 0.5019874875 0.259765625 0.3887572265625 0.263671875 0.368627403125 0.2578125
7 0.7573846296875 0.2783203125 0.7636752015625 0.28515625 0.776256340625 0.287109375 0.8680986624999999 0.2861328125 0.8668405484375 0.275390625 0.8492269515625 0.2734375 0.7737401125 0.2734375 0.7573846296875 0.2783203125
4 0.30194736093749996 0.7255859375 0.2994311328125 0.6416015625 0.3044635890625 0.6376953125 0.2994311328125 0.5458984375 0.290624334375 0.5390625 0.252880915625 0.54296875 0.1849427578125 0.5390625 0.16912599374999998 0.5409691624999999 0.11010215625 0.542731278125 0.1055618609375 0.543612334375 0.11071403124999998 0.5458984375 0.0981328921875 0.5673828125 0.1031653484375 0.6064453125 0.0981328921875 0.6650390625 0.10064912031249999 0.7392578125 0.0981328921875 0.8408203125 0.0931004359375 0.8642578125 0.0956166640625 0.8779296875 0.10442346250000001 0.88671875 0.284333765625 0.8896484375 0.29691490468750004 0.8857421875 0.2994311328125 0.8662109375 0.29691490468750004 0.7509765625 0.30194736093749996 0.7255859375
4 0.290624334375 0.04296875 0.2704945109375 0.04296875 0.24631101093750002 0.0449339203125 0.227718634375 0.04296875 0.1547480234375 0.04296875 0.11700460312500001 0.046875 0.10064912031249999 0.0634765625 0.0981328921875 0.2177734375 0.1031653484375 0.2353515625 0.11700460312500001 0.23828125 0.1220370578125 0.234375 0.1346181984375 0.234375 0.1597804796875 0.240234375 0.24784845781249998 0.23828125 0.29188245 0.2412109375 0.29691490468750004 0.2373046875 0.30194736093749996 0.2080078125 0.29691490468750004 0.0458984375 0.290624334375 0.04296875
4 0.9561666421874999 0.0283203125 0.9523923015625 0.025390625 0.8341295843750001 0.02734375 0.8139997609374999 0.0234375 0.7913537078124999 0.02734375 0.7586427453125 0.02734375 0.7548684015625 0.0322265625 0.7573846296875 0.0615234375 0.752352175 0.0888671875 0.7573846296875 0.2509765625 0.7636752015625 0.25390625 0.8467107234375 0.255859375 0.941069275 0.2548828125 0.9523923015625 0.25390625 0.9586828703125001 0.2490234375 0.9611990984375 0.2333984375 0.9561666421874999 0.0283203125
4 0.6240245453125 0.4580078125 0.625282659375 0.44921875 0.70580195625 0.44921875 0.7334804640625 0.4453125 0.73725480625 0.4365234375 0.734738578125 0.2880859375 0.7259317796875 0.283203125 0.6630260812500001 0.28125 0.6202502046875 0.28515625 0.5019874875 0.283203125 0.48437389062499997 0.279296875 0.46172784062499994 0.28125 0.426787740625 0.2792951546875 0.40637082343750003 0.27734375 0.3938706015625 0.2801762109375 0.38138479062499997 0.28105726875000003 0.3761760875 0.279296875 0.3610787203125 0.279296875 0.34849757812500004 0.296875 0.31830284375 0.30078125 0.3145285 0.3056640625 0.31201227187499997 0.3740234375 0.317044728125 0.3994140625 0.3145285 0.4443359375 0.31956095625000003 0.4658203125 0.3258515265625 0.46875 0.4705346375 0.4677734375 0.5523120484375 0.466796875 0.5950879234374999 0.462890625 0.6101852921875001 0.46484375 0.6240245453125 0.4580078125
4 0.9498760718750001 0.294921875 0.9045839687499999 0.298828125 0.89451905625 0.29296875 0.8492269515625 0.2890625 0.8410896703124999 0.29339207031250003 0.7979568671874999 0.29339207031250003 0.78547105625 0.29339207031250003 0.7699657703125 0.2998046875 0.7724819984375 0.3037109375 0.7573846296875 0.3115234375 0.7573846296875 0.3369140625 0.7611589734375 0.33984375 0.9133907671875001 0.3408203125 0.9561666421874999 0.3388671875 0.9586828703125001 0.3173828125 0.9561666421874999 0.2998046875 0.9498760718750001 0.294921875
4 0.2994311328125 0.4912109375 0.2994311328125 0.4541015625 0.2931405625 0.44921875 0.26042960000000004 0.4453125 0.106939690625 0.4453125 0.10064912031249999 0.4501953125 0.10064912031249999 0.4990234375 0.10442346250000001 0.50390625 0.11574648750000001 0.5048828125 0.12958574218750002 0.5 0.1346181984375 0.494140625 0.295656790625 0.494140625 0.2994311328125 0.4912109375
4 0.31201227187499997 0.4892578125 0.3145285 0.5302734375 0.31830284375 0.533203125 0.5107942859375 0.5341796875 0.5133105125 0.4912109375 0.49947125937500003 0.486328125 0.315786615625 0.486328125 0.31201227187499997 0.4892578125
4 0.441598015625 0.75 0.3715598640625 0.7529589765625 0.31830284375 0.75 0.314881853125 0.7572381218750001 0.3145285 0.7939453125 0.31830284375 0.796875 0.39675004999999997 0.8006408578125 0.488148234375 0.7998046875 0.5133105125 0.7783203125 0.5133105125 0.7568359375 0.509536171875 0.75390625 0.441598015625 0.75
7 0.31201227187499997 0.8076171875 0.315786615625 0.8203125 0.3731342265625 0.8214252468750001 0.3937896828125 0.822265625 0.42524253281249996 0.8212890625 0.426500646875 0.810546875 0.3937896828125 0.80859375 0.366111175 0.8125 0.31201227187499997 0.8076171875
4 0.3283677546875 0.830078125 0.3259025828125 0.8415983375 0.31201227187499997 0.8486328125 0.3094960453125 0.8720703125 0.31201227187499997 0.8876953125 0.31830284375 0.890625 0.48563200625 0.8916015625 0.51404198125 0.8923367499999999 0.5133105125 0.8505859375 0.511680375 0.82937221875 0.3283677546875 0.830078125
4 0.734738578125 0.7900390625 0.73222235 0.7666015625 0.7284480078125 0.763671875 0.70580195625 0.763671875 0.6756072203125 0.767578125 0.65296116875 0.76171875 0.5648931875 0.763671875 0.5305730453125 0.7625942859375 0.530924109375 0.8056640625 0.5346984515625001 0.80859375 0.5549760499999999 0.8084422312499999 0.595122996875 0.80660831875 0.608927178125 0.8115234375 0.626610759375 0.81027614375 0.6258235171875 0.7949934953125 0.728158809375 0.7968274328125 0.734738578125 0.7900390625
4 0.734738578125 0.8173828125 0.7309642359375 0.814453125 0.5523120484375 0.8125 0.54853770625 0.8154296875 0.5486785328125 0.8267814093749999 0.5334403375 0.8349609375 0.530924109375 0.8681640625 0.537657803125 0.8940250640625 0.6077180890625 0.8940250640625 0.6378638 0.89453125 0.68441401875 0.8935546875 0.7037557453125001 0.8934137671875 0.7309642359375 0.892578125 0.73725480625 0.8857421875 0.734738578125 0.8173828125
4 0.9448436171875001 0.462890625 0.8913970109375 0.46396405312500005 0.8469094687500001 0.46540351874999997 0.829097128125 0.4609375 0.7888374796875001 0.4609375 0.7611589734375 0.46484375 0.7548684015625 0.4697265625 0.752352175 0.4873046875 0.7548684015625 0.6513671875 0.7586427453125 0.65625 0.7687076562499999 0.658203125 0.9145675890625 0.6582930328125001 0.956274703125 0.6590127046875 0.9536504156250001 0.6416015625 0.9536504156250001 0.4697265625 0.9448436171875001 0.462890625
4 0.9536504156250001 0.8701171875 0.9536504156250001 0.7001953125 0.9525673250000001 0.68957828125 0.9572014421875 0.675183546875 0.9572014421875 0.66438749375 0.8533972734375 0.662228290625 0.77877256875 0.662109375 0.7749982265625001 0.6650390625 0.7775144546874999 0.6748046875 0.7586427453125 0.6796875 0.7548684015625 0.6845703125 0.7548684015625 0.7646484375 0.7560808375 0.79106118125 0.7548684015625 0.8369140625 0.752352175 0.8701171875 0.75422715 0.8911046015625 0.850616775 0.8939835593750001 0.850616775 0.87886904375 0.9108602828125001 0.875990140625 0.9473598437499999 0.875 0.9536504156250001 0.8701171875