3 0.9400400453125 0.857227075 0.925680778125 0.857227075 0.925680778125 0.8742489078125001 0.9400400453125 0.8742489078125001 0.9400400453125 0.857227075
6 0.94079519375 0.8815807859375001 0.9220423343749999 0.8815807859375001 0.9220423343749999 0.9125502187500001 0.94079519375 0.9125502187500001 0.94079519375 0.8815807859375001
7 0.75918764375 0.71495633125 0.646990846875 0.71495633125 0.646990846875 0.7300393015625 0.75918764375 0.7300393015625 0.75918764375 0.71495633125
4 0.641550775 0.80027935 0.7568849421875 0.8041197015625 0.7606594656250001 0.802039509375 0.767579503125 0.7855581593750001 0.904722278125 0.7882783515625 0.9187720921875 0.7857181515625 0.9168848640625 0.73595406875 0.671589490625 0.73512911875 0.665246703125 0.7506752578125 0.6417604453125 0.7511553015625 0.641550775 0.80027935
4 0.6547617765625 0.8189184328125 0.6419701484375 0.8198785140625 0.6449059265625 0.882143040625 0.6425992703125 0.9023047 0.644276828125 0.91750595 0.9030446984375 0.920066159375 0.91940116875 0.9187860328124999 0.9198206421874999 0.8858039453125001 0.9210787500000001 0.8738029656249999 0.91940116875 0.8305800218750001 0.9210787500000001 0.8073781109375 0.9145781625 0.8012975906250001 0.77156383125 0.8022576656249999 0.7619177078125 0.8011375734374999 0.7573042796875 0.8051379265625 0.7285756 0.8048178765625 0.6723764453125 0.8041972234375001 0.6694406671875 0.8173183046875 0.6547617765625 0.8189184328125
4 0.6457447171874999 0.708853665625 0.8109871421875001 0.710933825 0.8162296 0.694932534375 0.924014528125 0.697332709375 0.9282085015625 0.39247374375 0.9250630328125 0.3807927796875 0.6510316984375 0.377292090625 0.6434380375 0.675250890625 0.64238954375 0.689012021875 0.6457447171874999 0.708853665625
1 0.9305152046874999 0.3520097953125 0.7149076953125 0.349270396875 0.7162033890624999 0.3651308765625 0.9300959093750001 0.3678511125 0.9305152046874999 0.3520097953125
2 0.919192675 0.34426442343749997 0.9223211296875 0.3442264921875 0.92151361875 0.057465603125 0.360988478125 0.05923669375 0.360988478125 0.3398367453125 0.919192675 0.34426442343749997
2 0.636802428125 0.376143890625 0.365303540625 0.3687876625 0.359054296875 0.6460459000000001 0.6313867265625001 0.6469314453125 0.636802428125 0.376143890625
1 0.571040321875 0.6591768921875001 0.34769622031249997 0.6577476390625 0.3428071921875 0.6765925453125 0.5702666734374999 0.6789539859375 0.571040321875 0.6591768921875001
1 0.5269410625 0.7031587890625 0.528488440625 0.684857590625 0.3456646046875 0.68617840625 0.34242040937499996 0.7049298328125 0.5180438203125 0.7064057359375 0.5269410625 0.7031587890625
2 0.621329096875 0.7150017203125001 0.35243665156250004 0.7146091734375 0.3540254390625 0.915133990625 0.627905309375 0.9145435859375001 0.621329096875 0.7150017203125001
4 0.2191929890625 0.2982229953125 0.223061353125 0.28228324531250004 0.341046271875 0.2805121859375 0.3460751484375 0.045512953125 0.0659790796875 0.043643071875 0.061364018750000006 0.120524490625 0.054787762500000003 0.297042278125 0.2191929890625 0.2982229953125
7 0.24085579375 0.30807122656249997 0.06259305625 0.3072738203125 0.0578825 0.3260772234375 0.2412426171875 0.327553125 0.24085579375 0.30807122656249997
4 0.0482115484375 0.8973491812500001 0.053240467187499994 0.912993775 0.3325358953125 0.9138792734375001 0.343754121875 0.33172143125 0.09239006093749999 0.3305353578125 0.083800453125 0.34589005781250004 0.0602034640625 0.34589005781250004 0.0482115484375 0.8973491812500001