2 0.7589113249999999 0.0690992390625 0.7586459484375 0.241623096875 0.758391553125 0.40941832656250005 0.9718429296875 0.410548675 0.9724786406250001 0.0677397796875 0.7589113249999999 0.0690992390625
7 0.7575031906249999 0.4350315734375 0.8229693015624999 0.43423680937500003 0.8235825703125 0.4217475984375 0.7864904640625 0.420792525 0.7780475859375 0.41936329062500005 0.7584230921875 0.420385134375 0.7575031906249999 0.4350315734375
4 0.763067109375 0.5444257296874999 0.8419365781250001 0.5440790875 0.8419365781250001 0.528827490625 0.9643363656249999 0.5295207484375 0.9676128265624999 0.44306596875000004 0.8789139390624999 0.44271934062499996 0.8637017281249999 0.4434125984375 0.7815068546874999 0.4453595828125 0.781113915625 0.45966938593749995 0.7567366078125 0.45944230937499997 0.7508973484375 0.5406128156250001 0.763067109375 0.5444257296874999
2 0.96449058125 0.553398278125 0.754909653125 0.5515505984375 0.749094115625 0.831544878125 0.7475630921875001 0.9407210859375 0.807820721875 0.9409765125 0.955242065625 0.941149846875 0.957056359375 0.869816621875 0.96449058125 0.553398278125
4 0.517713478125 0.8889036421875 0.5152571859374999 0.9364316015625 0.6038523984374999 0.9375693343749999 0.6028281718749999 0.9233477125 0.7108836000000001 0.9284674984375 0.7277832796875 0.923916575 0.7298317328125 0.9117807875 0.7295756625 0.82312878125 0.734440740625 0.7519839640625 0.66472895 0.74886739375 0.5821814984375 0.7480903125 0.54917635 0.7485220234375001 0.5481488671875 0.74964298125 0.5481370078125 0.7652779390625 0.523353153125 0.76580534375 0.520662621875 0.7865210328125001 0.517713478125 0.8889036421875
2 0.2813209484375 0.282143771875 0.2824244640625 0.26611328749999996 0.290414153125 0.0606713859375 0.07469250937500001 0.059626490624999993 0.0683007578125 0.24628469531250002 0.0684594734375 0.2776811515625 0.17937126406249998 0.280823425 0.2813209484375 0.282143771875
7 0.11850115937500001 0.290954309375 0.117563753125 0.280367765625 0.0985387390625 0.27897559375 0.08983191093750001 0.2788036546875 0.0849963875 0.27949239375 0.0740912609375 0.2795867890625 0.072919496875 0.289479134375 0.07795808125 0.29216915625 0.11850115937500001 0.290954309375
4 0.06371199375 0.5025445234375 0.06690985 0.520115040625 0.0942301765625 0.5219054859375001 0.11792389375000001 0.522084528125 0.1863455859375 0.5222635765625 0.1851367234375 0.5061495703125 0.2724166953125 0.5059705203125 0.2771492953125 0.3311886609375 0.2868685796875 0.2961933203125 0.2640785234375 0.29122944375 0.2134710828125 0.2914776390625 0.134376046875 0.2934631890625 0.0990396328125 0.2946234953125 0.09555496249999999 0.29722224218750004 0.0971782125 0.3143017265625 0.07262270625 0.31335881250000003 0.06752970781249999 0.3438350734375 0.06371199375 0.5025445234375
7 0.089311325 0.5546835609375 0.1552458171875 0.554424303125 0.15839666562500002 0.5376586796875 0.170766684375 0.53739941875 0.1710000765625 0.5254733546875 0.099464075 0.5246955703125 0.097596896875 0.5233992562500001 0.0756576375 0.522102946875 0.069706025 0.522362209375 0.0704062140625 0.5526958875 0.089311325 0.5546835609375
4 0.07176373593749999 0.630328890625 0.1693371125 0.631027709375 0.263513375 0.6334036875 0.2681078265625 0.620824953125 0.28018653125 0.6187284984375 0.27774161249999996 0.599567821875 0.285154021875 0.5989091125 0.28278204218749997 0.582002215625 0.27774161249999996 0.5642170390625 0.1466901875 0.560264775 0.0936823453125 0.563788353125 0.094990315625 0.5779904140625 0.0611948625 0.578939275 0.06383708437499999 0.6264155015624999 0.07176373593749999 0.630328890625
4 0.05689673125 0.735553278125 0.0563081703125 0.7454328968749999 0.0859329046875 0.74732165625 0.1498909453125 0.7481933749999999 0.15126428593750002 0.7358438515625 0.2672127609375 0.7378778921875 0.269370865625 0.734972121875 0.2734908453125 0.6523413031249999 0.2756489484375 0.642128284375 0.2691746625 0.6364620328124999 0.18276274374999998 0.6335882359375 0.11156426875 0.632239434375 0.0925190890625 0.6349561234375 0.0924071921875 0.6503694656250001 0.06395959531249999 0.6497883156250001 0.059839585937499995 0.68921753125 0.05689673125 0.735553278125
7 0.1530816671875 0.7818520625 0.1580517625 0.7667616125000001 0.166003903125 0.7652893749999999 0.1655069015625 0.7520392218749999 0.13071624843750002 0.7487266921875 0.12371373125 0.751098053125 0.0636199765625 0.7500148953125 0.0591468953125 0.7522232515625 0.061383431249999995 0.7820360890625 0.1530816671875 0.7818520625
4 0.06389535625000001 0.8259113453125 0.1498860984375 0.8272543359375 0.1512462359375 0.8161746296875 0.2679274875 0.8161746296875 0.268078621875 0.791329221875 0.2556862890625 0.7871883203125 0.13508766249999998 0.7856214921875 0.08569407343749999 0.7866287390625 0.0814704796875 0.7889404328125 0.082030484375 0.8003555468749999 0.06313972500000001 0.799236384375 0.0613262109375 0.8222181046875001 0.06389535625000001 0.8259113453125
4 0.170978675 0.90282115 0.175124878125 0.8860143468749999 0.26721452968750004 0.8853679281250001 0.2724518421875 0.834947484375 0.10158410468750001 0.8326850265625 0.0887219265625 0.8356188031249999 0.08936368125000001 0.8524007140625001 0.0596854984375 0.8509462750000001 0.0592490515625 0.9007203046875001 0.170978675 0.90282115
6 0.039516075 0.9261977703125 0.0451347921875 0.9249314046875 0.045379079687500004 0.8888398078125 0.0242478140625 0.8881161671875001 0.0241583890625 0.8894917093749999 0.023881378124999998 0.9007798843750001 0.021438456249999998 0.9091017593749999 0.022171331250000002 0.9249314046875 0.039516075 0.9261977703125
3 0.0445543203125 0.8577625078125 0.0340497578125 0.85640568125 0.0255327609375 0.8584926609375 0.0256216796875 0.8761248953124999 0.0366148234375 0.87739126875 0.042844275 0.8735016984374999 0.0445543203125 0.8577625078125
4 0.2862991453125 0.93373285 0.48351567968750003 0.9365431078125 0.4996849640625 0.932388815625 0.5006749296875 0.8747978812499999 0.49869499843750004 0.8455495953125001 0.4828557203125 0.8427393390625 0.31835804687499997 0.8423727812499999 0.31667345 0.8426854296874999 0.3197926578125 0.8589535890625 0.291413928125 0.8572429953125 0.2889390375 0.8678731015625001 0.2862991453125 0.93373285
4 0.2906174265625 0.8267134781250001 0.29138184218749996 0.8349217828125 0.3179454546875 0.8366200609375 0.40948476093749997 0.8360539671874999 0.40986697968749997 0.8124196875 0.502170725 0.8131273015625 0.5048461828125 0.6427014734375 0.4966286609375 0.639587975 0.443119246875 0.6378897046875001 0.33113169062500003 0.6377481828125 0.321005428125 0.6403294328125 0.322371240625 0.653830284375 0.2957650453125 0.6573804078125 0.2938657515625 0.695434209375 0.2906174265625 0.8267134781250001
7 0.3588441390625 0.6284905421875 0.36531802343750003 0.6264856875 0.3647294875 0.6138463578125 0.3462494875 0.6116671640625 0.31976541875 0.6114056609375 0.3167050390625 0.613672025 0.295046953125 0.61402069375 0.2949292484375 0.6296237265625 0.2992844125 0.6306697359375 0.3588441390625 0.6284905421875
2 0.315032271875 0.5387769953125 0.2954241828125 0.5393147953125 0.2951821125 0.548098953125 0.2949909671875 0.6081455 0.5057875703125 0.6095880593749999 0.5055454796875 0.54110748125 0.315032271875 0.5387769953125
4 0.340781559375 0.53868195625 0.36282959375 0.5369362359375 0.36269092812500003 0.524613475 0.43186082187499997 0.5271621953125 0.5077116328125 0.52767564375 0.5066023140625 0.4977929578125 0.44142885156249995 0.49339341562500005 0.3383993078125 0.49462568906250004 0.321645496875 0.4968230703125 0.32350301406250004 0.5101074875 0.29682092187500003 0.51195993125 0.2970293890625 0.5361960578125 0.340781559375 0.53868195625
4 0.300463421875 0.3294516421875 0.298646121875 0.46673856562499993 0.2984189625 0.4886738015625 0.3479406734375 0.490524284375 0.3565729078125 0.4900196015625 0.3554370875 0.47723443281250005 0.50877269375 0.4800942734375 0.5096813359375 0.3471523703125 0.510817153125 0.2921372984375 0.42653936562499994 0.288941009375 0.362933484375 0.28759520312500003 0.3304490625 0.2877634265625 0.327795071875 0.28998122187500003 0.32999472500000004 0.305771496875 0.3131846125 0.303752784375 0.30205358125 0.305771496875 0.300463421875 0.3294516421875
7 0.4149768890625 0.2687450671875 0.37566659687500004 0.266644253125 0.3491220234375 0.264543446875 0.314877490625 0.2637931578125 0.3132564578125 0.26559385 0.311899890625 0.26654614374999996 0.303732821875 0.267244490625 0.30393546250000003 0.2810497890625 0.4200426484375 0.28180007812499996 0.4149768890625 0.2687450671875
2 0.3138889828125 0.207363578125 0.31641696874999997 0.226396384375 0.36992549375 0.244493153125 0.39731173750000004 0.2600938078125 0.509407715625 0.262146134375 0.5633375609375 0.25184969218750003 0.585246540625 0.2577779703125 0.6088408671875001 0.2640182328125 0.647602921875 0.26058606875 0.6610853671875 0.241865284375 0.695634153125 0.2384331328125 0.7272336625 0.2315688421875 0.7268123765625 0.20754384374999998 0.7137512187499999 0.1913191609375 0.714172571875 0.13297271093750002 0.72976165 0.113061059375 0.7183858390625 0.09621235312500001 0.6808877140625 0.0893480625 0.6585574453125 0.07873961562500001 0.64676028125 0.063762990625 0.5983076984375 0.06532305625 0.585246540625 0.07499545937499999 0.5047731265625 0.063762990625 0.4639044390625 0.06969124374999999 0.43778215625000005 0.0631389640625 0.40702531875 0.0625149359375 0.3800603984375 0.081235721875 0.3387703578125 0.090908128125 0.31981065000000003 0.098396440625 0.31515297656249996 0.12904829843750001 0.3261074671875 0.1312323921875 0.32947809375000003 0.18770675625 0.3138889828125 0.207363578125
4 0.73757089375 0.27157977031249997 0.6600168875 0.268975778125 0.5824628640625 0.27186910468750003 0.533625325 0.273026434375 0.529535671875 0.27379687812500003 0.5316635515625 0.3013114625 0.550417178125 0.3024687921875 0.73854764375 0.3008774640625 0.73757089375 0.27157977031249997
2 0.7342499484375 0.38110704218749997 0.73230406875 0.307761209375 0.528558759375 0.3085371640625 0.5277648203124999 0.37589905625000003 0.5269910453125 0.3851576921875 0.734843625 0.3845790359375 0.7342499484375 0.38110704218749997
4 0.6457721734375 0.42388366875 0.7380862765625 0.4233834390625 0.73853658125 0.38953536718750004 0.710617209375 0.3882014484375 0.534094625 0.389368625 0.5266644671875 0.3897021046875 0.5275650875 0.392870153125 0.5271147734375 0.43989063125000005 0.6077207453125 0.4392236703125 0.6056943515625 0.42388366875 0.6457721734375 0.42388366875
7 0.5260640171875 0.4496783265625 0.52977858125 0.45683045624999996 0.536464796875 0.46109420781250005 0.6265429421875 0.45999388281250003 0.62728585625 0.44596472499999995 0.54664220625 0.446787975 0.5468655703125 0.44280128750000003 0.531078678125 0.4448643984375 0.5260640171875 0.4496783265625
4 0.5268069328125 0.5522595359375 0.5687814953125 0.5514342937500001 0.5672956640625 0.5368549703125 0.7351939125 0.534654315625 0.7355653640625001 0.4688628453125 0.72646466875 0.4672123609375 0.6412154671875 0.46762497812500003 0.5825253796875 0.46790006406250007 0.5529946031249999 0.4690953734375 0.55410896875 0.4842248578125 0.5256925671875 0.4842248578125 0.52457819375 0.531064946875 0.5268069328125 0.5522595359375
4 0.6429784265625 0.6227702390625 0.7249333609375 0.624234646875 0.7247136625 0.6061735984375 0.732184071875 0.606499021875 0.7363587078125 0.55784808125 0.70384041875 0.5549192640625 0.596837575 0.55475655 0.5553108046874999 0.55475655 0.5491246796875 0.55748118125 0.550513078125 0.5719928875 0.5235907390625 0.5719928875 0.5235907390625 0.6224592046875 0.6429784265625 0.6227702390625
4 0.5219136125 0.7254172999999999 0.5318769671875 0.7271968875 0.6423713609374999 0.7295709640625 0.64557719375 0.7270386125 0.6464320875 0.712319334375 0.7304249125 0.7112114375 0.7312798218750001 0.69918278125 0.7351268281250001 0.62849564375 0.7030234671875 0.625545528125 0.6875219734375 0.62540721875 0.6344807359375 0.6243007515625 0.6197263046875 0.62637538125 0.55118358125 0.6267903046875001 0.5488926171874999 0.628681584375 0.5493783984375 0.641665846875 0.5245502265625 0.6411777109375 0.523451634375 0.645570940625 0.5219136125 0.7254172999999999
7 0.622216246875 0.7445463953125 0.6237636015625 0.7329442828125 0.605388828125 0.7312254499999999 0.561869628125 0.7289336765625001 0.5512315937500001 0.7290769109374999 0.5489105765625 0.731368684375 0.5229924718750001 0.7306525046875 0.5212517 0.7423978546875001 0.52453981875 0.7462652265624999 0.622216246875 0.7445463953125
7 0.3519593609375 0.145161290625 0.3519593609375 0.1774193546875 0.6857764875 0.1854838703125 0.6875907109375 0.1438172046875 0.3519593609375 0.145161290625