7 0.6378247296875 0.061748040625 0.45649106875 0.058925478125 0.45741120312500005 0.080223765625 0.6378247296875 0.080993575 0.6378247296875 0.061748040625
4 0.3049287328125 0.40816765625 0.305953871875 0.3773748 0.12584900937500001 0.3737723859375 0.09991343281250001 0.38969193125 0.0958131890625 0.405088359375 0.3049287328125 0.40816765625
4 0.28237708125 0.3750654015625 0.3049287328125 0.36428783125 0.305953871875 0.345042296875 0.1117518671875 0.3429616796875 0.0978633109375 0.3565896171875 0.0978633109375 0.3750654015625 0.28237708125 0.3750654015625
4 0.180619271875 0.3427328390625 0.1836945328125 0.3288761203125 0.309778975 0.3257967640625 0.309778975 0.24881462656250003 0.12584900937500001 0.24667822187500002 0.1016884125 0.26421105312500004 0.0996382921875 0.343502678125 0.180619271875 0.3427328390625
4 0.20317100156249998 0.2482066 0.20317100156249998 0.23434979218750002 0.310804034375 0.232040334375 0.31387921875 0.185851053125 0.13141564687500001 0.1850812421875 0.1016884125 0.19970783125 0.1016884125 0.2482066 0.20317100156249998 0.2482066
4 0.194970359375 0.18354159375 0.1959954203125 0.16660551875000001 0.310804034375 0.170454625 0.31182909531249997 0.0903932203125 0.13481991875 0.0839591765625 0.1047636734375 0.1004008921875 0.1047636734375 0.1850812421875 0.194970359375 0.18354159375
4 0.5250450390625 0.4122097875 0.5260701 0.38064709375 0.34371393281249996 0.3756980546875 0.3159294171875 0.3883453375 0.316954478125 0.4083606796875 0.5250450390625 0.4122097875
4 0.45636486718749997 0.3752583671875 0.5291452828125001 0.363711046875 0.5301704218750001 0.33060870468750003 0.344995490625 0.3285191609375 0.32105480000000003 0.34292586406250003 0.3159294171875 0.3729488796875 0.45636486718749997 0.3752583671875
4 0.38973489375 0.3267595984375 0.3958853375 0.312133009375 0.5301704218750001 0.3144425265625 0.5332456046875 0.138153378125 0.35524795781249996 0.13595224374999998 0.325155121875 0.15124033125 0.3179795390625 0.3275294375 0.38973489375 0.3267595984375
4 0.40306092031249996 0.12121733125 0.539396046875 0.121987125 0.5383709875 0.09273390625 0.33474302499999997 0.0868476796875 0.329255365625 0.13661375781250001 0.399985659375 0.13584390468750002 0.40306092031249996 0.12121733125
4 0.7474866859375 0.4183683828125 0.74851166875 0.321370871875 0.5705497640625 0.31792798125 0.5424713078125001 0.33830691874999996 0.5414462484375 0.4122097875 0.7474866859375 0.4183683828125
4 0.7495368078125 0.3182916328125 0.7536370515625 0.275181590625 0.7536370515625 0.240539628125 0.5731128828125 0.237049875 0.5424713078125001 0.25593605468749997 0.5424713078125001 0.315982115625 0.7495368078125 0.3182916328125
4 0.6624053062499999 0.2397697890625 0.669580809375 0.22514320156249998 0.7546621921875001 0.22514320156249998 0.7577374515625 0.1781840796875 0.5783489859375 0.1774142703125 0.5496468125 0.1897314 0.5465716296875 0.23899997968750003 0.6624053062499999 0.2397697890625
4 0.7433862875 0.1751048125 0.758762434375 0.16278765312500001 0.7556871734375 0.11120962968749999 0.574394440625 0.10610437187499999 0.5506719515625 0.1258362328125 0.5506719515625 0.175874621875 0.7433862875 0.1751048125
4 0.758762434375 0.095043378125 0.5526079484374999 0.089736184375 0.5516970125 0.105820903125 0.7577374515625 0.1081303328125 0.758762434375 0.095043378125
4 0.9422512218750001 0.4214476203125 0.971978378125 0.40297195468749997 0.9740285 0.3729488796875 0.792589990625 0.3675601546875 0.7638878171875 0.38603584999999996 0.7597875734375 0.41451927499999996 0.9422512218750001 0.4214476203125
4 0.8827967531249999 0.3667903140625 0.8827967531249999 0.3552429953125 0.976078621875 0.3583222921875 0.9781289 0.30982355156249997 0.79482248125 0.30541113124999997 0.7669630765625 0.3198312234375 0.76491295625 0.36602050468749997 0.8827967531249999 0.3667903140625
4 0.976078621875 0.3075140640625 0.9791538828125 0.26209462031249997 0.7961040390624999 0.2572694015625 0.7669630765625 0.2713324828125 0.7669630765625 0.30289514687499997 0.976078621875 0.3075140640625
4 0.971978378125 0.26209462031249997 0.977103759375 0.21898460625 0.981204003125 0.1720255140625 0.797385596875 0.1696514546875 0.7700383375000001 0.18665213281249998 0.7659379390625001 0.2590153234375 0.971978378125 0.26209462031249997
4 0.8387184328125 0.1543196296875 0.981204003125 0.157398896875 0.9791538828125 0.12121733125 0.8346181890625 0.1158285453125 0.8346181890625 0.10351141562499999 0.770472871875 0.10321586875 0.7720884609375 0.1681764078125 0.8407685546874999 0.1681764078125 0.8387184328125 0.1543196296875
0 0.96992825625 0.4318513984375 0.5462001562500001 0.42191411562500003 0.5352958046875 0.919148303125 0.9504517078125 0.921457790625 0.96992825625 0.4318513984375
3 0.967878134375 0.8637211890625001 0.967878134375 0.8821969140625001 0.9842792640625 0.8837365328125 0.98325428125 0.8660306765625 0.967878134375 0.8637211890625001
6 0.982671928125 0.9169921875 0.982671928125 0.8955078125 0.9761727765625 0.88671875 0.9670739625 0.8935546875 0.9618746390625 0.9130859375 0.9644743015625 0.9248046875 0.9761727765625 0.92578125 0.982671928125 0.9169921875
5 0.5158186875 0.45076388593749994 0.0954089625 0.441498640625 0.08158743125 0.90828143125 0.5004260890625 0.9155822718750001 0.5158186875 0.45076388593749994
6 0.2460443625 0.49639395625000005 0.36675416875 0.49882756875 0.3691845921875 0.4854427421875 0.439666125 0.4854427421875 0.43885600468749997 0.4671907109375 0.1733971953125 0.4590003109375 0.1739425875 0.48057553750000004 0.2428038796875 0.4866595484375 0.2460443625 0.49639395625000005
6 0.21057255625 0.5224609375 0.2066730640625 0.51171875 0.1598791625 0.51171875 0.1533800109375 0.5166015625 0.15727950156249998 0.5234375 0.2066730640625 0.525390625 0.21057255625 0.5224609375
6 0.3483546 0.5244140625 0.3483546 0.5166015625 0.341855446875 0.513671875 0.3067600203125 0.5166015625 0.304160359375 0.5224609375 0.3106595125 0.52734375 0.341855446875 0.529296875 0.3483546 0.5244140625
6 0.4302439265625 0.517578125 0.4302439265625 0.529296875 0.46533935312499997 0.5283203125 0.4614398609375 0.517578125 0.4302439265625 0.517578125
6 0.2196713703125 0.5546875 0.24436815156249997 0.5419921875 0.24436815156249997 0.5341796875 0.23786899843749998 0.53125 0.1208842453125 0.53125 0.11698475312500001 0.5556640625 0.12348390625000001 0.55859375 0.2014737421875 0.55859375 0.2196713703125 0.5546875
6 0.4406425703125 0.880859375 0.477037828125 0.876953125 0.4913359640625 0.8623046875 0.48223715 0.853515625 0.3756510421875 0.849609375 0.18587577500000002 0.845703125 0.11308526249999999 0.849609375 0.098787125 0.8603515625 0.105286278125 0.87109375 0.2586662890625 0.876953125 0.4406425703125 0.880859375
6 0.48422343124999995 0.8967218499999999 0.487463975 0.8869873953124999 0.1156129859375 0.87603620625 0.098787125 0.8779296875 0.0969799671875 0.898547025 0.2330822484375 0.8997638546875001 0.23713291406249998 0.8918546234375 0.48422343124999995 0.8967218499999999
6 0.23396950625000001 0.5712890625 0.23396950625000001 0.5654296875 0.22487069375000002 0.5625 0.1208842453125 0.560546875 0.11698475312500001 0.5634765625 0.1208842453125 0.580078125 0.204073403125 0.58203125 0.23396950625000001 0.5712890625
6 0.2547667953125 0.5927734375 0.240468659375 0.5859375 0.118284584375 0.583984375 0.11698475312500001 0.6103515625 0.1494805171875 0.615234375 0.2196713703125 0.615234375 0.2547667953125 0.5927734375
6 0.2391688296875 0.6455078125 0.217071709375 0.62109375 0.167678146875 0.6171875 0.11698475312500001 0.6201171875 0.1143850921875 0.6435546875 0.118284584375 0.646484375 0.23526933749999998 0.6484375 0.2391688296875 0.6455078125
6 0.22747035468750001 0.689453125 0.24696781250000002 0.6591796875 0.23786899843749998 0.650390625 0.1364822125 0.6484375 0.1143850921875 0.6533203125 0.11178543125 0.6943359375 0.15727950156249998 0.69921875 0.1806764515625 0.69921875 0.22747035468750001 0.689453125
6 0.24696781250000002 0.7197265625 0.24696781250000002 0.7158203125 0.22487069375000002 0.703125 0.1143850921875 0.7041015625 0.11178543125 0.7255859375 0.118284584375 0.73046875 0.167678146875 0.73046875 0.24696781250000002 0.7197265625
6 0.2547667953125 0.7431640625 0.25086730468749996 0.734375 0.1156849234375 0.734375 0.11178543125 0.7373046875 0.1156849234375 0.763671875 0.23266967656249998 0.765625 0.2547667953125 0.7431640625
6 0.24696781250000002 0.7763671875 0.240468659375 0.767578125 0.2196713703125 0.765625 0.1156849234375 0.765625 0.10918576875 0.7705078125 0.1156849234375 0.794921875 0.1598791625 0.794921875 0.24696781250000002 0.7763671875
6 0.2261705234375 0.8076171875 0.22487069375000002 0.80078125 0.118284584375 0.798828125 0.11178543125 0.8017578125 0.10918576875 0.8134765625 0.128683228125 0.818359375 0.1806764515625 0.81640625 0.2261705234375 0.8076171875
6 0.204073403125 0.841796875 0.23656916875 0.8330078125 0.23656916875 0.8271484375 0.22227103124999997 0.822265625 0.1156849234375 0.8203125 0.10918576875 0.8251953125 0.10918576875 0.8388671875 0.118284584375 0.841796875 0.204073403125 0.841796875
6 0.3561535828125 0.8349609375 0.352254090625 0.826171875 0.3132591734375 0.82421875 0.3015606984375 0.8271484375 0.296361375 0.8408203125 0.30805985156250004 0.845703125 0.3340564625 0.845703125 0.3561535828125 0.8349609375
6 0.3561535828125 0.8115234375 0.3561535828125 0.8056640625 0.34705476874999996 0.802734375 0.3015606984375 0.8056640625 0.296361375 0.8134765625 0.3002608671875 0.8203125 0.3340564625 0.8203125 0.3561535828125 0.8115234375
6 0.35875324375 0.7783203125 0.3548537515625 0.771484375 0.29766120625000003 0.771484375 0.2937617140625 0.7763671875 0.302860528125 0.7890625 0.3366561234375 0.7890625 0.35875324375 0.7783203125
6 0.35875324375 0.7470703125 0.3548537515625 0.73828125 0.29506154375000004 0.73828125 0.291162053125 0.7470703125 0.302860528125 0.7578125 0.3340564625 0.7578125 0.35875324375 0.7470703125
6 0.3366561234375 0.724609375 0.35875324375 0.7138671875 0.3548537515625 0.70703125 0.341855446875 0.705078125 0.29506154375000004 0.70703125 0.291162053125 0.7099609375 0.29896103749999997 0.7216796875 0.3106595125 0.724609375 0.3366561234375 0.724609375
6 0.3366561234375 0.673828125 0.36135290468750003 0.6630859375 0.352254090625 0.654296875 0.29506154375000004 0.654296875 0.291162053125 0.6611328125 0.296361375 0.6689453125 0.30805985156250004 0.673828125 0.3366561234375 0.673828125
6 0.36135290468750003 0.6298828125 0.36135290468750003 0.6240234375 0.3496544296875 0.62109375 0.29506154375000004 0.623046875 0.29896103749999997 0.6357421875 0.315858834375 0.640625 0.3340564625 0.640625 0.36135290468750003 0.6298828125
6 0.363952565625 0.5966796875 0.360053075 0.58984375 0.29766120625000003 0.58984375 0.296361375 0.5966796875 0.3054601890625 0.607421875 0.341855446875 0.607421875 0.363952565625 0.5966796875
6 0.3392557859375 0.5859375 0.363952565625 0.5751953125 0.363952565625 0.5673828125 0.3548537515625 0.564453125 0.29766120625000003 0.564453125 0.2937617140625 0.5673828125 0.296361375 0.5810546875 0.3106595125 0.5859375 0.3392557859375 0.5859375
6 0.36655222656249997 0.5400390625 0.3548537515625 0.53515625 0.296361375 0.5380859375 0.2937617140625 0.5498046875 0.3002608671875 0.552734375 0.341855446875 0.552734375 0.36655222656249997 0.5400390625
6 0.4731383375 0.8310546875 0.464039521875 0.828125 0.41984528125000004 0.830078125 0.42244494374999997 0.84765625 0.453640878125 0.84765625 0.4731383375 0.8388671875 0.4731383375 0.8310546875
6 0.46923884375 0.806640625 0.41984528125000004 0.806640625 0.41594579062500003 0.8095703125 0.41464595937500004 0.82421875 0.451041215625 0.82421875 0.47573799843750003 0.8134765625 0.46923884375 0.806640625
6 0.47573799843750003 0.7861328125 0.47183850468750005 0.7734375 0.42244494374999997 0.7734375 0.41854545156249995 0.7763671875 0.41594579062500003 0.7900390625 0.42244494374999997 0.794921875 0.47183850468750005 0.791015625 0.47573799843750003 0.7861328125
6 0.47573799843750003 0.7490234375 0.47183850468750005 0.740234375 0.42244494374999997 0.740234375 0.41854545156249995 0.7431640625 0.41594579062500003 0.7568359375 0.427644265625 0.759765625 0.451041215625 0.759765625 0.47573799843750003 0.7490234375
6 0.47183850468750005 0.708984375 0.41984528125000004 0.708984375 0.41984528125000004 0.7265625 0.451041215625 0.7265625 0.47573799843750003 0.7158203125 0.47183850468750005 0.708984375
6 0.4783376578125 0.6650390625 0.4783376578125 0.6591796875 0.46923884375 0.65625 0.4250446046875 0.65625 0.4211451125 0.6591796875 0.41854545156249995 0.6728515625 0.4302439265625 0.67578125 0.451041215625 0.67578125 0.4783376578125 0.6650390625
6 0.4783376578125 0.6318359375 0.477037828125 0.625 0.464039521875 0.623046875 0.4302439265625 0.623046875 0.4211451125 0.6279296875 0.41854545156249995 0.6396484375 0.4302439265625 0.642578125 0.453640878125 0.642578125 0.4783376578125 0.6318359375
6 0.48093731875 0.6005859375 0.477037828125 0.58984375 0.4211451125 0.5908203125 0.41854545156249995 0.6064453125 0.4250446046875 0.609375 0.4562405390625 0.609375 0.48093731875 0.6005859375
6 0.48093731875 0.5712890625 0.4744381671875 0.568359375 0.4172456203125 0.5703125 0.41984528125000004 0.587890625 0.47183850468750005 0.587890625 0.48093731875 0.5771484375 0.48093731875 0.5712890625
6 0.4744381671875 0.537109375 0.41984528125000004 0.5390625 0.4250446046875 0.5546875 0.45884020000000003 0.5546875 0.4835369796875 0.5439453125 0.4744381671875 0.537109375