4 0.078644646875 0.729483125 0.08043380312500001 0.84055618125 0.08103017500000001 0.91744599375 0.133809765625 0.9207535484375 0.2930431390625 0.9200920390625 0.29930514375 0.91722549375 0.2987087734375 0.86893519375 0.300199721875 0.8460028156250001 0.2987087734375 0.7796457671875 0.298410565625 0.6971841921874999 0.2975159875 0.6303829046875 0.1642251421875 0.629059890625 0.098921565625 0.629059890625 0.09178315000000001 0.6310654640625 0.09295776875 0.642353146875 0.07924104062500001 0.642353146875 0.078644646875 0.64676321875 0.078644646875 0.729483125
4 0.33420764531249997 0.6441051125 0.3357577359375 0.6338843375 0.31857751093750003 0.6323559984375 0.304127471875 0.633103934375 0.303851615625 0.6420991671875 0.3056600625 0.6447737625000001 0.3166398921875 0.6453468890625 0.33420764531249997 0.6441051125
4 0.30449748906249996 0.7549590765625 0.3047602921875 0.7719615375 0.3034367515625 0.7837062328125 0.301319096875 0.7940764046875 0.3026426375 0.8437956218749999 0.3052897203125 0.9185374546875 0.3611431859375 0.9185374546875 0.5219887187500001 0.9183417046875 0.5219887187500001 0.8838906015625 0.5227828531250001 0.7915374640625 0.5254299359375 0.7752906375 0.5238416703125 0.6476411328125 0.5055768140625 0.646075171875 0.48942959375 0.6449007015625 0.4052523703125 0.64568368125 0.328494925 0.6454304718749999 0.31924750468749996 0.6456491468750001 0.31688558125 0.6474405265625001 0.31754413125 0.6621586296874999 0.30449748906249996 0.661872065625 0.3041099609375 0.6840650734375 0.30449748906249996 0.7549590765625
2 0.5739944546875 0.921025021875 0.845625753125 0.9204133125 0.9576018968750001 0.9198016171875001 0.957050434375 0.81978770625 0.9576018968750001 0.5143217124999999 0.6633816015625 0.5150278859374999 0.605721240625 0.51644933125 0.60370098125 0.5177675078124999 0.5613942765625 0.5182068984375 0.5322787015625 0.5178553859374999 0.5303772796875 0.5172402359375 0.5285339515625 0.517237915625 0.5284981734375 0.584853990625 0.5284981734375 0.695685609375 0.5271194968749999 0.9198016171875001 0.5739944546875 0.921025021875
4 0.527305284375 0.5172615781250001 0.53565325 0.51808895 0.555157871875 0.5176160578125 0.6032799234375 0.5174978375 0.604718778125 0.5147787140625 0.6042391515625 0.505675578125 0.72479934375 0.5066213578125 0.8121830921875001 0.506148465625 0.9113600265624999 0.505557353125 0.9454131703125 0.505675578125 0.9466921656249999 0.48214616093749996 0.9466921656249999 0.4273751203125 0.9478011859375 0.38590231875000003 0.948763096875 0.3540719875 0.87854516875 0.3524715796875 0.8102509890625 0.354783278125 0.7785086390625 0.353005046875 0.6950327171875 0.35137024375000003 0.6499989484375 0.35196594375 0.59025125625 0.3524425046875 0.5892845703125 0.3545870296875 0.55561159375 0.3545870296875 0.552431746875 0.356184271875 0.5546869703125 0.368562790625 0.527305284375 0.36961737656250004 0.5267348203125 0.41918291406249997 0.527305284375 0.5172615781250001
6 0.84702338125 0.34105903125000003 0.8984137171875 0.3416808265625 0.9491122546874999 0.33991241875 0.9533657796874999 0.3350952640625 0.953005440625 0.3254139328125 0.9062819624999999 0.3241704609375 0.8590780171875 0.3241704609375 0.8552738625 0.32620440156249997 0.82944629375 0.32761912656250003 0.8295658640625 0.33646116875 0.8449906593750001 0.33893694375 0.84702338125 0.34105903125000003
4 0.18674022031249998 0.0987038734375 0.2872777546875 0.0983302875 0.29005644531249997 0.0676957015625 0.27313179062500004 0.0645201640625 0.1395027390625 0.06526735 0.0877183265625 0.06414657343749999 0.0850163265625 0.067099184375 0.0854448609375 0.1168231109375 0.17006817031250002 0.1168231109375 0.1862350140625 0.11588912968750001 0.18674022031249998 0.0987038734375
4 0.10716905000000002 0.24042251874999998 0.19103453125 0.2378073671875 0.1920449625 0.2230504625 0.2915721015625 0.22249008125 0.2895512390625 0.1231144765625 0.2713635515625 0.1206861296875 0.18194068593749999 0.122740884375 0.1266197734375 0.1219936984375 0.10870215624999999 0.123638190625 0.11095815312499999 0.139238659375 0.0831713953125 0.1396122671875 0.0851922578125 0.23855455625 0.10716905000000002 0.24042251874999998
4 0.0866357609375 0.39315205625 0.0900073015625 0.394754815625 0.12950265625 0.39350821874999997 0.129743478125 0.37854917499999996 0.28941068593749997 0.37694640156250003 0.29031393125 0.2427772921875 0.2199929109375 0.2408183671875 0.15111687499999998 0.24259920781250002 0.11313466875 0.243499528125 0.1120625734375 0.24661291406250002 0.11216324062500001 0.2596234703125 0.088562353125 0.2596234703125 0.0861541 0.30090372187500003 0.0866357609375 0.39315205625
4 0.0865211109375 0.5793691734374999 0.10182467656250001 0.5813091546875 0.19277156875 0.5800158375 0.2889654171875 0.5795308359375 0.2909330046875 0.5601309703124999 0.292026115625 0.4674662703125 0.28852814531250004 0.397308871875 0.2478644078125 0.39504554999999997 0.13680425000000002 0.3977938640625 0.1099306296875 0.399992965625 0.1129744109375 0.41551615000000003 0.0806182984375 0.414707821875 0.0854279984375 0.5059241765625 0.0865211109375 0.5793691734374999
4 0.3074526734375 0.4400119828125 0.320605146875 0.44256135468749996 0.406973490625 0.44079482812500004 0.41009744687499994 0.43658230624999994 0.4091786359375 0.42516775000000007 0.5118756890625 0.42326532187500004 0.5135295671875 0.41782982031250004 0.5105893578125 0.335452078125 0.5105893578125 0.27521961875 0.5115081703125 0.2492122953125 0.5101839375 0.0831240828125 0.50764038125 0.067268921875 0.330567984375 0.06524332499999999 0.3082627296875 0.0655326953125 0.3051834765625 0.0686604265625 0.3071108890625 0.1475030140625 0.305743725 0.2662181515625 0.30642729375 0.3648463875 0.3074526734375 0.4400119828125
4 0.3068011390625 0.5687895125 0.30768925 0.5796912953125 0.3986317015625 0.58231823125 0.48602170781250004 0.5792972609375 0.4918832390625 0.5786405265625 0.4934818515625 0.561040046875 0.5094678296875 0.5609086984375 0.50982306875 0.528955790625 0.5121321578125 0.4834568234375 0.51124405 0.460463421875 0.48229166093750003 0.4590186015625 0.40928902031250003 0.4607261125 0.34818705781250003 0.4619082328125 0.33273395156249996 0.4652596953125 0.33308919062500003 0.4793138078125 0.3123074265625 0.478263034375 0.30644590156249996 0.47878841875000006 0.3068011390625 0.5687895125
7 0.301240090625 0.6183886421875 0.38232548906249997 0.6184753359374999 0.3870153796875 0.6035627125 0.34504084687500003 0.6008749703125 0.3008386328125 0.5990542453125001 0.235380359375 0.5989675421875 0.22244993281249997 0.5989675421875 0.2018144125 0.5994010484375 0.19677278125 0.610845621875 0.19864873593750002 0.617088115625 0.301240090625 0.6183886421875
4 0.73848738125 0.3410902640625 0.742396146875 0.3319372125 0.7407674890625 0.2300912875 0.7404417890625 0.1320561921875 0.7394645843750001 0.06657173281249999 0.6489112687499999 0.0663308625 0.5313222703125 0.065608253125 0.5230092640625 0.06529636250000001 0.5225491546875001 0.12897057812499998 0.5215503296875 0.3410902640625 0.5414199359375 0.3410902640625 0.73848738125 0.3410902640625
4 0.8744335281250001 0.24670065624999998 0.959899659375 0.24896791562499998 0.9641921234374999 0.24606582656249998 0.9643805671875001 0.10014293593750001 0.9626035406250001 0.06716302656249999 0.8386616171875 0.065939184375 0.8336965921875 0.0632195453125 0.8241343125 0.0630835671875 0.821559846875 0.065123296875 0.744740328125 0.0657077921875 0.7445994781249999 0.10187754062500001 0.7448299890625 0.24728769218750002 0.801640178125 0.2461538546875 0.8744335281250001 0.24670065624999998
4 0.8540805546874999 0.337890625 0.885762059375 0.337890625 0.9398846296875 0.3037109375 0.9504451312500001 0.2880859375 0.9425247546875 0.2666015625 0.9121633125 0.24609375 0.7907175468750001 0.24609375 0.7629962296875 0.2509765625 0.7603561046875 0.3017578125 0.7629962296875 0.3193359375 0.77223666875 0.32421875 0.8540805546874999 0.337890625