1 0.837038659375 0.322265625 0.8060849937500001 0.32421875 0.782869746875 0.318359375 0.73643925 0.322265625 0.723541890625 0.3203125 0.71064453125 0.326171875 0.697747171875 0.322265625 0.6642140359375001 0.322265625 0.6603448281250001 0.3251953125 0.6603448281250001 0.3291015625 0.6693729796875 0.333984375 0.692588228125 0.3359375 0.889917834375 0.3349609375 0.889917834375 0.3232421875 0.8860486265624999 0.3203125 0.84993601875 0.326171875 0.837038659375 0.322265625
2 0.32630320625000003 0 0.31469558124999997 0.0087890625 0.3121161109375 0.1552734375 0.3172750546875 0.3115234375 0.3211442625 0.314453125 0.71064453125 0.314453125 0.8834691546875 0.3125 0.889917834375 0.3095703125 0.8860486265624999 0 0.32630320625000003 0
2 0.40110789375 0.59375 0.5894093484375 0.58984375 0.595858028125 0.5830078125 0.595858028125 0.5009765625 0.5881196109375 0.3505859375 0.5816709328125 0.34765625 0.3211442625 0.349609375 0.3198545265625 0.5029296875 0.3250134703125 0.5908203125 0.328882678125 0.59375 0.40110789375 0.59375
2 0.5919888203125 0.92578125 0.595858028125 0.9228515625 0.5984375 0.8193359375 0.5984375 0.6708984375 0.59327855625 0.6435546875 0.5894093484375 0.640625 0.327592940625 0.6396484375 0.3250134703125 0.9228515625 0.328882678125 0.92578125 0.45527680468750004 0.927734375 0.5919888203125 0.92578125
1 0.5068662453125 0.611328125 0.5520070046875001 0.6064453125 0.5520070046875001 0.5986328125 0.5429788531249999 0.595703125 0.45011786093749995 0.59375 0.32630320625000003 0.59765625 0.3224339984375 0.6064453125 0.328882678125 0.611328125 0.3495184546875 0.61328125 0.5068662453125 0.611328125
1 0.5984375 0.6337890625 0.5971477640625 0.62109375 0.5249225484375 0.619140625 0.5171841328125 0.623046875 0.5133149234375 0.6298828125 0.5223430765625 0.634765625 0.5790914593750001 0.63671875 0.5984375 0.6337890625
6 0.9260304406250001 0.8974609375 0.9221612328125 0.888671875 0.9105536109375001 0.8896484375 0.9079741374999999 0.9150390625 0.9170022890625 0.91796875 0.9234509703124999 0.9150390625 0.9260304406250001 0.8974609375
3 0.9260304406250001 0.8662109375 0.9118433453125 0.861328125 0.9079741374999999 0.8759765625 0.91313308125 0.8876953125 0.9221612328125 0.888671875 0.9260304406250001 0.8662109375
4 0.297598846875 0.0866045234375 0.29326225156249996 0.054179132812499996 0.027645793749999998 0.059104509375 0.02818786875 0.1083582671875 0.116545996875 0.10630602656249999 0.1181722203125 0.08988810781249999 0.297598846875 0.0866045234375
4 0.2938043265625 0.10220154687500001 0.0379452078125 0.11123140312499999 0.025477496875 0.128880665625 0.0233091984375 0.2417538609375 0.22008220625 0.23723893281250003 0.22387672812499998 0.2245150453125 0.2992250703125 0.21958967031249998 0.2938043265625 0.10220154687500001
4 0.29976714531250004 0.2405225171875 0.0406555796875 0.24298520468749998 0.041739728125 0.262276259375 0.0216829765625 0.261044915625 0.022767125 0.310709121875 0.22604502499999998 0.30701508906249997 0.22279257968750002 0.2918285140625 0.30085129374999997 0.287724034375 0.29976714531250004 0.2405225171875
7 0.1799687015625 0.32712704062500003 0.0216829765625 0.32876883281249997 0.01905665 0.34149588125 0.18105285 0.342313615625 0.1799687015625 0.32712704062500003
4 0.0449921765625 0.344776303125 0.0466183984375 0.3632464625 0.020598828125 0.36365691093749997 0.0173463796875 0.5302987906250001 0.304103740625 0.5261943109375 0.30356166562500003 0.342313615625 0.0449921765625 0.344776303125
7 0.29543054999999996 0.559851046875 0.29543054999999996 0.543843575 0.0178884546875 0.5479480546875 0.0184305296875 0.581194340625 0.104078284375 0.5807838921874999 0.10245206250000001 0.5631346296874999 0.29543054999999996 0.559851046875
4 0.302477515625 0.5783212046874999 0.0466183984375 0.5828361328125 0.0460763234375 0.6008958437499999 0.019514678125 0.6000749484375001 0.020056753125 0.7150003828125 0.2704951265625 0.7108959031250001 0.26670060625 0.6957093265625 0.308440334375 0.6936570875 0.302477515625 0.5783212046874999
4 0.304103740625 0.71130635 0.0514970671875 0.715821278125 0.053123292187500004 0.7347018859375 0.022767125 0.73552278125 0.02222505 0.81432879375 0.286215284375 0.8110452109375 0.28567321093750003 0.7962690828125 0.314403153125 0.7917541546875 0.304103740625 0.71130635
4 0.2444755546875 0.8968288375 0.2428493328125 0.883694503125 0.31169278125 0.8779482312500001 0.3122348546875 0.8122765546874999 0.048244621875 0.8196646171875 0.053665365625 0.8360825375 0.0243933484375 0.8373138812500001 0.0233091984375 0.8997019734375 0.2444755546875 0.8968288375
4 0.3068141109375 0.899291525 0.149612534375 0.8988810781250001 0.075890415625 0.8997019734375 0.0520391421875 0.901343765625 0.053123292187500004 0.916530340625 0.020056753125 0.9173512374999999 0.020598828125 0.929254228125 0.0265616453125 0.9308960203125001 0.3078982609375 0.9300751249999999 0.3068141109375 0.899291525
4 0.6467029640625 0.684806009375 0.6188747734375 0.6852640734375 0.6231094984375 0.9280381109375 0.9062310953124999 0.924373596875 0.9032062921874999 0.6669415046875 0.647307925 0.666483440625 0.6467029640625 0.684806009375
7 0.6188747734375 0.663276990625 0.826376284375 0.6641931203125 0.8257713250000001 0.6495350640625001 0.62008469375 0.6486189359375001 0.6188747734375 0.663276990625
4 0.9038112515625001 0.5253996609375 0.6497277671874999 0.5244835328125 0.6479128859375 0.5400577156249999 0.6194797328125 0.5428061015625001 0.6206896546875 0.6385415234375 0.8318209328125 0.6435802296875 0.8354506953125 0.624799596875 0.9062310953124999 0.6234254031249999 0.9038112515625001 0.5253996609375
4 0.6975196609375 0.50753515625 0.9038112515625001 0.508451284375 0.9038112515625001 0.44432229375 0.90078645 0.44111584375 0.6509376890625 0.4429481015625 0.6467029640625 0.45760615624999995 0.6188747734375 0.45714809218749997 0.62008469375 0.5212770828125 0.6957047796875 0.5221932109375 0.6975196609375 0.50753515625
4 0.8953418015624999 0.343548165625 0.6128251671875 0.343548165625 0.6127050203125 0.441573909375 0.6116152453125 0.4420319734375 0.652752571875 0.4397416515625 0.655777375 0.4227932765625 0.8947368421874999 0.42829004687500005 0.8953418015624999 0.343548165625