5 0.06453671093749999 0.5214970609375 0.06297190312499999 0.8093243781250001 0.49698275937499997 0.8088839546875001 0.4977832828125 0.5220640750000001 0.06453671093749999 0.5214970609375
5 0.061894809375000005 0.1859751046875 0.06642838281249999 0.46091718125 0.49712134218750004 0.45987458124999997 0.48871762968750004 0.1839735015625 0.061894809375000005 0.1859751046875
7 0.3140299390625 0.47826401093750004 0.3162039546875 0.47331726874999996 0.3138940578125 0.46514001250000003 0.29690949375 0.46544287031250003 0.29161030625 0.462919021875 0.28997979375 0.461101853125 0.279109665625 0.461909484375 0.2629403671875 0.46352474531250004 0.2543368078125 0.4651377015625 0.25601065625 0.47442776093749994 0.2642991265625 0.47705256093750004 0.30465445 0.47866782499999994 0.3140299390625 0.47826401093750004
4 0.29730639375 0.5093464671875 0.36894217500000004 0.50994474375 0.43309620000000004 0.50924675625 0.4375249296875 0.49359199687500005 0.48020209375 0.49428998125 0.4981444265625 0.49269459062500004 0.498278634375 0.48252398437500005 0.447951809375 0.48003118906250003 0.32906169375 0.48023061250000004 0.26503760625 0.4801309015625 0.2604746296875 0.47853551093749996 0.2541670015625 0.47883464687500005 0.2541670015625 0.4801309015625 0.22539885625 0.4777362515625 0.1671284328125 0.4791322171875 0.096628684375 0.4802920265625 0.09515645625 0.5030573171875 0.10065885781249999 0.5087408875 0.16896914375 0.5092394484375 0.29730639375 0.5093464671875
4 0.23263090625 0.17959845624999998 0.2321528828125 0.1644460015625 0.293524359375 0.1644460015625 0.3772978546875 0.1648011328125 0.435939009375 0.166813571875 0.49250079375 0.162907078125 0.49393475468750003 0.1514243515625 0.409171734375 0.1495302953125 0.366312234375 0.1479913734375 0.32458886875 0.1495302953125 0.30778462968750003 0.15071408125000002 0.22207513125 0.15083245781250001 0.1174714015625 0.15130597343750002 0.09286445 0.15223255 0.09222713593750001 0.1685687953125 0.09088250625 0.17924062031250002 0.1126561578125 0.181610896875 0.1529663828125 0.18184765 0.2184505890625 0.18019035156250002 0.23263090625 0.17959845624999998
4 0.14071024999999998 0.1329228546875 0.259291071875 0.1325872234375 0.2861865984375 0.131524609375 0.2850582921875 0.11631540468749998 0.343922334375 0.11739323125000001 0.41765262343750004 0.11655491874999999 0.448931340625 0.1179920203125 0.4922900890625 0.1161956515625 0.49245125468750006 0.0730829515625 0.4761715953125 0.072603921875 0.46956299062499995 0.06937046875 0.4220134640625 0.0714063484375 0.3759146 0.0698494984375 0.29541504218750003 0.0716458609375 0.252272490625 0.0729631984375 0.13363202968750001 0.07332246718749999 0.1270234375 0.0706878 0.0947864578125 0.0704482859375 0.0812469296875 0.070927315625 0.079041115625 0.07180409531250001 0.0645926515625 0.07217343281250001 0.063237440625 0.1220148109375 0.06549612187500001 0.13158031875 0.14071024999999998 0.1329228546875
7 0.282499275 0.1487025109375 0.3047895171875 0.1481281296875 0.3032433625 0.1391295359375 0.2947395796875 0.135491809375 0.284560809375 0.13845942656250002 0.28185504843750003 0.132619915625 0.2723205078125 0.1325241828125 0.27088566875 0.136003353125 0.24384568906249998 0.13625764375 0.2457783734375 0.14592634843750002 0.2545398546875 0.148415321875 0.282499275 0.1487025109375
6 0.1838844546875 0.229224415625 0.08377910937500001 0.229992178125 0.069312275 0.229800234375 0.06670459375 0.23011308437500003 0.067891428125 0.240740778125 0.11219610937499999 0.2421803203125 0.1836261296875 0.24170047343749998 0.1838844546875 0.229224415625
6 0.0968251046875 0.2570556203125 0.12097954687500001 0.25878307500000003 0.128342128125 0.2582072515625 0.1348005375 0.2564798078125 0.1648967390625 0.25571204375 0.165800909375 0.245635228125 0.16011751093749998 0.24448359375 0.070482153125 0.24480498593750002 0.06840810625 0.2511055015625 0.0717664671875 0.256767709375 0.0968251046875 0.2570556203125
6 0.07307830625 0.2726022625 0.1136012828125 0.2726022625 0.12385141562499999 0.273690209375 0.1384944671875 0.27216708125 0.171587746875 0.27216708125 0.17671281875 0.2708615359375 0.1871093875 0.268794425 0.19633450624999998 0.27173189531249997 0.22327770937500002 0.2707527375 0.23528501093749998 0.2707527375 0.2364564515625 0.261613940625 0.23425998906249998 0.258567675 0.22664561249999998 0.257370928125 0.1698305875 0.2599820109375 0.1686591375 0.257479721875 0.1598733234375 0.2575885171875 0.157530425 0.2599820109375 0.13071519375 0.260278921875 0.069029246875 0.2607932296875 0.06707465312500001 0.26368105000000003 0.06809966875 0.26922960625000003 0.07307830625 0.2726022625
6 0.0701496921875 0.287398415625 0.095703409375 0.2877532734375 0.0929212359375 0.2942809890625 0.098924878125 0.302658228125 0.149589815625 0.3024406296875 0.17404370625 0.3038549671875 0.182829540625 0.3032022046875 0.18605100937500002 0.29580412031250003 0.182243821875 0.28710050468750004 0.214969428125 0.28750720625000004 0.217605175 0.284678534375 0.2155551484375 0.27543094218749997 0.1915405421875 0.2753221359375 0.185390475 0.2741253890625 0.1823154234375 0.2714055078125 0.17865467031249999 0.27151430625 0.17601892187499998 0.2729286421875 0.1738224578125 0.27597491875 0.1174467484375 0.2756485234375 0.0687014015625 0.27507187499999997 0.066928225 0.277824428125 0.0660496453125 0.2845697359375 0.0701496921875 0.287398415625
6 0.09997072812499999 0.31854801875 0.14419272968750002 0.318330428125 0.1712823703125 0.31930958593750003 0.1900254578125 0.319091996875 0.1914897671875 0.30679813437500003 0.12896395 0.3063629546875 0.06771315624999999 0.30703545781249997 0.0667310046875 0.316154525 0.0709774859375 0.3192007953125 0.09997072812499999 0.31854801875
6 0.163814409375 0.333427334375 0.1723073734375 0.33125143125 0.1704037796875 0.3217862453125 0.0848883828125 0.3224390171875 0.07024533125 0.32265661093750003 0.067383740625 0.3224661546875 0.068048878125 0.3326657671875 0.0743453984375 0.3338625140625 0.0829847890625 0.335168059375 0.163814409375 0.333427334375
6 0.0755168296875 0.3501601578125 0.1065600984375 0.34983376875 0.1437534265625 0.3492897921875 0.17113593437500002 0.3488546125 0.18782899375 0.3474402765625 0.20378991875 0.34874582187500003 0.22824380937500002 0.3486370296875 0.2468404828125 0.3486370296875 0.24757263749999997 0.33830148125 0.241861834375 0.3348200296875 0.23468674531249997 0.33438485 0.230440271875 0.33623436562500003 0.1775788703125 0.33590798125 0.17508955625 0.33416725625 0.17113593437500002 0.3336232828125 0.166303721875 0.336560753125 0.1507821015625 0.337322321875 0.07051318749999999 0.3378968484375 0.067902453125 0.3409125609375 0.06995248125 0.3474402765625 0.0755168296875 0.3501601578125
6 0.0680199859375 0.360710828125 0.07059689062499999 0.36463575000000004 0.09816978125 0.3650186671875 0.095142315625 0.369232496875 0.0952622484375 0.3763963453125 0.11240755312499999 0.3794132609375 0.15118581250000002 0.37870060625 0.1854422640625 0.3808385703125 0.1866754765625 0.3679089984375 0.1847538140625 0.3640613734375 0.2249535296875 0.3647314828125 0.22559775937499998 0.35850904687499996 0.22443814999999998 0.35228661250000004 0.1941595078125 0.3523823453125 0.193515278125 0.34931898906250003 0.1872018796875 0.34931898906250003 0.186042253125 0.3507549359375 0.1828211296875 0.352956721875 0.1332156953125 0.3528609921875 0.0696254671875 0.3525981796875 0.06892190312499999 0.3525738015625 0.0686642046875 0.3528609921875 0.0680199859375 0.360710828125
6 0.074529471875 0.39567079375 0.1149518171875 0.39477576718749996 0.12191195937499999 0.39527300468750004 0.128202853125 0.39477576718749996 0.1352968484375 0.3955713453125 0.1473432453125 0.39457687343750003 0.182947040625 0.39437798281249997 0.212929178125 0.3955713453125 0.22912488749999999 0.39537245625 0.2286749703125 0.3835272890625 0.20605454218750002 0.38303005 0.15230304687500001 0.3817372375 0.1394535703125 0.3798477375 0.11442382499999999 0.3812399984375 0.102109721875 0.382035578125 0.068519546875 0.3822988484375 0.066498540625 0.3882122453125 0.06850627031249999 0.39596913749999996 0.074529471875 0.39567079375
6 0.09474065000000001 0.4106873421875 0.1091963265625 0.4090961828125 0.14453241562500002 0.409394528125 0.1896394859375 0.409692865625 0.2164092453125 0.40959342187500003 0.2186846890625 0.40273155312500003 0.21721234374999998 0.3979580828125 0.15430337656249998 0.3982564234375 0.15256334375 0.39547189843749997 0.1338245109375 0.396963609375 0.1271320671875 0.39547189843749997 0.1204396234375 0.39616803125 0.117762646875 0.39915145 0.10317312812499999 0.3982564234375 0.0689712125 0.398306740625 0.06756932812500001 0.40959342187500003 0.0820250078125 0.41028954687499997 0.09474065000000001 0.4106873421875
6 0.1938977703125 0.42565549531249997 0.24314918125 0.4254576515625 0.2560639203125 0.42664471718749997 0.286952809375 0.42605118124999997 0.286153953125 0.413389178125 0.27270663125 0.41200426874999996 0.2169202671875 0.41061936093750007 0.21026317031250003 0.41061936093750007 0.20906489375 0.41249888125 0.1562076359375 0.41190535156249997 0.1491511296875 0.41061936093750007 0.1207614078125 0.41210319218749997 0.11050371249999999 0.4136859421875 0.07096062187499999 0.4127956453125 0.06890635625 0.41401877656249997 0.06914397343749999 0.42634795625 0.1072225078125 0.42664471718749997 0.1453010390625 0.42624903124999997 0.1938977703125 0.42565549531249997
6 0.109820590625 0.44255935468749996 0.1068571515625 0.44964336562499996 0.11085135937499999 0.4559615328125 0.12966279375 0.4583547796875 0.1942143703125 0.4591206234375 0.19588935937500002 0.452323796875 0.1929259109375 0.442080703125 0.275019525 0.44129932656250004 0.275019525 0.4297160125 0.244869690625 0.42981173906250003 0.242035109375 0.425503896875 0.234046659375 0.4266526546875 0.2312120609375 0.4296202796875 0.15815669999999998 0.42942882187500003 0.15287404375 0.4271313046875 0.145143309375 0.427035575 0.14359716250000001 0.4297160125 0.12826455 0.42722703281249996 0.12259534999999999 0.427514225 0.1192051703125 0.429907471875 0.0732073484375 0.429907471875 0.06871184687500001 0.43007719843750003 0.0701362015625 0.4403575671875 0.07503231875000001 0.4416977859375 0.10067256875 0.4419849703125 0.109820590625 0.44255935468749996
6 0.33958405625 0.45562489375000004 0.3384028796875 0.44343610624999996 0.29574931250000003 0.44382614531250003 0.291572109375 0.44564955624999997 0.29273075 0.456209953125 0.3002115328125 0.4591352671875 0.3229163578125 0.4577701140625 0.33958405625 0.45562489375000004
6 0.0423713484375 0.9378068640624999 0.0466232390625 0.9401043765624999 0.05577125937500001 0.9407744843750001 0.0618269875 0.9402001015625 0.0635019734375 0.9292869125 0.062213525000000006 0.9036313390625 0.049001609375 0.9034602484375001 0.0445617140625 0.9047800984375 0.042242503125000004 0.9133957765625 0.042113659375 0.9247876156249999 0.0423713484375 0.9378068640624999
3 0.0627289125 0.8859213374999999 0.0618269875 0.8757739828125001 0.05422511249999999 0.8735721984374999 0.047138628125 0.8741465765624999 0.0450885671875 0.8767361109375 0.0452059421875 0.892048040625 0.056544328125 0.8924309609375 0.059894309374999996 0.8892718765625001 0.0627289125 0.8859213374999999
4 0.069385878125 0.9377248125 0.073365159375 0.9400900421875 0.1489017375 0.9437054843749999 0.23104889062499998 0.94242431875 0.2914745640625 0.94242431875 0.346526175 0.9408474968749999 0.35050545624999996 0.926064796875 0.3998755703125 0.9267546578125 0.42919233281249997 0.9274445203124999 0.49299357656250004 0.9268532078125 0.49737079843750004 0.9217285375 0.4972381515625 0.8908504984375 0.49922780156249996 0.8844131875000001 0.49803401562499994 0.8819494046875 0.434895990625 0.883230571875 0.432110475 0.8808653390625001 0.36815021875 0.881864784375 0.3628445046875 0.8789082421875 0.2680346703125 0.8785140390624999 0.26471860468749997 0.881174925 0.18254335 0.8821604375 0.16064513593750002 0.8822589875 0.158257571875 0.8791053484375 0.1508295609375 0.8789082421875 0.14711556406249998 0.8819633359375001 0.11112814374999999 0.8796966546875 0.1047612796875 0.8801894109375 0.097996503125 0.8834416031250001 0.096846853125 0.8837184984374999 0.0973735234375 0.8971216656250001 0.069651153125 0.897417321875 0.0676615046875 0.9064840421874999 0.069385878125 0.9377248125
4 0.0689446921875 0.8724717906249999 0.07220639375 0.8774103828125 0.12118156875 0.8792197140625 0.17881534999999998 0.8783150546874999 0.2191886265625 0.8804259312499999 0.23637052500000003 0.879018678125 0.2432703484375 0.8776114187499999 0.244082078125 0.8638403890624999 0.32184427968749996 0.8644435015624999 0.3452715078125 0.8661523140625 0.42185791093749997 0.86524765625 0.484574575 0.8649460953125001 0.4975624703125 0.864141946875 0.498644809375 0.8512755875 0.497427175 0.8226599296874999 0.4879568484375 0.820046453125 0.419635125 0.8203480109375001 0.415441121875 0.8178350484375001 0.403806134375 0.8181365984375001 0.4035355546875 0.820046453125 0.32124163125 0.8197448953125 0.313394784375 0.8177345265625 0.3077125859375 0.8178350484375001 0.30635967656249996 0.819543859375 0.21244805156250002 0.8189407484375 0.128243953125 0.819041265625 0.12404995 0.8165283078125001 0.1128208484375 0.8164277890625 0.10456811562499999 0.81994593125 0.096285025 0.820504915625 0.0968556703125 0.834319640625 0.06956152812500001 0.8347779265625 0.0683278765625 0.8362673484375 0.0689446921875 0.8724717906249999
4 0.51238824375 0.880521865625 0.5106907328125 0.94068889375 0.519517809375 0.9418239953124999 0.5928505171875 0.9443464531249999 0.7062355140625 0.943841946875 0.7888023109375 0.9440942 0.9133596125000001 0.9445986890625001 0.9389921046874999 0.9433374593750001 0.941029140625 0.8960415375 0.9442544046875 0.8145142546875 0.9454426781249999 0.7279599078125 0.946291415625 0.6858264171874999 0.9427266624999999 0.684312946875 0.86175509375 0.6846913140625001 0.8084530765625001 0.68380845625 0.789101378125 0.6841868265625 0.784543609375 0.681536946875 0.7799108234375 0.6812419109375 0.7736896375 0.682028671875 0.7526435296875 0.6811435671875 0.7387250015625 0.683307159375 0.639905440625 0.6827170890625001 0.548849346875 0.6826187453125 0.54534525625 0.6837448265625 0.5463385749999999 0.6969463234375 0.5142555093750001 0.697198571875 0.5134067499999999 0.78808730625 0.51238824375 0.880521865625
4 0.51515204375 0.6519334859375 0.5150003703125 0.6727812453124999 0.5181855093750001 0.67931730625 0.5735462765625 0.6807822734375 0.64983796875 0.680106134375 0.7142478234375 0.681233034375 0.762733959375 0.6808095703125 0.783993425 0.680426646875 0.794172203125 0.682245515625 0.8337277078125 0.681383946875 0.8352738453124999 0.6667372953124999 0.904176134375 0.6696091921875 0.9419278046875 0.6676945921875 0.945020096875 0.6619508062499999 0.9447525499999999 0.6452441453125 0.9411080171874999 0.6381844703125 0.8997165859375 0.6371206859375 0.819016309375 0.6369272671874999 0.79261991875 0.636056896875 0.785698321875 0.6381844703125 0.7210079203124999 0.6370239765625 0.6229925515625 0.6359601890625 0.5571237203125 0.6357667734375 0.5451017625000001 0.637438665625 0.5441216484375 0.64708779375 0.5430599328125 0.6509192703125 0.51712379375 0.65080658125 0.51515204375 0.6519334859375
7 0.6901247171875 0.6052001078125 0.613977159375 0.6039556187499999 0.600706096875 0.6020410218750001 0.5302277296875 0.6020410218750001 0.51538135 0.6024239421875001 0.5178671968749999 0.6174535156250001 0.5924686343750001 0.61879373125 0.6437404156250001 0.619272378125 0.6901247171875 0.6181236218749999 0.6901247171875 0.6052001078125
4 0.5183924796875 0.487583825 0.5174905625 0.514736490625 0.51620210625 0.5640779109375 0.517104028125 0.5828409484375 0.5279270265625 0.5879146234375 0.5584633703125 0.587435971875 0.5606537265625 0.5711619109375 0.599822690625 0.572789328125 0.7113568890625 0.573842346875 0.8234376515624999 0.5738798921875 0.944105365625 0.5735931109375 0.94719325625 0.5644160765625 0.9477722296875 0.5029058015625 0.946228284375 0.46812182656249995 0.9203265046875 0.46701445937499997 0.9181361203125 0.4651955984375 0.9113073421875001 0.4654827859375 0.9093746390625 0.4678760265625 0.8188463421875 0.46672727031249994 0.7574490546875 0.46663154375 0.7546144609375001 0.463472459375 0.7477856546874999 0.4633767296875 0.745079909375 0.46644008125 0.71010674375 0.4644297578125 0.7023760296875 0.4651955984375 0.702504878125 0.4665358109375 0.6718396984375 0.46557851250000004 0.6233531140624999 0.46538705468749997 0.5705046796875 0.4654827859375 0.5679277734375 0.4635681890625 0.5659950984375001 0.4627066203125 0.56032590625 0.46280235468750003 0.5599393703125 0.46557851250000004 0.546668309375 0.4654827859375 0.544653784375 0.46649904218750005 0.5442903890624999 0.47980515468749996 0.5306327796875 0.47779483125000005 0.5194232390625 0.47798629375 0.5183924796875 0.487583825
4 0.518408375 0.4353183875 0.5171199234375 0.44872055 0.5187949093750001 0.46059104062499995 0.520469896875 0.46336720312499996 0.548042784375 0.46365439375 0.5591236234375 0.46287885624999997 0.5632295671875001 0.46228841093749995 0.5670706296875 0.462780453125 0.5690573875 0.46455179218750003 0.5725010765625 0.465043834375 0.5791235875 0.46396134531250005 0.59223615 0.4633708921875 0.674393096875 0.4633708921875 0.7232443187500001 0.46476509843749997 0.7462906375 0.463879425 0.7539727453125 0.46299375156250006 0.7674826703125001 0.4641746453125 0.779800528125 0.46565077187500004 0.797681296875 0.464863503125 0.8507074671874999 0.465749175 0.88289285 0.46614280625 0.919846440625 0.4646666875 0.92646895 0.46476509843749997 0.9255417890625001 0.450495921875 0.945452928125 0.4496102484375 0.947969484375 0.43888376874999996 0.947219590625 0.42369132187499997 0.9453204828124999 0.4210719015625 0.8785961906249999 0.4209734921875 0.7734728796875 0.4196941890625 0.7063047375 0.4180212484375 0.6958411671875 0.41880851249999995 0.6541193703125 0.41703716875 0.65160281875 0.41979259375 0.5809184765625 0.4193005546875 0.5463929140625 0.4208093875 0.5455947359375 0.42976606406249995 0.5386370828125 0.43235076718750004 0.53451403125 0.4352226578125 0.518408375 0.4353183875
4 0.528738634375 0.3547209546875 0.5270636484375 0.3568270109375 0.517915628125 0.3574013875 0.5184310078125 0.3984494015625 0.5184310078125 0.41477709375 0.538144334375 0.41697887343750006 0.579632525 0.41659595468750005 0.681194740625 0.41707460625000004 0.7302133578125 0.41807099374999995 0.73678445625 0.41615640000000004 0.737299853125 0.40189266718749994 0.8089736984375 0.402754234375 0.87668703125 0.402754234375 0.9483979203124999 0.4028499640625 0.9472383125 0.367737696875 0.9481402390625 0.3426169046875 0.84944475 0.34194679687499996 0.77328000625 0.342808365625 0.7688992671875 0.339457825 0.761039703125 0.339936471875 0.75949355625 0.3427126359375 0.6930793421875 0.3420425265625 0.612113284375 0.3420425265625 0.5721054343749999 0.34137241875 0.569142 0.339553553125 0.5590920625 0.339457825 0.5589632234375 0.3422339875 0.54595813125 0.3433309390625 0.5461327484375 0.356348359375 0.5402058609375 0.35711419843750003 0.5385308734375001 0.3548166828125 0.528738634375 0.3547209546875
4 0.51728893125 0.269377096875 0.5174626390625 0.33787510625 0.528927353125 0.33916571875 0.5664482296875 0.3389075953125 0.6355839015625 0.339294784375 0.7010364250000001 0.34045634062499996 0.7449845046875 0.34084351874999996 0.7661768296875 0.338391359375 0.765482 0.32600141875 0.8662808890625 0.32600141875 0.9470380671875 0.3256142359375 0.9480803203124999 0.26791551406249997 0.9496436906250001 0.229156440625 0.9491225984374999 0.159036709375 0.9482540578125 0.1270793875 0.8730385703125 0.12514346406250001 0.7286980296875 0.1241109734375 0.6084690921875 0.12462721406249999 0.6030841546875 0.122304103125 0.59526730625 0.12269129062499999 0.591103625 0.1243690921875 0.5683479078125 0.12424003125000001 0.5640052171875001 0.122304103125 0.552079140625 0.1235947203125 0.5453542812500001 0.1259729984375 0.54508216875 0.13923214374999998 0.5181574671875 0.1403937 0.5174626390625 0.183113146875 0.51728893125 0.269377096875
4 0.6175669703125 0.094232153125 0.6160036015625 0.09113467343750001 0.5850836187499999 0.0913928 0.582825421875 0.09384496875000001 0.54999465625 0.09358684687499999 0.5456519609375 0.0903603015625 0.5284548921875001 0.09203810625 0.515947946875 0.09332872812500001 0.5170227796875 0.1047622703125 0.5741400296875 0.1068802109375 0.6411912296875 0.10700926875000001 0.6394541484375 0.0941030921875 0.6175669703125 0.094232153125
6 0.27922705312499996 0.189655171875 0.0647343 0.188218390625 0.063768115625 0.2162356328125 0.1227053140625 0.21695402187499999 0.12753623125 0.2068965515625 0.2782608703125 0.20258620624999998 0.27922705312499996 0.189655171875
6 0.2782608703125 0.538793103125 0.2772946859375 0.5215517234375 0.0705314015625 0.523706896875 0.0695652171875 0.55316091875 0.0685990328125 0.5538793109375 0.125603865625 0.5567528734375 0.125603865625 0.5416666671875 0.2782608703125 0.538793103125
6 0.35168840625 0.1896605609375 0.306282609375 0.1896605609375 0.306282609375 0.204024784375 0.35168840625 0.204024784375 0.35168840625 0.1896605609375
6 0.4125652171875 0.18821659531249998 0.380681159375 0.18821659531249998 0.380681159375 0.2018696125 0.4125652171875 0.2018696125 0.4125652171875 0.18821659531249998
6 0.4811666671875 0.18893857812499998 0.45121014531250003 0.18893857812499998 0.45121014531250003 0.2025915953125 0.4811666671875 0.2025915953125 0.4811666671875 0.18893857812499998
6 0.35458695625000003 0.20546336250000002 0.3033840578125 0.20546336250000002 0.3033840578125 0.218394396875 0.35458695625000003 0.218394396875 0.35458695625000003 0.20546336250000002
6 0.41546376875 0.2054579734375 0.3719855078125 0.2054579734375 0.3719855078125 0.21766702656249998 0.41546376875 0.21766702656249998 0.41546376875 0.2054579734375
6 0.48598550781250005 0.2047413796875 0.419318840625 0.2047413796875 0.419318840625 0.2176724140625 0.48598550781250005 0.2176724140625 0.48598550781250005 0.2047413796875
6 0.3449347828125 0.24425107812500002 0.2888913046875 0.24425107812500002 0.2888913046875 0.255748921875 0.3449347828125 0.255748921875 0.3449347828125 0.24425107812500002
6 0.340094203125 0.259342671875 0.29468840625000003 0.259342671875 0.29468840625000003 0.270118534375 0.340094203125 0.270118534375 0.340094203125 0.259342671875
6 0.4125579703125 0.24353448281249998 0.3642536234375 0.24353448281249998 0.3642536234375 0.2564655171875 0.4125579703125 0.2564655171875 0.4125579703125 0.24353448281249998
6 0.48018840625000003 0.24209590468750003 0.43381159374999995 0.24209590468750003 0.43381159374999995 0.255748921875 0.48018840625000003 0.255748921875 0.48018840625000003 0.24209590468750003
6 0.483094203125 0.2600592671875 0.4357463765625 0.2600592671875 0.4357463765625 0.2715571125 0.483094203125 0.2715571125 0.483094203125 0.2600592671875
6 0.4164275359375 0.25933728437500003 0.3623260875 0.25933728437500003 0.3623260875 0.2708351296875 0.4164275359375 0.2708351296875 0.4164275359375 0.25933728437500003
6 0.3381666671875 0.28950969843749996 0.28696376875 0.28950969843749996 0.28696376875 0.29669719843750003 0.3381666671875 0.29669719843750003 0.3381666671875 0.28950969843749996
6 0.41159420312500006 0.288793103125 0.359420290625 0.288793103125 0.359420290625 0.3017241375 0.41159420312500006 0.3017241375 0.41159420312500006 0.288793103125
6 0.484050725 0.28807112031250004 0.4328478265625 0.28807112031250004 0.4328478265625 0.303157328125 0.484050725 0.303157328125 0.484050725 0.28807112031250004
6 0.47922463750000005 0.30460129375 0.4318768109375 0.30460129375 0.4318768109375 0.317532328125 0.47922463750000005 0.317532328125 0.47922463750000005 0.30460129375
6 0.48212318906249996 0.32183728437500003 0.43477536250000004 0.32183728437500003 0.43477536250000004 0.3318911640625 0.48212318906249996 0.3318911640625 0.48212318906249996 0.32183728437500003
6 0.484050725 0.33692887968749996 0.4357463765625 0.33692887968749996 0.4357463765625 0.347704740625 0.484050725 0.347704740625 0.484050725 0.33692887968749996
6 0.4096594203125 0.3060344828125 0.35941304375 0.3060344828125 0.35941304375 0.3168103453125 0.4096594203125 0.3168103453125 0.4096594203125 0.3060344828125
6 0.34010145 0.30460129375 0.28502898593750003 0.30460129375 0.28502898593750003 0.317532328125 0.34010145 0.317532328125 0.34010145 0.30460129375
6 0.3420217390625 0.3225538796875 0.29951449218750004 0.3225538796875 0.29951449218750004 0.333329740625 0.3420217390625 0.333329740625 0.3420217390625 0.3225538796875
6 0.4125579703125 0.32040409531249997 0.36521014531249996 0.32040409531249997 0.36521014531249996 0.332613146875 0.4125579703125 0.332613146875 0.4125579703125 0.32040409531249997
6 0.41159420312500006 0.336206896875 0.362318840625 0.336206896875 0.362318840625 0.346982759375 0.41159420312500006 0.346982759375 0.41159420312500006 0.336206896875
6 0.34686231875 0.33476831875 0.29081884062499996 0.33476831875 0.29081884062499996 0.350576509375 0.34686231875 0.350576509375 0.34686231875 0.33476831875
6 0.3410652171875 0.3821821125 0.29081884062499996 0.3821821125 0.29081884062499996 0.39367995625 0.3410652171875 0.39367995625 0.3410652171875 0.3821821125
6 0.3410652171875 0.36350754375 0.29081884062499996 0.36350754375 0.29081884062499996 0.3793157328125 0.3410652171875 0.3793157328125 0.3410652171875 0.36350754375
6 0.4135217390625 0.36566271562499997 0.3613478265625 0.36566271562499997 0.3613478265625 0.3778717671875 0.4135217390625 0.3778717671875 0.4135217390625 0.36566271562499997
6 0.484050725 0.36566271562499997 0.4357463765625 0.36566271562499997 0.4357463765625 0.3771605609375 0.484050725 0.3771605609375 0.484050725 0.36566271562499997
6 0.4135289859375 0.38290409531249997 0.3623260875 0.38290409531249997 0.3623260875 0.395113146875 0.4135289859375 0.395113146875 0.4135289859375 0.38290409531249997
6 0.485992753125 0.38289870625 0.4357463765625 0.38289870625 0.4357463765625 0.39151939687500004 0.485992753125 0.39151939687500004 0.485992753125 0.38289870625
6 0.340094203125 0.398712284375 0.29468840625000003 0.398712284375 0.29468840625000003 0.4087661640625 0.340094203125 0.4087661640625 0.340094203125 0.398712284375
6 0.4135289859375 0.398706896875 0.366181159375 0.398706896875 0.366181159375 0.409482759375 0.4135289859375 0.409482759375 0.4135289859375 0.398706896875
6 0.4840652171875 0.3958351296875 0.433818840625 0.3958351296875 0.433818840625 0.40948814687499996 0.4840652171875 0.40948814687499996 0.4840652171875 0.3958351296875
6 0.4135289859375 0.41307112031250004 0.366181159375 0.41307112031250004 0.366181159375 0.4238469828125 0.4135289859375 0.4238469828125 0.4135289859375 0.41307112031250004
6 0.4840652171875 0.41379849062499996 0.436717390625 0.41379849062499996 0.436717390625 0.4238523703125 0.4840652171875 0.4238523703125 0.4840652171875 0.41379849062499996
6 0.4811666671875 0.442532328125 0.436717390625 0.442532328125 0.436717390625 0.4554633625 0.4811666671875 0.4554633625 0.4811666671875 0.442532328125
6 0.41158695625 0.4439655171875 0.3719782609375 0.4439655171875 0.3719782609375 0.45474137968750006 0.41158695625 0.45474137968750006 0.41158695625 0.4439655171875
6 0.34396376875 0.41451508593749997 0.293717390625 0.41451508593749997 0.293717390625 0.42529094843750004 0.34396376875 0.42529094843750004 0.34396376875 0.41451508593749997
6 0.366181159375 0.52586206875 0.3275289859375 0.52586206875 0.3275289859375 0.5409482765625 0.366181159375 0.5409482765625 0.366181159375 0.52586206875
6 0.43092029062500004 0.527295259375 0.39226811562499997 0.527295259375 0.39226811562499997 0.54022629375 0.43092029062500004 0.54022629375 0.43092029062500004 0.527295259375
6 0.4840579703125 0.523701509375 0.4550724640625 0.523701509375 0.4550724640625 0.5395096984375 0.4840579703125 0.5395096984375 0.4840579703125 0.523701509375
6 0.49758695625 0.542386853125 0.43478985468750003 0.542386853125 0.43478985468750003 0.5538846984375 0.49758695625 0.5538846984375 0.49758695625 0.542386853125
6 0.42415217343749995 0.542381465625 0.37294927499999997 0.542381465625 0.37294927499999997 0.5553125 0.42415217343749995 0.5553125 0.42415217343749995 0.542381465625
6 0.357492753125 0.54023168125 0.30242029062500003 0.54023168125 0.30242029062500003 0.5538846984375 0.357492753125 0.5538846984375 0.357492753125 0.54023168125
6 0.1855 0.571837284375 0.0705289859375 0.571837284375 0.0705289859375 0.5833351296875 0.1855 0.5833351296875 0.1855 0.571837284375
6 0.16908695625 0.5890786640625 0.07053623125 0.5890786640625 0.07053623125 0.5991325437499999 0.16908695625 0.5991325437499999 0.16908695625 0.5890786640625
6 0.2357536234375 0.6034482765625 0.0734347828125 0.6034482765625 0.0734347828125 0.6142241375 0.2357536234375 0.6142241375 0.2357536234375 0.6034482765625
6 0.19709420312499998 0.6501454734375 0.067630434375 0.6501454734375 0.067630434375 0.6623545265625 0.19709420312499998 0.6623545265625 0.19709420312499998 0.6501454734375
6 0.17390579687500002 0.6659536640625 0.0705289859375 0.6659536640625 0.0705289859375 0.67600754375 0.17390579687500002 0.67600754375 0.17390579687500002 0.6659536640625
6 0.24251449218749999 0.6810344828125 0.0705289859375 0.6810344828125 0.0705289859375 0.6918103453125 0.24251449218749999 0.6918103453125 0.24251449218749999 0.6810344828125
6 0.2357463765625 0.7270150859375 0.0657028984375 0.7270150859375 0.0657028984375 0.7399461203125 0.2357463765625 0.7399461203125 0.2357463765625 0.7270150859375
6 0.234782609375 0.7413793109375 0.07536231875 0.7413793109375 0.07536231875 0.7543103453125 0.234782609375 0.7543103453125 0.234782609375 0.7413793109375
6 0.2840652171875 0.7564709046875 0.0657028984375 0.7564709046875 0.0657028984375 0.7708351296875 0.2840652171875 0.7708351296875 0.2840652171875 0.7564709046875
6 0.34105797031249996 0.57039870625 0.291782609375 0.57039870625 0.291782609375 0.5854849140625 0.34105797031249996 0.5854849140625 0.34105797031249996 0.57039870625
6 0.4125652171875 0.5696875 0.36328985468749997 0.5696875 0.36328985468749997 0.58477370625 0.4125652171875 0.58477370625 0.4125652171875 0.5696875
6 0.342992753125 0.589800646875 0.295644928125 0.589800646875 0.295644928125 0.5998545265625 0.342992753125 0.5998545265625 0.342992753125 0.589800646875
6 0.485992753125 0.5732704734375 0.43768840625000005 0.5732704734375 0.43768840625000005 0.586923490625 0.485992753125 0.586923490625 0.485992753125 0.5732704734375
6 0.41545652187500004 0.5890840515625 0.3642536234375 0.5890840515625 0.3642536234375 0.6020150859375 0.41545652187500004 0.6020150859375 0.41545652187500004 0.5890840515625
6 0.4879275359375 0.589795259375 0.4357536234375 0.589795259375 0.4357536234375 0.5984159484375 0.4879275359375 0.5984159484375 0.4879275359375 0.589795259375
6 0.34589130468749996 0.6034482765625 0.2927463765625 0.6034482765625 0.2927463765625 0.6163793109375 0.34589130468749996 0.6163793109375 0.34589130468749996 0.6034482765625
6 0.4193260875 0.604886853125 0.3623260875 0.604886853125 0.3623260875 0.6163846984375 0.4193260875 0.6163846984375 0.4193260875 0.604886853125
6 0.490818840625 0.6041648703125 0.436717390625 0.6041648703125 0.436717390625 0.6185290953125 0.490818840625 0.6185290953125 0.490818840625 0.6041648703125
6 0.343 0.6350538796875 0.2966231890625 0.6350538796875 0.2966231890625 0.6479849140625 0.343 0.6479849140625 0.343 0.6350538796875
6 0.41545652187500004 0.6372144390625001 0.361355071875 0.6372144390625001 0.361355071875 0.6465571125 0.41545652187500004 0.6465571125 0.41545652187500004 0.6372144390625001
6 0.49178260937499996 0.634337284375 0.43960869531249996 0.634337284375 0.43960869531249996 0.6501454734375 0.49178260937499996 0.6501454734375 0.49178260937499996 0.634337284375
6 0.342992753125 0.6515786640625 0.295644928125 0.6515786640625 0.295644928125 0.6609213359375 0.342992753125 0.6609213359375 0.342992753125 0.6515786640625
6 0.41836231875 0.6494288796875 0.36618840625 0.6494288796875 0.36618840625 0.6623599140625 0.41836231875 0.6623599140625 0.41836231875 0.6494288796875
6 0.48696376875 0.652300646875 0.436717390625 0.652300646875 0.436717390625 0.663798490625 0.48696376875 0.663798490625 0.48696376875 0.652300646875
6 0.344920290625 0.667386853125 0.2966159421875 0.667386853125 0.2966159421875 0.6774407328125001 0.344920290625 0.6774407328125001 0.344920290625 0.667386853125
6 0.41642029062499997 0.667381465625 0.36424637656250003 0.667381465625 0.36424637656250003 0.678157328125 0.41642029062499997 0.678157328125 0.41642029062499997 0.667381465625
6 0.486949275 0.667386853125 0.4357463765625 0.667386853125 0.4357463765625 0.6795959046875 0.486949275 0.6795959046875 0.486949275 0.667386853125
6 0.4879275359375 0.6810344828125 0.4357536234375 0.6810344828125 0.4357536234375 0.6939655171875 0.4879275359375 0.6939655171875 0.4879275359375 0.6810344828125
6 0.4135289859375 0.681751078125 0.366181159375 0.681751078125 0.366181159375 0.693248921875 0.4135289859375 0.693248921875 0.4135289859375 0.681751078125
6 0.347818840625 0.6824730609375 0.293717390625 0.6824730609375 0.293717390625 0.6925269390625 0.347818840625 0.6925269390625 0.347818840625 0.6824730609375
6 0.34010145 0.7126454734375 0.2966231890625 0.7126454734375 0.2966231890625 0.72414331875 0.34010145 0.72414331875 0.34010145 0.7126454734375
6 0.4125652171875 0.7140840515625 0.37778260937499997 0.7140840515625 0.37778260937499997 0.7248599140625 0.4125652171875 0.7248599140625 0.4125652171875 0.7140840515625
6 0.48984782656250003 0.71335668125 0.438644928125 0.71335668125 0.438644928125 0.7270096984375 0.48984782656250003 0.7270096984375 0.48984782656250003 0.71335668125
6 0.4908260875 0.729881465625 0.4386521734375 0.729881465625 0.4386521734375 0.740657328125 0.4908260875 0.740657328125 0.4908260875 0.729881465625
6 0.41448550781250004 0.7291648703125 0.366181159375 0.7291648703125 0.366181159375 0.740662715625 0.41448550781250004 0.740662715625 0.41448550781250004 0.7291648703125
6 0.34492753593750003 0.729170259375 0.2956521734375 0.729170259375 0.2956521734375 0.7377909484375 0.34492753593750003 0.7377909484375 0.34492753593750003 0.729170259375
6 0.3449347828125 0.744251078125 0.2917898546875 0.744251078125 0.2917898546875 0.755748921875 0.3449347828125 0.755748921875 0.3449347828125 0.744251078125
6 0.4145 0.744251078125 0.37294927499999997 0.744251078125 0.37294927499999997 0.75430495625 0.4145 0.75430495625 0.4145 0.744251078125
6 0.485992753125 0.7449730609375 0.43768840625000005 0.7449730609375 0.43768840625000005 0.7564709046875 0.485992753125 0.7564709046875 0.485992753125 0.7449730609375
6 0.485992753125 0.7600592671874999 0.44058695625000005 0.7600592671874999 0.44058695625000005 0.7715571125 0.485992753125 0.7715571125 0.485992753125 0.7600592671874999
6 0.41546376875 0.7600538796875 0.37778260937499997 0.7600538796875 0.37778260937499997 0.770829740625 0.41546376875 0.770829740625 0.41546376875 0.7600538796875
6 0.34492753593750003 0.759342671875 0.2956521734375 0.759342671875 0.2956521734375 0.77227370625 0.34492753593750003 0.77227370625 0.34492753593750003 0.759342671875
6 0.34396376875 0.79023168125 0.2956594203125 0.79023168125 0.2956594203125 0.8017295265625 0.34396376875 0.8017295265625 0.34396376875 0.79023168125
6 0.4164275359375 0.7895150859375 0.37681884062500004 0.7895150859375 0.37681884062500004 0.8024461203125 0.4164275359375 0.8024461203125 0.4164275359375 0.7895150859375
6 0.48598550781250005 0.79023168125 0.43960869531249996 0.79023168125 0.43960869531249996 0.8024407328125 0.48598550781250005 0.8024407328125 0.48598550781250005 0.79023168125
6 0.23188405781250002 0.7104885046875 0.23188405781250002 0.6946839078125 0.0647343 0.6939655171875 0.06763285 0.7104885046875 0.09468599062500001 0.7104885046875 0.1043478265625 0.72413793125 0.199033815625 0.726293103125 0.23188405781250002 0.7104885046875
6 0.2473429953125 0.788793103125 0.2473429953125 0.7744252875 0.0685990328125 0.7729885046875 0.07246376875 0.7880747125 0.113043478125 0.8038793109375 0.19033816406249998 0.8038793109375 0.2473429953125 0.788793103125