4 0.2717454140625 0.18394123281250002 0.2731172375 0.11481835781250001 0.2731172375 0.05098780000000001 0.2660866125 0.048748821875 0.2597419125 0.048748821875 0.255111990625 0.0458513203125 0.2475669390625 0.0469049546875 0.246538059375 0.048222003125 0.188064115625 0.049012231249999996 0.1806589625 0.046338075 0.130763934375 0.0465716515625 0.1212301203125 0.048907425 0.074445996875 0.04960815625 0.07535834375 0.10784511875 0.07312816875 0.1508147671875 0.0735336484375 0.21437916875 0.0725199328125 0.2701209640625 0.0723171890625 0.3202059578125 0.0728240515625 0.3738329296875 0.07201307031250001 0.41379746562499997 0.0736350234375 0.4200261890625 0.0882325921875 0.4208826375 0.11915104843749999 0.4196368921875 0.12107713281250002 0.4066344296875 0.173875871875 0.40328649062500005 0.252117109375 0.4028971921875 0.2631128171875 0.40252588281249996 0.2698591625 0.4014987078125 0.27020210625 0.3349878484375 0.2717454140625 0.2633529296875 0.2717454140625 0.18394123281250002
4 0.0710032765625 0.5085449765625001 0.0716153859375 0.5551666125 0.0726355671875 0.566406759375 0.109056203125 0.5675820953125 0.1241549515625 0.5667201859375 0.124869090625 0.552459446875 0.1837121796875 0.5519893140625001 0.2555861203125 0.5508923328125 0.2694454140625 0.5498191453125 0.26954740781250003 0.5207348234375 0.27066961875 0.4845595203125 0.2711797125 0.46123618593750004 0.2703635671875 0.4258977671875 0.2212926203125 0.4265246140625 0.22037445312499998 0.42480078906249996 0.21302911406249997 0.4251142109375 0.21139681562499998 0.42636790312499995 0.14395675937500002 0.4262895453125 0.1406921703125 0.42346874218749997 0.134673078125 0.423547096875 0.103269859375 0.42245011874999994 0.0979648984375 0.424330653125 0.0849295140625 0.42611094375 0.085183859375 0.44161034062500004 0.0722274953125 0.4427073265625 0.0728396046875 0.5024422609375 0.0710032765625 0.5085449765625001
4 0.07025290468749999 0.641005090625 0.0707015828125 0.6640646015625 0.0981831828125 0.6656153406249999 0.15359503593749999 0.6656153406249999 0.16638239531250001 0.667510696875 0.1792819125 0.668716825 0.2175679546875 0.6670799328125 0.2691845921875 0.6678553015625 0.26952109687500003 0.6367543078125 0.2704184515625 0.6203095859375 0.271091475 0.6061914296875 0.2692887140625 0.5744751765625 0.17830212031249998 0.5734909187499999 0.1376602125 0.5734909187499999 0.1255775046875 0.5715223921875 0.117957815625 0.5690354234375 0.08301140312500001 0.569113284375 0.0834127953125 0.5710158515625 0.08326459375 0.5839641234374999 0.07844129375 0.5871517609375 0.071150259375 0.587840978125 0.07025290468749999 0.641005090625
4 0.0709016609375 0.688690171875 0.0712532078125 0.7124044546875 0.0691439375 0.7231146609375 0.0711360265625 0.7295947875000001 0.13945293593750002 0.7304948078125 0.14999929375 0.7299547921875 0.1538662796875 0.7150145046875 0.208614778125 0.7146544984375 0.26507167656249997 0.7148345015625 0.26964175468749996 0.7129444656249999 0.2694303140625 0.672357403125 0.2656575859375 0.6718617328125001 0.1966375765625 0.6708717156249999 0.1440765921875 0.671141721875 0.1424360484375 0.66772165 0.124741615625 0.6671816421875 0.1065784578125 0.66745164375 0.0991960125 0.669521684375 0.08252651250000001 0.6704865609375 0.08261982968750001 0.683650075 0.0794559265625 0.6856301124999999 0.0712532078125 0.6860801234375 0.0709016609375 0.688690171875
6 0.2475294796875 0.7469984562499999 0.2682093578125 0.7461420015625 0.26912170625 0.7345409984375 0.253510415625 0.734307421875 0.25198983125 0.7318159296875 0.2443869359375 0.733061675 0.24276498906250002 0.7350860124999999 0.1916734953125 0.733995984375 0.185895296875 0.732828096875 0.12396613281249999 0.7323609453125 0.1226483 0.7333731109375 0.12112772187500001 0.7356310265625 0.12112772187500001 0.743339075 0.12395793749999999 0.7461972921875 0.16702230625 0.7490227859374999 0.185573390625 0.7465312984375 0.1912502140625 0.746764871875 0.2475294796875 0.7469984562499999
7 0.2084616046875 0.7677606734375 0.185207415625 0.7672746765625 0.181727196875 0.7642371828125001 0.170495571875 0.7644801859375 0.1685972671875 0.7673961765625 0.125410903125 0.767517675 0.129202075 0.7782176921875 0.1519871296875 0.7810041546875001 0.2024503171875 0.7801536484375 0.208145221875 0.7782096515625 0.2084616046875 0.7677606734375
7 0.14289721718749998 0.8632711609375001 0.145030628125 0.8330205453125 0.1936068328125 0.8335247203125 0.2481228265625 0.8321382390625001 0.24976391874999998 0.8105846718749999 0.138826403125 0.81134094375 0.1145383015625 0.8098284046875 0.087952690625 0.8093242296875 0.0684237515625 0.809450278125 0.0674071890625 0.8108057421874999 0.066258428125 0.8433251593750001 0.06560199531250001 0.8502575859375 0.0674071890625 0.8642795109374999 0.14289721718749998 0.8632711609375001
6 0.2203977234375 0.8752565703125 0.20253278749999998 0.8722696390625 0.15428528749999998 0.873669765625 0.11405878437500001 0.8731097109375 0.10470095625 0.8755365984375001 0.09935362656249999 0.8782435015625 0.10158285781250001 0.8894330859374999 0.11940611875 0.8894445031249999 0.2144427609375 0.8888844515625 0.22100537656250002 0.8874843265625 0.2203977234375 0.8752565703125
4 0.2676507390625 0.904845875 0.2682583921875 0.8902845781250001 0.25233793125 0.8891644765625 0.24674755468749998 0.8914980187499999 0.1655653625 0.89065794375 0.095512284375 0.8914980187499999 0.084088446875 0.8914046765625001 0.0829917359375 0.893215621875 0.08284564375 0.9012988999999999 0.08867908125 0.9038191187500001 0.173871759375 0.906899396875 0.2676507390625 0.904845875
2 0.7083152109374999 0.9021591125 0.707150259375 0.7124814015625 0.2882142765625 0.711324259375 0.28779211875 0.9056915125 0.295789775 0.9058031906249999 0.7063479203125 0.9051810609375 0.7083152109374999 0.9021591125
1 0.43201885156250003 0.6932063109375 0.520557690625 0.6923313531249999 0.59326410625 0.69276883125 0.7094978750000001 0.6905814359375 0.71139653125 0.6860608187499999 0.7108269453125 0.6774570578125 0.622159959375 0.6777487125 0.6206410453125 0.67454053125 0.57507343125 0.6752696625 0.5722254609374999 0.6774570578125 0.5150760921875001 0.677019578125 0.501630146875 0.67468635625 0.46118887500000005 0.6749780109375 0.46061928906249994 0.6773112328125 0.3721796765625 0.6776028843749999 0.35001728125 0.6748321828125 0.341853084375 0.6754154875 0.341853084375 0.677019578125 0.2941531578125 0.6777487125 0.2926342359375 0.700497634375 0.29452801875 0.705699771875 0.32987148125 0.7072056484375 0.40581748749999996 0.707934778125 0.43012022187500004 0.7057473859375001 0.43201885156250003 0.6932063109375
1 0.5461572421875001 0.6386700390625 0.545354740625 0.6265980453125 0.5424645171875 0.6247333687500001 0.535412340625 0.6244669875 0.532522115625 0.6250885453125 0.5312504062500001 0.6265980453125 0.46720285937500006 0.627219603125 0.4650062859375 0.6242893984375 0.45783850625 0.6241118109375 0.45691363437500004 0.626154075 0.389793309375 0.6269532203125 0.32506033125 0.6275747796875 0.2896939765625 0.6285515140625 0.29197759687499997 0.6400959953124999 0.3264567609375 0.6407715296875 0.4311851640625 0.642416296875 0.451740784375 0.6388038328125 0.5461572421875001 0.6386700390625
2 0.29375340625 0.6243075375 0.4591104421875 0.6242275453125 0.5563031374999999 0.6246202765625 0.5617085671875001 0.625719928125 0.706811803125 0.6260000921875 0.713299378125 0.0490697671875 0.2995307546875 0.0493470984375 0.297725340625 0.40402474687499995 0.29375340625 0.6243075375
4 0.7299619765625 0.9093791453125 0.76447704375 0.9103842546875001 0.83448864375 0.9093791453125 0.8362880171875 0.8943027078125001 0.884905959375 0.895433440625 0.9275132890625001 0.8943027078125001 0.9289854953125 0.88764395 0.928821934375 0.8309836390625 0.9275132890625001 0.7970596750000001 0.92849476875 0.7846216203124999 0.9268589781250001 0.7680447671875 0.9041215890625001 0.7651551140625 0.8872729796875 0.7656576609375 0.8864550843749999 0.7679191296875 0.7810723015625001 0.7674165796875 0.739316884375 0.768512871875 0.7415760484375 0.7827482390625 0.727508303125 0.782999515625 0.7283261984375 0.8733700046875 0.7299619765625 0.9093791453125
4 0.7283301765625 0.6867805546875 0.727532271875 0.715792725 0.729057128125 0.7190134593749999 0.7737864359375 0.7208678234375 0.842532328125 0.7222341906249999 0.8941312484375 0.7233077734375 0.9260187171875 0.7250645296875 0.9283060109375001 0.6941259796875 0.9286872203125001 0.61051416875 0.9286872203125001 0.5834836234375 0.9074662140624999 0.5831908328125001 0.902383340625 0.579970096875 0.8777314109375001 0.5797749015625 0.8506650859375 0.5788965203124999 0.8491402375 0.580458084375 0.7863910734374999 0.5792869109375001 0.781943553125 0.576163778125 0.764788853125 0.5754805921874999 0.746115934375 0.577334953125 0.7416562515625 0.5793595265625 0.743812859375 0.592732634375 0.73229525625 0.5925876156250001 0.7296518703125 0.5994034890625 0.7283301765625 0.6867805546875
4 0.73142171875 0.396309665625 0.7304219734374999 0.45578383593750005 0.7305648 0.5061505453125 0.7289937734375 0.5664643546875 0.72999351875 0.5727444734375 0.7795522890625 0.5739511046875 0.863450803125 0.5753771234375 0.9138665046875 0.57636436875 0.914723415625 0.5672597828125 0.889158521875 0.5684664109375 0.890443909375 0.56067815 0.928780165625 0.561226621875 0.9292086203125001 0.54740519375 0.9290657953125001 0.4980561703125 0.932207846875 0.4174995328125 0.9309224625000001 0.3505529734375 0.9320650234375 0.29535974375 0.9319222171874999 0.2518704328125 0.915355025 0.251212271875 0.9116416734375001 0.2486893109375 0.877079078125 0.24836023125 0.8671597984374999 0.24967655625 0.7877515015625 0.248140840625 0.7744691765625 0.245617884375 0.7493327453124999 0.2448500265625 0.7471884328125 0.24931453124999997 0.74756045625 0.2643640484375 0.732421465625 0.26458343281249996 0.7321358250000001 0.31772464375 0.73142171875 0.396309665625
4 0.7339640359375 0.22929119375 0.7332669296875001 0.24362118124999999 0.790777959375 0.2444243 0.797168078125 0.2405871828125 0.7949605796875 0.227648046875 0.862966446875 0.230235871875 0.9304436375 0.2269341625 0.9332320562499999 0.21506585625 0.93392915 0.163963403125 0.9357881000000001 0.11090104062499999 0.9362528343750001 0.054718706250000006 0.9041860734375 0.053558646875000004 0.8979121421875 0.050881585937499994 0.8880365203125 0.0509708234375 0.877928515625 0.053380176562500006 0.8641026328124999 0.05257705781250001 0.8600361921875 0.050078467187499996 0.8030539828125001 0.051803837500000005 0.7623427546875 0.0511791921875 0.7592057890625 0.0483236578125 0.7392221546875 0.048948306250000004 0.73669028125 0.0518424484375 0.7377981046875 0.076201078125 0.736287715625 0.1365354265625 0.734312584375 0.20170296875 0.7339640359375 0.22929119375
6 0.93187609375 0.8944056625 0.930659634375 0.8958071249999999 0.927314353125 0.897442165625 0.927314353125 0.9150383156249999 0.9392762593749999 0.9152719015624999 0.943736625 0.9137147203125 0.9483997390625 0.9103667734374999 0.9480956140625001 0.884262790625 0.9452571953125 0.880603409375 0.9429256515625 0.8712603187499999 0.9398844828125 0.8703260109375 0.9369567968749999 0.8730158734375 0.9376542999999999 0.8799238734375001 0.9329911921875 0.8805467453125001 0.93187609375 0.8944056625
3 0.9456626953124999 0.871277034375 0.9479942390625 0.86987556875 0.9483997390625 0.8611553531249999 0.9452571953125 0.8562502296875 0.9414050671874999 0.85508234375 0.9324843312500001 0.855860934375 0.9326238437500001 0.8590807281249999 0.9322815875 0.87244491875 0.9373501875000001 0.8723670578125 0.9399858578125 0.8704984437500001 0.9456626953124999 0.871277034375
4 0.92608618125 0.733915240625 0.72772298125 0.7303065625 0.7283098546875 0.7627846796875 0.829252075 0.7627846796875 0.8304258203125 0.7483499609375001 0.9278468015625 0.7501542999999999 0.92608618125 0.733915240625