4 0.575 0.803125 0.590625 0.803125 0.5921875 0.8015625 0.6078125 0.8015625 0.6109375 0.7984375 0.6109375 0.796875 0.6125 0.7953125 0.6125 0.7921875 0.6109375 0.790625 0.6109375 0.7421875 0.6125 0.740625 0.6125 0.7390625 0.6109375 0.7375 0.6109375 0.73125 0.6125 0.7296875 0.6125 0.709375 0.5015625 0.709375 0.5015625 0.803125 0.503125 0.8046875 0.5734375 0.8046875 0.575 0.803125
4 0.915625 0.315625 0.9171875 0.3140625 0.93125 0.3140625 0.9328125 0.3125 0.959375 0.3125 0.9625 0.309375 0.9625 0.178125 0.9609375 0.1765625 0.9609375 0.175 0.8546875 0.175 0.8546875 0.1765625 0.853125 0.178125 0.853125 0.315625 0.915625 0.315625
4 0.7359375 0.175 0.7359375 0.184375 0.7390625 0.1875 0.74375 0.1875 0.7453125 0.1859375 0.840625 0.1859375 0.8421875 0.184375 0.84375 0.184375 0.8453125 0.1828125 0.8453125 0.1203125 0.7359375 0.1203125 0.7359375 0.1375 0.734375 0.1390625 0.734375 0.1734375 0.7359375 0.175
4 0.46875 0.940625 0.4703125 0.9390625 0.48125 0.9390625 0.4828125 0.940625 0.484375 0.940625 0.4859375 0.9390625 0.490625 0.9390625 0.490625 0.9375 0.4921875 0.9359375 0.4921875 0.9078125 0.49375 0.90625 0.49375 0.8984375 0.4921875 0.896875 0.4921875 0.89375 0.49375 0.8921875 0.49375 0.8578125 0.4953125 0.85625 0.4953125 0.8546875 0.3828125 0.8546875 0.3828125 0.9421875 0.4375 0.9421875 0.4390625 0.940625 0.46875 0.940625
4 0.4921875 0.5796875 0.49375 0.578125 0.49375 0.525 0.4953125 0.5234375 0.4953125 0.5125 0.384375 0.5125 0.384375 0.5859375 0.4890625 0.5859375 0.4921875 0.5828125 0.4921875 0.5796875
4 0.44375 0.796875 0.4453125 0.7953125 0.45 0.7953125 0.4515625 0.79375 0.4796875 0.79375 0.48125 0.7953125 0.4828125 0.7953125 0.484375 0.796875 0.4828125 0.7984375 0.490625 0.7984375 0.490625 0.7953125 0.4921875 0.79375 0.4921875 0.7921875 0.49375 0.790625 0.49375 0.7453125 0.4921875 0.74375 0.4921875 0.7421875 0.490625 0.740625 0.4671875 0.740625 0.465625 0.7421875 0.4328125 0.7421875 0.43125 0.740625 0.384375 0.740625 0.384375 0.7984375 0.4453125 0.7984375 0.44375 0.796875
4 0.5265625 0.3765625 0.528125 0.378125 0.5359375 0.378125 0.5375 0.3765625 0.5484375 0.3765625 0.55 0.375 0.575 0.375 0.5765625 0.3734375 0.609375 0.3734375 0.6125 0.3703125 0.6125 0.3609375 0.6109375 0.359375 0.6109375 0.3015625 0.6125 0.3 0.6125 0.29375 0.6109375 0.2921875 0.6109375 0.290625 0.5015625 0.290625 0.5015625 0.378125 0.51875 0.378125 0.5203125 0.3765625 0.5265625 0.3765625
2 0.6093717953125 0.06874830625 0.1515615390625 0.06874830625 0.1515615390625 0.242186653125 0.6093717953125 0.242186653125 0.6093717953125 0.06874830625
4 0.49375 0.459375 0.49375 0.453125 0.4921875 0.4515625 0.4921875 0.446875 0.49375 0.4453125 0.49375 0.403125 0.4921875 0.4015625 0.4921875 0.3828125 0.49375 0.38125 0.49375 0.3578125 0.384375 0.3578125 0.384375 0.459375 0.3859375 0.4609375 0.4921875 0.4609375 0.49375 0.459375
4 0.49375 0.6296875 0.49375 0.590625 0.384375 0.590625 0.384375 0.6328125 0.4921875 0.6328125 0.4921875 0.63125 0.49375 0.6296875
4 0.6109375 0.453125 0.6125 0.4515625 0.6125 0.440625 0.6109375 0.4390625 0.6109375 0.434375 0.6125 0.4328125 0.6125 0.4078125 0.6109375 0.40625 0.6109375 0.4046875 0.503125 0.4046875 0.503125 0.4609375 0.6078125 0.4609375 0.6109375 0.4578125 0.6109375 0.453125
4 0.4265625 0.7390625 0.428125 0.7375 0.453125 0.7375 0.4546875 0.7359375 0.490625 0.7359375 0.49375 0.7328125 0.49375 0.69375 0.4953125 0.6921875 0.4953125 0.6890625 0.3828125 0.6890625 0.3828125 0.740625 0.4171875 0.740625 0.41875 0.7390625 0.4265625 0.7390625
4 0.390625 0.3578125 0.421875 0.3578125 0.4234375 0.35625 0.4609375 0.35625 0.4625 0.3546875 0.4875 0.3546875 0.4890625 0.353125 0.490625 0.353125 0.4921875 0.3515625 0.4921875 0.35 0.49375 0.3484375 0.49375 0.3265625 0.4953125 0.325 0.4953125 0.315625 0.384375 0.315625 0.384375 0.3546875 0.3859375 0.35625 0.3890625 0.35625 0.390625 0.3578125
4 0.6703125 0.16875 0.715625 0.16875 0.7171875 0.1671875 0.728125 0.1671875 0.728125 0.1125 0.7265625 0.1109375 0.725 0.1109375 0.721875 0.1078125 0.61875 0.1078125 0.61875 0.16875 0.6203125 0.1703125 0.66875 0.1703125 0.6703125 0.16875
4 0.253125 0.365625 0.25625 0.3625 0.259375 0.3625 0.2609375 0.3609375 0.2609375 0.2953125 0.1515625 0.2953125 0.1515625 0.3671875 0.2546875 0.3671875 0.253125 0.365625
4 0.15625 0.4625 0.2578125 0.4625 0.259375 0.4609375 0.2609375 0.4609375 0.2625 0.459375 0.2625 0.45625 0.2609375 0.4546875 0.2609375 0.36875 0.1484375 0.36875 0.1484375 0.459375 0.15 0.4609375 0.1546875 0.4609375 0.15625 0.4625
4 0.3171875 0.4625 0.31875 0.4609375 0.3765625 0.4609375 0.3765625 0.41875 0.26875 0.41875 0.26875 0.4609375 0.309375 0.4609375 0.3109375 0.4625 0.3171875 0.4625
4 0.06875 0.4546875 0.0703125 0.453125 0.1015625 0.453125 0.103125 0.4515625 0.1171875 0.4515625 0.11875 0.45 0.1265625 0.45 0.128125 0.4484375 0.1296875 0.4484375 0.13125 0.446875 0.1328125 0.446875 0.134375 0.4453125 0.134375 0.44375 0.1359375 0.4421875 0.1359375 0.4265625 0.134375 0.425 0.134375 0.41875 0.1359375 0.4171875 0.1359375 0.415625 0.134375 0.4140625 0.134375 0.4015625 0.1359375 0.4 0.1359375 0.384375 0.134375 0.3828125 0.134375 0.371875 0.1359375 0.3703125 0.1359375 0.3609375 0.134375 0.359375 0.134375 0.3515625 0.1328125 0.35 0.1328125 0.3421875 0.13125 0.340625 0.13125 0.3109375 0.1296875 0.309375 0.0390625 0.309375 0.0390625 0.45625 0.059375 0.45625 0.0609375 0.4546875 0.06875 0.4546875
4 0.121875 0.2703125 0.1234375 0.26875 0.125 0.26875 0.1296875 0.2640625 0.13125 0.2640625 0.1328125 0.2625 0.1328125 0.2609375 0.134375 0.259375 0.134375 0.2484375 0.1328125 0.246875 0.1328125 0.2265625 0.134375 0.225 0.134375 0.153125 0.1328125 0.1515625 0.1328125 0.146875 0.13125 0.1453125 0.1328125 0.14375 0.1328125 0.1390625 0.13125 0.1375 0.13125 0.13125 0.1328125 0.1296875 0.1328125 0.128125 0.134375 0.1265625 0.134375 0.1140625 0.040625 0.1140625 0.040625 0.271875 0.11875 0.271875 0.1203125 0.2703125 0.121875 0.2703125
4 0.26875 0.3875 0.26875 0.3890625 0.2703125 0.390625 0.315625 0.390625 0.3171875 0.3890625 0.3265625 0.3890625 0.328125 0.3875 0.353125 0.3875 0.3546875 0.3859375 0.3765625 0.3859375 0.3765625 0.3421875 0.26875 0.3421875 0.26875 0.375 0.2671875 0.3765625 0.2671875 0.3859375 0.26875 0.3875
4 0.5671875 0.9296875 0.56875 0.928125 0.58125 0.928125 0.5828125 0.9265625 0.59375 0.9265625 0.5953125 0.925 0.6015625 0.925 0.603125 0.9265625 0.6078125 0.9265625 0.6109375 0.9234375 0.6109375 0.9 0.5 0.9 0.5 0.93125 0.5453125 0.93125 0.546875 0.9296875 0.5671875 0.9296875
4 0.6671875 0.246875 0.6703125 0.24375 0.71875 0.24375 0.7203125 0.2421875 0.728125 0.2421875 0.728125 0.1734375 0.7234375 0.1734375 0.721875 0.171875 0.721875 0.1703125 0.61875 0.1703125 0.61875 0.171875 0.6171875 0.1734375 0.6171875 0.246875 0.6671875 0.246875
4 0.5015625 0.96875 0.5484375 0.96875 0.55 0.9671875 0.5828125 0.9671875 0.584375 0.965625 0.609375 0.965625 0.609375 0.9640625 0.6109375 0.9625 0.6109375 0.9453125 0.6125 0.94375 0.6125 0.9375 0.6109375 0.9359375 0.6109375 0.93125 0.4984375 0.93125 0.4984375 0.9640625 0.5 0.965625 0.5 0.9671875 0.5015625 0.96875
4 0.68125 0.315625 0.7015625 0.315625 0.703125 0.3140625 0.721875 0.3140625 0.7234375 0.3125 0.7265625 0.3125 0.728125 0.3109375 0.728125 0.2453125 0.61875 0.2453125 0.61875 0.315625 0.6203125 0.3171875 0.6796875 0.3171875 0.68125 0.315625
7 0.7671875 0.096875 0.76875 0.0984375 0.771875 0.0984375 0.7734375 0.1 0.775 0.1 0.7765625 0.1015625 0.778125 0.1015625 0.7796875 0.103125 0.925 0.103125 0.9296875 0.0984375 0.93125 0.0984375 0.9328125 0.096875 0.934375 0.096875 0.9359375 0.0953125 0.9375 0.0953125 0.9375 0.09375 0.9390625 0.0921875 0.9390625 0.090625 0.9421875 0.0875 0.9421875 0.0859375 0.94375 0.084375 0.94375 0.06875 0.9421875 0.0671875 0.75625 0.0671875 0.75625 0.0953125 0.7625 0.0953125 0.7640625 0.096875 0.7671875 0.096875
7 0.3984375 0.671875 0.5984375 0.671875 0.6 0.6703125 0.6 0.66875 0.6015625 0.6671875 0.6015625 0.6359375 0.390625 0.6359375 0.390625 0.6671875 0.39375 0.6703125 0.396875 0.6703125 0.3984375 0.671875
4 0.428125 0.9703125 0.4296875 0.96875 0.434375 0.96875 0.4359375 0.9703125 0.4671875 0.9703125 0.46875 0.96875 0.490625 0.96875 0.4921875 0.9671875 0.4921875 0.965625 0.49375 0.9640625 0.49375 0.9453125 0.3828125 0.9453125 0.3828125 0.96875 0.425 0.96875 0.4265625 0.9703125 0.428125 0.9703125
4 0.603125 0.896875 0.6046875 0.8953125 0.609375 0.8953125 0.609375 0.89375 0.6109375 0.8921875 0.6109375 0.88125 0.609375 0.8796875 0.5015625 0.8796875 0.5015625 0.8984375 0.58125 0.8984375 0.5828125 0.896875 0.603125 0.896875
4 0.8328125 0.2265625 0.834375 0.225 0.840625 0.225 0.8421875 0.2234375 0.84375 0.2234375 0.8453125 0.221875 0.8453125 0.2203125 0.846875 0.21875 0.846875 0.190625 0.8453125 0.1890625 0.734375 0.1890625 0.734375 0.228125 0.828125 0.228125 0.8296875 0.2265625 0.8328125 0.2265625
7 0.6375 0.0984375 0.6390625 0.0984375 0.640625 0.1 0.6421875 0.1 0.64375 0.1015625 0.703125 0.1015625 0.7109375 0.09375 0.7109375 0.0921875 0.7125 0.090625 0.7125 0.0859375 0.7140625 0.084375 0.7140625 0.0796875 0.715625 0.078125 0.715625 0.0671875 0.6328125 0.0671875 0.6328125 0.0953125 0.634375 0.096875 0.6359375 0.096875 0.6375 0.0984375
4 0.7375 0.3015625 0.7375 0.3109375 0.84375 0.3109375 0.84375 0.30625 0.840625 0.303125 0.840625 0.3015625 0.84375 0.2984375 0.84375 0.2265625 0.7375 0.2265625 0.7375 0.228125 0.7359375 0.2296875 0.7359375 0.3 0.7375 0.3015625
7 0.43125 0.5 0.4421875 0.5 0.4453125 0.503125 0.584375 0.503125 0.5859375 0.5015625 0.5875 0.5015625 0.5875 0.5 0.590625 0.496875 0.5921875 0.496875 0.5921875 0.4890625 0.590625 0.4875 0.590625 0.4859375 0.5890625 0.484375 0.5890625 0.4828125 0.590625 0.48125 0.590625 0.478125 0.5921875 0.4765625 0.5921875 0.471875 0.5875 0.4671875 0.4 0.4671875 0.4 0.496875 0.4015625 0.4984375 0.4296875 0.4984375 0.43125 0.5
4 0.578125 0.403125 0.5796875 0.4015625 0.609375 0.4015625 0.609375 0.4 0.6109375 0.3984375 0.6109375 0.3796875 0.5015625 0.3796875 0.5015625 0.4046875 0.5625 0.4046875 0.5640625 0.403125 0.578125 0.403125
7 0.39375 0.834375 0.396875 0.834375 0.3984375 0.8359375 0.4015625 0.8359375 0.4046875 0.8390625 0.40625 0.8390625 0.4078125 0.840625 0.4125 0.840625 0.4140625 0.8421875 0.471875 0.8421875 0.4734375 0.84375 0.5015625 0.84375 0.503125 0.8421875 0.5828125 0.8421875 0.584375 0.840625 0.5875 0.840625 0.5890625 0.8390625 0.5921875 0.8390625 0.59375 0.8375 0.5953125 0.8375 0.596875 0.8359375 0.5984375 0.8359375 0.6 0.834375 0.6015625 0.834375 0.603125 0.8328125 0.603125 0.83125 0.6046875 0.8296875 0.6046875 0.828125 0.60625 0.8265625 0.60625 0.825 0.6078125 0.8234375 0.6078125 0.821875 0.609375 0.8203125 0.609375 0.809375 0.3875 0.809375 0.3875 0.83125 0.3890625 0.8328125 0.3921875 0.8328125 0.39375 0.834375
4 0.3703125 0.4171875 0.371875 0.415625 0.375 0.415625 0.378125 0.4125 0.378125 0.3921875 0.26875 0.3921875 0.26875 0.41875 0.315625 0.41875 0.3171875 0.4171875 0.3703125 0.4171875
4 0.2671875 0.340625 0.26875 0.3421875 0.371875 0.3421875 0.371875 0.340625 0.375 0.3375 0.3765625 0.3375 0.3765625 0.315625 0.2703125 0.315625 0.26875 0.3171875 0.26875 0.31875 0.2671875 0.3203125 0.2671875 0.340625
4 0.5078125 0.584375 0.509375 0.5859375 0.609375 0.5859375 0.609375 0.584375 0.6109375 0.5828125 0.6109375 0.565625 0.6125 0.5640625 0.6125 0.5375 0.6109375 0.5359375 0.6109375 0.5203125 0.6125 0.51875 0.6125 0.5078125 0.6109375 0.50625 0.6109375 0.5046875 0.5015625 0.5046875 0.5015625 0.5828125 0.503125 0.5828125 0.5046875 0.584375 0.5078125 0.584375
6 0.4296875 0.30625 0.4296875 0.2953125 0.328125 0.2953125 0.328125 0.3078125 0.3296875 0.3078125 0.33125 0.30625 0.4296875 0.30625
7 0.041650640625 0.2765625 0.041650640625 0.3 0.13540064062499998 0.3 0.13540064062499998 0.2765625 0.041650640625 0.2765625
4 0.6078125 0.63125 0.6109375 0.628125 0.6109375 0.5875 0.5015625 0.5875 0.5015625 0.6328125 0.6 0.6328125 0.6015625 0.63125 0.6078125 0.63125
7 0.6015625 0.6984375 0.603125 0.696875 0.603125 0.6796875 0.509375 0.6796875 0.509375 0.7 0.596875 0.7 0.5984375 0.6984375 0.6015625 0.6984375
7 0.1296875 0.10625 0.13125 0.1046875 0.1328125 0.1046875 0.1359375 0.1015625 0.1359375 0.0859375 0.040625 0.0859375 0.040625 0.1078125 0.1109375 0.1078125 0.1125 0.10625 0.1296875 0.10625
6 0.6046875 0.8671875 0.60625 0.865625 0.60625 0.859375 0.6078125 0.8578125 0.6078125 0.8515625 0.6046875 0.8484375 0.50625 0.8484375 0.50625 0.86875 0.6015625 0.86875 0.603125 0.8671875 0.6046875 0.8671875
6 0.3859375 0.8453125 0.3859375 0.853125 0.446875 0.853125 0.446875 0.8453125 0.3859375 0.8453125
7 0.79375 0.0421875 0.7953125 0.04375 0.796875 0.0421875 0.7984375 0.0421875 0.7984375 0.0328125 0.715625 0.0328125 0.715625 0.04375 0.7203125 0.04375 0.721875 0.0421875 0.79375 0.0421875
6 0.7859375 0.1140625 0.7875 0.1125 0.8171875 0.1125 0.825 0.1046875 0.825 0.103125 0.7359375 0.103125 0.7359375 0.115625 0.7796875 0.115625 0.78125 0.1140625 0.7859375 0.1140625
1 0.396233975 0.2578125 0.397796475 0.259375 0.450921475 0.259375 0.452483975 0.2578125 0.45560897499999997 0.2578125 0.457171475 0.25625 0.561858975 0.25625 0.564983975 0.259375 0.605608975 0.259375 0.605608975 0.2421875 0.15560897499999998 0.2421875 0.15560897499999998 0.259375 0.383733975 0.259375 0.38529647499999997 0.2578125 0.396233975 0.2578125
6 0.6359375 0.04375 0.6359375 0.053125 0.7984375 0.053125 0.7984375 0.04375 0.6359375 0.04375
7 0.85625 0.109375 0.85625 0.1203125 0.9578125 0.1203125 0.9578125 0.109375 0.85625 0.109375
7 0.925 0.053125 0.9265625 0.0546875 0.928125 0.0546875 0.928125 0.028125 0.8328125 0.028125 0.8328125 0.0546875 0.915625 0.0546875 0.9171875 0.053125 0.925 0.053125
6 0.446875 0.5046875 0.3828125 0.5046875 0.3828125 0.5109375 0.4453125 0.5109375 0.446875 0.509375 0.446875 0.5046875
6 0.1515625 0.2890625 0.1515625 0.296875 0.228125 0.296875 0.228125 0.2890625 0.1515625 0.2890625
6 0.49375 0.6796875 0.4953125 0.678125 0.4953125 0.675 0.4515625 0.675 0.4515625 0.6828125 0.4921875 0.6828125 0.49375 0.68125 0.49375 0.6796875
6 0.1109375 0.078125 0.1109375 0.0703125 0.065625 0.0703125 0.065625 0.0796875 0.1078125 0.0796875 0.109375 0.078125 0.1109375 0.078125
6 0.0421875 0.3015625 0.0421875 0.309375 0.096875 0.309375 0.096875 0.3015625 0.0421875 0.3015625
3 0.95625 0.0484375 0.9578125 0.046875 0.9578125 0.040625 0.959375 0.0390625 0.959375 0.03125 0.928125 0.03125 0.928125 0.053125 0.953125 0.053125 0.95625 0.05 0.95625 0.0484375
7 0.14375 0.2765625 0.146875 0.2796875 0.15 0.2796875 0.1515625 0.28125 0.1546875 0.28125 0.15625 0.2828125 0.1609375 0.2828125 0.1625 0.284375 0.171875 0.284375 0.1734375 0.2859375 0.24375 0.2859375 0.2453125 0.2875 0.4953125 0.2875 0.496875 0.2859375 0.596875 0.2859375 0.5984375 0.284375 0.603125 0.284375 0.6046875 0.2828125 0.6046875 0.28125 0.60625 0.2796875 0.60625 0.271875 0.6078125 0.2703125 0.6078125 0.2671875 0.609375 0.265625 0.609375 0.2625 0.14375 0.2625 0.1453125 0.2640625 0.1453125 0.265625 0.14375 0.2671875 0.14375 0.2765625
6 0.9551282046875 0.15413279062500002 0.944310896875 0.1441734421875 0.9458733968749999 0.14261094218749998 0.9458733968749999 0.1379234421875 0.947435896875 0.1363609421875 0.947435896875 0.13323594218749998 0.948998396875 0.1316734421875 0.948998396875 0.1285484421875 0.952123396875 0.12542344218749998 0.952123396875 0.1222984421875 0.8599358968749999 0.1222984421875 0.8599358968749999 0.1551109421875 0.872435896875 0.16810636875 0.94423076875 0.17149390312499999 0.9551282046875 0.15413279062500002
4 0.390625 0.7984375 0.390625 0.8046875 0.4921875 0.8046875 0.4921875 0.7984375 0.390625 0.7984375
6 0.43437179531250003 0.676563346875 0.385935896875 0.676563346875 0.385935896875 0.688185975 0.43437179531250003 0.688185975 0.43437179531250003 0.676563346875
6 0.3765625 0.0578125 0.378125 0.05625 0.378125 0.0484375 0.044230768749999996 0.049119240625 0.049358975 0.06055216875 0.375 0.0609375 0.3765625 0.059375 0.3765625 0.0578125
4 0.7859375 0.1140625 0.7875 0.1125 0.803125 0.1125 0.8046875 0.1140625 0.8109375 0.1140625 0.8125 0.1125 0.8171875 0.1125 0.8171875 0.1046875 0.7375 0.1046875 0.7375 0.115625 0.7765625 0.115625 0.778125 0.1140625 0.7859375 0.1140625
6 0.9046875 0.6078125 0.903125 0.60625 0.903125 0.6046875 0.9015625 0.60625 0.9015625 0.6140625 0.9046875 0.6140625 0.9046875 0.6078125
0 0.9609 0.7393292687499999 0.6192333328124999 0.7393292687499999 0.6192333328124999 0.9688346890625 0.9609 0.9688346890625 0.9609 0.7393292687499999
0 0.377564103125 0.46465108437499997 0.035256410937499996 0.46465108437499997 0.035256410937499996 0.9675643624999999 0.377564103125 0.9675643624999999 0.377564103125 0.46465108437499997
0 0.9653871796875 0.5069969515625 0.6185923078125 0.5069969515625 0.6185923078125 0.7360789296875 0.9653871796875 0.7360789296875 0.9653871796875 0.5069969515625
0 0.9615384609375001 0.3201236453125 0.6205128203125 0.3201236453125 0.6205128203125 0.5017801484375 0.9615384609375001 0.5017801484375 0.9615384609375001 0.3201236453125