0 0.9623443343750001 0.47986021562500003 0.9508192531249999 0.46529693125 0.5205495296875 0.4631124390625 0.5013410609375 0.476947559375 0.4965389421875 0.9444289843749999 0.5167078359375 0.9611767609375 0.9383337468749999 0.9626330890625001 0.9527400984375 0.9480698046875 0.9623443343750001 0.47986021562500003
6 0.047374689062499996 0.9146459578125 0.0460401921875 0.9528405203125001 0.067058540625 0.9533464078125 0.06505679375 0.91363418125 0.047374689062499996 0.9146459578125
3 0.0483755640625 0.8853044390625 0.046707440625 0.9037693593749999 0.06338867031249999 0.9030105265625 0.06505679375 0.8850514953124999 0.0483755640625 0.8853044390625
4 0.072062909375 0.9533464078125 0.45673204843750004 0.9556229046875 0.45172767968749994 0.9384227046875001 0.075732778125 0.9417109781249999 0.072062909375 0.9533464078125
4 0.48008576875 0.89263981875 0.101755496875 0.890363321875 0.07373103125 0.9103459078125 0.07473190468749999 0.93892859375 0.1317817078125 0.9396874265624999 0.1324489578125 0.9257754984375 0.48108664375 0.9242578343750001 0.48008576875 0.89263981875
4 0.0687266640625 0.8440745453125 0.0710620359375 0.8855573828125 0.47207877812500004 0.88884565625 0.478084021875 0.8291508437499999 0.09474938125 0.8248507937499999 0.0687266640625 0.8440745453125
4 0.48175389218750003 0.805879984375 0.48242114062499997 0.7557970468749999 0.097084753125 0.7535205484375 0.0693939125 0.7697089734375 0.06539041875 0.82105663125 0.23820795 0.8208036859375 0.24121057031249998 0.8200448546875 0.24254506875 0.806385871875 0.48175389218750003 0.805879984375
4 0.0954166296875 0.7512440515625001 0.455063925 0.7509911078125 0.45272855312500004 0.7385968468749999 0.0984192515625 0.7358144609374999 0.0954166296875 0.7512440515625001
4 0.483422015625 0.6644842171875001 0.092414009375 0.6660018828125 0.0687266640625 0.68269619375 0.0693939125 0.7325261875 0.24121057031249998 0.7322732421875 0.240209696875 0.7150730421875 0.48242114062499997 0.7150730421875 0.483422015625 0.6644842171875001
4 0.48008576875 0.6106071187500001 0.09441575625000001 0.6113659515625 0.0660576671875 0.6316014796875 0.067058540625 0.66119594375 0.2418778203125 0.6622077203125001 0.24387956718749998 0.6442486875 0.4840892640625 0.644754575 0.48008576875 0.6106071187500001
4 0.4860910109375 0.5764596609375 0.0984192515625 0.5769655499999999 0.09508300625 0.5946716390625 0.0690602875 0.595683415625 0.067725790625 0.6085835656249999 0.27957739843749996 0.60681295625 0.28224639375 0.59340691875 0.48742550937500007 0.5908774765625 0.4860910109375 0.5764596609375
4 0.48675826093749996 0.5251120046875 0.0960838796875 0.5246061156249999 0.067392165625 0.5430710375000001 0.067392165625 0.5739302203125 0.3473031875 0.5731713875 0.349972184375 0.55622413125 0.48976088281249996 0.5544535234375 0.48675826093749996 0.5251120046875
4 0.3189450984375 0.5061411953125 0.09741837656249999 0.5066470828125 0.09575025468750001 0.520306065625 0.316609725 0.5195472328124999 0.3189450984375 0.5061411953125
4 0.48542376249999997 0.4494817109375 0.101755496875 0.452517040625 0.0680594140625 0.47022312812499995 0.0640559203125 0.5023470328124999 0.41869884687500003 0.5025999765625 0.419366096875 0.4879292171875 0.4850901375 0.4828703359375 0.48542376249999997 0.4494817109375
4 0.4837556390625 0.41457542187499996 0.09508300625 0.41482836562500003 0.0690602875 0.435316840625 0.0707284109375 0.448722878125 0.1674795390625 0.448469934375 0.1691476609375 0.43076384531249995 0.488426384375 0.4310167890625 0.4837556390625 0.41457542187499996
4 0.48242114062499997 0.37789852343749997 0.096417503125 0.380933853125 0.0697275375 0.3961105 0.0693939125 0.41128714843749997 0.1234410953125 0.41128714843749997 0.1274445890625 0.39661638906249996 0.4857573859375 0.3948457796875 0.48242114062499997 0.37789852343749997
4 0.4844228890625 0.3427392890625 0.08974501093750001 0.342992234375 0.067392165625 0.360698321875 0.0657240421875 0.377392634375 0.06639129218749999 0.3761279140625 0.4697434078125 0.3756220265625 0.468408909375 0.359939490625 0.488426384375 0.35766299375 0.4844228890625 0.3427392890625
7 0.0697275375 0.3384392390625 0.2281992125 0.3376804078125 0.22786558750000002 0.31845665312500004 0.0693939125 0.3212390390625 0.0697275375 0.3384392390625
4 0.49009450781249997 0.162390128125 0.0990865 0.160366575 0.0693939125 0.1800962171875 0.07339740781250001 0.3144095484375 0.37165778125000004 0.31643310156250004 0.3679879109375 0.29822112343749996 0.4987687453125 0.2984740671875 0.49009450781249997 0.162390128125
4 0.49309712812499995 0.136589828125 0.49076175624999996 0.0895422203125 0.10409086875 0.0910598859375 0.07373103125 0.11003069531250001 0.07773452656249999 0.1553076921875 0.190499634375 0.156066525 0.1948367546875 0.1429134296875 0.49309712812499995 0.136589828125
4 0.076066403125 0.0852421703125 0.200841996875 0.08574805937499999 0.1975057515625 0.07082435468750001 0.07773452656249999 0.0705714109375 0.076066403125 0.0852421703125
4 0.9529496296875 0.07650825312500001 0.5388306593750001 0.072899375 0.5374026640625 0.16239959531249998 0.5921425265625 0.16131693281249998 0.59023853125 0.1461596359375 0.953425628125 0.14507697343749998 0.9529496296875 0.07650825312500001
4 0.9529496296875 0.1634822609375 0.5669145906249999 0.1652867 0.5635825984375 0.18297021093750002 0.5421626515625 0.17972222031250001 0.5388306593750001 0.23349453125 0.6559263671875 0.23277275312499998 0.6549743703125 0.21545013124999998 0.9586616156250001 0.21545013124999998 0.9529496296875 0.1634822609375
7 0.5369266640625 0.25695225 0.717330215625 0.259478465625 0.7154262203124999 0.23890785 0.54501864375 0.2371034109375 0.5369266640625 0.25695225
4 0.9572336187499999 0.2587566890625 0.56548659375 0.26164379375 0.5350226703125001 0.2818535203125 0.5378786625 0.29412371249999997 0.898209765625 0.296289040625 0.89725776875 0.2771619765625 0.953425628125 0.277883753125 0.9572336187499999 0.2587566890625
4 0.5359746671875001 0.31649876875 0.5331186734375 0.45724508437500005 0.953425628125 0.4586886375 0.95247363125 0.2970108171875 0.564534596875 0.2966499296875 0.5359746671875001 0.31649876875