3 0.064320809375 0.8621081078125 0.049956646874999996 0.8621081078125 0.049956646874999996 0.8783459453125 0.064320809375 0.8783459453125 0.064320809375 0.8621081078125
6 0.06652456718750001 0.8888 0.046105490625 0.8888 0.046105490625 0.9255783781250001 0.06652456718750001 0.9255783781250001 0.06652456718750001 0.8888
6 0.271394509375 0.7818864859375 0.202651734375 0.7818864859375 0.202651734375 0.7951513515624999 0.271394509375 0.7951513515624999 0.271394509375 0.7818864859375
4 0.0806816578125 0.9401465453125001 0.288084803125 0.9410070578124999 0.2869341984375 0.7998824015625 0.0999257765625 0.7992195734374999 0.11146133437500001 0.8145111765624999 0.0832706140625 0.8175229843749999 0.0806816578125 0.9401465453125001
4 0.082407628125 0.648086121875 0.07838038281250001 0.724750246875 0.0821199765625 0.7821897171875001 0.2584558265625 0.7781022656250001 0.25931878125 0.7645491343749999 0.286646546875 0.77444504375 0.285495878125 0.6306606375 0.11100466093750001 0.6296881484375 0.1068588453125 0.645719671875 0.09880435625 0.6459348046875 0.082407628125 0.648086121875
4 0.07579151875 0.5873675640625 0.0798187640625 0.6144738578125 0.082983025 0.6301782593749999 0.21645746093749998 0.6297479906250001 0.21933397812500002 0.614258725 0.2811810421875 0.6131830546875 0.28434533281249996 0.399051446875 0.28060567812500004 0.380120096875 0.225374846875 0.380120096875 0.109493903125 0.38217226875 0.1117489859375 0.39582451875 0.07838038281250001 0.39582451875 0.07579151875 0.5873675640625
4 0.21243021718750002 0.37807966875 0.2153067328125 0.3645265390625 0.2846329234375 0.36667785468749997 0.288372578125 0.30794761249999997 0.07978235156249999 0.30908538750000003 0.077517396875 0.380661240625 0.20782763750000002 0.379370471875 0.21243021718750002 0.37807966875
2 0.2762908421875 0.29651972187500003 0.279455009375 0.0737568609375 0.075753665625 0.0747552859375 0.0746407890625 0.3008222984375 0.1353372171875 0.299961784375 0.2762908421875 0.29651972187500003
2 0.5042422796875 0.00959628125 0.3068994734375 0.009579870312499999 0.30719489843750003 0.4644246140625 0.5033792953125 0.46614567500000004 0.5042422796875 0.00959628125
4 0.52771381875 0.25193585625 0.528576796875 0.2857111421875 0.590711428125 0.28829268125 0.5921497328124999 0.27689084531249997 0.8536330421875 0.27775135781250004 0.86053695625 0.28936829375 0.9479857218750001 0.2910893421875 0.9462596890625001 0.258604871875 0.9494239796875 0.0984706609375 0.9439584765625 0.0756669671875 0.51891476875 0.0721181296875 0.551014290625 0.087042759375 0.5337546718749999 0.10446820781249999 0.52771381875 0.25193585625
7 0.7379935578125 0.3253991296875 0.9554648484375001 0.326474765625 0.9520129687500001 0.292484384375 0.9010970031250001 0.29140873749999996 0.8838373828125 0.29592644687499997 0.8251547328125 0.294205415625 0.80300488125 0.2896877 0.777403028125 0.2946356609375 0.6836257734375 0.2944205453125 0.6609005578125 0.2845245953125 0.6324221875 0.2935600140625 0.5280315828125001 0.2932624546875 0.5208099500000001 0.3043164828125 0.5320287015625 0.326474765625 0.7379935578125 0.3253991296875
6 0.6099846703125 0.3327135 0.5290387546875001 0.3309361046875 0.525700196875 0.3439002265625 0.6094093515625 0.349708728125 0.6099846703125 0.3327135
4 0.5282891375000001 0.7410739703125 0.528001478125 0.76366255625 0.6085464125 0.7628020078125 0.619477465625 0.748603521875 0.693981509375 0.7514001953125 0.732240340625 0.7453765812500001 0.7368429203125 0.3533919578125 0.554721621875 0.3524100859375 0.5492883359375 0.3819780546875 0.5268508171875 0.3821932109375 0.5282891375000001 0.7410739703125
4 0.8076073703125 0.3871411546875 0.8081827640625001 0.37746034375000004 0.9531636359375 0.3776755015625 0.954889484375 0.32712015625 0.742559065625 0.32603853125 0.7431714406250001 0.35229024375 0.7460480484375 0.389292471875 0.8076073703125 0.3871411546875
4 0.742020803125 0.730343590625 0.7448974125000001 0.7821897171875001 0.8832621421875 0.77960816875 0.8838373828125 0.7682062968750001 0.9517252546874999 0.7662701375000001 0.953451225 0.39128074218750003 0.8015665015625 0.39020510625 0.7692491046875001 0.39196741875 0.7719375546875 0.4052901953125 0.7460480484375 0.4078717390625 0.742020803125 0.730343590625
2 0.9439584765625 0.7833174656249999 0.75011285 0.7845268515625 0.749787703125 0.9647494546875001 0.9453967343749999 0.9630284515625 0.9439584765625 0.7833174656249999
4 0.528001478125 0.7846082390625 0.5205223046875 0.9204328687500001 0.5222482687500001 0.9404399015625 0.72907608125 0.9369978046874999 0.7342539640625 0.8142700125 0.7356923453124999 0.7863032046875 0.7305144625 0.7630692812500001 0.6669414265625 0.7660810875 0.5517001078125 0.7664435 0.555904521875 0.7813813046875 0.528001478125 0.780951059375 0.528001478125 0.7846082390625
4 0.310391628125 0.46657593124999996 0.296583890625 0.868723696875 0.297159209375 0.912825184375 0.363321140625 0.9106738906249999 0.36878664375 0.8958299578125001 0.4998307875 0.8986780109374999 0.5126168468750001 0.46915748125 0.32908955156249997 0.46657593124999996 0.310391628125 0.46657593124999996
4 0.493919 0.9184185062499999 0.46198862500000004 0.9156218578124999 0.42890767500000004 0.9156218578124999 0.4027305796875 0.9156218578124999 0.33713838125 0.9163846265625001 0.336568725 0.935628834375 0.49506957500000004 0.9341229312499999 0.493919 0.9184185062499999