0 0.3784219765625 0.9395542921875 0.3796194203125 0.9372840359374999 0.8181436968750001 0.94227859375 0.9613342921875001 0.94341373125 0.964327890625 0.07086887187499999 0.3758340265625 0.067354534375 0.3736322203125 0.0745403875 0.36824373125 0.6886504109375 0.3658488640625 0.9381921328124999 0.3784219765625 0.9395542921875
4 0.1790567203125 0.16104231875 0.20490041718750002 0.1597453171875 0.223713096875 0.16046587343750002 0.252217178125 0.159168871875 0.25544766406249997 0.1440372234375 0.3539927609375 0.14418133125000002 0.35684316875 0.1381286765625 0.3589334796875 0.063335096875 0.2724710890625 0.061029323437500005 0.1412539265625 0.059184478124999995 0.078018146875 0.06180085 0.07729709375 0.158302915625 0.0878352546875 0.1610826625 0.1112170015625 0.158736534375 0.1790567203125 0.16104231875
4 0.07663956875 0.204023134375 0.0747494703125 0.295058715625 0.1123206859375 0.2938425546875 0.198230490625 0.2948849734375 0.197314115625 0.277163784375 0.3297297859375 0.2797698421875 0.3590536390625 0.276816315625 0.3574499953125 0.21164083906250003 0.3576791015625 0.16412586093749998 0.319420609375 0.160303646875 0.28207847343750003 0.1627359734375 0.20556147187499998 0.1608248578125 0.17176058593750002 0.16122655156250001 0.1190064203125 0.1589977390625 0.107103671875 0.1589977390625 0.1077215515625 0.1614579859375 0.1072777421875 0.1773796953125 0.0850268203125 0.1746549734375 0.076566546875 0.1752382453125 0.07663956875 0.204023134375
7 0.1210439109375 0.3350094359375 0.1566989671875 0.3342583359375 0.1657778 0.3207384671875 0.258105396875 0.32186512500000003 0.3025091640625 0.3217399421875 0.303004378125 0.30621713281249996 0.25381358593750003 0.302711984375 0.2163427671875 0.3029623546875 0.11911245625 0.3034898546875 0.0935266515625 0.301612096875 0.0856854 0.3026931296875 0.072183271875 0.3033379046875 0.0751545265625 0.3342583359375 0.09578824062499999 0.3345086984375 0.1210439109375 0.3350094359375
4 0.074422846875 0.45247716406249994 0.11613516406249999 0.4526654546875 0.20253928281250003 0.4537952234375 0.267590646875 0.45153569375 0.31699991875 0.45097081406250006 0.3177447515625 0.438355115625 0.3597837828125 0.43553070624999995 0.357549209375 0.3413724375 0.2502889203125 0.339489496875 0.23588822812500002 0.3383597328125 0.185734125 0.33873631875 0.10094569375 0.3417754140625 0.1032242125 0.35426506875 0.08956839062500001 0.3537001875 0.0731814078125 0.35934900625 0.074422846875 0.45247716406249994
4 0.07584982031250001 0.551175325 0.08976417656249999 0.5532580015625 0.11869140468749999 0.5531191546875001 0.14029526875 0.5527026187499999 0.1752642625 0.5525637765625 0.2459345578125 0.5529803109375 0.2954726046875 0.5528414625 0.3101193 0.5514530109375 0.32439983125 0.5532580015625 0.3542424484375 0.5525637765625 0.35735489375 0.5458992031250001 0.3566225421875 0.4721734875 0.357537959375 0.4559501703125 0.2930925125 0.4541451828125 0.21528195 0.4542840328125 0.101674084375 0.45659550156249995 0.102580034375 0.471990421875 0.0762159890625 0.471990421875 0.07420206562500001 0.47698884531249996 0.07584982031250001 0.551175325
4 0.07361846093749999 0.628926165625 0.0737816828125 0.6893714671875 0.0737816828125 0.731112728125 0.0741081265625 0.7854554453125 0.1620860625 0.7901592640625 0.206483096875 0.7842176015625 0.208768228125 0.7803802796875 0.209421140625 0.77320078125 0.3111294140625 0.7720867234375001 0.3520987390625 0.77320078125 0.35748515 0.770477521875 0.3579748265625 0.7568612296875 0.3582613359375 0.6212037031250001 0.35749598437499996 0.5716061 0.353005675 0.554902753125 0.309724321875 0.552986646875 0.29711685 0.553933296875 0.28401005 0.556110584375 0.17842711875 0.556110584375 0.1754312796875 0.553175978125 0.1205632140625 0.554027959375 0.12089181093750001 0.5578875328125 0.12280130781250001 0.57209828125 0.07527619218750001 0.5698456859375 0.07271092500000001 0.5726102359375 0.07361846093749999 0.628926165625
7 0.07585489375 0.812105915625 0.204430565625 0.8129883437500001 0.22072068906250003 0.8128780375 0.2213024703125 0.8037228828125 0.218975321875 0.795781059375 0.169044959375 0.7956707578125 0.16104534375 0.79875924375 0.1309376984375 0.798207728125 0.072772228125 0.7995273093749999 0.06872795937500001 0.8003034875000001 0.06640080000000001 0.811113190625 0.07585489375 0.812105915625
4 0.0703040234375 0.83572148125 0.0718067734375 0.9169396875 0.07638520625 0.9187512468750001 0.2021928125 0.91799643125 0.2728534921875 0.9193441 0.2751325046875 0.9029249125 0.34853133125 0.90188790625 0.353089359375 0.8968757374999999 0.35354515468750003 0.8326872203125 0.35012663437499997 0.822057153125 0.3227784734375 0.8206744828125 0.1474058296875 0.8187648078124999 0.13190853281249998 0.8159994703125 0.0996916765625 0.8207659984375001 0.1003706234375 0.83572148125 0.0875063015625 0.8340198687499999 0.07703535 0.8345870718749999 0.0703040234375 0.83572148125
6 0.23508418749999999 0.9206142015625 0.234873465625 0.9308418703125 0.241195209375 0.9375537953125 0.3387608109375 0.9370743609375 0.34044661718749997 0.9202945843749999 0.25112031562500003 0.9204974421875001 0.2501180796875 0.9195412624999999 0.23973010156250002 0.9191351828125001 0.23508418749999999 0.9206142015625
3 0.05324475468749999 0.8793734265625 0.054187153125 0.8717798406249999 0.054187153125 0.861506165625 0.037290015625 0.8616425218750001 0.037930703125 0.88080280625 0.044998728125 0.8791054218750001 0.050653140625 0.8801774531250001 0.05324475468749999 0.8793734265625
6 0.03427889375 0.9055236734375001 0.03427889375 0.9102585 0.034396690625 0.9225893796875001 0.0438207234375 0.9233040718750001 0.05477615625 0.9245771859374999 0.0583101671875 0.9226787203125 0.059488171874999995 0.9173185421875001 0.055836360937499996 0.9125837156250001 0.05677876875 0.8890882703124999 0.051006546875 0.8876588875 0.04971074375 0.8814946859375 0.046765734375 0.880243975 0.0428783171875 0.8812151281249999 0.0422893140625 0.8865753062499999 0.037695096875 0.887379340625 0.03651709375 0.900252834375 0.03427889375 0.9055236734375001