2 0.489428571875 0.1533203125 0.49197767812500004 0.1201171875 0.48687946406249993 0.0322265625 0.48305580312499996 0.029296875 0.4040334828125 0.03125 0.373444196875 0.037109375 0.365796875 0.033203125 0.35305133906249997 0.033203125 0.35050223125 0.037109375 0.3428549109375 0.03125 0.29697098125 0.033203125 0.293147321875 0.0361328125 0.29569642812499997 0.0927734375 0.3071674109375 0.091796875 0.310991071875 0.0947265625 0.29569642812499997 0.1025390625 0.30079464218749996 0.2841796875 0.3543258921875 0.2841796875 0.4805066953125 0.283203125 0.4945267859375 0.2802734375 0.4945267859375 0.1943359375 0.489428571875 0.1533203125
7 0.27402901874999996 0.28515625 0.27785267812500003 0.2822265625 0.27785267812500003 0.2529296875 0.27402901874999996 0.25 0.1567700890625 0.25390625 0.1554955359375 0.2666015625 0.1669665171875 0.27734375 0.20265401875000003 0.287109375 0.27402901874999996 0.28515625
7 0.275303571875 0.1142578125 0.268930803125 0.111328125 0.14912276875 0.111328125 0.108337053125 0.11328125 0.0930424109375 0.119140625 0.08921875 0.1220703125 0.126180803125 0.146484375 0.27275446406250003 0.1435546875 0.275303571875 0.1142578125
7 0.2638325890625 0.2109375 0.275303571875 0.2001953125 0.275303571875 0.1845703125 0.2638325890625 0.181640625 0.15422098125 0.18359375 0.15294642812499998 0.2001953125 0.169515625 0.21484375 0.23069419687499998 0.216796875 0.2638325890625 0.2109375
3 0.06372767812499999 0.8916015625 0.071375 0.8974609375 0.07647321406249999 0.8916015625 0.0751986609375 0.87890625 0.06372767812499999 0.8818359375 0.06372767812499999 0.8916015625
6 0.058629464062500004 0.9345703125 0.062453125 0.9375 0.071375 0.9365234375 0.07647321406249999 0.9345703125 0.07647321406249999 0.9052734375 0.06500223125 0.904296875 0.058629464062500004 0.9345703125
4 0.509821428125 0.8486328125 0.5047232140625 0.7841796875 0.500899553125 0.78125 0.35814955312499996 0.78515625 0.1746138390625 0.783203125 0.1669665171875 0.787109375 0.141475446875 0.787109375 0.1236316953125 0.798828125 0.0955915171875 0.8046875 0.09176785781249999 0.8310546875 0.0943169640625 0.9462890625 0.1006897328125 0.951171875 0.1465736609375 0.953125 0.257459821875 0.9521484375 0.4575647328125 0.951171875 0.5034486609375 0.947265625 0.509821428125 0.9423828125 0.509821428125 0.8486328125
4 0.17382491875 0.781675659375 0.17804398906250002 0.766596146875 0.49325223124999995 0.76171875 0.5047232140625 0.7529296875 0.5021741078125 0.6123046875 0.499625 0.5830078125 0.49325223124999995 0.578125 0.36834598125 0.576171875 0.1337436296875 0.5807952000000001 0.08663059375 0.59910600625 0.09176785781249999 0.7607421875 0.0943169640625 0.7783203125 0.1006897328125 0.78125 0.17382491875 0.781675659375
4 0.4192347328125 0.575367515625 0.499625 0.5556640625 0.49707589218750003 0.3798828125 0.4945267859375 0.3623046875 0.48815401875 0.357421875 0.219531615625 0.356550109375 0.13637723125 0.361328125 0.087944196875 0.380859375 0.08412053593749999 0.3837890625 0.08412053593749999 0.4892578125 0.08663059375 0.5775217171875 0.4192347328125 0.575367515625
6 0.3696205359375 0.3291015625 0.36834598125 0.31640625 0.21882839375000002 0.3134658375 0.21812522343750002 0.32746822343750004 0.24598883906250002 0.333984375 0.36324776875000003 0.333984375 0.3696205359375 0.3291015625
4 0.93934598125 0.943359375 0.9431696437499999 0.9384765625 0.9406205359375001 0.8173828125 0.93424776875 0.798828125 0.7722894234375001 0.795278415625 0.56907040625 0.7995868390624999 0.527665178125 0.8212890625 0.527665178125 0.9462890625 0.5314888390625 0.94921875 0.9240513390625 0.9453125 0.93934598125 0.943359375
4 0.7870562453125001 0.7929501484375 0.7912752609375 0.7767935453125 0.929149553125 0.775390625 0.938071428125 0.7705078125 0.9389430484375 0.6760840421875 0.56414816875 0.681469578125 0.521957371875 0.6992418375 0.5225669640625 0.7158203125 0.5225669640625 0.7490234375 0.522660540625 0.7983356828125 0.7870562453125001 0.7929501484375
4 0.8538583390625 0.6747134609375001 0.8545614562500001 0.6580183234375 0.9368334875000001 0.6569411921875 0.9368334875000001 0.6073942796875 0.6808760296874999 0.607932834375 0.5628131703125 0.61376801875 0.519144640625 0.6337834171875001 0.518441471875 0.6779447734375 0.8538583390625 0.6747134609375001
4 0.5725863062500001 0.6096023390624999 0.5761022062500001 0.5939843015624999 0.924176334375 0.5902144234375 0.9375367109375 0.588598765625 0.93191125 0.4566531578125 0.5957912656250001 0.45880736874999994 0.556413146875 0.4604230359375 0.5170350796875 0.47981096250000005 0.5205509796875 0.6090637937500001 0.5725863062500001 0.6096023390624999
4 0.6780632984375 0.45685062812500005 0.676656959375 0.440694025 0.93191125 0.4380012578125 0.9283953515625001 0.08740294062500001 0.7842434609375 0.08471016875000001 0.6576710703125 0.085248734375 0.6000103343750001 0.0857872796875 0.5118241593749999 0.0877003921875 0.5135191796874999 0.26404847187499997 0.5135191796874999 0.4584662640625 0.6780632984375 0.45685062812500005