7 0.6768252593749999 0.23828125 0.6910605890625 0.2275390625 0.688472346875 0.2158203125 0.670354653125 0.2080078125 0.680707621875 0.1904296875 0.680707621875 0.1630859375 0.670354653125 0.1455078125 0.6910605890625 0.1318359375 0.6910605890625 0.1220703125 0.6820017421875 0.115234375 0.6561193234375 0.115234375 0.6302369031249999 0.10546875 0.6043544843750001 0.083984375 0.58364855 0.08984375 0.5732955828125 0.107421875 0.5396484375 0.09375 0.5111777765625 0.087890625 0.46717766406249994 0.091796875 0.430942278125 0.107421875 0.4180010671875 0.08984375 0.39470689062500003 0.083984375 0.3714127140625 0.10546875 0.3558832625 0.107421875 0.3481185359375 0.115234375 0.3131772703125 0.1181640625 0.30800078750000004 0.1259765625 0.310589028125 0.1357421875 0.3312949640625 0.1455078125 0.32094199687499997 0.1669921875 0.32094199687499997 0.1884765625 0.3312949640625 0.2080078125 0.310589028125 0.2216796875 0.310589028125 0.2314453125 0.3170596328125 0.23828125 0.342942053125 0.23828125 0.3714127140625 0.248046875 0.39470689062500003 0.26953125 0.4154128265625 0.265625 0.427059915625 0.2568359375 0.42835403593750004 0.24609375 0.47753063124999995 0.263671875 0.5085895359375 0.265625 0.5396484375 0.259765625 0.5707073406250001 0.244140625 0.5771779453125 0.2470703125 0.574589703125 0.2529296875 0.58364855 0.263671875 0.608236846875 0.2685546875 0.632825146875 0.24609375 0.648354596875 0.244140625 0.6561193234375 0.23828125 0.6768252593749999 0.23828125
2 0.9071787890625 0.6015625 0.9084729093749999 0.4384765625 0.7518842734375 0.4375 0.7480019109375 0.4970703125 0.7531783937500001 0.5986328125 0.7648254828125001 0.603515625 0.9071787890625 0.6015625
7 0.163059240625 0.0947265625 0.1540003921875 0.083984375 0.07894137812499999 0.087890625 0.075059015625 0.0966796875 0.0815296203125 0.099609375 0.1462356671875 0.099609375 0.163059240625 0.0947265625
4 0.12942368906249999 0.22012134218749999 0.2678830375 0.220703125 0.2743536421875 0.2158203125 0.2717654 0.1220703125 0.2652947953125 0.1015625 0.0948970734375 0.1029254328125 0.075059015625 0.1240234375 0.0724707734375 0.2021484375 0.07763376562499999 0.2381037671875 0.122847225 0.2381037671875 0.12942368906249999 0.22012134218749999
7 0.4865894796875 0.3037109375 0.4801188734375 0.29296875 0.304118425 0.29296875 0.304118425 0.3046875 0.32741260156249996 0.306640625 0.43353051875000004 0.30859375 0.4865894796875 0.3037109375
4 0.49047184218749995 0.556640625 0.5021189296874999 0.5185546875 0.5042843546875 0.47276428125000003 0.5001740421875 0.311542409375 0.32096436875 0.309062075 0.3004127953125 0.3282846734375 0.29764781875 0.3486328125 0.2924713359375 0.5048828125 0.29764781875 0.5712890625 0.3662362296875 0.572265625 0.49047184218749995 0.556640625
7 0.1798828125 0.591796875 0.0892943453125 0.591796875 0.0892943453125 0.603515625 0.1798828125 0.60546875 0.183765175 0.6005859375 0.1798828125 0.591796875
4 0.280824246875 0.935546875 0.28470660937500003 0.9248046875 0.2756477625 0.919921875 0.1680606828125 0.91942439375 0.122941490625 0.919921875 0.0918825875 0.931640625 0.0854119828125 0.9423828125 0.09447082968750001 0.947265625 0.1565886359375 0.947265625 0.280824246875 0.935546875
4 0.08749849531250001 0.9175641234375 0.1902357796875 0.9140625 0.2847935890625 0.9020620203125 0.2872948515625 0.8447265625 0.277395009375 0.75634225 0.11517676562500001 0.755859375 0.0817440796875 0.773084525 0.08585439375000001 0.81463014375 0.082823740625 0.8505859375 0.0854119828125 0.8994140625 0.08749849531250001 0.9175641234375
4 0.2795301265625 0.7314453125 0.28150532500000003 0.614342975 0.0996473140625 0.61328125 0.0854119828125 0.6298828125 0.0825661296875 0.7476610625 0.172993046875 0.7464208890624999 0.1754592625 0.732158959375 0.2795301265625 0.7314453125
7 0.43223639843750006 0.8330078125 0.430942278125 0.82421875 0.3015301828125 0.828125 0.3002360609375 0.8349609375 0.3170596328125 0.83984375 0.42576579375 0.837890625 0.43223639843750006 0.8330078125
4 0.46458942187499996 0.94140625 0.5021189296874999 0.9228515625 0.5021189296874999 0.8701171875 0.4969424453125 0.8486328125 0.49047184218749995 0.845703125 0.33248145 0.8457260203124999 0.30800078750000004 0.8623046875 0.302824303125 0.8974609375 0.3054125453125 0.9365234375 0.31188315 0.94140625 0.46458942187499996 0.94140625
7 0.6198839359375 0.419921875 0.5241189859375 0.419921875 0.5241189859375 0.435546875 0.60176624375 0.4375 0.6289427828124999 0.4326171875 0.6198839359375 0.419921875
7 0.6600016859375 0.5791015625 0.6509428390625 0.57421875 0.5292954703125 0.580078125 0.52800135 0.5849609375 0.5422366796875 0.58984375 0.6600016859375 0.5888671875 0.6600016859375 0.5791015625
7 0.8618845546875 0.2197265625 0.8580021906249999 0.212890625 0.7389430640625 0.21484375 0.7350607015625 0.2216796875 0.7518842734375 0.2265625 0.8450609828125 0.2265625 0.8618845546875 0.2197265625
4 0.714354765625 0.5517578125 0.71953125 0.4990234375 0.710472403125 0.447265625 0.5474131625 0.4453125 0.5202366234375 0.4658203125 0.51764838125 0.5400390625 0.5241189859375 0.560546875 0.648354596875 0.564453125 0.714354765625 0.5517578125
4 0.9278847234375001 0.423828125 0.9317670859374999 0.2373046875 0.8313068640625 0.23214646874999997 0.7606094062500001 0.23462681562499998 0.7350607015625 0.2509765625 0.7350607015625 0.4189453125 0.74929603125 0.423828125 0.8140020796874999 0.427734375 0.9278847234375001 0.423828125
4 0.716943009375 0.8212890625 0.710472403125 0.810546875 0.6742370171875 0.806640625 0.5551778890625 0.80859375 0.5202366234375 0.8271484375 0.51764838125 0.8486328125 0.5150601390625 0.9208984375 0.5241189859375 0.94140625 0.7117665234375 0.9423828125 0.716943009375 0.8212890625
4 0.7078841609375 0.79296875 0.716943009375 0.7841796875 0.71953125 0.7685546875 0.71953125 0.6044921875 0.7078841609375 0.599609375 0.552589646875 0.59765625 0.52541310625 0.6181640625 0.5228248640625 0.6259765625 0.51764838125 0.7197265625 0.518100853125 0.8031648875 0.6820017421875 0.8046875 0.7078841609375 0.79296875
4 0.8010608703125 0.810546875 0.9330612078125 0.798828125 0.9395318109374999 0.7919921875 0.9421200546874999 0.7509765625 0.9317670859374999 0.6181640625 0.8994140625 0.609375 0.7829431765625 0.609375 0.73764894375 0.6162109375 0.7350607015625 0.7275390625 0.7428254265625001 0.8056640625 0.7544725156250001 0.810546875 0.8010608703125 0.810546875
4 0.9381750406249999 0.9309022312499999 0.9414632421875 0.865793375 0.9356494484375 0.84375 0.8812963703125 0.837890625 0.8088255953125 0.837890625 0.7428254265625001 0.8447265625 0.7428254265625001 0.9404296875 0.74929603125 0.9453125 0.86576691875 0.9453125 0.9381750406249999 0.9309022312499999
3 0.9408259328125 0.865234375 0.9398191406249999 0.8732343890625 0.94392945625 0.88253565 0.9537941859375 0.8837758703124999 0.9524730218749999 0.8681640625 0.9408259328125 0.865234375
6 0.9408259328125 0.89453125 0.9369435703125 0.9013671875 0.9369435703125 0.9267578125 0.9511789 0.9296875 0.9524730218749999 0.8974609375 0.9408259328125 0.89453125
2 0.2977880359375 0.599292909375 0.30030830625 0.771831859375 0.505769909375 0.771056215625 0.506591959375 0.6408385375 0.5074140734375 0.5999129953125 0.2977880359375 0.599292909375
2 0.07728672343750001 0.5601054750000001 0.2871011921875 0.557717609375 0.27970261406249997 0.23651402500000002 0.0750089734375 0.24457511406250002 0.07728672343750001 0.5601054750000001
2 0.714573959375 0.28860108906250004 0.5120246468749999 0.29176361093750003 0.5115243875 0.4076572453125 0.7162180609375 0.4057969984375 0.714573959375 0.28860108906250004
2 0.7278519859375 0.20877927812500002 0.9291323 0.21001217187500001 0.9283103109375 0.06305221562499999 0.730193103125 0.0642924140625 0.7278519859375 0.20877927812500002