1 0.5433595984374999 0.33984375 0.4071985640625 0.3359375 0.3609551953125 0.337890625 0.35196342812500003 0.3427734375 0.3635242703125 0.353515625 0.5703348984375001 0.3525390625 0.57547305 0.3505859375 0.57547305 0.3408203125 0.5639122078125001 0.3359375 0.5433595984374999 0.33984375
1 0.8670631906249999 0.48828125 0.797698134375 0.4921875 0.7283330796875 0.48828125 0.7103495468750001 0.4921875 0.6641061765625 0.490234375 0.6499762578125 0.4951171875 0.6589680234374999 0.50390625 0.6666752515625001 0.505859375 0.6846587859375 0.50390625 0.6949350890625 0.5078125 0.7167722375000001 0.5068359375 0.8722013421874999 0.505859375 0.881193109375 0.5029296875 0.881193109375 0.4931640625 0.8670631906249999 0.48828125
3 0.043674293749999996 0.8447265625 0.043674293749999996 0.8564453125 0.0513815234375 0.8583984375 0.056519675000000005 0.8544921875 0.056519675000000005 0.8427734375 0.0526660609375 0.83984375 0.043674293749999996 0.8447265625
6 0.0411052171875 0.8916015625 0.0449588328125 0.89453125 0.056519675000000005 0.8935546875 0.0590887515625 0.8681640625 0.050096984375 0.86328125 0.043674293749999996 0.8681640625 0.0411052171875 0.8916015625
2 0.62716071875 0.0511694640625 0.346483165625 0.0547515265625 0.3507540078125 0.3320986515625 0.6283837390625 0.32930797031250003 0.62716071875 0.0511694640625
2 0.9200784546874999 0.0516198640625 0.6400611484375001 0.053007846875 0.6467293171875 0.4864859375 0.9237476062500001 0.48323014999999997 0.9200784546874999 0.0516198640625
7 0.15054940781249998 0.1116323484375 0.151772475 0.080469659375 0.20130552499999999 0.08279523125 0.24533489375 0.0772138625 0.2447233828125 0.057679046874999994 0.1138582515625 0.053027899999999996 0.0544342359375 0.058238884375 0.0539293921875 0.0623301921875 0.054540903125 0.1167486015625 0.15054940781249998 0.1116323484375
4 0.055763921875 0.3313686234375 0.12670019375 0.3322988375 0.1260886375 0.3141593796875 0.327890040625 0.3136942546875 0.328501503125 0.1174159078125 0.1059085296875 0.1174159078125 0.0827216984375 0.11926765624999999 0.08205926875 0.13648560625 0.055152412500000005 0.1369507234375 0.055763921875 0.3313686234375
4 0.05882151875 0.5485491078125 0.2318814890625 0.548084 0.23310450781249997 0.532270096875 0.3315591 0.531339846875 0.328501503125 0.33227080937500003 0.10713155 0.334131275 0.08425075 0.335483871875 0.0881744625 0.349945178125 0.054540903125 0.350410284375 0.05882151875 0.5485491078125
4 0.060656095312500005 0.6470826453125 0.3376742921875 0.6456873046875 0.33522825156249997 0.5470830109375 0.086544328125 0.5517000875 0.08450535625 0.56615271875 0.060656095312500005 0.56615271875 0.060656095312500005 0.6470826453125
4 0.17867933125 0.7462247875 0.26673806718750004 0.7452945546875 0.2649035375 0.681108746875 0.0605504453125 0.683638478125 0.0649367109375 0.7638991390625 0.1811253703125 0.76296890625 0.17867933125 0.7462247875
4 0.0637136921875 0.8098173578125 0.0649367109375 0.8944682328125 0.267961134375 0.8963286625 0.269184153125 0.7628407921875 0.0781345421875 0.7655913984375 0.0765555859375 0.7823756078125 0.066159778125 0.7837709484375 0.0637136921875 0.8098173578125
4 0.5908717515624999 0.7589016562500001 0.710729471875 0.7575063156249999 0.7064488546875001 0.6747159234375 0.5032109953125 0.680732346875 0.50587051875 0.7765760234375 0.5902601953125 0.775180665625 0.5908717515624999 0.7589016562500001
4 0.506351396875 0.892484975 0.6470008734375 0.8901594015625 0.6433317203125 0.8743454984374999 0.7112103953125 0.8720199265625 0.7087642625 0.7762063296874999 0.519266040625 0.7766347 0.5185817828125 0.7948109125 0.5026822906249999 0.7966713609375 0.506351396875 0.892484975
4 0.5695071140625 0.5784058375 0.631270596875 0.5788709796875 0.631270596875 0.36445315625 0.3533639 0.362220284375 0.3566984390625 0.5960802046875 0.5701186703125 0.5965453125 0.5695071140625 0.5784058375
4 0.356086928125 0.6419610515625 0.6324936171875 0.64335639375 0.6337166359374999 0.5991705078125 0.38700304375 0.5981981984375 0.3878859109375 0.610333265625 0.35730995 0.610333265625 0.356086928125 0.6419610515625
4 0.7545188515625 0.54568233125 0.9245212703125001 0.54428698125 0.9245212703125001 0.5117289609375 0.6515290375 0.5139203718750001 0.6505605765625 0.5619613421875 0.7453460625 0.5601008843749999 0.7545188515625 0.54568233125
4 0.6536181734375 0.64335639375 0.78631788125 0.6447517328125 0.7881524109375 0.6289378484375 0.9251327343750001 0.6270773828125 0.9251327343750001 0.5614962421875 0.6805810250000001 0.5621621625000001 0.6841941359375 0.5805659234375 0.65178364375 0.5824263890625 0.6536181734375 0.64335639375
4 0.897892103125 0.673828125 0.8747704187500001 0.677734375 0.7437475359375 0.677734375 0.727048540625 0.6943359375 0.7219103890625 0.7138671875 0.727048540625 0.7275390625 0.7219103890625 0.7470703125 0.724479465625 0.7802734375 0.7193413125 0.8017578125 0.7219103890625 0.8818359375 0.73347123125 0.888671875 0.769438296875 0.890625 0.917160175 0.8896484375 0.9222983265625 0.8876953125 0.927436478125 0.8720703125 0.927436478125 0.6806640625 0.897892103125 0.673828125
4 0.49069353906249996 0.7138671875 0.48555538593750003 0.7099609375 0.48555538593750003 0.6826171875 0.48170177187499996 0.6796875 0.34810981406249997 0.6796875 0.3326953578125 0.68359375 0.291590140625 0.68359375 0.2825983734375 0.6865234375 0.27489114375 0.7099609375 0.27489114375 0.8076171875 0.280029296875 0.8740234375 0.28516745 0.8916015625 0.291590140625 0.896484375 0.36480880781249997 0.8955078125 0.4277511734375 0.890625 0.48683992500000006 0.890625 0.49069353906249996 0.8876953125 0.49069353906249996 0.7138671875