2 1 0.0011505375 0 0.0011505375 0 0.50192473125 1 0.50192473125 1 0.0011505375
7 0.29810595 0.5185322578125 0.07423076875 0.5185322578125 0.07423076875 0.624887096875 0.29810595 0.624887096875 0.29810595 0.5185322578125
6 0.2703628453125 0.6341397843750001 0.0668795359375 0.6341397843750001 0.0668795359375 0.663537634375 0.2703628453125 0.663537634375 0.2703628453125 0.6341397843750001
3 0.9985413640624999 0.8620913984374999 0.9796298984374999 0.8620913984374999 0.9796298984374999 0.8923817203125 0.9985413640624999 0.8923817203125 0.9985413640624999 0.8620913984374999
6 1 0.896989246875 0.967859215625 0.896989246875 0.967859215625 0.9279139781250001 1 0.9279139781250001 1 0.896989246875
4 0.674818578125 0.5010806453125001 0.36721335312500003 0.5010806453125001 0.36721335312500003 0.6847473125 0.674818578125 0.6847473125 0.674818578125 0.5010806453125001
4 0.9699637156250001 0.49998387031249997 0.6734325109375 0.49998387031249997 0.6734325109375 0.6516935484374999 0.9699637156250001 0.6516935484374999 0.9699637156250001 0.49998387031249997
4 0.9716400578125001 0.6450483874999999 0.6807837453125 0.6450483874999999 0.6807837453125 0.6990806453125 0.9716400578125001 0.6990806453125 0.9716400578125001 0.6450483874999999
4 0.9716400578125001 0.6974032265625 0.676371553125 0.6974032265625 0.676371553125 0.9036075265625 0.9716400578125001 0.9036075265625 0.9716400578125001 0.6974032265625
4 0.9716400578125001 0.9046236562500001 0.6748911468750001 0.9046236562500001 0.6748911468750001 0.9397634406250001 0.9716400578125001 0.9397634406250001 0.9716400578125001 0.9046236562500001
4 0.6697750359375 0.681037634375 0.3686865015625 0.681037634375 0.3686865015625 0.889887096875 0.6697750359375 0.889887096875 0.6697750359375 0.681037634375
4 0.673134978125 0.886086021875 0.37310595 0.886086021875 0.37310595 0.941010753125 0.673134978125 0.941010753125 0.673134978125 0.886086021875
4 0.3754716984375 0.6690430109375 0.0860377359375 0.6690430109375 0.0860377359375 0.697838709375 0.3754716984375 0.697838709375 0.3754716984375 0.6690430109375
6 0.18711901250000001 0.6919462359375 0.10222786718750002 0.6919462359375 0.10222786718750002 0.7140537640625 0.18711901250000001 0.7140537640625 0.18711901250000001 0.6919462359375
4 0.3763207546875 0.711586021875 0.10222786718750002 0.711586021875 0.10222786718750002 0.730263440625 0.3763207546875 0.730263440625 0.3763207546875 0.711586021875
4 0.288867925 0.7268494624999999 0.0786792453125 0.7268494624999999 0.0786792453125 0.74392473125 0.288867925 0.74392473125 0.288867925 0.7268494624999999
4 0.37547895468750003 0.7388494624999999 0.0919230765625 0.7388494624999999 0.0919230765625 0.762634409375 0.37547895468750003 0.762634409375 0.37547895468750003 0.7388494624999999
4 0.2190711171875 0.755198925 0.11105950625000001 0.755198925 0.11105950625000001 0.7744784953125 0.2190711171875 0.7744784953125 0.2190711171875 0.755198925
4 0.3317489109375 0.769387096875 0.0992815671875 0.769387096875 0.0992815671875 0.79132258125 0.3317489109375 0.79132258125 0.3317489109375 0.769387096875
4 0.377989840625 0.792284946875 0.072779390625 0.792284946875 0.072779390625 0.8224892468749999 0.377989840625 0.8224892468749999 0.377989840625 0.792284946875
4 0.377155296875 0.82282258125 0.075732946875 0.82282258125 0.075732946875 0.939715053125 0.377155296875 0.939715053125 0.377155296875 0.82282258125