2 0.278506690625 0.058024396874999995 0.277265746875 0.226884665625 0.5816392265625 0.226884665625 0.5805883828125 0.057889795312500006 0.278506690625 0.058024396874999995
7 0.07085298437500001 0.1497241375 0.08644058906249999 0.1551684734375 0.1008564953125 0.15760274218749998 0.10063808125 0.16685295312499998 0.095395934375 0.17869971406250001 0.09364855625 0.1757785953125 0.08447478124999999 0.1679889390625 0.076174725 0.1699943921875 0.07595627968749999 0.17681033906250002 0.078358946875 0.181783115625 0.0870958625 0.1989852640625 0.09998280781249999 0.20920918125000001 0.11942246249999999 0.2051520703125 0.12903306718750002 0.1954150046875 0.13820682812500001 0.176265446875 0.1436674046875 0.1761031625 0.14060949375 0.1944413015625 0.13776998437500002 0.2163497 0.15109378906249998 0.22657360624999998 0.16703867187500002 0.22835873437499998 0.1703150125 0.223165640625 0.17249925 0.199472115625 0.1827651125 0.206450340625 0.2056995375 0.21115659843749998 0.21858652812499998 0.20628806093750002 0.2321287171875 0.18973505 0.22950768125 0.20223095 0.23387612500000002 0.22121823593749998 0.2406472328125 0.2278718875 0.24676305312500002 0.227222753125 0.2513499875 0.2204068109375 0.25069466875 0.195603890625 0.252660475 0.18830109374999998 0.256155259375 0.1784017546875 0.26380005781250004 0.17191038125 0.2716632859375 0.162822446875 0.268605359375 0.1556819328125 0.2563736890625 0.149028275 0.26904221875 0.1498397 0.2698395046875 0.1263492359375 0.26656314999999997 0.124564109375 0.06685394375 0.12241332187500001 0.0639430234375 0.1256907546875 0.0639430234375 0.1328312703125 0.07085298437500001 0.1497241375
7 0.6249018000000001 0.2224513671875 0.6566105015625 0.2264467625 0.67533904375 0.22810001875000002 0.682493046875 0.20839862656250002 0.6785990046875 0.195723609375 0.687128809375 0.191314915625 0.7080825171875 0.21005189375 0.7208772906250001 0.20867416875 0.7370097703125 0.20302552812500002 0.7407183749999999 0.1867684359375 0.7473938921875 0.1907638203125 0.748877334375 0.2052298703125 0.745354165625 0.2161138625 0.7546652875000001 0.2278829 0.772095771875 0.22857176250000003 0.78006929375 0.221820928125 0.7771024093750001 0.205288303125 0.79521653125 0.2125902203125 0.8182099390625 0.21438124531249997 0.8295212703124999 0.20887037031250003 0.838978209375 0.1967464390625 0.8434285875 0.20804374062500003 0.8436139984375 0.2249896953125 0.8482497625000001 0.22939839062499998 0.8616007937499999 0.2296739328125 0.8627133890625001 0.22030543906250002 0.8649385515624999 0.19536872031250002 0.8762498578125 0.17911163125000001 0.886621046875 0.1632974328125 0.888846234375 0.1561332921875 0.8645547703125 0.148280296875 0.8680779390625 0.143320503125 0.880316403125 0.143320503125 0.88958795625 0.142218328125 0.8871773546874999 0.1232058 0.6777781265625 0.12182808125 0.67202976875 0.110117465625 0.6616456328125 0.1077753421875 0.654042959375 0.108188659375 0.651446934375 0.11493948437499998 0.652930390625 0.1260990109375 0.6386521875 0.11948595625 0.625672015625 0.117694925 0.6119501234375 0.11907264375 0.59804280625 0.124996834375 0.5911818531249999 0.1322987484375 0.5829936421874999 0.135870459375 0.5850341140624999 0.17015356718750002 0.5852195499999999 0.191508225 0.5844778296875 0.216527171875 0.6249018000000001 0.2224513671875
4 0.046225303125 0.37600553593749997 0.05103735 0.3799430015625 0.0689353265625 0.3817738734375 0.122888690625 0.3784975796875 0.126260790625 0.377052153125 0.12483413125000001 0.36481424375 0.1541453390625 0.366259665625 0.24216250156250002 0.36433243437499996 0.30695045625 0.3664523875 0.36734621875 0.365488775 0.4392193953125 0.3649106015625 0.461143590625 0.36635602968750003 0.47411313593750004 0.3603816171875 0.4738537546875 0.32810050468749996 0.47424283593750005 0.274018990625 0.47398345468749997 0.25974133906249997 0.3787868875 0.259163171875 0.3555631015625 0.259452259375 0.35374736093750003 0.2567541328125 0.3476516703125 0.25656141093749996 0.3441498890625 0.2572359421875 0.3425935484375 0.25877772656250003 0.2927516625 0.257139578125 0.21985523437499999 0.2567541328125 0.1911924984375 0.2562723234375 0.1572438953125 0.2569468625 0.15452708906249998 0.259163171875 0.0817678390625 0.2586813625 0.0746345875 0.26070495625 0.07425040468750001 0.2611691609375 0.07627547500000001 0.27404099375 0.0465823171875 0.27544171875 0.0461109828125 0.36974808124999997 0.046225303125 0.37600553593749997
2 0.3267457171875 0.9247648906249999 0.6363636359375 0.9237852656250001 0.6324110671875001 0.7278605015624999 0.32806324062500003 0.726880878125 0.3267457171875 0.9247648906249999
4 0.9220108703125 0.8759765625 0.9206974640625001 0.728515625 0.6764039859375 0.7265625 0.6501358703125 0.728515625 0.6409420296875 0.7412109375 0.63568840625 0.8818359375 0.6475090578125 0.896484375 0.9023097828125 0.8828125 0.9220108703125 0.8759765625
4 0.29026268125 0.724609375 0.07223731875 0.7265625 0.044655796875 0.7431640625 0.03820816875 0.9090909093749999 0.32279315 0.9100705328125 0.3230978265625 0.8544921875 0.317844203125 0.7314453125 0.29026268125 0.724609375
6 0.024954709375000002 0.8828125 0.0210144921875 0.8896484375 0.01838768125 0.9150390625 0.0328351453125 0.91796875 0.0367753625 0.8857421875 0.024954709375000002 0.8828125
3 0.0302083328125 0.85546875 0.026268115624999998 0.8681640625 0.040715579687499996 0.87109375 0.0394021734375 0.8564453125 0.0302083328125 0.85546875
4 0.387454709375 0.53515625 0.47019927499999997 0.5166015625 0.4728260875 0.3955078125 0.46100543437499997 0.3828125 0.0879981890625 0.3828125 0.051222826562500004 0.3984375 0.047282609375 0.4970703125 0.0499094203125 0.5244140625 0.05647645 0.53125 0.387454709375 0.53515625
4 0.4662590578125 0.611328125 0.4728260875 0.6044921875 0.46888587031249995 0.5390625 0.10638587031249999 0.533203125 0.082744565625 0.53515625 0.0499094203125 0.5537109375 0.047282609375 0.6064453125 0.05647645 0.625 0.3743206515625 0.626953125 0.4662590578125 0.611328125
4 0.46363224687500004 0.6875 0.47019927499999997 0.6845703125 0.4728260875 0.6689453125 0.4728260875 0.6357421875 0.4662590578125 0.62890625 0.080117753125 0.626953125 0.0499094203125 0.6455078125 0.047282609375 0.6962890625 0.064356884375 0.705078125 0.2771286234375 0.703125 0.46363224687500004 0.6875
4 0.9101902171875 0.689453125 0.916757246875 0.6806640625 0.9128170296875 0.615234375 0.6028532609374999 0.61328125 0.5240489125 0.619140625 0.4938405796875 0.6318359375 0.49121376874999995 0.6708984375 0.4938405796875 0.6845703125 0.5004076093750001 0.6875 0.9101902171875 0.689453125
4 0.6028532609374999 0.623046875 0.786730071875 0.61328125 0.9075634062500001 0.59765625 0.9220108703125 0.5830078125 0.9220108703125 0.4677734375 0.915443840625 0.462890625 0.6521739125 0.46238244531249995 0.519104084375 0.4643416921875 0.496467390625 0.4814453125 0.4938405796875 0.6025390625 0.5030344203125 0.611328125 0.526675725 0.6171875 0.6028532609374999 0.623046875
4 0.9288537546875 0.4476880875 0.9275362312500001 0.3889106578125 0.9183135703125 0.3820532921875 0.523056653125 0.3859717859375 0.49011857656249996 0.3996865203125 0.48748352968750003 0.460423196875 0.675889328125 0.4594435734375 0.679841896875 0.45062695937499997 0.9288537546875 0.4476880875
4 0.9130434781250001 0.34972570625 0.5243741765625 0.354623825 0.4927536234375 0.367358934375 0.49011857656249996 0.3840125390625 0.8379446640625 0.37715517187500003 0.8432147562500001 0.36833855781249997 0.9104084312499999 0.37029780625000003 0.9130434781250001 0.34972570625
4 0.9235836624999999 0.3173981203125 0.5217391296875 0.3213166140625 0.49011857656249996 0.33894984375 0.49011857656249996 0.34874608125 0.803689065625 0.34776645781250004 0.806324109375 0.336010971875 0.9275362312500001 0.336010971875 0.9235836624999999 0.3173981203125
4 0.9249011859375 0.2507837 0.523056653125 0.2605799375 0.488801053125 0.27625391875 0.48748352968750003 0.3213166140625 0.727272728125 0.3173981203125 0.727272728125 0.3076018796875 0.9275362312500001 0.304663009375 0.9249011859375 0.2507837