0 0.53227785625 0.8843947828125 0.94194428125 0.8833122921875001 0.9332893562500001 0.4979456546875 0.52362293125 0.5022756171875 0.53227785625 0.8843947828125
4 0.559071515625 0.3131567296875 0.5150186015625 0.3143588671875 0.5206253359375 0.4910730296875 0.5214262984375 0.4892698234375 0.9451352265624999 0.48145593125 0.9379265671875 0.2915182609375 0.559071515625 0.29752894687500003 0.559071515625 0.3131567296875
4 0.930717909375 0.11300089218750001 0.5526638187499999 0.11780944062500001 0.5526638187499999 0.1346393609375 0.50780994375 0.13283615625 0.5142176390625 0.2909171921875 0.716861040625 0.28791185 0.7184629640625 0.275289409375 0.9411304156250001 0.2704808609375 0.930717909375 0.11300089218750001
7 0.22513035937499998 0.10546875 0.2095143796875 0.109375 0.199103728125 0.109375 0.1938984015625 0.10546875 0.1860904125 0.109375 0.14184513906250001 0.109375 0.13403715 0.1015625 0.11842117031249999 0.109375 0.07677856093749999 0.109375 0.0624639140625 0.1123046875 0.065066578125 0.1357421875 0.0741758984375 0.140625 0.0845865515625 0.138671875 0.092394540625 0.1328125 0.10540785625 0.1328125 0.11842117031249999 0.140625 0.1236264984375 0.125 0.1249278296875 0.1318359375 0.14184513906250001 0.142578125 0.1978023953125 0.1416015625 0.2095143796875 0.134765625 0.229034353125 0.1376953125 0.231637015625 0.1103515625 0.22513035937499998 0.10546875
6 0.3253328875 0.1669921875 0.3253328875 0.1552734375 0.311018240625 0.15234375 0.2954022625 0.15625 0.07157323593750001 0.15625 0.0624639140625 0.1591796875 0.0624639140625 0.1650390625 0.07157323593750001 0.173828125 0.18999440625 0.1728515625 0.27978628437499997 0.171875 0.2875942734375 0.16796875 0.32142889375 0.169921875 0.3253328875 0.1669921875
4 0.4866980015625 0.2529296875 0.481492675 0.1806640625 0.47161611875 0.1802212734375 0.29300405625 0.1797192640625 0.2281150296875 0.1812252921875 0.12308846250000001 0.1822293109375 0.0989011984375 0.1845703125 0.1015038609375 0.1904296875 0.092394540625 0.19921875 0.0624639140625 0.2041015625 0.0624639140625 0.2412109375 0.061821751562500006 0.2479631171875 0.0639535359375 0.279958359375 0.11972250312499999 0.2783203125 0.235562190625 0.27355931093749997 0.23875986718750003 0.2623609765625 0.3943034609375 0.26171875 0.4866980015625 0.2529296875
6 0.0468479359375 0.8798828125 0.067669240625 0.8798828125 0.065066578125 0.8505859375 0.05595725625 0.845703125 0.0494506 0.8525390625 0.0468479359375 0.8798828125
3 0.0494506 0.8271484375 0.052053262499999996 0.8369140625 0.059861251562499995 0.8408203125 0.065066578125 0.8369140625 0.065066578125 0.8251953125 0.05335459375 0.82421875 0.0494506 0.8271484375
4 0.4871927953125 0.27267808125 0.10304263124999999 0.2794611171875 0.10304263124999999 0.2943837984375 0.060560143749999996 0.2950621015625 0.065983440625 0.43614926875000004 0.336244378125 0.433436053125 0.33353273125 0.41851337187500004 0.49261609218749997 0.4144435515625 0.4871927953125 0.27267808125
4 0.1491406515625 0.5182240140625 0.4962316234375 0.5121192812500001 0.49171221093749995 0.43275775000000005 0.108465928125 0.4381841796875 0.108465928125 0.455141771875 0.064175675 0.455820075 0.064175675 0.5338249984375001 0.150044534375 0.5324683921875 0.1491406515625 0.5182240140625
4 0.49261609218749997 0.527720265625 0.11388922500000001 0.5358599109375 0.1093698125 0.5487476796874999 0.066887321875 0.554174109375 0.062367909374999995 0.6315007296874999 0.183488196875 0.6281092109374999 0.1825843125 0.613864834375 0.498943271875 0.60640349375 0.49261609218749997 0.527720265625
4 0.111177578125 0.762413340625 0.11569699062500001 0.77665771875 0.07231061875 0.7759794140625 0.074118384375 0.8858646109375 0.4962316234375 0.8804381812500001 0.5007510374999999 0.754273696875 0.111177578125 0.762413340625
4 0.493519975 0.6274309078125 0.11388922500000001 0.633535640625 0.1129853421875 0.648458321875 0.070502853125 0.6498149296875 0.0686950875 0.7603784296875 0.40945887968749994 0.750882178125 0.40765111562499995 0.74206423125 0.498943271875 0.735959496875 0.493519975 0.6274309078125
7 0.178282421875 0.060546875 0.16006378125 0.052734375 0.15095445937500002 0.0556640625 0.15095445937500002 0.0751953125 0.15485845468749998 0.080078125 0.16266644531250002 0.076171875 0.173077096875 0.080078125 0.178282421875 0.076171875 0.2134183734375 0.0791015625 0.21992503281250003 0.07421875 0.231637015625 0.0751953125 0.23033568437500002 0.060546875 0.178282421875 0.060546875
7 0.5086109046875 0.1142030296875 0.6840215953125 0.11059661875 0.6840215953125 0.099176315625 0.5062080203125 0.10097952187499999 0.5086109046875 0.1142030296875