2 0.262044271875 0.400390625 0.0684154984375 0.40234375 0.0697063578125 0.6240234375 0.07486979218749999 0.7119140625 0.0787423671875 0.71484375 0.24268139375 0.7138671875 0.2672077046875 0.712890625 0.2710802796875 0.7099609375 0.2659168453125 0.4033203125 0.262044271875 0.400390625
2 0.2981883078125 0.572265625 0.2943157328125 0.5791015625 0.29689745 0.7919921875 0.300770025 0.794921875 0.48794450468750006 0.7939453125 0.48794450468750006 0.5712890625 0.43501930624999996 0.5703125 0.4169472890625 0.5703125 0.2981883078125 0.572265625
2 0.69964529375 0.4716796875 0.704808728125 0.4677734375 0.7022270109375001 0.3740234375 0.6957727203124999 0.37109375 0.5150525328125 0.373046875 0.508598240625 0.3779296875 0.508598240625 0.4599609375 0.51117995625 0.4853515625 0.51117995625 0.5244140625 0.5137616734375 0.6416015625 0.51763425 0.64453125 0.678991559375 0.6435546875 0.7073904453125001 0.6416015625 0.7073904453125001 0.5302734375 0.704808728125 0.4794921875 0.69964529375 0.4716796875
2 0.9178003765625 0.369140625 0.7344984734375 0.37109375 0.72804418125 0.3779296875 0.72804418125 0.4794921875 0.733207615625 0.5302734375 0.7306258984375 0.7255859375 0.7357893328125 0.9287109375 0.755152209375 0.93359375 0.8003322546874999 0.9326171875 0.925545528125 0.931640625 0.9319998203125 0.9267578125 0.9242546687500001 0.3798828125 0.9178003765625 0.369140625
2 0.3575677984375 0.810546875 0.3162603265625 0.8125 0.29689745 0.8173828125 0.2994791671875 0.9365234375 0.3085151765625 0.939453125 0.3872575421875 0.9384765625 0.4956896546875 0.9365234375 0.4956896546875 0.8173828125 0.4918170796875 0.810546875 0.3575677984375 0.810546875
3 0.9423266890625 0.8857421875 0.9461992625000001 0.890625 0.9526535562499999 0.8896484375 0.9578169890625 0.8759765625 0.9461992625000001 0.87109375 0.9423266890625 0.8740234375 0.9423266890625 0.8857421875
6 0.9552352734375 0.9248046875 0.9578169890625 0.8974609375 0.938518840625 0.8973019531249999 0.9371632546875001 0.9248046875 0.9552352734375 0.9248046875
7 0.148448725 0.287109375 0.1691024609375 0.283203125 0.23364538437500001 0.283203125 0.2400996765625 0.2783203125 0.2400996765625 0.2705078125 0.21557336562499999 0.265625 0.16135730937499998 0.263671875 0.1277949890625 0.267578125 0.0684154984375 0.267578125 0.0645429234375 0.2705078125 0.0645429234375 0.2919921875 0.0735789328125 0.296875 0.095523528125 0.2958984375 0.1019778203125 0.294921875 0.10714125468749999 0.2890625 0.1329584234375 0.28515625 0.148448725 0.287109375
7 0.42985587187499996 0.390625 0.3343323453125 0.396484375 0.32658719375 0.39453125 0.291734015625 0.3994140625 0.291734015625 0.4072265625 0.300770025 0.41015625 0.312812140625 0.4110631359375 0.443569515625 0.41028997812499995 0.45954561875 0.4111328125 0.45954561875 0.4033203125 0.45309132500000004 0.396484375 0.42985587187499996 0.390625
7 0.13037670625 0.72265625 0.072288075 0.7216796875 0.072288075 0.7294921875 0.08132408437500001 0.732421875 0.20653735625 0.7314453125 0.20653735625 0.7216796875 0.1923379125 0.71875 0.143285290625 0.71875 0.13037670625 0.72265625
7 0.628648078125 0.65234375 0.6079943421875 0.65625 0.5434514187499999 0.65234375 0.5382879843749999 0.65625 0.5137616734375 0.6572265625 0.5137616734375 0.6650390625 0.5279611171874999 0.66796875 0.5912131828125 0.6669921875 0.6441383796875 0.6640625 0.6480109546875 0.6591796875 0.6415566625 0.654296875 0.628648078125 0.65234375
4 0.47116334374999996 0.361328125 0.4853627875 0.3583984375 0.4853627875 0.1494140625 0.4789084953125 0.126953125 0.300770025 0.126953125 0.28657058125 0.1337890625 0.2839888640625 0.2470703125 0.2891522984375 0.2646484375 0.2891522984375 0.3017578125 0.2839888640625 0.3251953125 0.2891522984375 0.3427734375 0.2891522984375 0.3720703125 0.293024875 0.376953125 0.3085151765625 0.380859375 0.3407866375 0.3798828125 0.35498608125 0.376953125 0.3937118359375 0.37890625 0.4608364765625 0.375 0.47116334374999996 0.361328125
4 0.48794450468750006 0.4208984375 0.457871115625 0.41402604375 0.4092021375 0.41796875 0.3833849671875 0.416015625 0.3446592140625 0.41796875 0.31109689375 0.41796875 0.302060884375 0.4267578125 0.3046426 0.4326171875 0.291734015625 0.4384765625 0.2891522984375 0.4560546875 0.291734015625 0.5361328125 0.29689745 0.5517578125 0.3291689109375 0.556640625 0.42598329843749994 0.5556640625 0.4789084953125 0.552734375 0.4905262203125 0.5361328125 0.49310793750000004 0.5029296875 0.48794450468750006 0.4208984375
4 0.2659168453125 0.3134765625 0.2594625546875 0.3046875 0.22848195 0.30078125 0.1949196296875 0.3046875 0.179429328125 0.30078125 0.143285290625 0.3046875 0.08132408437500001 0.302734375 0.0774515078125 0.3056640625 0.0774515078125 0.3154296875 0.0645429234375 0.3232421875 0.070997215625 0.380859375 0.1962104890625 0.3818359375 0.22848195 0.37890625 0.2568808375 0.380859375 0.263335128125 0.3759765625 0.2659168453125 0.3134765625
4 0.7112630203125 0.923828125 0.7202990296875 0.9169921875 0.722880746875 0.8916015625 0.7177173125 0.8603515625 0.722880746875 0.8525390625 0.715135596875 0.8212890625 0.722880746875 0.8017578125 0.715135596875 0.7939453125 0.715135596875 0.7333984375 0.7099721625 0.6904296875 0.7125538796875001 0.6767578125 0.700936153125 0.671875 0.6777007 0.671875 0.65962868125 0.66796875 0.5242713296875 0.6709698453125 0.5189251078125 0.6806640625 0.5137616734375 0.6904296875 0.51117995625 0.7158203125 0.516343390625 0.7587890625 0.5137616734375 0.8720703125 0.5189251078125 0.9365234375 0.5382879843749999 0.939453125 0.588631465625 0.9384765625 0.628648078125 0.9375 0.6389749453125 0.935546875 0.646720096875 0.92578125 0.7112630203125 0.923828125
4 0.2736619984375 0.9248046875 0.2736619984375 0.8154296875 0.2709102875 0.739008703125 0.2443502171875 0.7351428578125 0.20524649843749998 0.734375 0.1748853453125 0.735916015625 0.0916509515625 0.740234375 0.0826149421875 0.7451171875 0.0826149421875 0.7548828125 0.072288075 0.7607421875 0.072288075 0.8525390625 0.0774515078125 0.9248046875 0.080033225 0.9384765625 0.08648751875 0.943359375 0.1187589796875 0.9443359375 0.23880881875 0.939453125 0.2678457078125 0.9392593859374999 0.2672077046875 0.92578125 0.2736619984375 0.9248046875
7 0.5098890984375 0.125 0.50343480625 0.1298828125 0.50730738125 0.138671875 0.6351023703124999 0.1396484375 0.6351023703124999 0.1318359375 0.6260663609375 0.126953125 0.566686871875 0.12890625 0.5098890984375 0.125
4 0.646720096875 0.23828125 0.6957727203124999 0.240234375 0.704808728125 0.2373046875 0.704808728125 0.1630859375 0.6983544359375 0.146484375 0.6802824171874999 0.14453125 0.516343390625 0.1494140625 0.516343390625 0.1572265625 0.5060165234375 0.1630859375 0.508598240625 0.2490234375 0.5150525328125 0.25390625 0.5679777296874999 0.2529296875 0.57185030625 0.24609375 0.5899223234375001 0.2421875 0.6338115125 0.2421875 0.646720096875 0.23828125
4 0.7035178703125 0.255859375 0.5279611171874999 0.255859375 0.51763425 0.265625 0.5137616734375 0.2646484375 0.508598240625 0.2783203125 0.5060165234375 0.3193359375 0.5150525328125 0.3359375 0.6893184265625 0.3349609375 0.700936153125 0.333984375 0.7099721625 0.3271484375 0.7073904453125001 0.2607421875 0.7035178703125 0.255859375
4 0.8517179640625001 0.1366278359375 0.9210256109375001 0.13769838125 0.9259762453124999 0.1216402625 0.72431475 0.1238795984375 0.7258325671875 0.1542917640625 0.8524251749999999 0.1510801484375 0.8517179640625001 0.1366278359375
4 0.7286614625000001 0.28008036875000003 0.7979691625 0.2806156515625 0.7965546890625 0.26616338125 0.9288050875 0.2650927953125 0.92526898125 0.1537565015625 0.7393456953124999 0.1553177265625 0.7406842546875 0.1730262359375 0.72512535625 0.174632065625 0.7286614625000001 0.28008036875000003
4 0.7286614625000001 0.3261136578125 0.7626081015625 0.3314663640625 0.8078702718749999 0.3293252734375 0.9033450796875 0.3266489203125 0.9033450796875 0.3132671546875 0.9295123515625001 0.31112606249999997 0.9302195093750001 0.28008036875000003 0.7437665625000001 0.281070234375 0.7428058875 0.3014911953125 0.7286614625000001 0.3014911953125 0.7286614625000001 0.3261136578125
7 0.8382284984374999 0.0824526109375 0.475862053125 0.0837458203125 0.4761312578125 0.10546924375 0.8353996546875001 0.1033281734375 0.8382284984374999 0.0824526109375
2 0.2583071015625 0.1252742625 0.05941642968750001 0.126555184375 0.0624068203125 0.258556665625 0.26255041874999996 0.2548097875 0.2583071015625 0.1252742625