3 0.0817353953125 0.8572596156250001 0.065664375 0.8572596156250001 0.065664375 0.8753977265625 0.0817353953125 0.8753977265625 0.0817353953125 0.8572596156250001
6 0.08291523437500001 0.8839423078124999 0.0629725078125 0.8839423078124999 0.0629725078125 0.917403846875 0.08291523437500001 0.917403846875 0.08291523437500001 0.8839423078124999
2 0.361815578125 0.7345236015625 0.0936941578125 0.7345236015625 0.0936941578125 0.9189554203125001 0.361815578125 0.9189554203125001 0.361815578125 0.7345236015625
2 0.64564719375 0.07508741249999999 0.09597938125 0.07508741249999999 0.09597938125 0.3901573421875 0.64564719375 0.3901573421875 0.64564719375 0.07508741249999999
7 0.59043528125 0.672609265625 0.4367353953125 0.672609265625 0.4367353953125 0.740450175 0.59043528125 0.740450175 0.59043528125 0.672609265625
1 0.3453478046875 0.4151315609375 0.34884841093749996 0.4071202125 0.3423857640625 0.39972509375 0.0836403234375 0.397659225 0.0892655859375 0.40650393906250004 0.0828029453125 0.4180074328125 0.3453478046875 0.4151315609375
6 0.2080166421875 0.46366036250000003 0.0878829484375 0.46313064531250003 0.09007341875 0.47988849375 0.2069395390625 0.47783430468750004 0.2080166421875 0.46366036250000003
1 0.36688995 0.7123673515625 0.08882575312499999 0.7131451359375001 0.08172585624999999 0.730649659375 0.362581596875 0.7310605296875 0.36688995 0.7123673515625
6 0.9403296796875 0.9209277828125 0.9429920125000001 0.9103042578125 0.9366433640625 0.90421131875 0.8261794437500001 0.904877578125 0.8209346359374999 0.9190530625 0.82851196875 0.9249897296875 0.9403296796875 0.9209277828125
4 0.6763498296875 0.9049356812499999 0.8666037718749999 0.9036858406249999 0.8692660390625001 0.8927498328125001 0.9466782859375 0.890250184375 0.9517981609374999 0.8872818468749999 0.948726253125 0.8046368718749999 0.7584723546875 0.8068240718749999 0.7007203515625 0.8047931046875 0.7011299390625 0.822915634375 0.67532585625 0.8251028359375001 0.6763498296875 0.9049356812499999
4 0.673482709375 0.5802594453125 0.671434740625 0.771596925 0.671434740625 0.7920628562500001 0.676145009375 0.807373315625 0.6949861109375 0.807373315625 0.6996963796875 0.8042487375 0.73819768125 0.8058110265625 0.7418840078125 0.8040925124999999 0.7437271562500001 0.7923753375 0.941353709375 0.7905006015625 0.9505694328125 0.7878446953125 0.9495454062500001 0.7269155078125 0.9468830734375 0.465687046875 0.9450399375 0.4483456765625 0.9247653515625001 0.44803321250000006 0.8471482515625001 0.4472520765625 0.7021539125 0.44818943593749994 0.696419671875 0.46443722187500003 0.671434740625 0.46443722187500003 0.673482709375 0.5802594453125
4 0.670746684375 0.4468052078125 0.828573878125 0.44585440781249996 0.86355495625 0.44737568124999993 0.8746890734375 0.4490237203125 0.8858232171875 0.4464882765625 0.9031891218749999 0.44699535625 0.9381701953125001 0.44642488125 0.9479070578125001 0.4451832546875 0.9479070578125001 0.43393476875000003 0.9468830734375 0.3420155265625 0.9474974812499999 0.272593234375 0.9456543890625 0.2099076828125 0.9462687531249999 0.0800059375 0.9429920125000001 0.0656328953125 0.6680834828125 0.066873078125 0.6647404078125 0.2337855796875 0.6696011609375 0.41150182500000004 0.670746684375 0.4468052078125
4 0.61116059375 0.9244239453124999 0.6587314609375 0.9221320140625 0.661235190625 0.742211525 0.38345748281250003 0.742829125 0.374808846875 0.8816403109375001 0.3798163 0.9248059906250001 0.61116059375 0.9244239453124999
7 0.49098174375000003 0.443212390625 0.489479540625 0.42755047187499995 0.372938075 0.4284192671875 0.3708029 0.44588636875 0.4839713109375 0.443594334375 0.49098174375000003 0.443212390625
4 0.3468486 0.45823144375 0.3478768171875 0.44744556874999997 0.3579025125 0.4458767078125 0.3607302703125 0.4362674703125 0.3540465390625 0.4268543421875 0.07898244374999999 0.42763875625000003 0.08335259687499999 0.45999640937499997 0.3427354265625 0.4609769390625 0.3468486 0.45823144375
4 0.37713064687500003 0.49764892187500004 0.49898151874999996 0.49764892187500004 0.50309455625 0.484901975 0.6313720984375 0.4833331453125 0.6488528203125 0.47999930468749996 0.652194728125 0.46431075 0.650652303125 0.4482299828125 0.40342145937499996 0.45037696406250005 0.403094640625 0.4625458 0.3758453125 0.4625458 0.37713064687500003 0.49764892187500004
4 0.379187246875 0.563344771875 0.446539409375 0.563344771875 0.4442257203125 0.5478523171874999 0.6491099359375 0.5505978140625001 0.6473104515625 0.49470734531250005 0.5100354312500001 0.498825590625 0.47764471249999996 0.4982372453125 0.4034352296875 0.498456421875 0.40129515624999995 0.5141219328125 0.3750741296875 0.5143180125 0.379187246875 0.563344771875
4 0.39049825 0.58047735 0.3753311625 0.5855761 0.380729615625 0.613227178125 0.5347141453125 0.6102856015625 0.5516807171875 0.6138155234375 0.5740456593750001 0.6106778140625 0.5784158390624999 0.5971464109375 0.6457679734374999 0.59538145 0.653480034375 0.593420378125 0.6467962734375 0.5634160265625 0.5817578015625 0.5600822156249999 0.4820148921875 0.5608666296875 0.48175788593749996 0.565180996875 0.40703548593749994 0.5647373890625 0.40386585156250004 0.5643965671875 0.40746482031250003 0.5783201453125 0.39049825 0.58047735
4 0.378764875 0.6618675234375 0.4309540453125 0.663801759375 0.43306701406250003 0.647038471875 0.652177028125 0.64510424375 0.6471059015625 0.6117388312500001 0.559630959375 0.6109329015625 0.4643382 0.6122223640625 0.4066713984375 0.6123647546875 0.40517640000000005 0.62640671875 0.37432774062499996 0.625923159375 0.378764875 0.6618675234375
4 0.36697740156249997 0.6947115609375001 0.36506511875 0.47736751718750003 0.12078979999999999 0.480284865625 0.118399703125 0.4963303984375 0.0844592609375 0.4952364078125 0.0705962421875 0.7122158296875 0.256437303125 0.7097766812499999 0.268502284375 0.6968996375 0.33303685625 0.701275675 0.36697740156249997 0.6947115609375001