7 0.10534648906249999 0.09430345625 0.14087025312499998 0.0904569078125 0.1395297296875 0.07430140468749999 0.1033357140625 0.07122416718749999 0.056752640624999996 0.06981376875 0.051576671875 0.0720388671875 0.0512230046875 0.090328690625 0.0711632359375 0.09173909062499999 0.0947898921875 0.09430345625 0.10534648906249999 0.09430345625
4 0.048518979687500005 0.217822446875 0.0620891390625 0.21842151250000003 0.2129267609375 0.21682401406250001 0.2160583703125 0.21203153593750002 0.21527546718749999 0.200250040625 0.24920088749999997 0.198852234375 0.25062918437500004 0.1845412265625 0.2516136515625 0.09759165 0.21899900625000002 0.0952251171875 0.093092478125 0.0963297890625 0.0767363734375 0.0984560546875 0.08087859375 0.113184590625 0.052955371875000004 0.11258553281250001 0.0513895875 0.1213717328125 0.048518979687500005 0.217822446875
4 0.048486159375 0.3090774625 0.0502197140625 0.42518699375 0.197419934375 0.4234974578125 0.20109993906249998 0.4086671296875 0.2499213734375 0.40847939218749996 0.2499213734375 0.40097036093750005 0.2543373890625 0.2870262765625 0.2511480421875 0.221027365625 0.17661787812500002 0.21927643749999998 0.1134898078125 0.2210266078125 0.0750524828125 0.22429761093749997 0.07662617187500001 0.23828225 0.0530876671875 0.2367925890625 0.0504329484375 0.237063446875 0.048486159375 0.3090774625
4 0.1023670640625 0.51139615625 0.101867521875 0.49368575625 0.146960003125 0.491676540625 0.15299329374999998 0.49132680000000006 0.1671623625 0.491396746875 0.18398243593750002 0.49174648750000005 0.1853536359375 0.49419467499999997 0.1916611546875 0.49475426093749997 0.20034542812499997 0.49286565937500004 0.2515709640625 0.4924459703125 0.251256484375 0.4702471265625 0.251662053125 0.4277355140625 0.178629134375 0.4267137015625 0.0795278609375 0.42697606875 0.07623375624999999 0.4299965390625 0.0765576234375 0.446524725 0.0505816671875 0.446524725 0.050748176562500004 0.5149637171875 0.1023670640625 0.51139615625
2 0 0.9171979984374999 0.031326073437500004 0.9146284984375 0.09176964843749999 0.9074910703124999 0.1290804859375 0.9146284984375 0.140646840625 0.943178221875 0.16862996875 0.9525996140625 0.213402975 0.9545981078124999 0.23653568281249998 0.9411797296875 0.24884827031249998 0.9117735281250001 0.261462640625 0.9054363828125 0.2621162765625 0.8899318296875001 0.23706050781250002 0.8719265359374999 0.2385856328125 0.8127070875 0.2314982453125 0.7998689156250001 0.2507596203125 0.7729427859375 0.253352484375 0.7051517265625 0.24631467499999998 0.637289596875 0.2122368984375 0.6191498890625 0.2122571078125 0.5493306812500001 0.20110683125 0.5056342609375 0.199231628125 0.4986151421875 0.182089525 0.49450388125 0.1687598171875 0.4916161984375 0.13539255625 0.49196691406250004 0.11853863281250002 0.49442192812499997 0.114736234375 0.49617067343750004 0.1050250609375 0.5070892687499999 0.10110310156249999 0.513305675 0.0978814921875 0.5207010546874999 0.088076603125 0.53740043125 0.0779894984375 0.55294120625 0.0779894984375 0.57230094375 0.0755670859375 0.596603590625 0.0758362375 0.6069013234375 0.06560829375 0.6130799625 0.0328333984375 0.6858345609375001 0.017420571875 0.74976575 0.03491574375 0.8125280421875001 0.0004637046875 0.8193245593749999 0 0.8661655859374999 0 0.9171979984374999
4 0.2716995296875 0.943823146875 0.4144767015625 0.94466030625 0.47027470468750004 0.942985971875 0.4710952296875 0.92289383125 0.47273636406249997 0.8665939609375 0.329412140625 0.8642917390625 0.301786675 0.8668032578125 0.300305878125 0.8694152687500001 0.2990514796875 0.8825002453125 0.2738876734375 0.8827095359375001 0.2700584171875 0.895476421875 0.2716995296875 0.943823146875
4 0.283990925 0.8628462171875 0.3257563375 0.8628462171875 0.3251919484375 0.8494582875000001 0.46911325000000004 0.8498901578125 0.47334622968750006 0.769994459375 0.41220708437500003 0.7683487515625 0.30087296406249997 0.7714055375 0.297486778125 0.7714140031250001 0.29781866562500003 0.7863755609374999 0.2718563953125 0.7868074296875001 0.2718563953125 0.8613346749999999 0.283990925 0.8628462171875
4 0.27239864062499997 0.7389772031249999 0.3917673328125 0.7397177796875 0.3940256484375 0.7231779890625 0.471776603125 0.723671715625 0.47403496875 0.6582531046875 0.37853999531250004 0.6545501640625 0.3007890421875 0.6540564375 0.30056863749999996 0.6571206093749999 0.30046640468749997 0.6703493703125 0.27239864062499997 0.6708430984375 0.2704629375 0.6886172125 0.27239864062499997 0.7389772031249999
4 0.271643496875 0.6504736328125 0.3365634875 0.65228798125 0.374599459375 0.6514968921875 0.41028326093749995 0.6516209046875 0.41262693281249996 0.634787409375 0.47476239375 0.6362920609375 0.4737343890625 0.51907818125 0.4726563640625 0.3414021109375 0.47436833749999996 0.28953715468749996 0.384856190625 0.28560720625 0.3119747390625 0.2893500140625 0.298034334375 0.28972429375000003 0.2975832609375 0.291165434375 0.2994661078125 0.30332464375 0.2721232265625 0.30589405625 0.2711638046875 0.47070374687500005 0.271643496875 0.6504736328125
4 0.5646457640625 0.5603083468750001 0.6848326734375 0.557506909375 0.6871862859375 0.5527044203125 0.6884938359375 0.49667541093749995 0.61919369375 0.49467437500000006 0.4962840453125 0.4950745828125 0.4878623078125 0.4958614859375 0.488546390625 0.5775172656249999 0.5416328874999999 0.5765167484375 0.5424174234375 0.557506909375 0.5646457640625 0.5603083468750001
4 0.49314593437500004 0.7284769453125 0.6884938359375 0.7280767359375 0.6884938359375 0.7126687578124999 0.690585921875 0.6118365703124999 0.568460790625 0.6082057625 0.5192487046875 0.6104912859375 0.5219120234375 0.6260590015624999 0.50151424375 0.6254586921875 0.49314593437500004 0.6306613890625 0.49314593437500004 0.7284769453125
4 0.5952637046875 0.1046907640625 0.6875906515625 0.10146321875 0.6864189890625 0.0693671328125 0.5994816953125001 0.0688292171875 0.4884297734375 0.072036365625 0.48700213124999997 0.1095320671875 0.48957978437499994 0.1163457671875 0.5931546921875 0.11293893125000001 0.5952637046875 0.1046907640625
4 0.48863579843749994 0.25627916875 0.6341541421875 0.2575486078125 0.65785419375 0.2548283671875 0.65572116875 0.24195256562499998 0.6860572421875 0.241589865625 0.6860572421875 0.13426954062500002 0.6860572421875 0.11884257499999999 0.609506065625 0.11648502812499999 0.5175498734375 0.117391775 0.5133317234375 0.12025497968750001 0.515590675 0.1358903078125 0.4888767984375 0.137324775 0.4865334734375 0.1946842171875 0.48863579843749994 0.25627916875
4 0.5101122359375 0.3418742 0.665162715625 0.340956265625 0.690654575 0.3391204171875 0.690654575 0.2764717234375 0.6612639515625001 0.27601275625 0.5775906875000001 0.2757832765625 0.5194092609375 0.27555379062499996 0.51562096875 0.28134631718750003 0.5122115546875 0.2925354890625 0.49001863749999997 0.29322395156250003 0.48731951718750005 0.3402678296875 0.5101122359375 0.3418742
7 0.5216191609374999 0.2587963078125 0.49849108593749997 0.2584602875 0.4885372390625 0.258684296875 0.4881125921875 0.2596262171875 0.49058656406249995 0.2757095140625 0.5081521875 0.2760455375 0.5217655390625 0.2707811640625 0.5216191609374999 0.2587963078125
7 0.296370215625 0.257733259375 0.2869269 0.258303725 0.2719135375 0.26500160625 0.272016384375 0.27941095312500003 0.3465689625 0.276558625 0.3433383421875 0.2613462109375 0.296370215625 0.257733259375
7 0.5868046953125 0.60463286875 0.585565196875 0.5875605953124999 0.5341252703125 0.5828182953125001 0.522310465625 0.5872801078125 0.492291590625 0.589220403125 0.49817927500000003 0.6077153703125 0.515222625 0.6079524828125 0.5868046953125 0.60463286875
7 0.9150773984375 0.5536531515625 0.833579184375 0.55104488125 0.7455735359375 0.551756225 0.7102473125000001 0.5574469890625 0.709043628125 0.5596985250000001 0.714585625 0.5776017828125 0.7669551765625 0.5733336953125 0.9160070453125 0.5721481203125001 0.9150773984375 0.5536531515625
7 0.7047820828125 0.32095471875000003 0.774392303125 0.321153496875 0.7687063375000001 0.3067030171875 0.7086267984375 0.306655778125 0.7047820828125 0.32095471875000003
4 0.7090919015625 0.6671283296875 0.74300938125 0.66845548125 0.7578482906249999 0.667865634375 0.7611244046875 0.65400428125 0.8116151984375 0.655773821875 0.8204800062500001 0.6578382703125001 0.839173159375 0.656806046875 0.9037975203125 0.6541517406249999 0.9091934609375001 0.6425023234375 0.9099643296875 0.57924146875 0.8789241203125 0.5770914765625 0.84524359375 0.5770914765625 0.7511861453125 0.5774790234375 0.7377795625 0.581207034375 0.73722799375 0.5976741140625 0.7133315953125 0.596936809375 0.7094773359375 0.600918259375 0.7090919015625 0.6671283296875
4 0.710517475 0.549030990625 0.721654328125 0.5505189140625 0.764080409375 0.5491662546875 0.76849980625 0.5350986015625 0.910554696875 0.528064771875 0.9065331046875 0.4330727125 0.9056492281249999 0.334434921875 0.9029975984374999 0.325456384375 0.775365796875 0.32464479218750003 0.7324576234375 0.32774801875000004 0.7317305171874999 0.3449132453125 0.7066284234375 0.3457248375 0.709280053125 0.4649813171875 0.710517475 0.549030990625
4 0.9070559109375 0.0873345125 0.9094519484375001 0.079084190625 0.9067563890624999 0.07037550000000001 0.739333865625 0.06900044375 0.7130119234375 0.07343873437500001 0.7132603984375 0.10223094375 0.7881363109375 0.1017725890625 0.7896338296875001 0.086417809375 0.9070559109375 0.0873345125
4 0.8001830953125 0.16725492656250002 0.8063920609374999 0.166282915625 0.8074800421875 0.15534128593750002 0.908178225 0.153791125 0.9097724484375 0.11002739531250001 0.8978155921875001 0.1071301375 0.8258751890625 0.10530029375000001 0.74377143125 0.10514780625 0.7373506359374999 0.10840956093750001 0.7390343671874999 0.1228567703125 0.7099825 0.1237734765625 0.7117795171875 0.16571265468750002 0.8001830953125 0.16725492656250002
2 0.7026177078125 0.34764237656249997 0.47558650937499997 0.3475485875 0.47703929843750004 0.49451121562499994 0.5708258921875 0.493177753125 0.701030209375 0.492207971875 0.7026177078125 0.34764237656249997
2 0.955104734375 0.7467055171875 0.7153763578125 0.7460921921875 0.707721565625 0.745999215625 0.7045764343750001 0.9438029078125 0.9706849203125 0.943492753125 0.9734753953125 0.74777314375 0.955104734375 0.7467055171875
2 0.9126657578125 0.1704935890625 0.71074928125 0.17068735 0.7104075453124999 0.30603384375 0.7774872234375 0.30612113750000003 0.9120385453125 0.30612113750000003 0.9126657578125 0.1704935890625
2 0.470755228125 0.259136696875 0.474561996875 0.070121121875 0.27047715625 0.06963564375 0.26762818906249997 0.0712880453125 0.2670933625 0.25525285468750003 0.2675163375 0.2576802546875 0.3728367984375 0.2594603453125 0.470755228125 0.259136696875
4 0.710476190625 0.74511519375 0.7961904765625001 0.7436570421875001 0.8038095234375 0.733449984375 0.9180952375 0.72761738125 0.9142857140625 0.6649168859375 0.7371428578125 0.6678331875 0.7047619046875 0.6780402453125001 0.710476190625 0.74511519375