2 0.9625636109375 0.0830078125 0.9561465203124999 0.078125 0.10780712343750001 0.0810546875 0.10780712343750001 0.3701171875 0.114224215625 0.376953125 0.219464503125 0.380859375 0.27850173906250003 0.37109375 0.3503731546875 0.373046875 0.4145440625 0.400390625 0.47358129687500006 0.4453125 0.512083840625 0.466796875 0.6455593281249999 0.470703125 0.6558266734375 0.466796875 0.6814950359374999 0.46484375 0.71743074375 0.4765625 0.7495161984375 0.5068359375 0.7739011437500001 0.521484375 0.8342217953125 0.5224609375 0.9433123390624999 0.5078125 0.95871335625 0.50390625 0.965130446875 0.4951171875 0.9625636109375 0.0830078125
7 0.3221379546875 0.439453125 0.2900525015625 0.4443359375 0.29903642812500003 0.453125 0.31957111875 0.455078125 0.456896859375 0.4541015625 0.459463696875 0.4462890625 0.45304660625000004 0.443359375 0.3426726453125 0.443359375 0.3221379546875 0.439453125
4 0.26566755625 0.669921875 0.2913359203125 0.666015625 0.5095170046875 0.666015625 0.5159340953125 0.6611328125 0.51850093125 0.6435546875 0.5210677687499999 0.5791015625 0.5159340953125 0.5478515625 0.5236346046875 0.5107421875 0.5210677687499999 0.4892578125 0.50695016875 0.486328125 0.4607471140625 0.48828125 0.3632073359375 0.484375 0.11165737812500001 0.484375 0.1052402875 0.5048828125 0.1052402875 0.6767578125 0.141175996875 0.6806640625 0.1655609421875 0.677734375 0.191229303125 0.6796875 0.19636297656249999 0.66796875 0.26566755625 0.669921875
4 0.4119772265625 0.775390625 0.512083840625 0.771484375 0.51850093125 0.7685546875 0.513367259375 0.6904296875 0.5018164953124999 0.685546875 0.4299450796875 0.68359375 0.1758282859375 0.68359375 0.14502625156249999 0.6875 0.139892578125 0.697265625 0.11165737812500001 0.69921875 0.1026734515625 0.7041015625 0.100106615625 0.7236328125 0.1052402875 0.7314453125 0.100106615625 0.7451171875 0.1052402875 0.7724609375 0.1026734515625 0.7841796875 0.114224215625 0.7890625 0.1360423234375 0.7880859375 0.21176399375 0.787109375 0.23999919374999998 0.7734375 0.29390275625 0.771484375 0.4119772265625 0.775390625
7 0.1090905421875 0.818359375 0.1437428328125 0.8193359375 0.1488765046875 0.8173828125 0.1475930875 0.810546875 0.1026734515625 0.8115234375 0.1090905421875 0.818359375
4 0.513367259375 0.8447265625 0.5159340953125 0.8291015625 0.5095170046875 0.82421875 0.301603265625 0.82421875 0.25026653906249996 0.83203125 0.1989298125 0.828125 0.1835287953125 0.83203125 0.1475930875 0.83203125 0.1437428328125 0.8349609375 0.152726759375 0.845703125 0.114224215625 0.845703125 0.1026734515625 0.8486328125 0.1026734515625 0.9208984375 0.10652370625 0.923828125 0.47743155000000004 0.9267578125 0.514650678125 0.92578125 0.51850093125 0.9228515625 0.51850093125 0.8505859375 0.513367259375 0.8447265625
6 0.97026411875 0.8857421875 0.9676972828125001 0.9130859375 0.9753977921875 0.9150390625 0.9830983015625 0.9130859375 0.9856651375000001 0.8896484375 0.9818148828125001 0.884765625 0.97026411875 0.8857421875
3 0.9849513421875 0.874922115625 0.9856651375000001 0.8583984375 0.9715475375 0.857421875 0.9707084421875001 0.8753389437499999 0.9849513421875 0.874922115625
4 0.958874628125 0.5451048390625 0.5371117 0.5457193890625 0.537088925 0.6766182953125 0.8326897453125 0.67784739375 0.8318820921875 0.6630982203125 0.958874628125 0.65756728125 0.958874628125 0.5451048390625
4 0.956280609375 0.67784739375 0.579106884375 0.6803055890625 0.58233749375 0.696283859375 0.5371089546875 0.696283859375 0.536304046875 0.793997128125 0.7261023890625 0.7946116765625 0.7261023890625 0.7774043093749999 0.9587063125 0.7761752109375 0.956280609375 0.67784739375
4 0.9587035671875 0.7946116765625 0.5766839265625 0.797069871875 0.5750686218750001 0.81243359375 0.5371089546875 0.8099753984375001 0.538724259375 0.8290264140625 0.9433581703125 0.8253391203125 0.9433581703125 0.81243359375 0.9595112203125 0.80936085 0.9587035671875 0.7946116765625
4 0.9595112203125 0.8290264140625 0.5847604515625 0.8302555109374999 0.579106884375 0.834557353125 0.579106884375 0.848077428125 0.5363013015625 0.848077428125 0.53791660625 0.8781903234374999 0.9336663390625001 0.875117578125 0.9336663390625001 0.861597503125 0.9587035671875 0.8579102109375001 0.9595112203125 0.8290264140625
4 0.9578959156250001 0.8806485187499999 0.579106884375 0.8818776156249999 0.5799145359375 0.8966267875 0.5363013015625 0.8941685921875001 0.53387834375 0.9298124265625001 0.7244843375000001 0.9285833296874999 0.7252919890625 0.9144487046875 0.9587035671875 0.9101468625000001 0.9578959156250001 0.8806485187499999