3 0.049300928125 0.8564453125 0.049300928125 0.8701171875 0.0609774625 0.87109375 0.064869640625 0.8583984375 0.049300928125 0.8564453125
6 0.062274856249999996 0.8857421875 0.0505983203125 0.8828125 0.04411135625 0.8876953125 0.0415165703125 0.9150390625 0.0557878921875 0.91796875 0.062274856249999996 0.9130859375 0.062274856249999996 0.8857421875
7 0.4115048953125 0.751921953125 0.338619528125 0.748046875 0.15957931875 0.748046875 0.0839895703125 0.7483087187499999 0.07534553125 0.7663748906250001 0.1388210328125 0.765625 0.4115048953125 0.7656522140625001 0.4115048953125 0.751921953125
4 0.4865223109375 0.92578125 0.4930092765625 0.9208984375 0.4956040625 0.7802734375 0.4865223109375 0.7734375 0.1483401203125 0.7707107468750001 0.110278390625 0.775390625 0.083033140625 0.7978515625 0.08043835625 0.9189453125 0.0869253203125 0.923828125 0.2192593890625 0.927734375 0.4865223109375 0.92578125
4 0.4956040625 0.7216796875 0.4956040625 0.6142578125 0.4891170984375 0.609375 0.2511088125 0.6041929953125 0.11280323125 0.60708359375 0.0839895703125 0.6265950640625 0.07918729375 0.7407732609375001 0.3412143140625 0.7421875 0.4865223109375 0.7265625 0.4956040625 0.7216796875
4 0.2971029578125 0.6015625 0.4683588125 0.587890625 0.4787379546875 0.5859375 0.490414490625 0.5712890625 0.4956040625 0.4892578125 0.4839275265625 0.482421875 0.1258471046875 0.484375 0.1076836046875 0.48828125 0.08043835625 0.5068359375 0.075248784375 0.5830078125 0.092114890625 0.599609375 0.20692788125 0.6027477234374999 0.2971029578125 0.6015625
4 0.4605744546875 0.46484375 0.4930092765625 0.4580078125 0.498198846875 0.3994140625 0.4891170984375 0.18359375 0.1154679625 0.1875 0.083033140625 0.2080078125 0.08043835625 0.4599609375 0.0869253203125 0.478515625 0.13201233750000002 0.480546003125 0.4605744546875 0.46484375
4 0.490414490625 0.1591796875 0.4956040625 0.0947265625 0.4787379546875 0.060546875 0.1829323890625 0.0625 0.1063862125 0.0693359375 0.08043835625 0.1044921875 0.08110825 0.18259452812500002 0.4683588125 0.1640625 0.490414490625 0.1591796875
4 0.5661381875 0.18259452812500002 0.9016880171875 0.1796875 0.9237436953125 0.1748046875 0.92633848125 0.1005859375 0.9198515171875 0.0625 0.577339809375 0.060546875 0.51247016875 0.064453125 0.511172775 0.1591796875 0.51331314375 0.20066069843749998 0.5536522390624999 0.1970474640625 0.5661381875 0.18259452812500002
7 0.8238444484375 0.63671875 0.85627926875 0.6318359375 0.85627926875 0.6240234375 0.8446027328125 0.6171875 0.5228493109375 0.626953125 0.5189571328125 0.6337890625 0.52803888125 0.638671875 0.574745025 0.640625 0.8238444484375 0.63671875
4 0.927635875 0.9140625 0.9341228390625 0.9091796875 0.9341228390625 0.7080078125 0.931528053125 0.6533203125 0.9250410890625 0.642578125 0.54620238125 0.6484375 0.5215519171875 0.6669921875 0.5189571328125 0.9013671875 0.525444096875 0.921875 0.8108705203125 0.91796875 0.927635875 0.9140625
7 0.852387090625 0.220703125 0.8588740546875 0.2158203125 0.8575766609375 0.203125 0.797896590625 0.201171875 0.5202545265625 0.208984375 0.5176597390625 0.220703125 0.577339809375 0.224609375 0.8264392328125 0.22265625 0.852387090625 0.220703125
4 0.7582292515625 0.6130428171875 0.91725673125 0.595703125 0.92633848125 0.5869140625 0.92893326875 0.4658203125 0.9237436953125 0.2294921875 0.5440476859375 0.227872025 0.5137675625 0.2529296875 0.5137675625 0.5732421875 0.5189571328125 0.6083984375 0.52803888125 0.615234375 0.7582292515625 0.6130428171875