2 0.01845826875 0.25450046249999997 0.01845826875 0.2626644265625 0.0291871609375 0.26515896875 0.0271573703125 0.29645416875 0.0228078109375 0.2971344953125 0.02019808125 0.30416458749999997 0.0268673921875 0.31618375 0.0271573703125 0.3464454640625 0.086311209375 0.3482596703125 0.08892093749999999 0.3464454640625 0.092110603125 0.17043102968749999 0.0310242515625 0.1705294546875 0.0274473296875 0.172443875 0.028897182812499998 0.2501917046875 0.01845826875 0.25450046249999997
2 0.0874498578125 0.3751252859375 0.0230423984375 0.3754054703125 0.019181684375 0.5093381406249999 0.019482434375 0.5918114250000001 0.08354023125 0.5927522234375 0.0874498578125 0.3751252859375
2 0.0947843296875 0.8259284859375 0.0969200640625 0.6658245 0.09442838906249999 0.649956828125 0.020065221875 0.647984225 0.017276021875 0.7242375203125 0.020390153124999998 0.8264852250000001 0.0947843296875 0.8259284859375
1 0.0776816859375 0.64652904375 0.0784087484375 0.6347777625 0.04278290625 0.6321242515625001 0.0218402578125 0.6306180609375 0.020971168749999998 0.6313660999999999 0.020001760937499998 0.64614996875 0.0776816859375 0.64652904375
1 0.304921578125 0.8817070093750001 0.2506118421875 0.880365728125 0.24975429375 0.8745534812500001 0.165631325 0.8783869890625 0.142278125 0.8796950796875 0.145994071875 0.8953434171874999 0.30406406874999997 0.8946727687499999 0.304921578125 0.8817070093750001
1 0.97351740625 0.420270190625 0.8999452187499999 0.417790078125 0.8942370343749999 0.4155579875 0.8797421640625 0.418742325 0.863476278125 0.420270190625 0.8669646328124999 0.43242273906250006 0.976054365625 0.43341477968750003 0.97351740625 0.420270190625
7 0.5612335421875 0.1314647625 0.6840183734374999 0.13425388437500002 0.734684740625 0.1360876640625 0.75565194375 0.1344058359375 0.9703210546875001 0.1302012703125 0.97542849375 0.065085265625 0.9574181812500001 0.0497385953125 0.94397766875 0.04595448125 0.91924715625 0.04595448125 0.9122581000000001 0.0564659015625 0.63807506875 0.0570965890625 0.6074998390624999 0.0418493734375 0.5806188265625 0.042690290625 0.55875036875 0.0561449046875 0.530354946875 0.058209314062499996 0.4159903046875 0.060064459375000004 0.41782439531250004 0.11959178749999999 0.4471699046875 0.12748094375000002 0.5612335421875 0.1314647625
2 0.173823434375 0.2121784859375 0.1673383375 0.2353638390625 0.1849407546875 0.29952030625 0.187256865625 0.3321247234375 0.1807717359375 0.365815928125 0.1756763421875 0.41031382968749996 0.212733990625 0.450525925 0.23728467812499998 0.45342409687499996 0.22199843437500003 0.5536302984375 0.213660428125 0.63273383125 0.2460858859375 0.66730099375 0.25025487343749997 0.7133094328125 0.2697101359375 0.7807078734374999 0.2937976515625 0.8386712515625 0.319737978125 0.9065094046875 0.3114000046875 0.9300570406249999 0.29101827343750003 0.9394760796874999 0.1298174546875 0.94201200625 0.10202421875 0.9912808468750001 0.2785113125 0.9981640359374999 0.4915929140625 0.997801728125 0.60091298125 0.9945413125 0.5874796140625 0.967370990625 0.5680243843749999 0.9655596296875 0.5680243843749999 0.9478083234374999 0.47260085468749996 0.9434610593749999 0.48001242343749995 0.832445715625 0.45453526718750004 0.791146771875 0.45499843906250004 0.755281925 0.513827490625 0.6060406953124999 0.542547228125 0.5047386781250001 0.5402311156249999 0.46597567968750003 0.5217022921875001 0.41960496249999996 0.5624656921875 0.394576771875 0.5680243843749999 0.34428203125 0.551811671875 0.325806221875 0.544400040625 0.298635865625 0.5226287000000001 0.2129539890625 0.52123899375 0.1865081921875 0.48603422187499995 0.14389710625000002 0.4637997109375 0.137376225 0.4462438625 0.1344546546875 0.4404727828125 0.132950190625 0.43369740625000003 0.1305449640625 0.373079546875 0.11963707187499999 0.35135370625 0.11082684218750001 0.3404579484375 0.0930848828125 0.34957744687500003 0.050292351562500004 0.33294776718749997 0.036447721875 0.3305338015625 0.014212384375000001 0.31742549531250003 0 0.1459605859375 0.0012685328125000002 0.1437140875 0.04887214375 0.18262464375 0.1376285796875 0.2303363765625 0.1662480046875 0.173823434375 0.2121784859375
2 0.5773425171875 0.9652752874999999 0.5917244187499999 0.9652752874999999 0.6536772515625 0.9671787359374999 0.9738233624999999 0.9690821906249999 0.9749296671875 0.7888685843750001 0.975814703125 0.599367328125 0.9778060421875001 0.43951621249999995 0.8432799359375001 0.43899709218750005 0.6731673375 0.43778580468749995 0.5676937468750001 0.43740925312499995 0.5680987156249999 0.705505465625 0.5657786312499999 0.8908410640625 0.5687133703125 0.963544878125 0.5773425171875 0.9652752874999999
4 0.6054226140625001 0.22626777812499999 0.6462852234375001 0.2271145640625 0.6913346109375 0.227033984375 0.7103599421875 0.2267959203125 0.74545545 0.2286012828125 0.8162296234375 0.226815784375 0.8605716953125 0.22741095156250002 0.866355421875 0.228006115625 0.90136200625 0.22741095156250002 0.90029655625 0.214079246875 0.9397285734375 0.21539255468750002 0.9808232562500001 0.2146783515625 0.981584271875 0.1723570921875 0.8477982390625 0.1715238625 0.8409704796874999 0.1697383609375 0.8181400921875 0.1692622296875 0.7512145718750001 0.1692622296875 0.7367212015625 0.170690628125 0.6609495875 0.1704525609375 0.658209940625 0.169381265625 0.6411632593750001 0.1687860984375 0.617724065625 0.16735770156250002 0.5978133609375 0.1708260453125 0.5998713812500001 0.1844319125 0.5700965546875 0.1824585234375 0.5703488921875 0.22784648437500002 0.6054226140625001 0.22626777812499999
4 0.6048780921875 0.285949359375 0.6419546953124999 0.285305828125 0.6446850078125 0.286096678125 0.6815947890625 0.28696661562500003 0.7011114843749999 0.28498948281250003 0.7136506921875 0.2845149765625 0.72765468125 0.286137034375 0.7771762812499999 0.28605795 0.8018858890624999 0.286374290625 0.8186303374999999 0.2858576703125 0.9045175734375 0.28593623125 0.9040153343749999 0.2720316265625 0.949503190625 0.27148172812500004 0.9794965890625 0.2720316265625 0.9773119046875 0.23056585 0.96063760625 0.2286019234375 0.954309409375 0.227737796875 0.9486843374999999 0.2297017234375 0.8737504421875 0.228366253125 0.8457276234375 0.22828769843750002 0.807636721875 0.22772077968749999 0.7848989578125 0.2284448109375 0.7210691734375 0.2298588390625 0.708061765625 0.22993739375 0.7069693890625001 0.2282091375 0.7017208046875 0.2277783421875 0.690214434375 0.2292908125 0.62574011875 0.2296269171875 0.6248805921875 0.22693807968750002 0.6195085484375 0.22702210156249997 0.61298299375 0.22887068125 0.5981358765625 0.2296555921875 0.5968577171875 0.24221862343749997 0.5716361609375 0.2397529953125 0.5719324359375 0.2854562359375 0.6048780921875 0.285949359375
4 0.5706248656249999 0.37181335781249997 0.5788563296875 0.373100875 0.6569638328125 0.372671709375 0.6569638328125 0.3592243 0.7302205078124999 0.35993959062499997 0.8400609937500001 0.360515971875 0.977673696875 0.358942334375 0.977124915625 0.3412031984375 0.9787712109375001 0.28843195 0.96980805625 0.2862860859375 0.927400128125 0.28521984218749996 0.9161699593750001 0.2878643546875 0.8710843140625 0.289226675 0.869342371875 0.2862616203125 0.8623745890625001 0.2861013453125 0.8573940312499999 0.287944490625 0.8168444953125 0.2885054453125 0.815614884375 0.2866623046875 0.8135740546875001 0.2861205390625 0.80845123125 0.28604198125 0.8019883234374999 0.288005909375 0.73550691875 0.2877702359375 0.7173172546875 0.28674899531250003 0.7149065078125 0.28533496875000003 0.7095827890625 0.2849421828125 0.70727249375 0.2861990953125 0.695419675 0.28604198125 0.688816996875 0.28824158125 0.640166834375 0.28871292187500003 0.6388610171875 0.28588486875 0.6332359609375 0.285963425 0.6275104390624999 0.2864347671875 0.6258028328125 0.2890271515625 0.5975790421875 0.28871543125 0.5969655640625 0.29956301406249997 0.58288060625 0.299706065625 0.5713565484375 0.3014227546875 0.5706248656249999 0.37181335781249997