4 0.1751712640625 0.146338621875 0.1732187578125 0.12905699531249998 0.2139486203125 0.131816240625 0.24850788281249997 0.1296378875 0.25456065625 0.0657394234375 0.219415653125 0.06486808125 0.21551064062499997 0.0628349453125 0.20457662812500002 0.064432409375 0.20106212812500002 0.065594203125 0.0811786046875 0.06704644062500001 0.077859346875 0.0638515140625 0.052476846875000004 0.06486808125 0.05031756875 0.06507993906250001 0.0480634703125 0.13602772968750002 0.049625465625 0.1459029484375 0.0671979671875 0.14706474375 0.1751712640625 0.146338621875
7 0.22363301875000002 0.17252935 0.218566490625 0.1657776046875 0.1854228140625 0.166405675 0.1771686125 0.1679295140625 0.18267843749999998 0.18713195625 0.20020024687500002 0.1901152859375 0.2189886875 0.1852477515625 0.22363301875000002 0.17252935
4 0.05385711875 0.28265274375 0.0542793296875 0.2889334328125 0.0986116265625 0.29160273281250004 0.1515992625 0.29066062187499997 0.15054372968750002 0.2732317078125 0.1944538 0.2751159078125 0.2533524140625 0.2744878515625 0.254619090625 0.22816773281249997 0.25314132968749997 0.208383559375 0.17017660625 0.2068133859375 0.0994560484375 0.20571425781250002 0.07957416875 0.20946511406249999 0.081300915625 0.2234572171875 0.06990118437500001 0.22267212656250002 0.0540682171875 0.22518440625 0.05385711875 0.28265274375
4 0.052534556249999996 0.368813046875 0.0556347015625 0.3757305578125 0.0653779953125 0.377706990625 0.0855289234375 0.375895253125 0.0850860625 0.35958971875 0.2544866375 0.3607426265625 0.2538223625 0.2966733640625 0.13225248125 0.29716746875 0.1282666 0.294202825 0.08995769375 0.2956851484375 0.0846431703125 0.29815568593749997 0.0839670609375 0.298696909375 0.0833145296875 0.3136377171875 0.0660423171875 0.311825990625 0.053420314062499995 0.31413183437500003 0.052534556249999996 0.368813046875
4 0.05209168125 0.4230889859375 0.0531988765625 0.4418650640625 0.070249659375 0.44417090156250005 0.1435458640625 0.4431827015625 0.14376730937499999 0.428194759375 0.254043746875 0.4268771453125 0.2529365796875 0.3824074703125 0.1351311796875 0.3824074703125 0.131588175 0.38059574375 0.0943864671875 0.38043104687499996 0.081974434375 0.3830530359375 0.083535975 0.39723069375 0.0653779953125 0.396407184375 0.05452750468749999 0.3980542078125 0.05209168125 0.4230889859375
4 0.051427367187499996 0.50772795 0.0554132640625 0.512339625 0.109665746875 0.5151395609375 0.1366812515625 0.512010221875 0.1357955015625 0.4958693703125 0.186947846875 0.49883401562499996 0.252715165625 0.4963634828125 0.25360088593749996 0.45139970781249994 0.23500004687499998 0.448105659375 0.13645982343750002 0.45090559687500004 0.13203104999999998 0.44744684687499997 0.090179140625 0.44728214531250005 0.0804358296875 0.45123499999999994 0.08110015000000001 0.4650700125 0.0737926796875 0.46243477187500004 0.05209168125 0.46655233437500004 0.051427367187499996 0.50772795
7 0.21661804999999998 0.530193025 0.190045403125 0.5287107078125 0.1726389328125 0.5350794640625 0.1738803875 0.548969109375 0.1913740453125 0.5522631578125 0.215732296875 0.5519337546875 0.21661804999999998 0.530193025
4 0.0616109703125 0.6344462484375 0.0915051921875 0.6364226765625001 0.15970832031249999 0.6375756 0.2573627625 0.6357638796875 0.2575842390625 0.5731769250000001 0.24850521875 0.57004758125 0.22968293437499998 0.5715299 0.101027071875 0.5733416296875 0.0784403078125 0.5738357359374999 0.076890234375 0.574659246875 0.07666880468750001 0.575482759375 0.07755455624999999 0.575812165625 0.0782188765625 0.59014128125 0.060725210937499996 0.5908000890625 0.0598394609375 0.6197877265625 0.0616109703125 0.6344462484375
7 0.16437256875 0.7205008046875 0.1641411796875 0.7371954578125 0.1803390234375 0.7392607921875001 0.244898978125 0.73943289375 0.2506839390625 0.716542275 0.2608654328125 0.7084531125 0.2608654328125 0.6824645203124999 0.2564689015625 0.6731705906250001 0.200702028125 0.674031140625 0.1690005375 0.6766127875 0.162704190625 0.6819731 0.156967853125 0.688832590625 0.15280269375 0.6988149609375001 0.1581248296875 0.7127558609375 0.16437256875 0.7205008046875
6 0.1592932703125 0.7315158484375 0.16230143749999998 0.7211892421874999 0.15952464375 0.7175749359375 0.0889483390625 0.716542275 0.0787668609375 0.7124116484374999 0.0683539625 0.716714390625 0.0684826734375 0.7172330953125 0.06002362812499999 0.718263378125 0.0607178265625 0.73168795 0.12111263750000001 0.7328927203125 0.1592932703125 0.7315158484375
2 0.26184256875 0.9198207109375 0.260949390625 0.741711915625 0.060392432812499994 0.7429284484374999 0.059830993750000006 0.7435773218749999 0.0594221078125 0.9193645171875 0.26184256875 0.9198207109375
6 0.0377237703125 0.9069688656249999 0.038652357812499996 0.9156021484375 0.0454619375 0.916983475 0.057688237499999996 0.9164079296875001 0.057843006249999995 0.8813775953125 0.038807115625 0.881147375 0.0394261671875 0.8949973859375 0.0369499640625 0.8961484890625 0.0377237703125 0.9069688656249999
3 0.053664396875 0.8540982390625 0.0397097125 0.8548176109375 0.040664278124999995 0.8719403515625 0.0547477296875 0.870559028125 0.056914418749999994 0.8645732859375 0.053664396875 0.8540982390625
4 0.2833881171875 0.8494894109375 0.28496455625 0.917507921875 0.2944233 0.9233706343750001 0.381128365625 0.9212600578125001 0.4880121 0.9212600578125001 0.48580507968750003 0.8912233328125 0.48769679843749997 0.7903282125 0.4867509390625 0.77274008125 0.451354021875 0.7710973609375 0.44406762187500004 0.7720264234374999 0.3680811296875 0.771871575 0.36079474375 0.7712522078124999 0.31853376875 0.7712522078124999 0.310376009375 0.7745171187500001 0.313340765625 0.7878136875 0.2956844375 0.7864066359375 0.2855951359375 0.7871101578124999 0.2833881171875 0.8494894109375
7 0.45551765 0.75691994375 0.4596813078125 0.7443777046875 0.4592649296875 0.734003253125 0.4176285046875 0.7352419921875 0.40784392968749994 0.72920313125 0.3449729140625 0.7290482890625001 0.3460138296875 0.73415809375 0.3460138296875 0.734932309375 0.34580562656249997 0.7355516765625 0.3456567546875 0.735387625 0.33539652656249996 0.737719475 0.33164924687499997 0.7488681374999999 0.337061978125 0.7597071093750001 0.45551765 0.75691994375
4 0.27782173125 0.702242596875 0.278023909375 0.7132197109375 0.283078190625 0.7154752921875 0.434100003125 0.71472343125 0.43288702343749996 0.6980321828125 0.463414821875 0.7007388812500001 0.47837552499999997 0.697280328125 0.48059936406250003 0.668709721875 0.4504758640625 0.6670556359375001 0.3869941375 0.6679578671875 0.38456809375 0.6694615828125 0.30425127343749997 0.670414496875 0.3073387140625 0.6860024546875 0.29682582968750004 0.68434836875 0.278023909375 0.6864535734375 0.27782173125 0.702242596875
4 0.2863129296875 0.6657770859375 0.4110525140625 0.6642733703125 0.43450435781249996 0.6642733703125 0.4320783125 0.6457776703125 0.46644739843750005 0.6474317515625 0.46664957500000004 0.6474317515625 0.4789820015625 0.6468302671874999 0.48100371875 0.6319434796875 0.48161022343750004 0.6187107843749999 0.47049080468750004 0.6166055765625 0.3878028328125 0.6158537171875 0.3366535328125 0.6152522328125001 0.310573453125 0.616455203125 0.3056586484375 0.6195339953125 0.30693437343749996 0.6357027640624999 0.27701305 0.6360035171875 0.27923693125 0.663070396875 0.2863129296875 0.6657770859375
4 0.36313795312499997 0.61341470625 0.391037571875 0.6107080171875 0.3886115015625 0.5946182578125 0.4589670609375 0.5953701171875 0.4797906828125 0.5911597140625 0.48059936406250003 0.5806337078125 0.42823705624999997 0.5788292390625001 0.372235653125 0.5801825843749999 0.31320169062500003 0.581535928125 0.3047104921875 0.585144853125 0.3073387140625 0.6006331234375 0.27782173125 0.6009338718749999 0.278630428125 0.612813221875 0.36313795312499997 0.61341470625
4 0.29560080625 0.5776405640625 0.41037971406249996 0.5758957515625001 0.41088238906249996 0.5601925343749999 0.47549481406250005 0.5588216234375001 0.47800822812500005 0.5464833765625 0.48052161875 0.508243890625 0.48018648906249994 0.469930678125 0.48018648906249994 0.45971112031250005 0.4376261296875 0.45796631874999993 0.426902303125 0.4610820359375 0.31530702499999996 0.46394849843749997 0.3035428296875 0.46513093281250006 0.3048175 0.4783219703125 0.29727641562499996 0.47863511406250003 0.2815257265625 0.4820000859375 0.27951500937499996 0.54174421875 0.27850963906250004 0.5768927781250001 0.29560080625 0.5776405640625
4 0.278917471875 0.45734109062500006 0.29709539218750003 0.45734109062500006 0.372550896875 0.45517271406250004 0.37698997031250003 0.452257721875 0.3750572859375 0.43989525937499996 0.474450865625 0.43884109687499995 0.48037773437500003 0.43395361250000003 0.4814084921875 0.4312702875 0.48153735937500003 0.38425591406250004 0.4828257984375 0.35629976874999997 0.4392760921875 0.357737265625 0.331407159375 0.360037253125 0.3076996328125 0.36109141875 0.3063384890625 0.36226502968749996 0.3077277671875 0.37665119062499997 0.2813183328125 0.37830936406250004 0.277374065625 0.447264528125 0.278917471875 0.45734109062500006
2 0.479889665625 0.339250440625 0.47622261874999994 0.1249749265625 0.2759246875 0.12555729375 0.2795731703125 0.3409064125 0.479889665625 0.339250440625
4 0.3093656375 0.108252328125 0.3083283234375 0.0926009984375 0.3409298921875 0.0957973953125 0.4784914609375 0.0937032078125 0.48071428125000004 0.0805869578125 0.48352985625 0.07650879687499999 0.47878780781249997 0.064715196875 0.418771259375 0.064274315625 0.2881356921875 0.06251078593750001 0.27761425625 0.0615188 0.2769122515625 0.0633925515625 0.2778013828125 0.0964587234375 0.2794314703125 0.11001585 0.3081801296875 0.110236290625 0.3093656375 0.108252328125
4 0.6440828640625 0.13017258437499998 0.6470184953125 0.124107328125 0.6427781109375 0.11234073281250001 0.7009053234375 0.11137029218750001 0.70204695625 0.1068820046875 0.7033517093749999 0.0646684734375 0.66779766875 0.06406195 0.6569190390624999 0.066124134375 0.5027972140625 0.0668519609375 0.4997347671875 0.068288978125 0.5008881749999999 0.12750386875 0.50594403125 0.1296873609375 0.5734640718749999 0.1321134609375 0.6440828640625 0.13017258437499998
4 0.498413325 0.1513136921875 0.49893839218749997 0.2121197703125 0.502284409375 0.2614005421875 0.508235203125 0.266477534375 0.5556665171875 0.2684302328125 0.6253257703124999 0.26660771875 0.62410061875 0.25098617968750003 0.6930282765625 0.25241816250000004 0.70457980625 0.25020510625000003 0.705629953125 0.2217019390625 0.703354653125 0.152208590625 0.7021295015625 0.1331614953125 0.6679999515625 0.131338984375 0.58965810625 0.1331614953125 0.530092284375 0.1331614953125 0.528167284375 0.1360826953125 0.5283423125 0.14988171875 0.5178409187499999 0.1493610015625 0.5146904890624999 0.152094775 0.498413325 0.1513136921875
4 0.50098448125 0.3403567265625 0.5012023109375 0.40362887656249996 0.54585935 0.403304815625 0.6360447812500001 0.402980765625 0.6356091187499999 0.3867782359375 0.7013965625 0.385320009375 0.70531766875 0.37786684843749996 0.7046641609375001 0.334444934375 0.7046641609375001 0.3060565859375 0.7048819765625 0.2723519359375 0.6702455328125 0.2704076296875 0.5822385156250001 0.2712177578125 0.55609780625 0.27008357968749996 0.52973925 0.272513959375 0.5261056421875 0.2743264703125 0.5273430203125 0.2852486359375 0.5240754375 0.2886511625 0.50250935625 0.2891372421875 0.50098448125 0.3403567265625
4 0.5020736796875 0.47787375 0.5031628640625 0.578830759375 0.502291509375 0.6070316328125 0.5136191671875 0.6089759359375 0.600101321875 0.6089759359375 0.605765134375 0.6044392281250001 0.60489378125 0.5943936671875 0.630816659375 0.5948797375 0.706213671875 0.5919632874999999 0.7059958281250001 0.579487340625 0.70577798125 0.5207807578125 0.70577798125 0.4524459671875 0.70468878125 0.4089901203125 0.669834521875 0.4085040421875 0.5837880281250001 0.4078559421875 0.576381509375 0.406397721875 0.5463196921875 0.4070458140625 0.530417425 0.40996226875 0.5288009671875 0.41202672656250006 0.5277787125 0.4254310140625 0.5077374921875 0.42656519218750005 0.5029450328125 0.426403171875 0.5020736796875 0.47787375
7 0.6925484515625 0.627417228125 0.661005890625 0.6264477765625001 0.653706778125 0.6208249312499999 0.6341555953125 0.62043714375 0.629202659375 0.6254783171875 0.591925053125 0.6262538859375 0.590100275 0.62916225 0.5902850390625 0.62968874375 0.5895789125 0.651653640625 0.6148651218750001 0.6533986625 0.6930698328125 0.65107196875 0.6925484515625 0.627417228125
4 0.5166516140625 0.7213589515625001 0.5639690749999999 0.7206864578125 0.563667690625 0.7043223890625 0.6370079390625001 0.7048828046875 0.696805528125 0.7062277906250001 0.70675125 0.701520321875 0.7075047140625 0.6897516390625 0.706901946875 0.6752929765625 0.6919833828125 0.673499653125 0.6308021875 0.6747325609375 0.5565962921875001 0.6746204796875 0.5338417046874999 0.6749567296875 0.531720865625 0.6771191578125 0.5329264109375 0.6915778265625 0.5039934359375 0.6932590640625 0.5055003671875 0.7206864578125 0.5166516140625 0.7213589515625001
4 0.50380688125 0.829197165625 0.50245065 0.843766146875 0.5021331984375 0.9191491609375 0.50574126875 0.9231745828125 0.596379059375 0.9223566453125001 0.706585046875 0.9204211656249999 0.708186384375 0.9101483312499999 0.7085867312499999 0.8402768234375 0.7079862375 0.7770847265625 0.706985421875 0.7263082703125 0.6833655640625 0.7245216921875001 0.6743580031249999 0.7263082703125 0.533439721875 0.7272015625 0.530780846875 0.7295398203125 0.53304123125 0.741756828125 0.5051631140625 0.7432139 0.50380688125 0.7522926015625 0.50380688125 0.829197165625
4 0.7719012281250001 0.9023774515625 0.8514862484375 0.9048208125 0.9284465609374999 0.90278468125 0.9299065734375 0.87441455625 0.9289940859374999 0.857446784375 0.909283828125 0.8543247109375001 0.8351879015625 0.853510259375 0.7361053546874999 0.85243000625 0.7271313046875 0.8569127953125 0.72737068125 0.9170376203125 0.7408758484375 0.9190737515625 0.7740912578125 0.9186665203125 0.7719012281250001 0.9023774515625
2 0.933053071875 0.7091844359375 0.7225346296875 0.708764271875 0.7226070906250001 0.8482900750000001 0.7232632109375 0.8490708890625 0.9312159359375001 0.848485275 0.933053071875 0.7091844359375
4 0.7217423265625 0.6997550890625 0.7614051500000001 0.702837234375 0.8746710562500001 0.700635703125 0.9254486343749999 0.7000486359375 0.9262379421875 0.6451201765625 0.9236726890625 0.603321778125 0.9061105296875 0.600386403125 0.8463203359374999 0.6011202484375 0.7529844875 0.603615315625 0.749575028125 0.6058473109375 0.7493681640625 0.619327271875 0.737331190625 0.617419284375 0.7227289671875 0.6196208140625 0.7217423265625 0.6997550890625
7 0.8206677921875001 0.580670190625 0.8889430656249999 0.5781751171875 0.8917056515624999 0.5626176171874999 0.8995987453125001 0.5549856359375 0.8974281296875001 0.55175671875 0.8954548499999999 0.55175671875 0.8840812515625001 0.5584317375000001 0.8214570859375 0.558801628125 0.816721246875 0.5636450046875 0.8143533 0.5728914374999999 0.8206677921875001 0.580670190625
4 0.7304950531250001 0.542044996875 0.7461158109375 0.5432962171875 0.9011218109374999 0.5409725203125 0.8987186093749999 0.524527928125 0.9294795078125 0.524349178125 0.928998853125 0.511300746875 0.9292392125 0.4582956421875 0.926355325 0.3954960265625 0.9258747046875 0.3252171765625 0.83765759375 0.3258468046875 0.8309202375 0.3216886296875 0.82346615 0.3224349734375 0.8211725703124999 0.324887225 0.750799940625 0.3258468046875 0.7506818703125 0.34175629375 0.7249676890625001 0.343186253125 0.7247273765625 0.36159705781249996 0.72689026875 0.475898815625 0.7304950531250001 0.542044996875
4 0.9268699203124999 0.301774290625 0.924937253125 0.2811701921875 0.9226180375 0.25692444062500003 0.910506584375 0.255774440625 0.8723683671875 0.256732771875 0.7997097421875 0.2568286046875 0.7776772000000001 0.2548161109375 0.7712349328125 0.256061940625 0.7494071609375 0.2570167234375 0.7461699171875 0.2727382640625 0.7216050015625 0.2742962515625 0.723448246875 0.2936283046875 0.7239955265625 0.3166996484375 0.7313838421875001 0.3208720125 0.7762580406249999 0.3188367125 0.7835530078125 0.3222967234375 0.7936777328125 0.3219914265625 0.8074966187499999 0.3197525984375 0.839923115625 0.3197525984375 0.87125504375 0.31954906875 0.8712358296874999 0.3091890953125 0.8700491515625 0.3022534578125 0.9125681 0.302924284375 0.9268699203124999 0.301774290625
4 0.723131225 0.24249291093749997 0.7252583921875 0.2512475109375 0.7799975953125 0.253673475 0.8144577703125 0.25008725625 0.8110543281249999 0.23553142968750002 0.8635169125 0.2345821359375 0.92200700625 0.23373831875 0.922716065625 0.22361252812500002 0.9184617093749999 0.165666434375 0.9203052749999999 0.1336715515625 0.9214397828124999 0.0995036296875 0.8844269828125 0.0988707609375 0.8780454703125 0.0969721765625 0.834762525 0.09865980937499999 0.751661034375 0.1007693484375 0.747722125 0.10093638281249999 0.7519189546875 0.11719394375 0.722138553125 0.1181432375 0.721854921875 0.178674896875 0.723131225 0.24249291093749997
4 0.7697765000000001 0.07750576406250001 0.8424779062500001 0.0768309546875 0.8906013421875001 0.07856618125 0.9224852296874999 0.0743245203125 0.9231332765625 0.065744803125 0.9091354703125001 0.0625635625 0.8666236140624999 0.0625635625 0.8509803921874999 0.0635275765625 0.8424261843749999 0.06497359375 0.7235964421875 0.06632321249999999 0.7212242171875001 0.0677251390625 0.7223394812499999 0.09572560625 0.7697765000000001 0.09572560625 0.775997759375 0.0895559265625 0.7697765000000001 0.07750576406250001