0 0.46331395156250005 0.412109375 0.2143308296875 0.412109375 0.0808553421875 0.416015625 0.071871415625 0.4267578125 0.079571925 0.8935546875 0.0885558515625 0.8984375 0.47486471406249997 0.8974609375 0.4825652234375 0.8935546875 0.487698896875 0.8837890625 0.4825652234375 0.4208984375 0.46331395156250005 0.412109375
3 0.035935709375 0.8505859375 0.0436362171875 0.8544921875 0.051336726562500004 0.8427734375 0.0449196359375 0.8359375 0.037219126562499996 0.8359375 0.035935709375 0.8505859375
6 0.0308020359375 0.8779296875 0.0308020359375 0.8935546875 0.041069381249999995 0.8955078125 0.051336726562500004 0.8916015625 0.051336726562500004 0.8662109375 0.035935709375 0.8623046875 0.0308020359375 0.8779296875
1 0.91892739375 0.5361328125 0.8714409218749999 0.533203125 0.6532598375 0.533203125 0.599356275 0.537109375 0.5531532218749999 0.53515625 0.5223511859375 0.537109375 0.5056667499999999 0.5419921875 0.5056667499999999 0.5634765625 0.512083840625 0.56640625 0.8111202687500001 0.5654296875 0.8688740859375 0.564453125 0.874007759375 0.548828125 0.915077140625 0.546875 0.91892739375 0.5361328125
4 0.7841684890625 0.703125 0.915077140625 0.697265625 0.92149423125 0.6923828125 0.92149423125 0.6279296875 0.9163605578125 0.5849609375 0.9048097953124999 0.58203125 0.8483393953125 0.583984375 0.8329383781249999 0.580078125 0.8124036875 0.580078125 0.7739011437500001 0.583984375 0.6455593281249999 0.58203125 0.6224578015625 0.587890625 0.5942226015625 0.583984375 0.50695016875 0.5859375 0.5030999140625 0.6064453125 0.5030999140625 0.7060546875 0.5095170046875 0.712890625 0.5223511859375 0.71484375 0.6532598375 0.712890625 0.6789282 0.705078125 0.7379654343750001 0.70703125 0.7739011437500001 0.701171875 0.7841684890625 0.703125
4 0.92149423125 0.7529296875 0.91892739375 0.7236328125 0.915077140625 0.720703125 0.7698499828124999 0.7173172890624999 0.5762547484375 0.720703125 0.54405825625 0.720002984375 0.5497030171875 0.7318200453125 0.5454527140625001 0.73828125 0.5031334843749999 0.7377285859375 0.503839071875 0.7533056046875 0.5056667499999999 0.7763671875 0.5082335875 0.8818359375 0.503839071875 0.8963178921875 0.510189475 0.9033007140624999 0.6956126359375 0.9013671875 0.71743074375 0.8984375 0.9176439765625 0.8984375 0.92149423125 0.8955078125 0.92149423125 0.7529296875
2 0.9783225249999999 0.0557996578125 0.493633834375 0.052579765625 0.49175313593750003 0.5303582140625 0.9797926125 0.530917725 0.9783225249999999 0.0557996578125
4 0.47604394531249994 0.1999603421875 0.47486471406249997 0.0576171875 0.47101445937499997 0.0546875 0.37347468125 0.0546875 0.3683410078125 0.05859375 0.35293999062500003 0.05859375 0.33753897187500004 0.0546875 0.311870609375 0.0546875 0.2297318484375 0.056640625 0.206630321875 0.060546875 0.193796140625 0.056640625 0.056359464062499996 0.056163759375 0.059037234375000004 0.0751953125 0.061604071875 0.2001953125 0.062239478125000004 0.2189840234375 0.0967844140625 0.2201030453125 0.098254390625 0.20387698593749998 0.1706946140625 0.203125 0.419677734375 0.203125 0.47604394531249994 0.1999603421875
4 0.0585644828125 0.2854861265625 0.1276543546875 0.2854861265625 0.125449390625 0.270938621875 0.340069109375 0.270938621875 0.480453984375 0.267581490625 0.47751392031249995 0.22281990937499999 0.312874165625 0.22170088593749998 0.10126292031249999 0.22388351874999998 0.0938444078125 0.237926946875 0.0585644828125 0.24240310156249997 0.0585644828125 0.2854861265625
4 0.059299471874999996 0.370212034375 0.1210394078125 0.370212034375 0.123979359375 0.353985953125 0.3363941140625 0.3534264421875 0.47751392031249995 0.3506288421875 0.47751392031249995 0.28796262499999997 0.31066914375 0.288522146875 0.187189328125 0.28796262499999997 0.09942511875 0.289608225 0.0762044171875 0.305307740625 0.0585644828125 0.30810533906250004 0.059299471874999996 0.370212034375
4 0.059299471874999996 0.40515029687500004 0.10707441250000001 0.407947896875 0.351094096875 0.40459078593750003 0.47751392031249995 0.40011462187499997 0.47971894062500003 0.3715791125 0.4576689671875 0.368222003125 0.3738791140625 0.3704600796875 0.304054140625 0.3704600796875 0.10126292031249999 0.374910503125 0.106339425 0.391162303125 0.060034459375 0.391162303125 0.059299471874999996 0.40515029687500004