3 0.0988571421875 0.870223096875 0.08288 0.870223096875 0.08288 0.886627296875 0.0988571421875 0.886627296875 0.0988571421875 0.870223096875
6 0.1011142859375 0.8953062125000001 0.08146857187499999 0.8953062125000001 0.08146857187499999 0.9263910765625001 0.1011142859375 0.9263910765625001 0.1011142859375 0.8953062125000001
4 0.0895145140625 0.39923345625 0.1487340921875 0.39923345625 0.1499743359375 0.38618345781249996 0.5145932640625 0.3812007234375 0.5130430609375 0.3477452203125 0.135385265625 0.348795421875 0.127650678125 0.36221887656249996 0.088584359375 0.36435433281249996 0.0895145140625 0.39923345625
4 0.370602971875 0.931522909375 0.5271597171875 0.9300225578125 0.5262883015625001 0.8983486265625 0.482067365625 0.8956813484374999 0.47226476093749997 0.8973483999999999 0.3694456359375 0.8993488562499999 0.36334619687499997 0.89534795 0.3546326515625 0.8990154562500001 0.303876615625 0.8981819218749999 0.14622095625 0.898702725 0.1471020171875 0.912685253125 0.1054951515625 0.91551923125 0.10593079999999999 0.928522215625 0.370602971875 0.931522909375
4 0.5242210234375 0.8793947093750001 0.5219019734375 0.8600942 0.1464943140625 0.8647529453124999 0.14040662343750002 0.87429228125 0.104460259375 0.87872918125 0.1022227546875 0.896818971875 0.36275234843750004 0.8966986140625 0.45087891874999997 0.8969204640624999 0.452038475 0.8827223765625 0.5242210234375 0.8793947093750001
4 0.1048201125 0.8651118656250001 0.43634835625 0.8647003359375001 0.4379616984375 0.8498851765625 0.52104535 0.8461813781249999 0.5221208921875 0.830337396875 0.48420894062500003 0.830337396875 0.1461209125 0.8321795828124999 0.14084994374999998 0.8486505734374999 0.1013246796875 0.8496794046874999 0.1048201125 0.8651118656250001
4 0.3462127734375 0.8142529109375 0.333748884375 0.814878378125 0.1469947390625 0.8164420265624999 0.1403711765625 0.8306401515624999 0.3615372953125 0.829107615625 0.362354553125 0.8119074265625 0.354385878125 0.8109692390625 0.3462127734375 0.8142529109375
4 0.1057123171875 0.8000236656249999 0.095700334375 0.8159729359375 0.2679905890625 0.8147220093750001 0.3476778109375 0.813158353125 0.3531946453125 0.8090928625 0.35768979375 0.7965836234375 0.4970402671875 0.7979909109375 0.522376771875 0.7973654609375 0.524419971875 0.78063435625 0.467582565625 0.78063435625 0.3809482375 0.779227075 0.2798067546875 0.78266710625 0.1439481625 0.78244628125 0.13779151875 0.7987727390625 0.1236930265625 0.7967399937499999 0.1057123171875 0.8000236656249999
4 0.42761015 0.766445128125 0.3898335703125 0.7649751375 0.1414725765625 0.76601639375 0.14524628906249998 0.7835947796875 0.42761015 0.7811448015625 0.42761015 0.766445128125
4 0.09562456875 0.7676701171875 0.29827350625000004 0.7654651265625 0.42696995624999995 0.7627702000000001 0.47403059687500004 0.763260175 0.47595134687499996 0.7495404640625 0.5249329421875 0.74758051875 0.522691959375 0.728960896875 0.44937978437500004 0.7321458437499999 0.1470770359375 0.730406253125 0.1375629640625 0.7497854640625 0.102027334375 0.7500304515625 0.09562456875 0.7676701171875
4 0.0943439609375 0.7303121578125 0.348535453125 0.7288421546875 0.372546071875 0.7283521796875 0.47371036406249994 0.726147215625 0.47659171093749997 0.7121825171875 0.5249329421875 0.710957528125 0.5223716921875 0.609774696875 0.142033021875 0.614137003125 0.139803946875 0.6276592859375001 0.0988259765625 0.6323141890625 0.0943439609375 0.7303121578125
4 0.082818915625 0.5808355875 0.4535415171875 0.577895646875 0.45770342187499996 0.5641759359375 0.52429254375 0.5585410703125 0.5188501859375 0.5582960953125 0.5194904484375 0.52644673125 0.2265619515625 0.531346640625 0.1409121296875 0.5334778921875001 0.13820324374999998 0.545556334375 0.09626481249999999 0.5458013203125 0.082818915625 0.5808355875
4 0.1807008953125 0.6144853343750001 0.181490253125 0.5967649296875 0.51251056875 0.5963621953125 0.5246145 0.5933416828125 0.5230357 0.5770308859375 0.09647237812500001 0.5809456187500001 0.095972321875 0.5987786109375001 0.1007087375 0.613679865625 0.1807008953125 0.6144853343750001
4 0.30294936875 0.51359931875 0.13957941406250002 0.515238440625 0.14511696875 0.5325174078125 0.30413785312499997 0.5303345484374999 0.30294936875 0.51359931875
4 0.41728278750000003 0.505595471875 0.4111025890625 0.49650023125000003 0.13874716874999998 0.49867362968749995 0.140600678125 0.5137812078125 0.413954996875 0.5115983374999999 0.41728278750000003 0.505595471875
4 0.51134074375 0.4819478421875 0.4919205046875 0.4799468765625 0.13957941406250002 0.48115315625 0.1369641828125 0.497773565625 0.5108654109375 0.49595452343749996 0.51134074375 0.4819478421875
4 0.09342817656249999 0.4817439109375 0.1457590578125 0.48083437656249994 0.26365798749999997 0.481016265625 0.4768743171875 0.4790153140625 0.4754481140625 0.46209815625 0.5141932015624999 0.46628197812499994 0.514906278125 0.44627243281249995 0.37917993125 0.44754576718749994 0.13709632656249998 0.44802353281249996 0.1333616859375 0.463553390625 0.0965182484375 0.4640991171875 0.09342817656249999 0.4817439109375
4 0.0934344484375 0.448229321875 0.133169884375 0.4484112015625 0.2686585578125 0.4473197953125 0.4882928296875 0.4447731265625 0.4947107203125 0.4304026078125 0.519193771875 0.4285835859375 0.5201444890625 0.3934759046875 0.4827798859375 0.3947492390625 0.4827798859375 0.40548164375000006 0.47398487031250003 0.3962044921875 0.397921078125 0.3962044921875 0.1387564890625 0.399603315625 0.13717115468750002 0.41639592812500004 0.097713040625 0.41148450781249996 0.0934344484375 0.448229321875
4 0.9254638312499999 0.36039276875000004 0.9258611125 0.34214656718750003 0.5345661359375 0.3463852375 0.5296744984374999 0.363737884375 0.8591014765624999 0.36404199375 0.9254638312499999 0.36039276875000004
4 0.526163671875 0.3820265921875 0.5345483828125001 0.3990812203125 0.6890036234375 0.39671721249999997 0.683266725 0.3810134453125 0.9506950406250001 0.3786494359375 0.94959168125 0.3626079390625 0.7440169937500001 0.364465375 0.6851032906250001 0.363114515625 0.569150259375 0.36325331250000004 0.5722796109375 0.3805068734375 0.5524210609375 0.38118229375 0.526163671875 0.3820265921875
4 0.53146149375 0.46341603906250006 0.738675178125 0.46459804374999997 0.7375719359375 0.45041400156250005 0.9535886921875001 0.44889428125 0.950915590625 0.39671721249999997 0.6861351609375 0.39553520781249996 0.5737955390625 0.39696376093749997 0.57316440625 0.41377186562499996 0.5345505984375001 0.4124209828125 0.53146149375 0.46341603906250006
4 0.5351385843750001 0.49722851874999996 0.6068499468749999 0.4960465140625 0.61346945625 0.48169358281249997 0.9545949984375 0.48017386406250007 0.95591890625 0.46278151406249995 0.7540977453125 0.46311922812499995 0.575359415625 0.46438465781250005 0.5691187375 0.47662785156250004 0.5298429765625 0.47645901718749994 0.5351385843750001 0.49722851874999996
4 0.5362418453125 0.5281294921875 0.633989934375 0.5296492015625 0.6392855468749999 0.5141142750000001 0.9515058937499999 0.5146208703124999 0.9528298015625 0.493851340625 0.765718253125 0.4930070765625 0.572207840625 0.49655309062499997 0.5761795609375 0.5109059765625 0.5360211859375 0.5115814328125 0.5362418453125 0.5281294921875
4 0.5335940328125 0.579672028125 0.8292655437500001 0.5773080187499999 0.8297068546874999 0.5622796765625 0.9523883734374999 0.55991566875 0.9519470859375 0.528508128125 0.8246318875 0.5290146765625 0.7257805375 0.528676971875 0.5765311468750001 0.5312141421875001 0.5750762953125 0.5457316171875 0.5324907890625 0.54708245625 0.5335940328125 0.579672028125
4 0.5322701296875 0.6094318921874999 0.5386689890625 0.620407671875 0.658923428125 0.62006993125 0.6582614734375001 0.604028446875 0.9417971515625 0.6060547578125 0.9537122828125 0.5998070234374999 0.950402534375 0.5829212203125 0.5734409375 0.5838497546875 0.57375239375 0.601326740625 0.5358005421875001 0.6008201468750001 0.5322701296875 0.6094318921874999
4 0.5298429765625 0.6678976 0.8903856359375 0.6695861984375 0.893033453125 0.6530381375000001 0.9537122828125 0.6523626828125 0.9517264421875 0.639360634375 0.9515058937499999 0.619097709375 0.7070251937500001 0.61943543125 0.6796645859375 0.6179156984375 0.6684114203125 0.619773146875 0.6313421640625 0.6206174359375 0.5742134890624999 0.6199258484375 0.56625028125 0.6331128984375 0.5318288359375 0.6332817609375 0.5298429765625 0.6678976
4 0.936060275 0.6694377874999999 0.878470575 0.668931203125 0.6946687765624999 0.668086921875 0.577689975 0.66842158125 0.5733110953125 0.684128425 0.9389287843749999 0.688518728125 0.936060275 0.6694377874999999
4 0.5437439515625 0.7001698921874999 0.5318288359375 0.7021961859375 0.5327114374999999 0.7167179531250001 0.7692485984374999 0.7180688359375 0.772558346875 0.7043913609375 0.9519470859375 0.7042224984375001 0.9579046515625 0.6864924343750001 0.8321340046874999 0.6856481265625 0.7888865390625 0.686323553125 0.7632910328125 0.686323553125 0.57112328125 0.6837982765625 0.57353174375 0.7008453203125 0.55654166875 0.6981435968749999 0.5437439515625 0.7001698921874999
4 0.5324907890625 0.7337726078125 0.53293208125 0.7493075078125 0.6536278156249999 0.7503206765625 0.6556136671874999 0.7344480265625 0.9519470859375 0.7366431828125 0.9515058937499999 0.7170556671874999 0.8008016 0.7185754125 0.581166459375 0.7178044296875 0.5755176125 0.73123971875 0.55102540625 0.7307331609375 0.5324907890625 0.7337726078125
4 0.5318288359375 0.7834781703125 0.6929035796874999 0.7843224609375 0.6948894421875 0.7686186890625 0.938266759375 0.7711515328125 0.9510644656249999 0.76726780625 0.9512852484375 0.7515640343750001 0.700846984375 0.7476803125 0.579235078125 0.7512191734375 0.57375239375 0.7647349359375 0.5344766328125 0.7664235234375 0.5318288359375 0.7834781703125
4 0.5296223328125 0.8027279359374999 0.5335940328125 0.815898853125 0.6778993546875001 0.8170808578125 0.7213674765625 0.816236578125 0.725118534375 0.8015459312500001 0.8202188265625001 0.8022213593749999 0.9484167890625 0.8003639265625001 0.950402534375 0.7966490796875 0.9501818906249999 0.7871930171875 0.8489033671874999 0.7834781703125 0.714086071875 0.7841535796875 0.574599765625 0.7858167390624999 0.5682361515625 0.8015459312500001 0.54881890625 0.8027279359374999 0.5296223328125 0.8027279359374999
4 0.845152378125 0.8351691062500001 0.8433871109375 0.8171013265625 0.7167338187500001 0.8160881578125 0.6463463546875 0.8162570375 0.5765311468750001 0.8165701296875 0.572207840625 0.82588190625 0.5790480171875 0.8322985046875001 0.845152378125 0.8351691062500001
4 0.5775034640625 0.8328255578125001 0.57353174375 0.847347325 0.534035340625 0.8478538999999999 0.529181025 0.880274565625 0.567574184375 0.8816254499999999 0.8102895578125 0.8834828734375 0.9510644656249999 0.8851714625 0.955698121875 0.8368781203125 0.7703519109375 0.8345141109374999 0.7573335390625 0.833163271875 0.7496107765625 0.83603385625 0.581166459375 0.8351995875 0.579930603125 0.83704698125 0.5814751546875 0.8346829734375 0.5775034640625 0.8328255578125001
4 0.8076418109375 0.8836517453124999 0.57150955625 0.8825124984375 0.574193709375 0.8983423546875 0.8052146609375 0.901381809375 0.8076418109375 0.8836517453124999
4 0.831913290625 0.9197872859375 0.83787085625 0.91472158125 0.8341197984375001 0.9025638140625001 0.8213221390625 0.9018883671875001 0.5722821078125 0.8987763109375001 0.5750762953125 0.8990178015625 0.5706632890625001 0.9174232765625 0.831913290625 0.9197872859375
1 0.18991175625 0.3136656390625 0.08867150625 0.31358812812500003 0.09436022031249999 0.3351942046875 0.1855464875 0.3351942046875 0.18991175625 0.3136656390625
1 0.61868115625 0.31440796249999997 0.43341081406250004 0.31293810781250003 0.43097337031249994 0.330368875 0.607525525 0.3333382875 0.61868115625 0.31440796249999997
1 0.96742019375 0.3166350515625 0.8477772703124999 0.31293810781250003 0.8466469234374999 0.3351942046875 0.963539840625 0.3370501609375 0.96742019375 0.3166350515625
2 0.09631999999999999 0 0.09631999999999999 0.3080139984375 0.36889142812500003 0.3080139984375 0.36889142812500003 0 0.09631999999999999 0
2 0.6565142859375 0.002874015625 0.39096000000000003 0.002874015625 0.39096000000000003 0.30820210000000003 0.6565142859375 0.30820210000000003 0.6565142859375 0.002874015625
2 0.9582057140625 0.002874015625 0.6779542859375 0.002874015625 0.6779542859375 0.3070997375 0.9582057140625 0.3070997375 0.9582057140625 0.002874015625