2 0.3351773265625 0.248046875 0.3843539234375 0.228515625 0.3972951328125 0.244140625 0.42317755156250003 0.25 0.44388348593750004 0.228515625 0.46976590625 0.21875 0.500824809375 0.21484375 0.5021189296874999 0.1962890625 0.48141299374999996 0.1865234375 0.48917772031249995 0.1767578125 0.48917772031249995 0.1376953125 0.47882475312499995 0.1259765625 0.49953068749999996 0.1123046875 0.49953068749999996 0.1005859375 0.4878836 0.091796875 0.4620011796875 0.09375 0.45682469687499994 0.087890625 0.43870700312500005 0.0859375 0.412824584375 0.064453125 0.405059859375 0.064453125 0.3830598015625 0.0751953125 0.3791774390625 0.087890625 0.33000084375 0.072265625 0.29376545625 0.072265625 0.2549418265625 0.083984375 0.23941237656249997 0.09375 0.23294177187499998 0.0908203125 0.22905940937499997 0.078125 0.203176990625 0.0703125 0.1798828125 0.09375 0.1643533609375 0.095703125 0.1565886359375 0.103515625 0.1255297328125 0.10546875 0.119059128125 0.1201171875 0.1281179734375 0.12890625 0.14235330468750002 0.1337890625 0.134588578125 0.1474609375 0.134588578125 0.1767578125 0.1475297890625 0.1962890625 0.126823853125 0.2080078125 0.126823853125 0.2216796875 0.1384709421875 0.228515625 0.1643533609375 0.228515625 0.1721180859375 0.234375 0.1824710546875 0.234375 0.21094171562500003 0.255859375 0.22258880468750003 0.2548828125 0.23811825625 0.2490234375 0.24458886093749999 0.232421875 0.29376545625 0.248046875 0.3351773265625 0.248046875
7 0.36759827500000003 0.131837196875 0.3067271625 0.13959232500000002 0.178660665625 0.1509267453125 0.1849849375 0.1819472609375 0.43795579218749997 0.17478868125 0.43795579218749997 0.1401888734375 0.37708468125 0.143171615625 0.36759827500000003 0.131837196875
7 0.2078910859375 0.326418046875 0.43442711406249995 0.32430758593750003 0.43163037343750005 0.2940576359375 0.20975558125 0.299685534375 0.2078910859375 0.326418046875
7 0.8828379328124999 0.2356682015625 0.8809734390624999 0.1948659453125 0.9285180375 0.193458971875 0.9219923078125 0.15898810000000002 0.5556192265625 0.17376133124999998 0.5556192265625 0.2019008171875 0.6022315781249999 0.20049384374999998 0.60502831875 0.239889125 0.8828379328124999 0.2356682015625
4 0.52653765625 0.33054393125 0.13931735625 0.3358004765625 0.1151416984375 0.3521885296875 0.11719048125 0.4155762796875 0.21881020156250003 0.4149578625 0.21881020156250003 0.3994974359375 0.5289961984375 0.399188228125 0.52653765625 0.33054393125
4 0.5289961984375 0.42145124375 0.1479222515625 0.42114203437500003 0.11882951093750001 0.4403129640625 0.1151416984375 0.503700715625 0.4466350546875 0.5009178375000001 0.4523716515625 0.4876218703125 0.53022546875 0.484529784375 0.5289961984375 0.42145124375
4 0.5289961984375 0.6230552125 0.5273571718750001 0.5071020093749999 0.148332009375 0.5105033031249999 0.119649025 0.5268913562499999 0.11760023906249999 0.6434629765625 0.268800546875 0.6412985171875001 0.268800546875 0.6267657140625 0.5289961984375 0.6230552125
4 0.532274253125 0.745811003125 0.5289961984375 0.6443906015625 0.14464419687500002 0.6502655640625 0.1192392671875 0.6644891578125 0.122517321875 0.7680740187499999 0.3491129046875 0.76219905625 0.351161690625 0.748284671875 0.532274253125 0.745811003125
4 0.53391328125 0.8323893953124999 0.533503525 0.766837184375 0.1532490921875 0.7714753125 0.12292707968750001 0.791264659375 0.12415635 0.85310636875 0.3110055109375 0.8506327 0.311825025 0.8357906890625 0.53391328125 0.8323893953124999
4 0.5363718234375 0.9019613171875 0.5326840093749999 0.8555800359375001 0.1532490921875 0.858672121875 0.12456610625 0.8753693828125 0.12497586406250001 0.9245335406249999 0.45523995156249997 0.9195862046875 0.45401068125000005 0.9031981515625 0.5363718234375 0.9019613171875
4 0.9400264875 0.050974660937500006 0.558081540625 0.057644243750000004 0.5290410999999999 0.0762237921875 0.533460296875 0.1595935640625 0.8649001265624999 0.15340038125 0.8604809281250001 0.1367264265625 0.9425517421875 0.131486040625 0.9400264875 0.050974660937500006
4 0.738637334375 0.2467745265625 0.5650259937500001 0.252967709375 0.536616865625 0.27202365781250004 0.5505057734375 0.5492877015625 0.70770295 0.5492877015625 0.7083342640625 0.5307081515625 0.7512636125000001 0.5297553546875 0.738637334375 0.2467745265625
4 0.7512636125000001 0.5497641 0.5782835890625 0.5540516890625 0.5511370875 0.571202040625 0.5555562843749999 0.8279809406249999 0.6047987734375 0.82702814375 0.6054300875 0.8179765671875 0.7512636125000001 0.8122597828125 0.7512636125000001 0.5497641
4 0.5827027859375 0.8289337390625 0.5542936578125001 0.8389381109375 0.5574502265625 0.9184966937500001 0.7544201828125 0.9156383 0.7518949265625 0.825598946875 0.5827027859375 0.8289337390625
4 0.9709608718749999 0.79939701875 0.7967182187499999 0.79939701875 0.765783834375 0.8198821625000001 0.7670464625 0.9175438953124999 0.9640164171875 0.912779909375 0.9741174421875 0.8275045421874999 0.9709608718749999 0.79939701875
6 0.9696982437500001 0.8713332218750001 0.9678043015625001 0.9080159218749999 0.9899002906250001 0.907063125 0.9886376625000001 0.8713332218750001 0.9696982437500001 0.8713332218750001
3 0.976642696875 0.8437020984375 0.9741174421875 0.8603760515625 0.9917942312499999 0.85894685625 0.9917942312499999 0.8441784968749999 0.976642696875 0.8437020984375
4 0.9581240796875001 0.242043603125 0.757482434375 0.2459391546875 0.7623005875 0.41916134843749997 0.9226762421875 0.41786283125 0.9247411640625 0.40461795624999997 0.9656954624999999 0.402020921875 0.9581240796875001 0.242043603125
4 0.8345728781249999 0.7957313328125 0.8325079546874999 0.779370015625 0.9646630015625 0.7762535749999999 0.9598448484375 0.41630461093750004 0.7850147359374999 0.41838223750000003 0.78570304375 0.43682118281250004 0.7595473578124999 0.436301775 0.7633330484374999 0.7952119265625 0.8345728781249999 0.7957313328125