4 0.29262346093749997 0.06550664218749999 0.29388205625 0.2695130421875 0.7192873453125 0.2634302828125 0.7167701531249999 0.06363502343750001 0.29262346093749997 0.06550664218749999
7 0.06481767031249999 0.080011684375 0.1730568859375 0.07954377968750001 0.17431548125000002 0.0645708328125 0.06167118125 0.064102928125 0.06481767031249999 0.080011684375
4 0.110127109375 0.400058421875 0.266192953125 0.398654709375 0.2668222515625 0.081698575 0.088730984375 0.084038096875 0.0855844953125 0.0996636765625 0.06167118125 0.10013158124999999 0.0629297765625 0.4150313703125 0.10760991718749999 0.41456346406250005 0.110127109375 0.400058421875
7 0.0629297765625 0.435619171875 0.13529901875 0.43515126562499995 0.1359283171875 0.419710415625 0.06418837187500001 0.41830670156250005 0.0629297765625 0.435619171875
4 0.2643050609375 0.437022884375 0.0918774734375 0.4398303125 0.06481767031249999 0.45948230468749995 0.059153990625 0.5072085734375 0.1516607609375 0.5072085734375 0.1541779515625 0.489896103125 0.266192953125 0.48942819843749996 0.2643050609375 0.437022884375
4 0.2617878703125 0.5086122859375 0.0937653671875 0.5086122859375 0.06418837187500001 0.527796375 0.062300478125 0.5759905468750001 0.176832671875 0.574118928125 0.1793498625 0.5596138875000001 0.2605292734375 0.5582101734375 0.2617878703125 0.5086122859375
4 0.26556365625 0.595642540625 0.090618878125 0.5975141578125001 0.0604125859375 0.6162303421875001 0.06167118125 0.7341422984375 0.1302646375 0.7332064890625001 0.1340404234375 0.7205730640625 0.269968740625 0.7163619234375 0.26556365625 0.595642540625
7 0.061041882812500003 0.5965783484375 0.1409626984375 0.591899303125 0.1409626984375 0.5750547375 0.06418837187500001 0.5759905468750001 0.061041882812500003 0.5965783484375
6 0.026430506250000003 0.8880829078125 0.0207668265625 0.924579465625 0.04405084375 0.9241115609375001 0.0453094390625 0.8880829078125 0.026430506250000003 0.8880829078125
3 0.028947696875 0.87638529375 0.044680140624999996 0.8759173875 0.0459387359375 0.8581370140625 0.032723484375 0.85860491875 0.028947696875 0.87638529375
2 0.04027505625 0.7383534390625 0.0453094390625 0.9320659390625 0.26933944374999996 0.9264510843749999 0.269968740625 0.7350781078125 0.04027505625 0.7383534390625
2 0.512877678125 0.7392892484375 0.5166534656249999 0.9311301296875 0.9447439671875 0.9292585109375 0.9409681796875 0.736481821875 0.512877678125 0.7392892484375
7 0.29593797187500004 0.29197246250000003 0.44822802968750003 0.29431198593749996 0.4457108390625 0.2741920890625 0.2927914828125 0.27980694375000004 0.29593797187500004 0.29197246250000003
4 0.2921621859375 0.3181751203125 0.28649850625 0.43468336250000006 0.4922788734375 0.436087075 0.49353747031250006 0.298055221875 0.3198512875 0.2994589359375 0.2921621859375 0.3181751203125
4 0.7200846656250001 0.26717351875 0.51493359375 0.268109328125 0.5143042953125 0.4398303125 0.6540084 0.440766121875 0.6552669953125 0.419710415625 0.716308878125 0.42298574687499996 0.7200846656250001 0.26717351875
7 0.28586920781249997 0.4622897328125 0.39536701875 0.46088601875 0.3947377203125 0.4454451671875 0.28586920781249997 0.44357355 0.28586920781249997 0.4622897328125
7 0.5130456999999999 0.4613539234375 0.631982978125 0.46462925468750005 0.630095084375 0.44638097656250003 0.516192190625 0.445913071875 0.5130456999999999 0.4613539234375
4 0.4885030875 0.5811374984375 0.4872444921875 0.46462925468750005 0.3097825234375 0.46509716093750003 0.2820934203125 0.484749153125 0.28272271875 0.598917871875 0.34250600625 0.5993857765625 0.3431353046875 0.5825412109375 0.4885030875 0.5811374984375
7 0.2883863984375 0.6265242421874999 0.36264353437499997 0.6251205296875 0.364531428125 0.6092117734375 0.2890156953125 0.611083390625 0.2883863984375 0.6265242421874999
4 0.4922788734375 0.62792795625 0.3160755 0.6312032890625 0.2890156953125 0.64757995 0.2877571015625 0.92879060625 0.46458977187499995 0.92879060625 0.4633311765625 0.9110102328125 0.4922788734375 0.908670709375 0.4922788734375 0.62792795625
4 0.5155628906249999 0.48334543906249994 0.51493359375 0.53107170625 0.7200846656250001 0.530603803125 0.7175674734374999 0.4665008734375 0.5451398875 0.4655650640625 0.5155628906249999 0.48334543906249994
7 0.5180800828125001 0.5525953171875 0.600518090625 0.5525953171875 0.596742303125 0.5380902765625 0.5180800828125001 0.5376223718750001 0.5180800828125001 0.5525953171875
4 0.5155628906249999 0.5773942609375 0.5130456999999999 0.7327385843750001 0.72448975 0.7299311578125 0.7213432609375 0.5591459828125 0.545769184375 0.5596138875000001 0.5155628906249999 0.5773942609375
4 0.7402221921875001 0.5385581796875 0.737705003125 0.727591634375 0.9145376734375 0.7294632515624999 0.948519753125 0.7088754500000001 0.9460025625 0.5366865625 0.7402221921875001 0.5385581796875
4 0.9497783500000001 0.0608275953125 0.742739384375 0.058955978124999996 0.7414807890625 0.22927324843750002 0.828953178125 0.227869534375 0.8302117734375001 0.21617191875000002 0.9478904546875 0.21336449218750003 0.9497783500000001 0.0608275953125
4 0.7458858734375 0.2423745765625 0.8107035437500001 0.2433103859375 0.80692775625 0.22740162968750002 0.7521788500000001 0.227869534375 0.7458858734375 0.2423745765625
4 0.9428560734375001 0.24564990781249998 0.7622476140625001 0.24658571718750003 0.737705003125 0.2690451375 0.737705003125 0.3963151859375 0.7798679515625 0.3963151859375 0.781755846875 0.3836817625 0.9478904546875 0.384617571875 0.9428560734375001 0.24564990781249998
4 0.9428560734375001 0.40239794531250006 0.7660234015625 0.40193004062500004 0.7395928953124999 0.41877460624999996 0.7421100875 0.5315396125 0.80000548125 0.5320075156249999 0.8012640765624999 0.52077780625 0.9491490499999999 0.523117328125 0.9428560734375001 0.40239794531250006