3 0.9961449281249999 0.8686785328125 0.98063768125 0.8686785328125 0.98063768125 0.8891639703124999 0.9961449281249999 0.8891639703124999 0.9961449281249999 0.8686785328125
6 0.9965652171875 0.8989428265624999 0.9759855078124999 0.8989428265624999 0.9759855078124999 0.9368500546874999 0.9965652171875 0.9368500546874999 0.9965652171875 0.8989428265624999
4 0.6838300453125 0.9120700609375 0.6822813421875 0.9426080015625 0.9695670625 0.9431842125 0.9672439296875 0.8976653562499999 0.9600166187499999 0.8945923562500001 0.8250208234375 0.8936320421874999 0.8010157546875 0.8947844437500001 0.7082715390625001 0.8978415390625001 0.7096419125 0.9095732625 0.6946710546875 0.9095732625 0.6838300453125 0.9120700609375
4 0.684346321875 0.8665512453125 0.6812489 0.8771146609375 0.6851206390625 0.89747331875 0.76849285 0.8951685671874999 0.77004156875 0.8836448156250001 0.9700833093749999 0.8803797484375 0.9739550765624999 0.72627573125 0.717308909375 0.7269796890625 0.7101581484375 0.74185606875 0.6879599765625 0.7447370015625 0.684346321875 0.8665512453125
4 0.6869274671875 0.7285339609375 0.740874225 0.7277656828125 0.7390673953125 0.7141292671875 0.9724063046874999 0.7116324265625 0.9762780703124999 0.6941547328125 0.9708575875 0.6795579859374999 0.716405171875 0.6812371484375 0.715062396875 0.697996009375 0.6887342953125 0.6985721687499999 0.6869274671875 0.7285339609375
4 0.6797001546875 0.6126736609375001 0.6877018265625 0.6361053171875 0.6905411234375001 0.6833526953125 0.9496919546875 0.6795114578125 0.9514987828124999 0.669140078125 0.9731807187499999 0.668947990625 0.9752456015625001 0.623982103125 0.9716319468749999 0.5705886921875 0.853671959375 0.5719331296875 0.7132555703125 0.5750061234375 0.7145461625 0.5911626515624999 0.6853787640625 0.5894340953125 0.6797001546875 0.6126736609375001
4 0.683055728125 0.5595945703125 0.6905411234375001 0.5738072296875 0.74371349375 0.5736151625 0.7442297296875 0.5605548859375 0.9667277656250001 0.5570977828125 0.9690507593750001 0.5532565046875 0.9708575875 0.5015916796875 0.967502125 0.49563773749999995 0.717308909375 0.4972579515625 0.7137718046875 0.5152281265624999 0.6864112312499999 0.5138836890625 0.683055728125 0.5595945703125
4 0.85186513125 0.49535258281249994 0.8575437265625 0.4834447375 0.9724063046874999 0.4799875734375 0.97214825 0.346841696875 0.9718901390625 0.3264830390625 0.832506190625 0.3295560390625 0.7715903140625 0.3303242859375 0.6865818531250001 0.330432209375 0.6869274671875 0.4573242046875 0.6864112312499999 0.4980414578125 0.85186513125 0.49535258281249994
1 0.9726644140625 0.306124403125 0.8171718390624999 0.3052065421875 0.8152122687500001 0.3216814890625 0.97214825 0.322449725 0.9726644140625 0.306124403125
2 0.6920042750000001 0.3031884890625 0.997701896875 0.303604321875 0.996927565625 0.0013037265625 0.6949291375 0.0022640406250000003 0.6920042750000001 0.3031884890625
4 0.3849337734375 0.43480195625 0.5282942515625 0.4336682484375 0.6125287625 0.43140083437500004 0.6180545890625 0.419866009375 0.6755901265625 0.41543722499999997 0.6815420671875 0.0628011421875 0.3954509046875 0.06490810625 0.389286984375 0.0715789390625 0.387110390625 0.41067016250000005 0.3849337734375 0.43480195625
4 0.38580243593749997 0.5067238421875 0.38374405 0.5402280390625 0.39120570468750004 0.557650221875 0.673976709375 0.5568844140625 0.6773216515625 0.43090860312499996 0.58083473125 0.432823134375 0.44395190781249994 0.43301458281249994 0.41459164375 0.4353292765625 0.41513447968749995 0.447182075 0.3883754046875 0.4475649875 0.38580243593749997 0.5067238421875
4 0.387860809375 0.66495644375 0.6019331390625 0.6613188453125 0.60399151875 0.6496402171875 0.6618837484375 0.6504060234375 0.67294751875 0.6460026156249999 0.6778362609374999 0.5851207015625 0.6726902828125 0.5680814328125 0.3871152140625 0.570109403125 0.3865743140625 0.59163009375 0.3847732265625 0.6253257375 0.387860809375 0.66495644375
4 0.3832294546875 0.786621609375 0.3824575421875 0.8795456921874999 0.38168566249999997 0.9141985890625 0.38039916875 0.942725009375 0.6770643609375 0.9402361593749999 0.6734621828125 0.6621310375 0.6086229703125 0.6619395796875 0.5345209375 0.6615566671875001 0.41459164375 0.663986109375 0.4115323015625 0.67648998125 0.384515928125 0.67917030625 0.3832294546875 0.786621609375
2 0.3759934265625 0.3133025640625 0.0799967328125 0.3096336296875 0.083944403125 0.929188390625 0.3635769828125 0.9306571343750001 0.3759934265625 0.3133025640625
7 0.2286954625 0.201807671875 0.22211579218750002 0.231182353125 0.1734269078125 0.22188034843749999 0.174084775 0.29335892812500003 0.370156653125 0.3036400875 0.3714726015625 0.12396454999999999 0.0983539515625 0.12725619999999999 0.12605386406250002 0.15480802968750002 0.157635809375 0.19789097656250002 0.2286954625 0.201807671875