2 0.27482244375 0.2255859375 0.2723011359375 0.4111328125 0.278604403125 0.4140625 0.46644176093749995 0.4130859375 0.46896306875000004 0.2255859375 0.4651811078125 0.22265625 0.278604403125 0.22265625 0.27482244375 0.2255859375
7 0.4084517046875 0.1376953125 0.414754971875 0.1328125 0.4651811078125 0.1328125 0.46896306875000004 0.1298828125 0.46896306875000004 0.1181640625 0.46013849375 0.111328125 0.44753196093750003 0.11328125 0.414754971875 0.109375 0.41097301093749994 0.1064453125 0.41097301093749994 0.0927734375 0.40466974375 0.08984375 0.387020596875 0.08984375 0.3668501421875 0.083984375 0.3567649140625 0.083984375 0.3466796875 0.08984375 0.28364701718749996 0.087890625 0.27734375 0.0908203125 0.27482244375 0.1005859375 0.2811257109375 0.109375 0.2949928984375 0.1123046875 0.2975142046875 0.1357421875 0.27734375 0.1376953125 0.27734375 0.1533203125 0.28868963124999997 0.158203125 0.3126420453125 0.1572265625 0.3365944609375 0.154296875 0.4071910515625 0.15625 0.41349431875000003 0.1474609375 0.4084517046875 0.1376953125
7 0.75134943125 0.1123046875 0.7626953125 0.12109375 0.8017755687499999 0.1220703125 0.8143821015625001 0.1201171875 0.8106001421875 0.109375 0.7551313921875 0.109375 0.75134943125 0.1123046875
3 0.03025568125 0.8759765625 0.0365589484375 0.8828125 0.040340909375 0.8818359375 0.042862215625 0.8603515625 0.0340376421875 0.859375 0.03025568125 0.8623046875 0.03025568125 0.8759765625
6 0.045383523437500004 0.9169921875 0.045383523437500004 0.8876953125 0.0340376421875 0.884765625 0.027734375 0.9169921875 0.045383523437500004 0.9169921875
7 0.8282492890625001 0.078125 0.8484197437500001 0.078125 0.8711115062499999 0.06640625 0.886239346875 0.0703125 0.9064098015625 0.0703125 0.9127130687499999 0.0634765625 0.9064098015625 0.056640625 0.8786754265625 0.05859375 0.8711115062499999 0.0625 0.8660688921874999 0.056640625 0.8534623578125 0.052734375 0.8232066765624999 0.0546875 0.8156427562499999 0.05859375 0.7753018468749999 0.052734375 0.7576526984374999 0.0546875 0.7526100859375 0.05859375 0.7248757109375 0.052734375 0.7173117890625 0.0546875 0.708487215625 0.0634765625 0.7110085234375 0.0810546875 0.7173117890625 0.0859375 0.7437855109375 0.0869140625 0.7853870734374999 0.080078125 0.803036221875 0.068359375 0.8131214484375 0.068359375 0.8282492890625001 0.078125
4 0.8711115062499999 0.251953125 0.8938032671875 0.251953125 0.902627840625 0.2470703125 0.9051491484374999 0.1533203125 0.902627840625 0.1435546875 0.8963245734375 0.138671875 0.886239346875 0.134765625 0.8660688921874999 0.140625 0.8156427562499999 0.138671875 0.7979936078125001 0.142578125 0.7374822437499999 0.138671875 0.72109375 0.1435546875 0.72109375 0.1494140625 0.7110085234375 0.1572265625 0.708487215625 0.1767578125 0.7135298296875 0.2001953125 0.7135298296875 0.2646484375 0.719833096875 0.267578125 0.7677379265625001 0.265625 0.7816051140625 0.2705078125 0.7904296875 0.267578125 0.8534623578125 0.26953125 0.861026278125 0.255859375 0.8711115062499999 0.251953125
4 0.8711115062499999 0.568359375 0.8938032671875 0.568359375 0.900106534375 0.5654296875 0.9051491484374999 0.4794921875 0.9051491484374999 0.2939453125 0.8950639203125 0.2841796875 0.902627840625 0.2802734375 0.89884588125 0.275390625 0.88534938125 0.26839818437499996 0.8358132109374999 0.26953125 0.8232066765624999 0.2734375 0.7954723015625 0.271484375 0.76521661875 0.2734375 0.7610456828125 0.2703121484375 0.7374822437499999 0.2734375 0.71906228125 0.272864046875 0.7314103265624999 0.28562367499999997 0.7173117890625 0.287109375 0.7110085234375 0.2919921875 0.70836074375 0.5810090812500001 0.7626920640625 0.5810090812500001 0.7841264203125 0.5849609375 0.8162002562499999 0.5829229953125 0.8137306234375 0.5701633671875 0.8408558234375001 0.564453125 0.8711115062499999 0.568359375
4 0.858504971875 0.81640625 0.8912819609374999 0.814453125 0.900106534375 0.8095703125 0.902627840625 0.6201171875 0.90428295 0.606277521875 0.8963245734375 0.5859375 0.75692966875 0.58267220625 0.7248757109375 0.5859375 0.72109375 0.5986328125 0.7110085234375 0.6044921875 0.7059659093749999 0.6396484375 0.7059659093749999 0.8134765625 0.7025982234375 0.8282950671875 0.754460034375 0.8302089828125 0.7478743859375 0.8136214765625001 0.76017400625 0.818359375 0.7753018468749999 0.814453125 0.858504971875 0.81640625
4 0.8938032671875 0.833984375 0.7626953125 0.83203125 0.7248757109375 0.833984375 0.7160511359374999 0.8388671875 0.7160511359374999 0.8466796875 0.7034446015625 0.8564453125 0.7034446015625 0.8935546875 0.70974786875 0.9140625 0.82950994375 0.9130859375 0.8938032671875 0.912109375 0.900106534375 0.9072265625 0.900106534375 0.8505859375 0.8938032671875 0.833984375
4 0.471484375 0.5712890625 0.46896306875000004 0.4482421875 0.46265980156250003 0.443359375 0.4399680390625 0.443359375 0.43240411874999996 0.439453125 0.2912109375 0.439453125 0.27482244375 0.4638671875 0.2697798296875 0.4951171875 0.2723011359375 0.5263671875 0.2672585234375 0.5361328125 0.2697798296875 0.5498046875 0.26473721562499997 0.5654296875 0.2697798296875 0.5751953125 0.26473721562499997 0.5751953125 0.26473721562499997 0.6005859375 0.2697798296875 0.6162109375 0.26473721562499997 0.6181640625 0.26473721562499997 0.7373046875 0.2663272953125 0.8634091015625 0.2596946015625 0.8837890625 0.26473721562499997 0.8916015625 0.262215909375 0.8994140625 0.4576171875 0.900390625 0.4639204546875 0.8955078125 0.46644176093749995 0.8798828125 0.46644176093749995 0.6494140625 0.471484375 0.5712890625
4 0.6832741484375 0.7783203125 0.6883167609374999 0.7392578125 0.6857954546875 0.7138671875 0.6807528406250001 0.7080078125 0.6807528406250001 0.6806640625 0.6744495734375 0.67578125 0.6618430390625 0.673828125 0.6240234375 0.6796875 0.5912464484375 0.671875 0.555948153125 0.671875 0.5408203125 0.6796875 0.5055220171875 0.6796875 0.5105646312500001 0.6875 0.484090909375 0.6943359375 0.484090909375 0.9013671875 0.5307350859375 0.91015625 0.6681463062499999 0.9111328125 0.6794921875 0.91015625 0.6883167609374999 0.8994140625 0.6883167609374999 0.7919921875 0.6832741484375 0.7783203125
4 0.6366299718749999 0.658203125 0.6744495734375 0.658203125 0.6832741484375 0.6513671875 0.6857954546875 0.6416015625 0.6857954546875 0.5888671875 0.69083806875 0.5615234375 0.6883167609374999 0.4384765625 0.693359375 0.3154296875 0.69083806875 0.2255859375 0.69588068125 0.1630859375 0.69083806875 0.1357421875 0.693359375 0.1103515625 0.6870561078125 0.09765625 0.6515337765625 0.09752851093750001 0.5862038359375 0.1015625 0.56603338125 0.099609375 0.5635120734375 0.095703125 0.5105646312500001 0.095703125 0.50174005625 0.1005859375 0.50174005625 0.1103515625 0.49165482968749996 0.1181640625 0.4941761359375 0.1474609375 0.4891335234375 0.1513671875 0.49165482968749996 0.1669921875 0.486612215625 0.2041015625 0.49165482968749996 0.2255859375 0.486612215625 0.3076171875 0.49165482968749996 0.3271484375 0.486612215625 0.3466796875 0.4891335234375 0.3955078125 0.484090909375 0.4990234375 0.48405270468749995 0.6736372921875 0.528213778125 0.67578125 0.5509055390625 0.669921875 0.60594169375 0.6714739765625 0.6003590046875 0.6541676390625 0.6366299718749999 0.658203125
4 0.2306995734375 0.380859375 0.25213068125000004 0.3720703125 0.2571732953125 0.3505859375 0.2571732953125 0.2509765625 0.2533913359375 0.24609375 0.1701882109375 0.244140625 0.1525390625 0.240234375 0.06429332343750001 0.240234375 0.05799005625 0.2451171875 0.05294744375 0.3720703125 0.05546875 0.3857421875 0.06177201718749999 0.390625 0.08068181875 0.3896484375 0.08068181875 0.3857421875 0.09454900625 0.37890625 0.1348899140625 0.376953125 0.2306995734375 0.380859375
4 0.24078480156249998 0.396484375 0.220614346875 0.39453125 0.0693359375 0.39453125 0.05546875 0.4130859375 0.05546875 0.5224609375 0.052061601562500004 0.5403830515625 0.10137542968749999 0.5403830515625 0.1021129265625 0.5234375 0.1890980109375 0.5263671875 0.248348721875 0.525390625 0.2546519890625 0.5205078125 0.25213068125000004 0.4033203125 0.24078480156249998 0.396484375
4 0.20548650624999998 0.64453125 0.2256569609375 0.646484375 0.248348721875 0.640625 0.2546519890625 0.6337890625 0.25213068125000004 0.5498046875 0.248348721875 0.546875 0.223135653125 0.546875 0.21557173281250003 0.552734375 0.1979225859375 0.544921875 0.13236860781249998 0.544921875 0.11724076718750001 0.548828125 0.09959161875 0.544921875 0.0693359375 0.546875 0.0655539765625 0.5576171875 0.05546875 0.5634765625 0.05294744375 0.6494140625 0.06177201718749999 0.65625 0.083203125 0.6572265625 0.09454900625 0.65234375 0.12228338125 0.6484375 0.1903586640625 0.6484375 0.20548650624999998 0.64453125
4 0.24708806874999997 0.7177734375 0.24708806874999997 0.7080078125 0.25213068125000004 0.7021484375 0.25213068125000004 0.6748046875 0.2433061078125 0.662109375 0.12732599375 0.658203125 0.0970703125 0.662109375 0.07185724375 0.66015625 0.05294744375 0.6787109375 0.05294744375 0.7158203125 0.06177201718749999 0.72265625 0.17144886406249998 0.7236328125 0.192879971875 0.71875 0.2306995734375 0.720703125 0.2357421875 0.716796875 0.24708806874999997 0.7177734375
4 0.192879971875 0.85546875 0.2256569609375 0.857421875 0.24708806874999997 0.8525390625 0.25213068125000004 0.8369140625 0.25213068125000004 0.7587890625 0.249609375 0.7294921875 0.2458274140625 0.7265625 0.1853160515625 0.724609375 0.1572024546875 0.72762025625 0.06303267031250001 0.7236328125 0.06303267031250001 0.7353515625 0.05294744375 0.7451171875 0.050426135937500005 0.7607421875 0.050426135937500005 0.7822265625 0.05546875 0.7919921875 0.050426135937500005 0.8115234375 0.050426135937500005 0.8642578125 0.06429332343750001 0.87109375 0.1021129265625 0.869140625 0.10967684687499998 0.873046875 0.1185014203125 0.8720703125 0.14497514218750002 0.869140625 0.1702287734375 0.8696765750000001 0.172089646875 0.8552546156249999 0.192879971875 0.85546875
4 0.23322088124999998 0.87109375 0.20548650624999998 0.875 0.1197620734375 0.869140625 0.12102272656249999 0.8623046875 0.112198153125 0.861328125 0.09959161875 0.873046875 0.07942116406250001 0.869140625 0.06177201718749999 0.87109375 0.0576442890625 0.8855407109375 0.048339785937500004 0.8970782953124999 0.05113109375 0.92087458125 0.1764914765625 0.9189453125 0.2433061078125 0.91796875 0.25213068125000004 0.9052734375 0.24708806874999997 0.8759765625 0.23322088124999998 0.87109375
4 0.53961755625 0.0802532125 0.60474915625 0.077368809375 0.6903505640625001 0.0809743 0.6931419437499999 0.0651101375 0.4922899671875 0.060554853124999995 0.4903037265625 0.0953962609375 0.53868711875 0.093954059375 0.53961755625 0.0802532125
2 0.052749948437500006 0.23745258125 0.25265920625 0.23807429062500002 0.24721409687499998 0.0470826859375 0.04995856875 0.0485248875 0.052749948437500006 0.23745258125