7 0.5155884609375 0.435546875 0.25716699374999996 0.43359375 0.247131209375 0.4375 0.21451490624999997 0.43359375 0.191934390625 0.435546875 0.1844075515625 0.439453125 0.179389659375 0.435546875 0.15430019687500002 0.435546875 0.14802783125000002 0.4384765625 0.150536778125 0.4755859375 0.166844928125 0.48046875 0.51182504375 0.4814453125 0.5168429359375 0.4775390625 0.51935188125 0.4560546875 0.51935188125 0.4384765625 0.5155884609375 0.435546875
3 0.0978489046875 0.8779296875 0.10035785156249999 0.8857421875 0.10788469062499999 0.8876953125 0.1103936375 0.8740234375 0.1041212703125 0.87109375 0.0978489046875 0.8740234375 0.0978489046875 0.8779296875
6 0.095339959375 0.9267578125 0.099103378125 0.9296875 0.1103936375 0.9287109375 0.11290258281250001 0.9013671875 0.10161232499999999 0.8984375 0.0978489046875 0.9013671875 0.095339959375 0.9267578125
6 0.4403200734375 0.392578125 0.420248503125 0.39453125 0.416485084375 0.3994140625 0.42526639531250005 0.40625 0.48171768750000005 0.4052734375 0.52813319375 0.404296875 0.534405559375 0.3955078125 0.5306421390625 0.392578125 0.4403200734375 0.392578125
4 0.394480721875 0.072555665625 0.5380698828125 0.07314423437499999 0.5380698828125 0.051955460937499996 0.1164020984375 0.05310385468749999 0.1156154484375 0.0896244046875 0.394480721875 0.08668151874999999 0.394480721875 0.072555665625
7 0.3929692234375 0.1037502671875 0.1145124546875 0.10311856562499999 0.1156154484375 0.1172875390625 0.3929692234375 0.11787610781249999 0.3929692234375 0.1037502671875
5 0.5373141609375 0.12317331093749999 0.11167798749999999 0.121506325 0.109569565625 0.37626153125 0.535046940625 0.3768501 0.5373141609375 0.12317331093749999
6 0.17060834687499998 0.1357421875 0.166844928125 0.126953125 0.145518884375 0.1279296875 0.1467733578125 0.13671875 0.17060834687499998 0.1357421875
6 0.2396043703125 0.125 0.22329622031250002 0.1279296875 0.2245506921875 0.13671875 0.2709662 0.1376953125 0.281001984375 0.1357421875 0.28351093125000004 0.1298828125 0.2797475109375 0.126953125 0.2396043703125 0.125
6 0.454119278125 0.1279296875 0.45788269687499994 0.138671875 0.5318966125 0.1376953125 0.534405559375 0.1279296875 0.525624246875 0.125 0.45788269687499994 0.125 0.454119278125 0.1279296875
6 0.124192840625 0.154296875 0.1655904546875 0.1533203125 0.16433598124999999 0.14453125 0.117920475 0.1455078125 0.117920475 0.1513671875 0.124192840625 0.154296875
6 0.11541152968749999 0.1650390625 0.11917494843750001 0.169921875 0.1292107328125 0.171875 0.158063615625 0.1708984375 0.1655904546875 0.1689453125 0.16182703437499998 0.16015625 0.11917494843750001 0.16015625 0.11541152968749999 0.1650390625
6 0.11541152968749999 0.1806640625 0.12168389531249998 0.1875 0.16308150937500002 0.1865234375 0.1655904546875 0.1806640625 0.16182703437499998 0.177734375 0.11917494843750001 0.177734375 0.11541152968749999 0.1806640625
6 0.117920475 0.1962890625 0.11917494843750001 0.203125 0.1655904546875 0.2021484375 0.16433598124999999 0.1953125 0.149282303125 0.193359375 0.12168389531249998 0.193359375 0.117920475 0.1962890625
6 0.11541152968749999 0.2138671875 0.11917494843750001 0.220703125 0.16308150937500002 0.2197265625 0.1655904546875 0.2138671875 0.1593180890625 0.2109375 0.11917494843750001 0.2109375 0.11541152968749999 0.2138671875
6 0.11541152968749999 0.2314453125 0.12168389531249998 0.23828125 0.16308150937500002 0.2373046875 0.1655904546875 0.2333984375 0.1593180890625 0.228515625 0.11917494843750001 0.228515625 0.11541152968749999 0.2314453125
6 0.117920475 0.2451171875 0.11541152968749999 0.2490234375 0.11917494843750001 0.25390625 0.1354831 0.2548828125 0.16433598124999999 0.25390625 0.1655904546875 0.2470703125 0.15179125 0.244140625 0.117920475 0.2451171875
6 0.11917494843750001 0.271484375 0.1655904546875 0.2705078125 0.16182703437499998 0.26171875 0.11917494843750001 0.26171875 0.11541152968749999 0.2646484375 0.11917494843750001 0.271484375
6 0.11917494843750001 0.2890625 0.16308150937500002 0.2880859375 0.16182703437499998 0.279296875 0.1467733578125 0.27734375 0.11541152968749999 0.2802734375 0.11917494843750001 0.2890625
6 0.11541152968749999 0.2958984375 0.11917494843750001 0.3046875 0.16057256250000002 0.3056640625 0.1655904546875 0.3017578125 0.16182703437499998 0.29296875 0.13924651875 0.291015625 0.11541152968749999 0.2958984375
6 0.1166660015625 0.3203125 0.16308150937500002 0.3193359375 0.16182703437499998 0.310546875 0.11917494843750001 0.310546875 0.11541152968749999 0.3134765625 0.1166660015625 0.3203125
6 0.11541152968749999 0.3291015625 0.11917494843750001 0.337890625 0.16308150937500002 0.3369140625 0.1655904546875 0.3330078125 0.16182703437499998 0.328125 0.11917494843750001 0.326171875 0.11541152968749999 0.3291015625
6 0.11917494843750001 0.35546875 0.16308150937500002 0.3544921875 0.1593180890625 0.341796875 0.1342286265625 0.33984375 0.11541152968749999 0.3447265625 0.11917494843750001 0.35546875
6 0.16057256250000002 0.3701171875 0.16182703437499998 0.361328125 0.11541152968749999 0.3623046875 0.11917494843750001 0.37109375 0.16057256250000002 0.3701171875
6 0.2057335953125 0.3681640625 0.21451490624999997 0.37109375 0.253403575 0.3701171875 0.255912521875 0.3642578125 0.25214910156250003 0.361328125 0.2057335953125 0.3623046875 0.2057335953125 0.3681640625
6 0.21200596093750002 0.337890625 0.24587673593749998 0.3388671875 0.2634393609375 0.3369140625 0.259675940625 0.32421875 0.2057335953125 0.3291015625 0.21200596093750002 0.337890625
6 0.25214910156250003 0.3125 0.20949701406250001 0.310546875 0.2057335953125 0.3134765625 0.2057335953125 0.3193359375 0.21200596093750002 0.322265625 0.2759840921875 0.3212890625 0.28727435 0.3203125 0.29103776875 0.3134765625 0.2747296171875 0.30859375 0.25214910156250003 0.3125
6 0.2057335953125 0.2958984375 0.21200596093750002 0.3046875 0.2609304140625 0.3037109375 0.2634393609375 0.2958984375 0.25716699374999996 0.291015625 0.20949701406250001 0.29296875 0.2057335953125 0.2958984375
6 0.20949701406250001 0.27734375 0.2057335953125 0.2802734375 0.20698806875 0.287109375 0.23834989687500002 0.2880859375 0.2747296171875 0.287109375 0.2784930375 0.2802734375 0.2747296171875 0.27734375 0.20949701406250001 0.27734375
6 0.2082425421875 0.2685546875 0.21451490624999997 0.271484375 0.2634393609375 0.2705078125 0.259675940625 0.2578125 0.2496401546875 0.26171875 0.2082425421875 0.2626953125 0.2082425421875 0.2685546875
6 0.21200596093750002 0.244140625 0.2082425421875 0.2470703125 0.21200596093750002 0.255859375 0.2483856828125 0.2548828125 0.2772385640625 0.25390625 0.281001984375 0.2470703125 0.2772385640625 0.244140625 0.21200596093750002 0.244140625
6 0.2057335953125 0.2314453125 0.20949701406250001 0.23828125 0.268457253125 0.2373046875 0.2784930375 0.2353515625 0.2772385640625 0.228515625 0.20949701406250001 0.228515625 0.2057335953125 0.2314453125
6 0.2634393609375 0.2197265625 0.2621848859375 0.208984375 0.2082425421875 0.2099609375 0.21200596093750002 0.220703125 0.2634393609375 0.2197265625
6 0.2082425421875 0.1787109375 0.2082425421875 0.1826171875 0.217023853125 0.1875 0.2634393609375 0.1865234375 0.26594830625 0.1787109375 0.259675940625 0.173828125 0.2496401546875 0.177734375 0.2082425421875 0.1787109375
6 0.2634393609375 0.1708984375 0.2621848859375 0.158203125 0.2082425421875 0.1611328125 0.21200596093750002 0.169921875 0.2634393609375 0.1708984375
6 0.2082425421875 0.1455078125 0.21200596093750002 0.154296875 0.2609304140625 0.1552734375 0.2772385640625 0.154296875 0.281001984375 0.1455078125 0.2747296171875 0.140625 0.2082425421875 0.1455078125
6 0.3173817046875 0.205078125 0.39641351406249997 0.2041015625 0.398922459375 0.1943359375 0.3826143078125 0.189453125 0.3161272328125 0.1943359375 0.3173817046875 0.205078125
6 0.36756063125 0.34375 0.3324353828125 0.33984375 0.318636178125 0.3447265625 0.3198906515625 0.35546875 0.37885088906250003 0.3564453125 0.39766798593749997 0.35546875 0.40143140624999996 0.3447265625 0.38512325468749997 0.33984375 0.36756063125 0.34375
6 0.45913717031249995 0.3623046875 0.4629005890625 0.37109375 0.521860828125 0.3701171875 0.5318966125 0.3681640625 0.5306421390625 0.361328125 0.4654095359375 0.359375 0.45913717031249995 0.3623046875
6 0.44910138593750004 0.3271484375 0.44910138593750004 0.3330078125 0.4629005890625 0.337890625 0.49175347187499996 0.3369140625 0.5306421390625 0.3359375 0.5318966125 0.3271484375 0.5180974078125 0.32421875 0.44910138593750004 0.3271484375
6 0.495516890625 0.3203125 0.524369775 0.3193359375 0.5318966125 0.3173828125 0.5306421390625 0.30859375 0.49175347187499996 0.3134765625 0.495516890625 0.3203125
6 0.4904989984375 0.291015625 0.4528648046875 0.291015625 0.4465924390625 0.2939453125 0.4465924390625 0.3017578125 0.4528648046875 0.3046875 0.5318966125 0.3037109375 0.5318966125 0.2939453125 0.5180974078125 0.2890625 0.495516890625 0.287109375 0.4904989984375 0.291015625
6 0.48297215937500004 0.287109375 0.5334250218750001 0.286985453125 0.5344326500000001 0.273251984375 0.4754855359375 0.276783453125 0.4766997953125 0.2841796875 0.48297215937500004 0.287109375
6 0.45913717031249995 0.2626953125 0.45913717031249995 0.2685546875 0.4820352328125 0.271682453125 0.5011803921875 0.271290059375 0.5344326500000001 0.2693281359375 0.5334250218750001 0.2587337421875 0.48548110624999996 0.255859375 0.4679184828125 0.2578125 0.45913717031249995 0.2626953125
6 0.479208740625 0.2490234375 0.4904989984375 0.25390625 0.5293876671875 0.2529296875 0.534405559375 0.2490234375 0.5306421390625 0.240234375 0.4766997953125 0.2431640625 0.479208740625 0.2490234375
6 0.4766997953125 0.2294921875 0.48297215937500004 0.236328125 0.5318966125 0.2353515625 0.534405559375 0.2294921875 0.5306421390625 0.224609375 0.48046321406250003 0.2265625 0.4766997953125 0.2294921875
6 0.45913717031249995 0.2138671875 0.4629005890625 0.220703125 0.5318966125 0.2197265625 0.534405559375 0.2119140625 0.5306421390625 0.208984375 0.4654095359375 0.208984375 0.45913717031249995 0.2138671875
6 0.46039164374999997 0.173828125 0.43404770781249996 0.1787109375 0.4378111265625 0.1875 0.45662822500000005 0.1884765625 0.4904989984375 0.185546875 0.5306421390625 0.1875 0.534405559375 0.1767578125 0.46039164374999997 0.173828125
6 0.4403200734375 0.15625 0.43404770781249996 0.1611328125 0.4378111265625 0.173828125 0.5017892578125001 0.1728515625 0.5306421390625 0.171875 0.534405559375 0.1611328125 0.5180974078125 0.15625 0.4403200734375 0.15625
6 0.4904989984375 0.140625 0.420248503125 0.140625 0.4127216640625 0.14453125 0.40268587812499995 0.140625 0.37132405 0.1455078125 0.37508746875 0.154296875 0.41021271718749996 0.154296875 0.415230609375 0.1484375 0.4227574484375 0.154296875 0.4277753421875 0.154296875 0.43279323437499995 0.1484375 0.4403200734375 0.154296875 0.5293876671875 0.1533203125 0.534405559375 0.1494140625 0.5331510859375 0.142578125 0.495516890625 0.14453125 0.4904989984375 0.140625
4 0.11877979999999999 0.5725599765625 0.516295040625 0.57334475 0.5173027453125 0.5592189015625 0.539470865625 0.5592189015625 0.5379593859375 0.49486778124999997 0.1588561234375 0.489948025 0.15858173281250001 0.5086012515625 0.1202912796875 0.5086012515625 0.11877979999999999 0.5725599765625
4 0.1152530640625 0.821492409375 0.479012271875 0.8254162562499999 0.4754855359375 0.8073665609375 0.5354402765625 0.8077589390625001 0.5364479046875 0.5770591781250001 0.3626294859375 0.5747048828125 0.1575963609375 0.5747768953125 0.1444747125 0.586846275 0.11676452343749999 0.5907701234375 0.1152530640625 0.821492409375
4 0.11374158281249999 0.91993371875 0.5314096875 0.924642325 0.533928796875 0.8257613578124999 0.1802460390625 0.8230146546875 0.155706715625 0.823379425 0.1545511453125 0.8391024343750001 0.11424541562499999 0.8414567515625 0.11374158281249999 0.91993371875
4 0.552878403125 0.9273890218749999 0.9715541546875001 0.9273890218749999 0.975080890625 0.798294428125 0.7045287 0.796724875 0.592844534375 0.797391390625 0.5896573578125001 0.8124202687500001 0.553382215625 0.8143821921875001 0.552878403125 0.9273890218749999
4 0.9508974374999999 0.1513559734375 0.9765923703125001 0.134875821875 0.9775999984375 0.05443692343749999 0.558201046875 0.05501618125 0.556908953125 0.1509635953125 0.6128331421875 0.15292551875 0.9508974374999999 0.1513559734375
4 0.5579166171875001 0.1731721234375 0.555901325 0.3297336703125 0.6561618328125001 0.35013768437500004 0.555901325 0.3489605484375 0.55237455 0.7948596171875 0.6425586265625001 0.7948596171875 0.6415509984375001 0.776809921875 0.9760885187499999 0.776809921875 0.9760885187499999 0.352099609375 0.879354784375 0.3450367 0.97558474375 0.3316955953125 0.9775999984375 0.15802651875 0.811338865625 0.155279821875 0.5991433484375001 0.1560262828125 0.596207053125 0.16964066093750002 0.5871382484375001 0.1668939703125 0.5579166171875001 0.1731721234375