3 0.958207546875 0.86377419375 0.9421988390625 0.86377419375 0.9421988390625 0.8822688171875 0.958207546875 0.8822688171875 0.958207546875 0.86377419375
6 0.9563134984375001 0.894112903125 0.9375616843750001 0.894112903125 0.9375616843750001 0.9300161296875 0.9563134984375001 0.9300161296875 0.9563134984375001 0.894112903125
2 0.90880986875 0.1171290328125 0.503904209375 0.1171290328125 0.503904209375 0.3022473125 0.90880986875 0.3022473125 0.90880986875 0.1171290328125
2 0.9236357046875 0.4304408609375 0.500312046875 0.4304408609375 0.500312046875 0.6014301078125001 0.9236357046875 0.6014301078125001 0.9236357046875 0.4304408609375
2 0.9273294625 0.67437634375 0.503904209375 0.67437634375 0.503904209375 0.9012365593749999 0.9273294625 0.9012365593749999 0.9273294625 0.67437634375
1 0.74295355625 0.9081559140625 0.67394049375 0.9081559140625 0.67394049375 0.9244677421875 0.74295355625 0.9244677421875 0.74295355625 0.9081559140625
1 0.733911465625 0.4197688171875 0.7013280109375 0.4197688171875 0.7013280109375 0.42945698906249996 0.733911465625 0.42945698906249996 0.733911465625 0.4197688171875
4 0.4832724546875 0.097078875 0.4964419484375 0.11292829062500001 0.9281546796875 0.114147490625 0.9285663453125 0.0702567546875 0.5176023125 0.06908425 0.5083768640625 0.08915414375 0.4877994640625 0.0870205671875 0.4832724546875 0.097078875
1 0.922393021875 0.307157678125 0.49454744687499996 0.3060752515625 0.49479576718749996 0.348610015625 0.9248624031249999 0.347086046875 0.922393021875 0.307157678125
4 0.649537478125 0.3938307109375 0.6853419781250001 0.387125209375 0.6894574546875 0.37462851875 0.5017520921874999 0.3701268734375 0.49232647343749997 0.377676475 0.49685355 0.393221103125 0.649537478125 0.3938307109375
7 0.8470800359374999 0.4212624390625 0.850783846875 0.404498578125 0.819917846875 0.3950498765625 0.5745190109375 0.397882578125 0.589451615625 0.4209576015625 0.740489384375 0.4182144671875 0.8470800359374999 0.4212624390625
4 0.5647587406250001 0.6722578343750001 0.5684626609375 0.6551892203125 0.9322701531250001 0.66037076875 0.93103550625 0.6173943953125 0.506730615625 0.6176992328125 0.50631908125 0.6161752468749999 0.4989112875 0.6722578343750001 0.5647587406250001 0.6722578343750001
4 0.2311106046875 0.09900014375 0.37701494062499996 0.0970432390625 0.37808426875 0.0863517609375 0.4671061640625 0.0851638265625 0.47058150000000004 0.06595877812499999 0.029684570312500002 0.0656791671875 0.032076021875 0.1002037875 0.0941867265625 0.098849675 0.2311106046875 0.09900014375
4 0.03578115 0.23629424999999998 0.042348626562500005 0.398421778125 0.040941328124999996 0.418688265625 0.1769727109375 0.418804078125 0.212937446875 0.418688265625 0.2256033015625 0.418804078125 0.246556678125 0.41683533281249996 0.255204025 0.4062002578125 0.46500414218749997 0.40411462187499997 0.4773950625 0.4016118234375 0.470748928125 0.0974955703125 0.413424615625 0.0970442078125 0.29312525625 0.098849675 0.2008946140625 0.09900014375 0.0634530578125 0.1002355796875 0.06439660625 0.11241085937499999 0.03515569375 0.11298988437499999 0.03578115 0.23629424999999998
4 0.0469335390625 0.8759410390625 0.0500604484375 0.9429220390624999 0.17002216718750002 0.9432783296875 0.20345611562500002 0.941318790625 0.2063425015625 0.9270675 0.4815111703125 0.92403911875 0.48175169375 0.8620460375000001 0.2346619890625 0.8627585984374999 0.1855935109375 0.8643618765625 0.0806070359375 0.86364608125 0.07002459062500001 0.8773661703125001 0.0582385203125 0.8752284671874999 0.0469335390625 0.8759410390625
4 0.1958228671875 0.8493548531249999 0.4823364296875 0.8491767375 0.4837796296875 0.8313626125000001 0.4243682796875 0.8302937890625 0.404644584375 0.8294030640625 0.3873262671875 0.8295812281250001 0.363273128125 0.8318970374999999 0.3060265 0.8324314828125001 0.2206375578125 0.8333221890625 0.0861801484375 0.833144025 0.0744854828125 0.8377757109375 0.0785745578125 0.84703904375 0.0485080171875 0.8493548531249999 0.0477438953125 0.8630221562499999 0.12222008437500001 0.8650312578125 0.13208186718749998 0.8652094218749999 0.1951012671875 0.863606153125 0.1958228671875 0.8493548531249999
4 0.047079232812499996 0.8336353000000001 0.08633015625 0.8343478421875 0.10749696718749999 0.8343478421875 0.1204857 0.8329227187500001 0.14550105156249998 0.83416970625 0.1861509484375 0.8331008546875 0.24965142343750002 0.8329227187500001 0.30786017499999996 0.8325664296875 0.3410535875 0.8325664296875 0.3574098328125 0.8316757328125 0.36077728124999997 0.8177807500000001 0.48128378281249995 0.8190277375000001 0.4808027328125 0.75525324375 0.41820581093750003 0.75525324375 0.278697190625 0.7572128203124999 0.2676327203125 0.7536499765625 0.24454170468749997 0.7536499765625 0.2219316375 0.7566783953125 0.0789164796875 0.757890771875 0.0793105578125 0.7728892234375 0.044433396874999996 0.773958046875 0.047079232812499996 0.8336353000000001
4 0.0458440859375 0.665049153125 0.03959025 0.7575043265625 0.178199346875 0.756435475 0.1931123671875 0.7562573390625 0.193593403125 0.7446781671875 0.33262092499999996 0.743074909375 0.4596218484375 0.74164980625 0.480788690625 0.741293515625 0.48199141875 0.649907165625 0.4564647703125 0.6468787765624999 0.310461828125 0.6468787765624999 0.19236065156249998 0.6500853203125 0.07977304375 0.6508876124999999 0.0754295234375 0.6634458859375 0.0682135625 0.6641584468749999 0.0458440859375 0.665049153125
4 0.12137118124999999 0.6340094765625001 0.23273755000000002 0.6318717828125 0.4767982625 0.6345439015625 0.4770387359375 0.5711256984374999 0.45707456874999997 0.5698787109375 0.43398355468750005 0.5682754328125 0.3457082375 0.56970055625 0.23530403125000002 0.57094754375 0.195856796875 0.5705912625 0.1439018421875 0.5713038328125 0.0727043515625 0.5729071046875001 0.070058496875 0.5827048609375 0.0382795390625 0.587870953125 0.0359510859375 0.6480799484374999 0.0708594515625 0.6507547312499999 0.0816833578125 0.64826075625 0.11752267031250001 0.6480826125 0.12137118124999999 0.6340094765625001
4 0.039830268749999995 0.5377727375 0.0364628203125 0.5710851031249999 0.06742240000000001 0.571975828125 0.0881081484375 0.571975828125 0.15521662187500002 0.570728840625 0.1734970265625 0.5703725609375 0.1759023515625 0.5570119859375 0.41739653125 0.558080809375 0.4772890078125 0.5593277953125 0.476808009375 0.41728209843749997 0.338463596875 0.41532254999999996 0.2347942109375 0.41924165625 0.1676857625 0.41924165625 0.066700734375 0.4194113875 0.06845358124999999 0.4336581125 0.03742491875 0.4336581125 0.039830268749999995 0.5377727375