0 0.7403193906250001 0.3798828125 0.74288105 0.1845703125 0.73775773125 0.1689453125 0.7223877796875 0.1494140625 0.6980520203125 0.1328125 0.67755875 0.125 0.6416955265625 0.123046875 0.6058323046874999 0.1328125 0.5789348859375 0.1494140625 0.563564934375 0.1689453125 0.5558799578125 0.2314453125 0.5533182984375 0.3818359375 0.56996908125 0.38671875 0.7339152437500001 0.388671875 0.7403193906250001 0.3798828125
0 0.9488088390625 0.9774652859374999 0.9657453640625 0.1337890625 0.9619028765625 0.130859375 0.774901784375 0.130859375 0.765935978125 0.1376953125 0.7608126609375 0.1728515625 0.7480043671875001 0.6416015625 0.7480043671875001 0.9677734375 0.75953183125 0.97265625 0.8210116421875 0.9765625 0.9488088390625 0.9774652859374999
3 0.975992 0.9248046875 0.96318370625 0.9248046875 0.960622046875 0.9384765625 0.9695878515624999 0.943359375 0.975992 0.9365234375 0.975992 0.9248046875
6 0.960622046875 0.9482421875 0.9580603890624999 0.9755859375 0.9740052531250001 0.9818295671874999 0.9785863234375001 0.9451695578124999 0.960622046875 0.9482421875
0 0.7031753375 0.96875 0.7159836328125 0.96484375 0.7249494375000001 0.9482421875 0.727511096875 0.8955078125 0.727511096875 0.6669921875 0.7134219734375 0.658203125 0.5494758109375 0.658203125 0.5430716624999999 0.6630859375 0.5379483453125 0.7880859375 0.5379483453125 0.9599609375 0.546914153125 0.96484375 0.6493805046875 0.96875 0.7031753375 0.96875
0 0.7287919265625 0.64453125 0.7351960734375 0.6123046875 0.7403193906250001 0.4013671875 0.736476903125 0.3984375 0.5597224453125 0.39453125 0.550756640625 0.4033203125 0.5456333234375 0.6376953125 0.5520374703125001 0.642578125 0.580215715625 0.64453125 0.7287919265625 0.64453125
7 0.44957111875000005 0.7265625 0.41114623593750005 0.7265625 0.40986540624999995 0.7333984375 0.421392871875 0.7421875 0.450851946875 0.7412109375 0.44957111875000005 0.7265625
2 0.49952346406250003 0.9169921875 0.5046467828125001 0.7666015625 0.4931193171875 0.75390625 0.3317348140625 0.75 0.32020735 0.7607421875 0.317645690625 0.8193359375 0.31508403125 0.9111328125 0.3189265203125 0.916015625 0.4777493640625 0.919921875 0.49952346406250003 0.9169921875
4 0.3983379421875 0.96875 0.50080429375 0.966796875 0.507208440625 0.9599609375 0.5097701 0.9345703125 0.503365953125 0.921875 0.349666425 0.919921875 0.32020735 0.9248046875 0.3073990546875 0.9384765625 0.3073990546875 0.9599609375 0.3163648609375 0.96484375 0.3983379421875 0.96875
4 0.2190218265625 0.947265625 0.2856249546875 0.931640625 0.2920291015625 0.9248046875 0.2945907609375 0.9013671875 0.2945907609375 0.7548828125 0.28946744375 0.7275390625 0.26769334375 0.72265625 0.119117134375 0.72265625 0.1063088390625 0.724609375 0.0896580578125 0.7373046875 0.0896580578125 0.9130859375 0.094781375 0.9404296875 0.116555475 0.9453125 0.2190218265625 0.947265625
4 0.49824263437500005 0.708984375 0.5084892703125 0.705078125 0.5148934171875 0.6962890625 0.517455075 0.6748046875 0.52257839375 0.5498046875 0.5239080406250001 0.3941547609375 0.3440982984375 0.39066335625000004 0.327892325 0.4072265625 0.3227690078125 0.4599609375 0.31508403125 0.7119140625 0.32148817812499997 0.716796875 0.35478974218750003 0.716796875 0.49824263437500005 0.708984375
4 0.49824263437500005 0.392578125 0.52257839375 0.3740234375 0.525140053125 0.3583984375 0.5277017109375 0.1513671875 0.5238592234375 0.1484375 0.3419814484375 0.146484375 0.3355773015625 0.1533203125 0.330453984375 0.1806640625 0.330453984375 0.3837890625 0.35478974218750003 0.392578125 0.4444478 0.396484375 0.49824263437500005 0.392578125
7 0.41883121250000005 0.125 0.41626955312499997 0.142578125 0.4585369234375 0.1416015625 0.4546944359375 0.12890625 0.41883121250000005 0.125
4 0.2881866140625 0.69921875 0.2945907609375 0.6884765625 0.29715241875 0.6337890625 0.2997140796875 0.4462890625 0.27309065 0.4404161453125 0.119117134375 0.4375 0.10246635156249999 0.4580078125 0.097343034375 0.4775390625 0.092219715625 0.7060546875 0.101185521875 0.7109375 0.1216787921875 0.7109375 0.2881866140625 0.69921875
4 0.1472953796875 0.435546875 0.295871590625 0.423828125 0.3022757375 0.3720703125 0.30515858281249997 0.264229446875 0.12305821718750001 0.2633566046875 0.104733671875 0.27732229375 0.10246635156249999 0.3154296875 0.1050280109375 0.4326171875 0.1472953796875 0.435546875
4 0.1934052375 0.259765625 0.2330056671875 0.261610884375 0.3022757375 0.2431640625 0.304837396875 0.1220703125 0.3009949078125 0.119140625 0.19084357968750001 0.115234375 0.1216787921875 0.1171875 0.1050280109375 0.1337890625 0.10246635156249999 0.1943359375 0.1050280109375 0.2373046875 0.10129786874999999 0.261610884375 0.1934052375 0.259765625