2 0.3864108359375 0.34765625 0.6216174296875 0.34375 0.6254944625000001 0.3408203125 0.6254944625000001 0.1162109375 0.6190327421874999 0.017578125 0.08658704375000001 0.01953125 0.0555707890625 0.0234375 0.0516937578125 0.0263671875 0.0516937578125 0.1767578125 0.058155476562499996 0.34765625 0.3864108359375 0.34765625
1 0.36056395625 0.369140625 0.39028786718749997 0.3642578125 0.39028786718749997 0.3544921875 0.3786567703125 0.349609375 0.063324853125 0.353515625 0.0594478203125 0.3623046875 0.065909540625 0.3671875 0.1460348640625 0.375 0.36056395625 0.369140625
2 0.336009421875 0.8017578125 0.332132390625 0.62890625 0.04264735 0.630859375 0.019385159375 0.634765625 0.015508126562499999 0.6474609375 0.015508126562499999 0.8056640625 0.019385159375 0.80859375 0.332132390625 0.8046875 0.336009421875 0.8017578125
2 0.883963246875 0.3818359375 0.880086215625 0.37890625 0.6914040015625 0.380859375 0.687526971875 0.3837890625 0.6901116578125001 0.5341796875 0.8852555921875 0.533203125 0.883963246875 0.3818359375
7 0.471705534375 0.388671875 0.376072084375 0.37890625 0.060740164062500004 0.38671875 0.060740164062500004 0.416015625 0.45361271875 0.412109375 0.472997878125 0.4052734375 0.471705534375 0.388671875
7 0.29465441718749996 0.4521484375 0.29465441718749996 0.4345703125 0.28819269687500004 0.431640625 0.218406125 0.427734375 0.0736636046875 0.435546875 0.072371259375 0.4462890625 0.0788329796875 0.451171875 0.107264546875 0.458984375 0.29465441718749996 0.4521484375
7 0.8710398093749999 0.0810546875 0.8671627765625001 0.072265625 0.6914040015625 0.068359375 0.6707265 0.072265625 0.6681418109374999 0.08203125 0.693988690625 0.087890625 0.8671627765625001 0.0859375 0.8710398093749999 0.0810546875
1 0.28819269687500004 0.826171875 0.3011161359375 0.82421875 0.3075778546875 0.8134765625 0.3011161359375 0.80859375 0.1020951703125 0.810546875 0.063324853125 0.81640625 0.062032509375 0.8232421875 0.0736636046875 0.828125 0.148619553125 0.830078125 0.28819269687500004 0.826171875
4 0.3269630140625 0.603515625 0.341178796875 0.5966796875 0.341178796875 0.5791015625 0.3269630140625 0.556640625 0.1020951703125 0.552734375 0.08658704375000001 0.556640625 0.056863132812499995 0.5771484375 0.0542784453125 0.6064453125 0.060740164062500004 0.619140625 0.18480518125 0.619140625 0.3269630140625 0.603515625
4 0.17446642968749998 0.5546875 0.31920895 0.5390625 0.338594109375 0.5322265625 0.341178796875 0.5185546875 0.338594109375 0.4873046875 0.3295477015625 0.47265625 0.09175641875 0.47265625 0.063324853125 0.48828125 0.056863132812499995 0.4970703125 0.0542784453125 0.5341796875 0.0594478203125 0.5478515625 0.0788329796875 0.552734375 0.17446642968749998 0.5546875
4 0.3448844609375 0.9367570203125 0.343043528125 0.8707083546875 0.09452322656249999 0.8720988328124999 0.0594478203125 0.9013671875 0.0594478203125 0.9384765625 0.063324853125 0.94140625 0.3448844609375 0.9367570203125
4 0.3437634859375 0.8447265625 0.337301765625 0.83984375 0.1382808015625 0.83984375 0.09175641875 0.84375 0.068494228125 0.859375 0.064617196875 0.8623046875 0.068494228125 0.87109375 0.337301765625 0.87109375 0.3437634859375 0.8447265625
4 0.4148424015625 0.939453125 0.48204428593750004 0.9375 0.6267868062499999 0.923828125 0.6384179015625 0.9150390625 0.6384179015625 0.7412109375 0.6358332124999999 0.6962890625 0.62937149375 0.69140625 0.3915802109375 0.693359375 0.356686925 0.7138671875 0.35410223749999997 0.7392578125 0.3515175484375 0.8955078125 0.35410223749999997 0.9306640625 0.36056395625 0.935546875 0.4148424015625 0.939453125
4 0.416679171875 0.6688775265625 0.6332485265625001 0.6630859375 0.6306638375 0.5908203125 0.62420211875 0.587890625 0.3941648984375 0.5859375 0.35410223749999997 0.6083984375 0.3515175484375 0.6455078125 0.35797926874999997 0.681640625 0.41852010625 0.682782509375 0.416679171875 0.6688775265625
4 0.5738007046875 0.4814453125 0.567338984375 0.47265625 0.35539458125 0.474609375 0.35797926874999997 0.484375 0.3734873953125 0.486328125 0.5363227312500001 0.486328125 0.5738007046875 0.4814453125
4 0.9304876296875 0.6572265625 0.9304876296875 0.5615234375 0.927902940625 0.5478515625 0.9214412218750001 0.54296875 0.8154690203125 0.537109375 0.7146661937500001 0.537109375 0.6862346265625 0.5390625 0.6513413406249999 0.5595703125 0.648756653125 0.6337890625 0.6552183734375 0.662109375 0.8723321531250001 0.662109375 0.9304876296875 0.6572265625
6 0.9304876296875 0.9326171875 0.926610596875 0.919921875 0.7896221421875 0.919921875 0.771529325 0.923828125 0.7741140140625 0.93359375 0.8077149562500001 0.935546875 0.8568240250000001 0.9375 0.9304876296875 0.9326171875
6 0.8632857453125 0.9501953125 0.8594087140625 0.9453125 0.828392459375 0.9453125 0.8245154265625001 0.9541015625 0.830977146875 0.95703125 0.8516546500000001 0.95703125 0.8632857453125 0.9501953125
6 0.874916840625 0.943359375 0.8723321531250001 0.955078125 0.9123948140625 0.9541015625 0.9085177828125 0.9453125 0.874916840625 0.943359375
3 0.9395340375 0.943359375 0.9240259109375 0.9453125 0.9201488781249999 0.9501953125 0.926610596875 0.955078125 0.94341106875 0.9521484375 0.9395340375 0.943359375
4 0.9304876296875 0.8994140625 0.9330723171875 0.8271484375 0.9293673218749999 0.804065190625 0.6862346265625 0.806640625 0.6513413406249999 0.8271484375 0.648756653125 0.8818359375 0.653233653125 0.920171796875 0.8695383609375 0.917390790625 0.9304876296875 0.8994140625
4 0.701742753125 0.802734375 0.9033484078124999 0.7890625 0.9304876296875 0.7841796875 0.9317799734375001 0.673828125 0.89817903125 0.669921875 0.6914040015625 0.673828125 0.6784805625 0.67578125 0.6513413406249999 0.6943359375 0.6513413406249999 0.7880859375 0.653926028125 0.7978515625 0.6603877484375 0.80078125 0.701742753125 0.802734375
4 0.743097759375 0.376953125 0.922733565625 0.3662109375 0.927902940625 0.3564453125 0.9304876296875 0.3154296875 0.927902940625 0.2509765625 0.9214412218750001 0.24609375 0.6937333421874999 0.24295882500000002 0.6681418109374999 0.2421875 0.6435872765624999 0.2666015625 0.6435872765624999 0.3525390625 0.648756653125 0.3701171875 0.6552183734375 0.375 0.743097759375 0.376953125
4 0.9214412218750001 0.17578125 0.9253182531249999 0.1708984375 0.9253182531249999 0.1044921875 0.913687159375 0.09375 0.8619934015625 0.08984375 0.6758958749999999 0.09375 0.6435872765624999 0.1142578125 0.6410025890625 0.1552734375 0.6440291984375001 0.1935961484375 0.8154690203125 0.193359375 0.9214412218750001 0.17578125
4 0.7673689890625 0.24087308125 0.7692098515625 0.22488235781250002 0.925685596875 0.2234918546875 0.925685596875 0.1935961484375 0.6722669531250001 0.1932173921875 0.6440291984375001 0.2116726140625 0.6440291984375001 0.24226358593750003 0.7673689890625 0.24087308125
4 0.44243028124999995 0.584215334375 0.44243028124999995 0.5682245828125 0.6338829859375 0.5675293453125 0.6338829859375 0.4854899421875 0.37767546875 0.4880000015625 0.35314708906250003 0.50217593125 0.3522265875 0.584215334375 0.44243028124999995 0.584215334375