4 0.4894236546875 0.6078125 0.075 0.60766553125 0.0746414796875 0.9046875 0.290625 0.9047002234375 0.31875 0.9017830437500001 0.48930707812499996 0.8984375 0.4894236546875 0.6078125
4 0.928125 0.6040754140625 0.5089686312499999 0.6046875 0.509375 0.8970427093750001 0.921875 0.8968810484375 0.9282119546875001 0.8921875 0.9283363187499999 0.8890625 0.928125 0.6040754140625
6 0.6359375 0.45886823125 0.37278985625 0.459375 0.3734375 0.50325596875 0.6140625 0.5031256625 0.6265625 0.5015680406249999 0.6360236265625 0.496875 0.6359375 0.45886823125
7 0.609375 0.5765721593750001 0.6953125 0.5765881484375 0.70625 0.5719001046875001 0.712513484375 0.5640625 0.7126919578125 0.5375 0.2854175109375 0.5375 0.2859375 0.578434265625 0.3859375 0.5781503359375 0.409375 0.5738620796875 0.5859375 0.5738533671875 0.609375 0.5765721593750001
6 0.40261888125 0.578125 0.403125 0.6050490921875 0.5859375 0.6046962125 0.5880053046875 0.6 0.5875 0.57760085625 0.40261888125 0.578125
2 0.1046875 0.41772704843749997 0.8859375 0.4175460734375 0.8859375 0.039979615625 0.10404139999999999 0.040625 0.1046875 0.41772704843749997
6 0.771875 0.49898528124999997 0.91875 0.49844859062499997 0.91875 0.45731762500000006 0.7711935999999999 0.4578125 0.771875 0.49898528124999997
6 0.0953125 0.5066251453125 0.221875 0.5062805499999999 0.221875 0.46345093437499996 0.0946485828125 0.4640625 0.0953125 0.5066251453125
6 0.42283596250000005 0.378125 0.4234375 0.40643365 0.5703125 0.40630267968749995 0.575058865625 0.4046875 0.575 0.37749254374999996 0.42283596250000005 0.378125
3 0.475 0.953602728125 0.5421875 0.9531433968749999 0.5421875 0.9291655296875 0.4742630265625 0.9296875 0.475 0.953602728125
7 0.856962209375 0.304685671875 0.13049903125 0.304685671875 0.13049903125 0.3755482453125 0.856962209375 0.3755482453125 0.856962209375 0.304685671875