3 0.0654862125 0.8711542609375 0.0388969515625 0.8711542609375 0.0388969515625 0.8889967640625001 0.0654862125 0.8889967640625001 0.0654862125 0.8711542609375
6 0.062641509375 0.8982416390625 0.0388969515625 0.8982416390625 0.0388969515625 0.9366235171874999 0.062641509375 0.9366235171874999 0.062641509375 0.8982416390625
4 0.5028664734375 0.8666343046874999 0.0687155296875 0.8666343046874999 0.0687155296875 0.9443689328125 0.5028664734375 0.9443689328125 0.5028664734375 0.8666343046874999
4 0.5132873734375 0.719503775 0.071792453125 0.719503775 0.071792453125 0.8661057171875 0.5132873734375 0.8661057171875 0.5132873734375 0.719503775
1 0.5033164 0.6287540453125 0.056828737500000004 0.6287540453125 0.056828737500000004 0.6745685 0.5033164 0.6745685 0.5033164 0.6287540453125
2 0.5151886796875 0.077437971875 0.046872278125 0.077437971875 0.046872278125 0.612508090625 0.5151886796875 0.612508090625 0.5151886796875 0.077437971875
0 0.9666182875 0.7586623515625 0.5156748906249999 0.7586623515625 0.5156748906249999 0.9535059328125 0.9666182875 0.9535059328125 0.9666182875 0.7586623515625
4 0.9541944843750001 0.6161003234375 0.5142815671875 0.6161003234375 0.5142815671875 0.7545145625 0.9541944843750001 0.7545145625 0.9541944843750001 0.6161003234375
4 0.9541872281250001 0.5434466015625 0.5173367203125 0.5434466015625 0.5173367203125 0.617006471875 0.9541872281250001 0.617006471875 0.9541872281250001 0.5434466015625
4 0.95507256875 0.4742017265625 0.51810595 0.4742017265625 0.51810595 0.546941746875 0.95507256875 0.546941746875 0.95507256875 0.4742017265625
4 0.9568069671874999 0.0734627828125 0.5287953562500001 0.0734627828125 0.5287953562500001 0.473031284375 0.9568069671874999 0.473031284375 0.9568069671874999 0.0734627828125