7 0.23726641874999999 0.3662109375 0.233311978125 0.361328125 0.133132825 0.361328125 0.1291783828125 0.3681640625 0.1436779984375 0.37890625 0.233311978125 0.37890625 0.23726641874999999 0.3662109375
7 0.46662395625 0.1044921875 0.46530580937500005 0.08984375 0.3466726015625 0.08984375 0.342718159375 0.1044921875 0.35721777499999996 0.111328125 0.4600332234375 0.111328125 0.46662395625 0.1044921875
7 0.4468517546875 0.48828125 0.4178525265625 0.48828125 0.40598920468750005 0.4970703125 0.40994364531249994 0.50390625 0.44553360781249995 0.5048828125 0.4468517546875 0.48828125
7 0.6366648890625 0.755859375 0.581302725 0.755859375 0.5668031124999999 0.7666015625 0.5681212578125 0.78125 0.6880726140625 0.7783203125 0.6867544671875 0.76171875 0.6366648890625 0.755859375
7 0.906884978125 0.3369140625 0.908203125 0.3203125 0.868658721875 0.3125 0.8449320796875 0.318359375 0.840977640625 0.3330078125 0.8502046671875 0.337890625 0.8897490703125 0.341796875 0.906884978125 0.3369140625
2 0.7144355499999999 0.3525390625 0.51803168125 0.34765625 0.508804653125 0.3505859375 0.5061683593749999 0.3603515625 0.5035320671875 0.5205078125 0.499141915625 0.5720870765625 0.7154934609375 0.5752133296874999 0.7144355499999999 0.3525390625
2 0.383580709375 0.640625 0.2886741421875 0.640625 0.282083409375 0.6455078125 0.2794471140625 0.8583984375 0.481123571875 0.861328125 0.4850780109375 0.6455078125 0.383580709375 0.640625
3 0.0448169890625 0.8818359375 0.03822625625 0.87890625 0.0289992296875 0.8857421875 0.03295366875 0.892578125 0.0448169890625 0.8916015625 0.0448169890625 0.8818359375
6 0.02422406875 0.9439898265625001 0.042180696875 0.9404296875 0.042180696875 0.9091796875 0.030317376562499998 0.908203125 0.0210579171875 0.9260139687500001 0.02422406875 0.9439898265625001
4 0.2570386203125 0.109375 0.26362935468750004 0.1044921875 0.26362935468750004 0.0791015625 0.1990401625 0.07421875 0.1753135203125 0.078125 0.1542231734375 0.07421875 0.11731506249999998 0.07421875 0.1041335953125 0.078125 0.0645891921875 0.076171875 0.057998459375 0.0947265625 0.0606347515625 0.1201171875 0.0949065671875 0.1240234375 0.1436779984375 0.109375 0.151586878125 0.11328125 0.23594827187499998 0.11328125 0.2570386203125 0.109375
4 0.2544023265625 0.1796875 0.2609930609375 0.1767578125 0.26362935468750004 0.1630859375 0.2609930609375 0.1337890625 0.20167645625000002 0.12890625 0.090952128125 0.12890625 0.0553621640625 0.1533203125 0.057998459375 0.1923828125 0.0869976859375 0.1943359375 0.1041335953125 0.19140625 0.1054517421875 0.1845703125 0.11467876875 0.1796875 0.2544023265625 0.1796875
4 0.2596749140625 0.21875 0.0883158328125 0.21875 0.075134365625 0.232421875 0.057998459375 0.2373046875 0.0645891921875 0.24609375 0.2399027125 0.2470703125 0.24517529843750002 0.2451171875 0.24517529843750002 0.2373046875 0.2609930609375 0.2294921875 0.2596749140625 0.21875
4 0.2609930609375 0.3154296875 0.2596749140625 0.25390625 0.21485792343750001 0.25 0.193767575 0.25390625 0.09622471406250001 0.251953125 0.085679540625 0.25390625 0.075134365625 0.267578125 0.057998459375 0.2724609375 0.0619528984375 0.33203125 0.1581776125 0.3349609375 0.1805861078125 0.333984375 0.20694904374999998 0.322265625 0.2517660328125 0.3203125 0.2609930609375 0.3154296875
4 0.258356765625 0.9189453125 0.258356765625 0.8349609375 0.2464934453125 0.828125 0.090952128125 0.828125 0.0527258703125 0.8466796875 0.0484705203125 0.8932382609375 0.0516365890625 0.9502921765625001 0.164768346875 0.947265625 0.2517660328125 0.931640625 0.258356765625 0.9189453125
4 0.2517660328125 0.80078125 0.26362935468750004 0.7919921875 0.266265646875 0.7763671875 0.2609930609375 0.4111328125 0.2544023265625 0.40625 0.09622471406250001 0.408203125 0.0553621640625 0.4306640625 0.050089578125 0.5517578125 0.0553621640625 0.8056640625 0.083043246875 0.8125 0.2517660328125 0.80078125
4 0.4850780109375 0.9482421875 0.481123571875 0.873046875 0.309764490625 0.869140625 0.28340155624999996 0.87109375 0.2794471140625 0.8876953125 0.2794471140625 0.9482421875 0.2860378484375 0.951171875 0.47585098437499995 0.953125 0.4850780109375 0.9482421875
4 0.4850780109375 0.6279296875 0.483759865625 0.533203125 0.315037078125 0.53125 0.2860378484375 0.546875 0.282083409375 0.6240234375 0.2886741421875 0.62890625 0.47585098437499995 0.6328125 0.4850780109375 0.6279296875
4 0.4929868921875 0.4384765625 0.49166874531250004 0.31640625 0.40994364531249994 0.3125 0.3203096640625 0.31640625 0.2873559953125 0.3369140625 0.2886741421875 0.46875 0.4600332234375 0.470703125 0.47716913125 0.4638671875 0.4929868921875 0.4384765625
4 0.483759865625 0.2890625 0.4929868921875 0.2822265625 0.4903505984375 0.1357421875 0.483759865625 0.130859375 0.315037078125 0.130859375 0.284719703125 0.1513671875 0.282083409375 0.2451171875 0.288052421875 0.31313789999999997 0.40994364531249994 0.310546875 0.483759865625 0.2890625
4 0.707844815625 0.201171875 0.71707184375 0.1943359375 0.7131174031249999 0.080078125 0.514077240625 0.0810546875 0.511440946875 0.1591796875 0.51803168125 0.212890625 0.581302725 0.21484375 0.707844815625 0.201171875
4 0.7197081359374999 0.3173828125 0.715753696875 0.220703125 0.581302725 0.21875 0.52330426875 0.234375 0.514077240625 0.2412109375 0.511440946875 0.2841796875 0.5206679734375 0.33984375 0.7104811093750001 0.322265625 0.7197081359374999 0.3173828125
4 0.9213845921875 0.27734375 0.9385204999999999 0.2705078125 0.94642938125 0.2451171875 0.94642938125 0.1376953125 0.9437930890624999 0.0888671875 0.9372023546875001 0.080078125 0.7447529265624999 0.08203125 0.7355258984375 0.1298828125 0.7355258984375 0.2626953125 0.7421166312499999 0.28515625 0.789569915625 0.287109375 0.9213845921875 0.27734375
4 0.5681212578125 0.736328125 0.7025722296875 0.71875 0.71179925625 0.7138671875 0.707844815625 0.580078125 0.6366648890625 0.57421875 0.5391220296875 0.578125 0.5061683593749999 0.6005859375 0.5035320671875 0.6845703125 0.5061683593749999 0.7236328125 0.51275909375 0.73046875 0.5681212578125 0.736328125
4 0.70652666875 0.9501953125 0.705208521875 0.802734375 0.5391220296875 0.80078125 0.508804653125 0.8212890625 0.5061683593749999 0.8525390625 0.5035320671875 0.9443359375 0.5101228 0.951171875 0.699935934375 0.955078125 0.70652666875 0.9501953125
4 0.9266571796875 0.939453125 0.9358842078125 0.9248046875 0.9385204999999999 0.7275390625 0.9389946296874999 0.6776827125 0.7595813 0.6761195843750001 0.7300308249999999 0.6917507953124999 0.7302533109375 0.7353515625 0.7276170171875 0.9326171875 0.7355258984375 0.9501953125 0.82911431875 0.953125 0.9266571796875 0.939453125
4 0.9411567937499999 0.6201171875 0.9411567937499999 0.3662109375 0.9372023546875001 0.361328125 0.8581135468750001 0.35546875 0.781661034375 0.357421875 0.7552981 0.365234375 0.7381621921875 0.3798828125 0.733196975 0.6719138640625 0.9083888765625 0.6766032453124999 0.9306116203125001 0.6552734375 0.9411567937499999 0.6201171875