2 0.4641504921875 0.3424169078125 0.6662560671875 0.3385042453125 0.670359015625 0.33185275000000003 0.65907606875 0.0766156578125 0.65928975 0.0682382328125 0.54970375625 0.068454265625 0.276887925 0.0719107484375 0.0900639890625 0.07359166406249999 0.09232587656249999 0.16428225000000002 0.0969416296875 0.34593829375 0.10617313749999999 0.34750335 0.4641504921875 0.3424169078125
4 0.37564133125 0.3705282515625 0.33170850625 0.37024148281249997 0.32430790468750004 0.367889003125 0.3042646484375 0.369300478125 0.23395905625000002 0.3688299828125 0.0966938328125 0.37309182500000004 0.10164290312499999 0.5038586984375 0.138669690625 0.5064951796875 0.3786034296875 0.49971566406249995 0.37564133125 0.3705282515625
4 0.104880121875 0.8488282484375 0.11291576249999999 0.8644296546874999 0.12390640156249999 0.8649648484375 0.1297524890625 0.8642512359375001 0.190785621875 0.8633592437500001 0.21362654375 0.861794328125 0.2254873828125 0.861794328125 0.22910804843750002 0.86141331875 0.22823410000000002 0.8470306515624999 0.29279432656250004 0.8476973921875001 0.367746740625 0.8473163921875001 0.38297853593750003 0.8462686484375 0.384318215625 0.8288116703125 0.3836860625 0.7651086109375 0.382994478125 0.6329811609375 0.3799638484375 0.6306690671874999 0.373902553125 0.6306690671874999 0.3693565890625 0.6322104609375 0.3266750640625 0.631054415625 0.21529895468750002 0.6322104609375 0.1405202109375 0.636166703125 0.13382665625 0.6375005296875 0.13474562343750002 0.649769146875 0.10901531406250001 0.6487175546875 0.1053395734375 0.6515218125 0.104880121875 0.8488282484375
4 0.11210674375 0.882461890625 0.11195364375000001 0.914330640625 0.1108819 0.921222171875 0.11225986562500001 0.9279968921874999 0.1231303828125 0.93115064375 0.158497903125 0.9310338421875001 0.22708907968749997 0.9345629140625 0.26218314062500003 0.9330545421875 0.3800695015625 0.92871799375 0.38797798906250003 0.9230616390625 0.3867422796875 0.864612546875 0.366723846875 0.8625385421875 0.356591090625 0.8593332671875 0.35090680625 0.8632927203125 0.25155605312499996 0.86423545 0.2490846671875 0.8608416328124999 0.2396932890625 0.8608416328124999 0.236558971875 0.8647101312500001 0.22534074531249998 0.8648257890625001 0.223066784375 0.8625126953125 0.215638490625 0.8628596546875 0.211848559375 0.8650570984374999 0.139009053125 0.8663800453125001 0.1399720546875 0.880709809375 0.124049028125 0.8786073171875 0.11777167343749999 0.8812938390625 0.11210674375 0.882461890625
3 0.10926565937499999 0.8803484484374999 0.10744043125 0.8731075578124999 0.0961239984375 0.8714365828125 0.0933681765625 0.8734976624999999 0.0930819453125 0.8887961609374999 0.10476342031250001 0.888703325 0.10804884374999998 0.8880535015625 0.10926565937499999 0.8803484484374999
6 0.092369271875 0.9289969546875 0.10804315625000001 0.928745215625 0.11002303124999999 0.925472584375 0.11035299375 0.915277065625 0.1108479625 0.9049556828125 0.109858025 0.8942566921875 0.10540334375 0.891235796875 0.0974588796875 0.8901247796874999 0.09764890781249999 0.89387908125 0.09286424062500001 0.8951377859375 0.0889045265625 0.9104939875 0.092369271875 0.9289969546875
7 0.11473371875 0.61821966875 0.123102459375 0.6198497703125 0.142510840625 0.6195780875 0.15283825 0.6178121390625 0.167082934375 0.617404615625 0.1930795015625 0.6176763015625 0.1959284296875 0.61020499375 0.1941478375 0.603548734375 0.1850668640625 0.6030053640624999 0.18061538593749998 0.6008318906250001 0.171890515625 0.600696053125 0.16815128125 0.6038204171875 0.1512357234375 0.6019186265625 0.139839965625 0.599745153125 0.134022728125 0.6030249734375001 0.1074333015625 0.6023261546875001 0.10529659218750001 0.60925409375 0.1085016609375 0.6156386703125001 0.11473371875 0.61821966875
4 0.2541169890625 0.51740838125 0.2464746125 0.5338501515625 0.23332973906249999 0.535249440625 0.22033769374999998 0.536298915625 0.21789214375000002 0.553673553125 0.277044109375 0.55029190625 0.28713205625 0.5563555359375 0.2912589375 0.5642849 0.301803946875 0.56838999375 0.3034852796875 0.5760861421875 0.304555203125 0.5815520875 0.33512470781250003 0.5823683546875 0.3462825796875 0.58318460625 0.37776915624999996 0.5820185203125 0.3796033390625 0.5756050703125 0.3806732625 0.565460153125 0.37776915624999996 0.50218641875 0.330539290625 0.5035857140625 0.3088349359375 0.5031192828125 0.28132239062500003 0.5049850109375 0.278561003125 0.507406228125 0.281170990625 0.520790015625 0.2648163140625 0.520906628125 0.26099513750000003 0.51764159375 0.2541169890625 0.51740838125
4 0.44089036249999997 0.4678978296875 0.5585123109375 0.46492417656249996 0.5626829640625 0.462222453125 0.56252186875 0.44993273437500003 0.6692960578125 0.4480763953125 0.672034596875 0.41496263281249995 0.6703894125 0.3707295546875 0.6642936921875 0.368375921875 0.47815671875000004 0.3702028859375 0.39782393437499997 0.3708672359375 0.393359565625 0.3732999734375 0.39228244375 0.40567541093750004 0.3943459859375 0.4263160859375 0.3993901984375 0.46754798906249995 0.44089036249999997 0.4678978296875
4 0.43966544374999994 0.4810589046875 0.4359172765625 0.4831770578125 0.4334544921875 0.49306940624999995 0.4320662859375 0.496140715625 0.4267910828125 0.49751752031249996 0.4176288828125 0.497411609375 0.40888314687499994 0.49794114843750004 0.4094384296875 0.5110736874999999 0.417767703125 0.5148045421874999 0.5039756453125 0.5141690999999999 0.5057803187500001 0.530055225 0.6011983203125 0.5319615578125 0.6711560703125 0.5287843328124999 0.6737936765625 0.518829028125 0.6754595421875 0.511733225 0.6743489765625 0.46962878437500005 0.6728219359375001 0.466345653125 0.6571351421875 0.464832853125 0.594110321875 0.46504467031249996 0.5661014390625 0.46680326718750004 0.56730881875 0.4821401890625 0.5324647078125 0.481081109375 0.49387242656249997 0.48097520625 0.43966544374999994 0.4810589046875
7 0.3965828453125 0.562260409375 0.4381455296875 0.563960590625 0.49564243750000003 0.5646406640625 0.49909670781250004 0.5587750312499999 0.49853956562499996 0.55239934375 0.47803679375 0.5518892875 0.4749168109375 0.5500190875000001 0.463996853125 0.5483189046875 0.4518511921875 0.5485739296875 0.4518511921875 0.5511242046875 0.425331303125 0.547978865625 0.42218073437500003 0.5521758171875 0.404312490625 0.55137923125 0.399632509375 0.5536744796875 0.3953571375 0.5566498015625 0.3965828453125 0.562260409375
4 0.39348587031250004 0.660776471875 0.4018624234375 0.6641315015625 0.3999776984375 0.6938474375 0.4047456171875 0.8233863749999999 0.40886633593750005 0.9286571468749999 0.5633381296875 0.9252341890625001 0.6489065421875 0.9247452140625001 0.6421764140625 0.90518546875 0.6812750875 0.9056744531250001 0.6790317406249999 0.763007378125 0.677108840625 0.6391453 0.67678839375 0.581187753125 0.6268488609375 0.5806935015625 0.6120348328125 0.5811795953125001 0.5421889375 0.581078059375 0.496252475 0.581499815625 0.44028157187500006 0.5813311125 0.4328736578125 0.5819215734375 0.43040371093749996 0.5837598109375 0.4336933421875 0.601375671875 0.4016530171875 0.6008963828125 0.39704590781250004 0.6231034484375 0.39348587031250004 0.660776471875
4 0.682978696875 0.11003747187499999 0.6848219609374999 0.152189921875 0.683505340625 0.17594712968749998 0.6858752499999999 0.21931434374999997 0.692850390625 0.2256688421875 0.729958759375 0.2264797546875 0.732741896875 0.2245923984375 0.7324326515624999 0.210083428125 0.78051890625 0.21114506406250003 0.8604315609375 0.2102013875 0.891953984375 0.21114506406250003 0.96129533125 0.2079601640625 0.9597675593749999 0.1319355890625 0.9597675593749999 0.06348495625 0.9396987921875001 0.06114084843749999 0.93532734375 0.0571995015625 0.920822184375 0.059321765625 0.9166494421875001 0.062353571875 0.8046329625 0.060079715624999995 0.716634934375 0.06053448593750001 0.7114176015625 0.0638325796875 0.7127342203125 0.07990384687499999 0.6877185140625001 0.080104746875 0.683768671875 0.08351988437499999 0.682978696875 0.11003747187499999
4 0.6896111640625 0.2563177359375 0.6873210578125 0.2661016828125 0.6886951265625 0.320593453125 0.6900691875 0.35707488593750003 0.7161404109375 0.356916275 0.7424132593749999 0.3562833140625 0.7533372328125 0.3562833140625 0.80663519375 0.356132815625 0.8101223 0.3575412328125 0.8190788093749999 0.356977609375 0.8218733046875 0.3551615140625 0.878599503125 0.3548456703125 0.9332170921875 0.354608790625 0.9394270859375 0.355556315625 0.94377406875 0.35539839687499997 0.9505015484375001 0.3488446640625 0.9534513515624999 0.3401758734375 0.9639886046875 0.3387467296875 0.9651594125 0.31052114999999997 0.9614128171875 0.23308989375000003 0.9614128171875 0.227016028125 0.952748878125 0.22487231406250002 0.9445532109375 0.22362181250000002 0.9370600828125 0.2245150265625 0.9363102765625 0.2261811890625 0.7630696218749999 0.22504261875 0.752144196875 0.225177053125 0.7461528296875 0.22558036406249998 0.741287634375 0.2275969140625 0.7149884625 0.23034893125 0.7161763750000001 0.2440878015625 0.694344040625 0.24129239062500002 0.6903745328124999 0.24164181562499998 0.6896111640625 0.2563177359375
4 0.6924663953125 0.405528321875 0.693102828125 0.41649435468749996 0.692598525 0.4532401421875 0.6933549765625 0.5629579812500001 0.6971371937499999 0.7370076140624999 0.6971371937499999 0.8496825734375 0.7002307875 0.9202530531249999 0.80672880625 0.920545309375 0.968774334375 0.9182072390625 0.9764360312499999 0.9117775375000001 0.973371353125 0.740756528125 0.9722221109375001 0.5850555046875 0.9695404765625 0.48469381718750004 0.9676250921875 0.3557669328125 0.8631750968749999 0.358546534375 0.8589284578124999 0.3562516875 0.8220972234374999 0.3564378390625 0.8189441593750001 0.35713620625 0.815264846875 0.3596042546875 0.75278975625 0.3596042546875 0.75135046875 0.357565040625 0.748734890625 0.35687356875 0.7430678656249999 0.35687356875 0.7347104828125001 0.358818953125 0.718278553125 0.36281504062500003 0.71946481875 0.3757379515625 0.7051266609375 0.37224689375 0.693076528125 0.37247963125 0.6924663953125 0.405528321875