0 0.9473121390625 0.46910173125 0.522080925 0.46910173125 0.522080925 0.9486904765625 0.9473121390625 0.9486904765625 0.9473121390625 0.46910173125
3 0.9730780343750001 0.9039880953124999 0.9519508671875 0.9039880953124999 0.9519508671875 0.9197348484375001 0.9730780343750001 0.9197348484375001 0.9730780343750001 0.9039880953124999
6 0.9730852593750001 0.9219264062500001 0.9477239890625 0.9219264062500001 0.9477239890625 0.9523160171875 0.9730852593750001 0.9523160171875 0.9730852593750001 0.9219264062500001
4 0.51342485625 0.8564880953125 0.082355490625 0.8564880953125 0.082355490625 0.9474945890625 0.51342485625 0.9474945890625 0.51342485625 0.8564880953125
4 0.51115606875 0.8032413421875001 0.076820809375 0.8032413421875001 0.076820809375 0.85396645 0.51115606875 0.85396645 0.51115606875 0.8032413421875001
4 0.515570809375 0.6105519484374999 0.08260838125 0.6105519484374999 0.08260838125 0.8019588750000001 0.515570809375 0.8019588750000001 0.515570809375 0.6105519484374999
4 0.5148338156250001 0.5074675328125 0.0864667625 0.5074675328125 0.0864667625 0.6090043296875 0.5148338156250001 0.6090043296875 0.5148338156250001 0.5074675328125
4 0.516300578125 0.43954545468750006 0.084537571875 0.43954545468750006 0.084537571875 0.508246753125 0.516300578125 0.508246753125 0.516300578125 0.43954545468750006
4 0.5166763000000001 0.3528300859375 0.0864739890625 0.3528300859375 0.0864739890625 0.43803571406249997 0.5166763000000001 0.43803571406249997 0.5166763000000001 0.3528300859375
1 0.1889595375 0.3061093078125 0.0941907515625 0.3061093078125 0.0941907515625 0.3254274890625 0.1889595375 0.3254274890625 0.1889595375 0.3061093078125
1 0.433273121875 0.304659090625 0.3148193640625 0.304659090625 0.3148193640625 0.32321969687499996 0.433273121875 0.32321969687499996 0.433273121875 0.304659090625
2 0.29145953750000003 0.09125 0.0961127171875 0.09125 0.0961127171875 0.2921699140625 0.29145953750000003 0.2921699140625 0.29145953750000003 0.09125
2 0.5130057796874999 0.096071428125 0.3128901734375 0.096071428125 0.3128901734375 0.29410173125 0.5130057796874999 0.29410173125 0.5130057796874999 0.096071428125
4 0.9531213875000001 0.0883658015625 0.5238728328125 0.0883658015625 0.5238728328125 0.1395995671875 0.9531213875000001 0.1395995671875 0.9531213875000001 0.0883658015625
7 0.608497109375 0.1423160171875 0.528381503125 0.1423160171875 0.528381503125 0.1599783546875 0.608497109375 0.1599783546875 0.608497109375 0.1423160171875
4 0.9582658953125 0.1596645015625 0.5251734109374999 0.1596645015625 0.5251734109374999 0.32687229375000004 0.9582658953125 0.32687229375000004 0.9582658953125 0.1596645015625
4 0.95458815 0.3292207796875 0.5187355484375 0.3292207796875 0.5187355484375 0.4333766234375 0.95458815 0.4333766234375 0.95458815 0.3292207796875
4 0.6999783234375 0.433273809375 0.525166184375 0.433273809375 0.525166184375 0.45871753281250005 0.6999783234375 0.45871753281250005 0.6999783234375 0.433273809375