2 0.8963445875 0.038877553125 0.8963445875 0.018797896875 0.88338084375 0.0005436609375 0.7772406234375 0.0011521375 0.756984853125 0.037052134375000004 0.6792027078125 0.0358351796875 0.67888353125 0.2764076078125 0.957111896875 0.280441984375 0.96116305 0.039486053125 0.8963445875 0.038877553125
4 0.25218884375 0.2149568640625 0.25218884375 0.2003534890625 0.3623802828125 0.20217890781249998 0.3680518734375 0.13402975156250002 0.36562115624999997 0.05979586875 0.107575978125 0.057990803125000004 0.0836608453125 0.0701399234375 0.0787994734375 0.213739934375 0.25218884375 0.2149568640625
4 0.242341353125 0.3116880625 0.2460868734375 0.2959361375 0.3599506453125 0.2936858515625 0.3599506453125 0.21773904531250002 0.1022696453125 0.2161517140625 0.0775384625 0.23349099375 0.07678937031250001 0.3094378 0.242341353125 0.3116880625
4 0.35245960625 0.329690315625 0.3606997375 0.3122506453125 0.1022696453125 0.3118438796875 0.1037571 0.32462714375 0.16743093281250002 0.32856513125000003 0.35245960625 0.329690315625
1 0.1629363203125 0.3320767015625 0.0797927953125 0.3343596828125 0.0812839828125 0.347828628125 0.1629363203125 0.346140925 0.1629363203125 0.3320767015625
1 0.37268538906250004 0.7179549796875 0.2567979796875 0.7171283421875 0.2610689515625 0.7314566859375 0.37043811249999997 0.734832046875 0.37268538906250004 0.7179549796875
1 0.6438610421875001 0.719642703125 0.5873949656249999 0.7192392 0.602660325 0.7337069265625 0.6438610421875001 0.7342695296875 0.6438610421875001 0.719642703125
2 0.6537768500000001 0.7359091156249999 0.37199183125 0.7326079578125 0.3706156046875 0.94180935 0.6515295156249999 0.942371909375 0.6537768500000001 0.7359091156249999
2 0.3789865515625 0.9641667578125 0.34767739375 0.9543341046875 0.36190882968750004 0.9466390125 0.36190882968750004 0.9402264203125 0.3414155703125 0.93723385625 0.3140911984375 0.929538765625 0.30042901093749996 0.91500355 0.282212790625 0.8859331171875 0.27879725624999996 0.8726804343750001 0.26570431875 0.8474575640625 0.26399652812499996 0.838479940625 0.26115024062500003 0.8286473031250001 0.26115024062500003 0.6422546078125 0.1905623578125 0.642682115625 0.17177684531249998 0.633704484375 0.1541245609375 0.6335215468750001 0.13839336093750002 0.6413975203125 0.071363978125 0.6397302671875 0.0619101703125 0.9733048609375 0.3869561640625 0.9728773609375001 0.3789865515625 0.9641667578125
2 0.6662840796875 0.9930309218750001 0.9504083328125 0.997071725 0.9515468296874999 0.541689228125 0.6726106984375 0.53826918125 0.6662840796875 0.9930309218750001
1 0.702212065625 0.5268452921875 0.6726892890625 0.5225015171875 0.6737492390625001 0.5371054484375 0.702212065625 0.5371054484375 0.702212065625 0.5268452921875
6 0.9566701984374999 0.5011949078125 0.7979467125 0.49683627656249996 0.7989858265625001 0.513592625 0.952116121875 0.5140200921875 0.9566701984374999 0.5011949078125
1 0.7118895125 0.29276273750000004 0.7665381703125 0.2931902359375 0.7676766671874999 0.28378510625 0.7409215875 0.2799375515625 0.6826529484375 0.2797511203125 0.6845650953125 0.2893426828125 0.6942424968750001 0.2949002671875 0.7118895125 0.29276273750000004
4 0.8468035 0.3658662921875 0.8530652796875 0.3504760609375 0.9578086953125 0.3504760609375 0.9566701984374999 0.30430539843750004 0.7032919546875 0.300069434375 0.676026234375 0.3196956390625 0.6765955265625 0.36629379218749997 0.8468035 0.3658662921875
4 0.67178635 0.5070469421875 0.7259872796875 0.5066139078125 0.73232993125 0.49319015312500003 0.8359875578124999 0.493690640625 0.9498390390625 0.49112560937499994 0.9555316140624999 0.370141353125 0.70753591875 0.36544791718749997 0.6775524046875 0.382335875 0.67178635 0.5070469421875
1 0.6421163140624999 0.4462890625 0.6382168218750001 0.44140625 0.6157127859375 0.43661644062500005 0.5992219046875 0.44140625 0.5953224125000001 0.4443359375 0.5992219046875 0.451171875 0.6382168218750001 0.451171875 0.6421163140624999 0.4462890625
4 0.648615465625 0.5546875 0.65511461875 0.5498046875 0.6577142796875 0.4736328125 0.658753603125 0.46020596718749995 0.3990479921875 0.455078125 0.3821501953125 0.4599609375 0.3795505328125 0.5478515625 0.377144759375 0.5662366765625 0.5602269859375 0.568359375 0.648615465625 0.5546875
4 0.4354432484375 0.7109375 0.648615465625 0.697265625 0.6525149578125 0.6923828125 0.6556842859375 0.5714229703125 0.40860513125000003 0.5662366765625 0.3779120734375 0.58582931875 0.376950871875 0.6044921875 0.3743512109375 0.6806640625 0.376950871875 0.7041015625 0.3860496859375 0.708984375 0.4354432484375 0.7109375
3 0.054592884375 0.8525390625 0.0480937328125 0.849609375 0.03899491875 0.8564453125 0.04136713125 0.8695449828124999 0.054592884375 0.8642578125 0.054592884375 0.8525390625
6 0.054592884375 0.8779296875 0.05069339375 0.875 0.03899491875 0.8779296875 0.0363952578125 0.9091796875 0.0454940703125 0.91015625 0.054592884375 0.9033203125 0.054592884375 0.8779296875
2 0.3450740375 0.4344783203125 0.342772034375 0.4212244640625 0.342772034375 0.40566562812500007 0.32589087499999997 0.373395396875 0.3228215578125 0.373395396875 0.3174502375 0.35783655 0.2905938125 0.338243909375 0.2568314953125 0.3353626390625 0.233044328125 0.344582703125 0.21002453437500002 0.3635990765625 0.2015839546875 0.38088669375 0.2015839546875 0.3935642828125 0.192376059375 0.3999030890625 0.200049325 0.4212244640625 0.18240079375 0.42237697656249995 0.14863841718749998 0.4869174140625 0.13022262812500002 0.47942611875 0.112574096875 0.4707823109375 0.0972275671875 0.45983347812500003 0.08648498593750001 0.443698375 0.071905771875 0.42756326875 0.046584032812499995 0.4194957078125 0.025134096875 0.627183546875 0.3512126140625 0.6378959328125 0.36118788125 0.4707823109375 0.34737598125 0.4517659375 0.3450740375 0.4344783203125
2 0.6558653999999999 0.3965908765625 0.6620040359375 0.3833370203125 0.658167403125 0.3545243265625 0.645122878125 0.3268641671875 0.6435882484375 0.310152796875 0.6481921359375 0.2761538078125 0.6527961421875 0.2611711953125 0.6558653999999999 0.23927355156250002 0.6497268828125 0.215647153125 0.6351476093749999 0.20585083124999998 0.609825871875 0.1960545125 0.5791328124999999 0.19144448593750002 0.5791328124999999 0.185681946875 0.6159644484375 0.14937795625 0.6221030828125 0.129785315625 0.6221030828125 0.11653148124999999 0.6221030828125 0.11249769999999999 0.6221030828125 0.10097262343749999 0.6228703984374999 0.0940575828125 0.6336129796875001 0.068702415625 0.6297763484375001 0.053143554687500004 0.61980108125 0.035855939062499995 0.6067565546875 0.0179920671875 0.58757339375 0.011077021874999999 0.5653209140625 0.0012807078124999999 0.46249915625 0.0035857203125 0.43027146875 0.0197208296875 0.40955361874999996 0.0156870484375 0.38576651093750003 0.023057256249999998 0.378093246875 0.0432261421875 0.372721984375 0.0576324890625 0.372721984375 0.07780137499999999 0.37502392812499996 0.096241503125 0.38423188124999996 0.10719032343749998 0.3995784109375 0.10949535937499999 0.372721984375 0.1527144 0.3762442375 0.436909521875 0.639751615625 0.43462362343749994 0.64128624375 0.41157346875 0.6558653999999999 0.3965908765625