7 0.138729921875 0.681732728125 0.3206617578125 0.6828695015624999 0.3917206015625 0.678020653125 0.392655571875 0.64156439375 0.358762375 0.6342013078125001 0.34169893125 0.6336625437500001 0.191867609375 0.6331237828125 0.131483775 0.6355787578125 0.0475688984375 0.636835871875 0.043595210937500004 0.6679045078125 0.047802640625 0.6819123125 0.138729921875 0.681732728125
6 0.1492585171875 0.689920296875 0.14513913750000002 0.6876284515625 0.132496859375 0.687410178125 0.0776663703125 0.687410178125 0.047984642187499996 0.69126050625 0.05010565625 0.714475796875 0.1991173390625 0.7124022203125 0.1976968609375 0.690793384375 0.1492585171875 0.689920296875
4 0.0461105890625 0.7552155515625001 0.0451769390625 0.887504715625 0.0483651671875 0.906720140625 0.068253859375 0.9093290062499999 0.12607658593749999 0.90806184375 0.12190480937499999 0.895464746875 0.1496315015625 0.8951187671874999 0.247068028125 0.8911532453125 0.2484332140625 0.7341571921875001 0.2454276421875 0.729894090625 0.2183775640625 0.731315125 0.11987638437499999 0.7300717203125 0.0618458453125 0.733091415625 0.05860320625 0.735360584375 0.05905431875 0.747465234375 0.0498088 0.7455710125 0.0476515078125 0.7498330156249999 0.0461105890625 0.7552155515625001
4 0.047257689062500004 0.9330298406249999 0.0470668546875 0.9509174640625 0.049166053125 0.9572618937499999 0.1025486484375 0.9606039859375001 0.21835771718750002 0.9619482546875 0.245610746875 0.9600787437499999 0.24723295156249997 0.9163321812499999 0.21754661562500002 0.9134656031249999 0.1768293015625 0.912343890625 0.074176453125 0.9127177937500001 0.0590406265625 0.914740475 0.060698735937500005 0.9279779953125 0.0492614703125 0.9295419218750001 0.047830196874999995 0.9308615 0.047257689062500004 0.9330298406249999
6 0.028677973437499997 0.9562600515625 0.028677973437499997 0.9578934796875 0.0427590234375 0.9574144656250001 0.045259303125 0.9547820249999999 0.04714313125 0.94683298125 0.0470447109375 0.9295165453124999 0.0468478703125 0.9248282546875 0.045962071874999996 0.9178714343750001 0.0413362390625 0.9161322296875 0.0369072546875 0.9163590812500001 0.035940704687500005 0.9171954421875 0.0362080140625 0.922790059375 0.030826923437499997 0.9242615890625 0.02836439375 0.9465447515625 0.028677973437499997 0.9562600515625
3 0.0483472125 0.90151020625 0.0461211328125 0.89837465 0.0339998078125 0.8997013781250001 0.0332283921875 0.9159052546875 0.0404631625 0.9163328328125001 0.04704866875 0.91640409375 0.0483472125 0.90151020625
4 0.4707225015625 0.9406659703125 0.46804228906249995 0.7811264515625 0.4700524625 0.7316085875 0.31024533593750003 0.7313511859374999 0.278417925 0.729034584375 0.2650398578125 0.7326201015625 0.26848974062500003 0.96229315625 0.34743314999999997 0.9632813499999999 0.467372246875 0.9617369531250001 0.4707225015625 0.9406659703125
4 0.4860595265625 0.951443821875 0.48798108593749995 0.9607236921875 0.6935981671875 0.9588975921875 0.6935981671875 0.9361197390625 0.6850883921875 0.7720190437500001 0.683166790625 0.671109765625 0.6820687703125 0.6333297546875001 0.611794271875 0.628689815625 0.53465705625 0.6293225328125 0.5176374625 0.6303770625 0.49310589687500006 0.6347125796875 0.4927027375 0.646063796875 0.48021309062500006 0.6459011593749999 0.482216365625 0.8071240812499999 0.4860595265625 0.951443821875
4 0.48086228281250004 0.3819402640625 0.48134035312499995 0.5300447875 0.48086228281250004 0.625549540625 0.4822964578125 0.6299570703125 0.515282596875 0.628671540625 0.6434026375 0.627202365625 0.6381439859375 0.6115923765625 0.6813630749999999 0.6093886125 0.6816021203125 0.601675440625 0.6853114062500001 0.527336846875 0.682682415625 0.40967808124999994 0.6807107109375 0.3244179671875 0.681039303125 0.22034765156249997 0.6849828140625001 0.1461282203125 0.625145378125 0.14227338437499998 0.547800521875 0.1414480484375 0.505368284375 0.141998271875 0.49520912812500006 0.143460703125 0.495661703125 0.160357884375 0.4813564046875 0.160357884375 0.47842640937500003 0.2284588859375 0.48086228281250004 0.3819402640625
4 0.5922114875 0.1237940453125 0.683229678125 0.12246458906249999 0.6830566296875 0.0925641203125 0.66436848125 0.0901710984375 0.5698895359375 0.0911017234375 0.503096728125 0.091234665625 0.487350240625 0.092165284375 0.4833463359375 0.09359224375 0.4812984671875 0.1406143484375 0.5306098328125 0.14014635 0.5932497156250001 0.138285109375 0.5922114875 0.1237940453125
4 0.851512353125 0.12164932343749998 0.851512353125 0.1088482234375 0.9081055015624999 0.1093469734375 0.90442698125 0.093885903125 0.7417062046875 0.0908934359375 0.6985494078125 0.0925713 0.700476334375 0.1248080390625 0.7223311140625001 0.121483078125 0.7586836328125 0.12297930625 0.851512353125 0.12164932343749998
4 0.7217988671875 0.1887772109375 0.74430280625 0.185119759375 0.7464666453125 0.17231865156249998 0.7674558874999999 0.1739811328125 0.8985845859375001 0.1728174015625 0.9063744234375 0.1335828609375 0.8955552234375 0.127099190625 0.8786772640624999 0.1254367109375 0.85336034375 0.12327548749999999 0.7254774046875 0.12327548749999999 0.7146582046875001 0.1226104921875 0.7136988015625 0.1254245453125 0.713576284375 0.14176534062499999 0.70102600625 0.141266590625 0.6988621671875 0.1867822390625 0.7217988671875 0.1887772109375
4 0.6979966265625 0.2722049671875 0.762479065625 0.2700437390625 0.7674558874999999 0.25408392968750004 0.8529275828125 0.258073884375 0.9035614234375 0.2554139125 0.9057252640625 0.195398371875 0.887116259375 0.191574665625 0.7360802078125 0.1894134421875 0.7120756515625 0.19279449375 0.713576284375 0.20655283125 0.69972770625 0.2063866 0.6964819453125 0.2555801640625 0.6979966265625 0.2722049671875
4 0.7739474078125 0.302800459375 0.773081884375 0.2850119125 0.8613665453125 0.2891681140625 0.9094037859374999 0.2871731421875 0.89966650625 0.27071458437499996 0.797316884375 0.27071458437499996 0.720284184375 0.27337455 0.7107632859375 0.27387329843749997 0.710181978125 0.2745117453125 0.7114124453125 0.2883310234375 0.6971310875000001 0.289993503125 0.6982130078125001 0.3024679578125 0.7739474078125 0.302800459375
7 0.8857512671875 0.3436258015625 0.90553193125 0.34342042500000003 0.9068684640625 0.3200080390625 0.749692259375 0.318365059375 0.7435442 0.31405225312499996 0.72215968125 0.31651671718749996 0.6921714078125001 0.320619365625 0.694627125 0.3430096796875 0.7333865671875001 0.34321505625 0.7945997578124999 0.3430096796875 0.8857512671875 0.3436258015625
4 0.7192193140625001 0.3978008984375 0.899651196875 0.3951310734375 0.9007204468750001 0.347074059375 0.85046681875 0.34399348281250003 0.75183071875 0.34419885156249996 0.7154770187499999 0.34419885156249996 0.719240684375 0.34527844218750003 0.7194866171875 0.36046629375 0.694359821875 0.36457373125000003 0.697300190625 0.3967740390625 0.7192193140625001 0.3978008984375
2 0.904565078125 0.7958207953125 0.9026861875 0.39842346875 0.7035035421875 0.39959164999999996 0.7010092171875 0.4002091046875 0.705292725 0.8736927140624999 0.7119427828125 0.874397440625 0.9036478078125001 0.8736927140624999 0.904565078125 0.7958207953125
4 0.90752135625 0.941211909375 0.9044263140625001 0.8790688203125001 0.7148033609375 0.880178515625 0.7119146656249999 0.8766908953125 0.70221685625 0.877325009375 0.7022270140625 0.8782067 0.705105565625 0.9559550453125001 0.7676254359375 0.9578573796875001 0.7752598671875 0.941370440625 0.90752135625 0.941211909375
4 0.1505881109375 0.202467803125 0.1491225203125 0.192977071875 0.2431300859375 0.1900815953125 0.241036378125 0.09449541875 0.197068475 0.0907956375 0.10829518125 0.093851975 0.0387924078125 0.097819959375 0.03480596875 0.20455898125 0.049252559375 0.209223921875 0.13991019375 0.2077761796875 0.1505881109375 0.202467803125
4 0.0674678421875 0.3390786859375 0.087358084375 0.33634407187500004 0.11541378124999999 0.33682665 0.2309865640625 0.33328774375000003 0.23014909375 0.31864948125 0.24375820625000003 0.31607571874999996 0.24375820625000003 0.2408142671875 0.24292070312499997 0.2076127375 0.175293875 0.20793445156249998 0.124835475 0.210186490625 0.05720866249999999 0.21115165 0.051618507812500006 0.2124998765625 0.053439978124999996 0.225602628125 0.0360621984375 0.2280155265625 0.0387840109375 0.33940040625 0.0674678421875 0.3390786859375
4 0.040151367187499995 0.46649382343749995 0.040151367187499995 0.5369634390625 0.0489518234375 0.6137664875 0.180225221875 0.612498734375 0.2473269921875 0.6112309703125 0.2475103453125 0.5624925796875 0.24493721562499998 0.4488201125 0.2463599140625 0.34833091562499996 0.2470712828125 0.338675390625 0.24053711406249997 0.33742821093750003 0.15217785625 0.33767196718750003 0.11791287187499999 0.338403240625 0.08396515 0.337915725 0.0557454359375 0.3423554453125 0.0572022453125 0.35546801875 0.042534828125 0.3572992296875 0.036117825 0.3992698234375 0.040151367187499995 0.46649382343749995
4 0.2603063625 0.384995875 0.2929338125 0.383951384375 0.2938401328125 0.37054713437500003 0.31559176093749997 0.3707212125 0.46424315624999996 0.36567285781250003 0.46356341093750003 0.35192043906250003 0.46175076718749997 0.16947205468749998 0.46175076718749997 0.09287656250000001 0.332600459375 0.094617375 0.326935971875 0.089917178125 0.2615161390625 0.09649757812500001 0.26075953125 0.1429555609375 0.2603063625 0.2164160484375 0.26075953125 0.328108059375 0.2603063625 0.384995875
4 0.2757866296875 0.46553509687499994 0.32422296093749997 0.46567190937499997 0.330811721875 0.46389330937500006 0.33188018124999996 0.4510327 0.46334939375 0.45171677499999996 0.46423976875 0.3905714890625 0.447678809375 0.38468844375 0.3189307453125 0.3866038578125 0.2877676546875 0.38728793125 0.275239890625 0.3886368296875 0.2730037140625 0.399985228125 0.26321111406250003 0.401011178125 0.26209831875 0.464117871875 0.2757866296875 0.46553509687499994
4 0.26362165625 0.6133273015625 0.42143754843750003 0.6090152765625 0.422681859375 0.5931018421875 0.464240496875 0.59340984375 0.4638727328125 0.502721325 0.4625070015625 0.468736384375 0.3908064109375 0.466375484375 0.342493878125 0.46545735625000006 0.2810362296875 0.46860522187500003 0.27451961406250003 0.470774640625 0.2752473890625 0.484589553125 0.25988004375 0.48582155781249997 0.2621517390625 0.5585706921875 0.26362165625 0.6133273015625