0 0.549450625 0.7157882390625 0.5408174640625 0.9430232843749999 0.962505253125 0.952969609375 0.9678259171875 0.723229978125 0.549450625 0.7157882390625
0 0.74555618125 0.7082009125 0.76041896875 0.22115407031249998 0.7499599796875 0.22028716875 0.5702467125 0.2179903 0.5550926515625 0.7095012734374999 0.559221196875 0.71253540625 0.7414276375 0.714702653125 0.74555618125 0.7082009125
0 0.784047578125 0.711461425 0.957721253125 0.714213521875 0.96449301875 0.706645246875 0.9826239328125 0.238161128125 0.9719201562500001 0.234376990625 0.794543084375 0.2307648625 0.7884266281250001 0.2331729515625 0.77944201875 0.5247062031249999 0.77300459375 0.7024156921875 0.7780867671875 0.7098856703124999 0.784047578125 0.711461425
4 0.9789005578125 0.0912419921875 0.9597426718750001 0.088921203125 0.8313217625 0.088921203125 0.7801639171875 0.0895842828125 0.78176048125 0.09043965781249999 0.7789007640625 0.2027268921875 0.97279528125 0.20405305937499998 0.9757426656250001 0.1962618203125 0.9789005578125 0.0912419921875
4 0.7577653734375 0.20264135312499998 0.7602453734375 0.1823812875 0.7613303640625 0.0903781328125 0.7112655515624999 0.0867166765625 0.6749957 0.086960775 0.588196021875 0.0856182421875 0.5662680812499999 0.08872029687500001 0.5647911078125001 0.19470819687500002 0.5666511015625 0.1995901390625 0.730175475 0.20239725156250002 0.7577653734375 0.20264135312499998
4 0.5467770828125 0.18247524375 0.553702184375 0.0858268109375 0.5336432421875 0.08300633125 0.38152948750000004 0.0815020765625 0.3562249875 0.08282963125000001 0.351918653125 0.176458225 0.3586049703125 0.1787146046875 0.49280894374999995 0.1796547640625 0.5467770828125 0.18247524375
4 0.34427714374999996 0.3105095875 0.49997285625 0.31295399375 0.5014056359375 0.2982875015625 0.5372251984374999 0.2982875015625 0.5448666984375 0.194226696875 0.5439115250000001 0.1859532875 0.528513678125 0.18371802343750002 0.49321568281249994 0.1807533234375 0.46450663125 0.180506259375 0.3668839578125 0.179765084375 0.3666740953125 0.18183949531250002 0.3650525015625 0.19525673593749998 0.3507246671875 0.196384925 0.33926240937499996 0.3037404453125 0.34427714374999996 0.3105095875
7 0.42853668906250003 0.339553784375 0.37896053749999997 0.3379029328125 0.37975501875 0.3512660890625 0.42277885625 0.354792375 0.42757705156250003 0.351769846875 0.42853668906250003 0.339553784375
7 0.27907296718749997 0.0863161421875 0.1746987875 0.08496293906249999 0.17273408750000002 0.0925022421875 0.1759955953125 0.09881752499999999 0.22111459218750001 0.10004154531250001 0.2616363453125 0.1019747 0.2785818140625 0.1017813921875 0.27907296718749997 0.0863161421875
2 0.1420180703125 0.11296194687500001 0.133061940625 0.30708353593750004 0.32705211875 0.313152265625 0.33698850468749997 0.1189671046875 0.1420180703125 0.11296194687500001
4 0.130638746875 0.42757869375 0.12890593749999998 0.466233278125 0.12528282968749999 0.5368276875 0.12402259375 0.6311669265625001 0.122447328125 0.6718392546875 0.1495420140625 0.672583246875 0.1522199828125 0.6697312703125 0.15395278125 0.65547138125 0.20688195 0.6578273625 0.2803378859375 0.6588193546875 0.3164116515625 0.6578273625 0.31845948281249997 0.5937692078125 0.3216100375 0.47076671093750005 0.323815421875 0.3982207859375 0.3241304640625 0.31960475 0.3189320578125 0.31848875468750004 0.250722753125 0.31402479375 0.197876584375 0.313776790625 0.1957347734375 0.31622106875 0.1517846734375 0.3147330765625 0.144960759375 0.31714141093750003 0.1448162015625 0.3303193 0.1400903796875 0.3284593171875 0.1325290671875 0.3284593171875 0.130638746875 0.42757869375
4 0.3498171203125 0.5062806015625 0.352414403125 0.5094402546875 0.3700923390625 0.51063725 0.41406988437500003 0.5102633953125 0.42068340937500004 0.512303378125 0.4847593375 0.5141968921875 0.50779065 0.517905015625 0.54287084375 0.517510534375 0.5445747359374999 0.5066228453125 0.5468800078125 0.46563313281249996 0.54758161875 0.437783571875 0.5485839 0.42446703750000003 0.5499871093750001 0.40205677656249994 0.5499871093750001 0.3743612921875 0.52693440625 0.369864203125 0.4369223984375 0.368049590625 0.38411097031249997 0.3654460109375 0.375789971875 0.3663317359375 0.374019090625 0.380736003125 0.3565464453125 0.38036428125 0.3539491609375 0.46160134218750004 0.3498171203125 0.5062806015625
4 0.35118460156250003 0.574409803125 0.37595411562500003 0.5750229359375 0.38125074375 0.5723251546875 0.389818821875 0.5593267843749999 0.417548221875 0.5619019359374999 0.5404848515625 0.567665371875 0.5426658171875001 0.5489035624999999 0.542042665625 0.5202000625000001 0.4817546015625 0.517870175 0.422175359375 0.5146138312499999 0.4179949109375 0.51163415625 0.4027956671875 0.5117133859375 0.36618551093749996 0.511396459375 0.36449316249999997 0.5128140171875 0.365516659375 0.527031815625 0.3486920703125 0.528871209375 0.3444859359375 0.57195728125 0.35118460156250003 0.574409803125
4 0.341202125 0.6552484921875 0.34171551093749997 0.6568649468750001 0.3613951234375 0.6569996546875 0.3846684234375 0.6574037625 0.386550821875 0.642182171875 0.44131151874999996 0.6473009453125 0.535441903125 0.6490521078125 0.5373242890625 0.6314058359375 0.5393778078125 0.587882234375 0.462712834375 0.58033879375 0.3801746625 0.575882265625 0.35917047343749997 0.5785728234375 0.3578014609375 0.5923126671875 0.35318102812499996 0.5897532859375 0.34445353437500004 0.5906962124999999 0.341202125 0.6552484921875
4 0.3343125734375 0.7393759234374999 0.358099253125 0.7404535578125 0.42192968437499995 0.7430129437499999 0.4849044875 0.7435517546875 0.48319321249999997 0.7288689890625 0.529153646875 0.730754846875 0.5303515515624999 0.724827859375 0.53462971875 0.685148621875 0.532747309375 0.6675228093750001 0.4399963859375 0.6602487765625 0.35347883125 0.6603221203125 0.3572436140625 0.6762172296875 0.339959771875 0.675004890625 0.3372217359375 0.7001945984375 0.3343125734375 0.7393759234374999
4 0.34364162343750004 0.8212909500000001 0.354422634375 0.8212909500000001 0.44357989687500005 0.8250626765625 0.44426440312500004 0.8088981593750001 0.522333896875 0.8136128062499999 0.5269543296875 0.8071470015625 0.53003461875 0.7491204765624999 0.494782428125 0.745752871875 0.49033310312499995 0.745483459375 0.48485703124999996 0.7465610890625001 0.48417252499999996 0.7479081375 0.40802094999999994 0.7453487515624999 0.36523914375 0.742654665625 0.351720103125 0.742654665625 0.349192771875 0.7460389468749999 0.34826205625 0.75868095625 0.33371623906250003 0.7593544750000001 0.328924684375 0.81873156875 0.34364162343750004 0.8212909500000001
7 0.43266324999999994 0.8324248624999999 0.36609478281249996 0.830673709375 0.36541027656249997 0.8374089234375001 0.3694039046875 0.8424759500000001 0.3813251078125 0.8446829593749999 0.42821395000000007 0.8465688171875 0.4314653578125 0.8433359171875001 0.43266324999999994 0.8324248624999999
4 0.5189784140625 0.938472421875 0.52017629375 0.8929226203124999 0.518293909375 0.8600780374999999 0.48577974062499996 0.8591351078124999 0.4185267671875 0.85603690625 0.41065492499999995 0.8553633875 0.382590059375 0.8534775296875001 0.35743436093750003 0.85442045625 0.3399751359375 0.8564218921875 0.34071633437500004 0.8717930828125 0.324972625 0.8742177609375 0.3241169859375 0.9352395171874999 0.37716640625000003 0.9349701140625 0.456649871875 0.9377988984375 0.5189784140625 0.938472421875
4 0.287442415625 0.9182565031250001 0.230996053125 0.917219178125 0.1304029203125 0.918948065625 0.1290850984375 0.923270259375 0.13303853906250002 0.931396015625 0.1329404578125 0.932214865625 0.242636734375 0.935545328125 0.30742923437499997 0.935026659375 0.3089667015625 0.920504059375 0.287442415625 0.9182565031250001
4 0.2421394109375 0.9005215718749999 0.3030806828125 0.9023905515624999 0.30862080468749997 0.8992755828125001 0.31059940625000004 0.8595546031250001 0.312973740625 0.8043642562500001 0.31363328125 0.747204359375 0.3161395265625 0.6854878046875 0.31310565156250003 0.6787387125000001 0.2511330703125 0.678115721875 0.24827056249999999 0.67448159375 0.21951471718749999 0.6733394374999999 0.216876559375 0.6768697328125 0.139314940625 0.6765582375 0.1361491640625 0.681853678125 0.1383098046875 0.6909700828124999 0.12249603906249999 0.6901056390625 0.11898188125 0.7880535937500001 0.116346234375 0.8643841796875 0.1143695125 0.912205421875 0.118762225 0.9160089593749999 0.185751103125 0.9161818531250001 0.19321871562499998 0.915490290625 0.1949757953125 0.9037338968749999 0.1984780265625 0.9019752234375 0.20837109062499998 0.9004177437499999 0.2421394109375 0.9005215718749999
6 0.9707644 0.9275009421875 0.9652517906250001 0.926869771875 0.9639488125 0.9398087734375 0.9642495015625 0.94746171875 0.971165315625 0.9481717859375 0.9838944421875 0.947225028125 0.9840948796875001 0.9459626906249999 0.9873022171875 0.9151666765625001 0.983092596875 0.9141410249999999 0.9827919015625 0.903884503125 0.9789831984375 0.9031744328125001 0.9766762124999999 0.905516803125 0.9766779250000001 0.91227395 0.97156623125 0.9127473281249999 0.9707644 0.9275009421875
3 0.9857987874999999 0.9041666296875001 0.988204278125 0.89604030625 0.9910107 0.8925688671875 0.9889059046875 0.8862571609375 0.9759763140625 0.8857048843750001 0.973294021875 0.8882876609375 0.971165315625 0.901563046875 0.9714659984375 0.9042455234375 0.9793841140625 0.903772146875 0.9857987874999999 0.9041666296875001