1 0.3693415828125 0.203125 0.3654263 0.2060546875 0.3654263 0.2119140625 0.3771721453125 0.216796875 0.58468208125 0.2158203125 0.58729226875 0.2060546875 0.5833769875 0.203125 0.5624954843750001 0.201171875 0.3693415828125 0.203125
1 0.5614077171875 0.2566539015625 0.5656755625 0.2444065796875 0.471138909375 0.240234375 0.4241555265625 0.2421875 0.3928332734375 0.23828125 0.3693415828125 0.23828125 0.36281611406250003 0.2412109375 0.3680364875 0.2529296875 0.36281611406250003 0.2587890625 0.36673139374999997 0.265625 0.40718930625 0.2666015625 0.421545340625 0.265625 0.4241555265625 0.25390625 0.468528721875 0.255859375 0.5614077171875 0.2566539015625
3 0.04698338125 0.8876953125 0.05481394375 0.8896484375 0.060034321875 0.8681640625 0.0508986640625 0.865234375 0.04698338125 0.8681640625 0.04698338125 0.8876953125
6 0.0535088515625 0.888671875 0.04437319375 0.8935546875 0.04176300625 0.9052734375 0.04176300625 0.9208984375 0.052203757812499994 0.9228515625 0.057424132812499994 0.9208984375 0.060034321875 0.9111328125 0.060034321875 0.8935546875 0.0535088515625 0.888671875
4 0.235924878125 0.129773071875 0.235924878125 0.11472641406249999 0.30878545156250004 0.116607253125 0.3414471140625 0.1140994796875 0.3422845796875 0.08275229687499999 0.0630306765625 0.08006906875 0.062566921875 0.0796175796875 0.06089192812500001 0.128519203125 0.235924878125 0.129773071875
4 0.06381033750000001 0.2075140828125 0.1040092515625 0.20688714843749997 0.154257940625 0.2100218671875 0.324266034375 0.209394909375 0.33934060312500003 0.18933270625 0.33934060312500003 0.1498352609375 0.3426905921875 0.129773071875 0.1701700390625 0.1310269515625 0.0948785578125 0.1333439875 0.0964719984375 0.14670054375 0.06213534375 0.149208315625 0.06381033750000001 0.2075140828125
4 0.06548526875 0.46749600156250004 0.066322734375 0.508874296875 0.190269528125 0.5145167749999999 0.2413556828125 0.512009015625 0.2421931484375 0.4969623578125 0.344365521875 0.498216296875 0.344365521875 0.453703259375 0.33850320156249997 0.44617993125 0.3426905921875 0.43176023125 0.3410156609375 0.2148377125 0.33180335 0.2110760546875 0.092784515625 0.2085556375 0.091447078125 0.2242418671875 0.064647803125 0.22800353125 0.06548526875 0.46749600156250004
4 0.0629728734375 0.8016137875 0.20869402187500002 0.80662935625 0.288254446875 0.8041215703125 0.288254446875 0.7890749140625 0.3418530640625 0.7909557640625 0.33934060312500003 0.7069453046875 0.3426905921875 0.5213699921875 0.324266034375 0.5157274890625 0.0938315359375 0.5180202375 0.0931220734375 0.5357896906249999 0.06381033750000001 0.536416625 0.0629728734375 0.8016137875
4 0.06213534375 0.9296236453125 0.23716829218750002 0.93401223125 0.335990740625 0.93401223125 0.33850320156249997 0.8111312843749999 0.329290890625 0.8073696328125 0.1668201140625 0.80548880625 0.092784515625 0.8071150171875001 0.0939595390625 0.822416265625 0.064647803125 0.8236701578125001 0.06213534375 0.9296236453125
2 0.6368736953125 0.0725610953125 0.3645728734375 0.07380143125000001 0.36385576249999996 0.194815090625 0.6368736953125 0.1923073296875 0.6368736953125 0.0725610953125
2 0.6351986375 0.268627146875 0.361431809375 0.2688816484375 0.3630182984375 0.5357051578124999 0.6351986375 0.5338243078125 0.6351986375 0.268627146875
4 0.4660280734375 0.7910897953125 0.4668655390625 0.7741622890625 0.6083993624999999 0.77729700625 0.6360361671875 0.7766700734375 0.6360361671875 0.540312321875 0.49282741406249997 0.5365506578125 0.361431809375 0.538390059375 0.3588309078125 0.78544729375 0.3906550390625 0.7929705984375001 0.4660280734375 0.7910897953125
4 0.3571559125 0.8907333906250001 0.3605058375 0.9321116390625 0.48780249375 0.9352463578125001 0.6326863046875 0.937127159375 0.6368736953125 0.7966917953125 0.544751034375 0.7954379031250001 0.481940171875 0.79481096875 0.4618406828125 0.79481096875 0.3855133046875 0.7945797406249999 0.3873051140625 0.8092306671875 0.359668371875 0.8092306671875 0.3571559125 0.8907333906250001
4 0.9352706578125 0.21365758281249997 0.936108059375 0.09014970312500001 0.6597402640625 0.0845072 0.66057773125 0.20926899687499997 0.7736372828125 0.21177675625 0.9352706578125 0.21365758281249997
4 0.658065334375 0.5654269625 0.7150138109374999 0.566905715625 0.7702874203125 0.56439793125 0.7669374953125 0.54997825625 0.9352706578125 0.5506051890625 0.9335955984375 0.21895198593749998 0.9093087843750001 0.21644420156250002 0.791224375 0.21644420156250002 0.7493504671875 0.215190309375 0.6870555015625001 0.2171736390625 0.6873770703125001 0.2337737828125 0.658065334375 0.23502766406250003 0.658065334375 0.5654269625
4 0.656390340625 0.7423491906249999 0.8699473359375001 0.7423491906249999 0.8741347265625 0.724794771875 0.9327581984375 0.7266755984375 0.9327581984375 0.5718205109375 0.9193584953125 0.5674319 0.8506853124999999 0.566178009375 0.7786622015625 0.5674319 0.7183637359375 0.5686857921875 0.684961459375 0.5689447921874999 0.6915644609375 0.584359384375 0.6589028 0.584359384375 0.656390340625 0.7423491906249999
4 0.6555528734375 0.932879778125 0.9294082078124999 0.935387609375 0.9319206687499999 0.7648588828125 0.92857080625 0.747304465625 0.9143337046875001 0.743542825 0.8515228421875 0.743542825 0.7635875703125 0.7429158546875 0.74013815625 0.7429158546875 0.684961459375 0.7452220953124999 0.6882145359375 0.7604702718749999 0.6572278687499999 0.7604702718749999 0.6555528734375 0.932879778125