7 0.10825941875 0.19720929843749999 0.14177318125 0.1955786078125 0.14077912343750001 0.18329406875 0.1392170421875 0.180684965625 0.1277144421875 0.181011103125 0.115613259375 0.1792364875 0.10641332343750001 0.1807936765625 0.10641332343750001 0.186772878125 0.10825941875 0.19720929843749999
4 0.3266130109375 0.29629500468750003 0.345310090625 0.29569020625000003 0.4767325828125 0.2924646546875 0.47594255781249994 0.1999315890625 0.41379460156250003 0.2017459546875 0.1744086015625 0.201544359375 0.10488711718749999 0.2005363734375 0.1024328765625 0.2045504578125 0.087340840625 0.20442064062499998 0.0878495578125 0.29208013125 0.10548520624999999 0.29363792499999997 0.3266130109375 0.29629500468750003
4 0.47372486093750005 0.3130411125 0.339795859375 0.3101691703125 0.161223846875 0.311317946875 0.082640784375 0.31545240625000004 0.082066915625 0.400922553125 0.136463840625 0.40494326718749996 0.47447515156250003 0.4040816859375 0.47372486093750005 0.3130411125
4 0.4707236390625 0.43703070625 0.46209520625 0.4229581875 0.23775469062500001 0.42008624687499996 0.1736038234375 0.41979905000000006 0.08592915 0.42351974062500003 0.0835788171875 0.42644624999999997 0.0835675125 0.51170123125 0.157472334375 0.51715790625 0.47334974374999994 0.5128499921875 0.4707236390625 0.43703070625
4 0.461916921875 0.6204392046875 0.4617024578125 0.605169003125 0.47285555781250005 0.60254186875 0.47178314375 0.5643836984374999 0.46406175000000005 0.5638911109375 0.45741280156249997 0.535485246875 0.4048645046875 0.53285811875 0.24849244218750002 0.528589034375 0.1187166140625 0.5297384 0.10507756406249999 0.5329546640625 0.081157053125 0.5329296078125 0.0837411703125 0.6214560328125 0.232650371875 0.6224451765625 0.461916921875 0.6204392046875
7 0.098429478125 0.640378271875 0.0821164140625 0.642234640625 0.08674580937500001 0.6575919234375001 0.1517776078125 0.659954584375 0.1769085265625 0.6586044953125 0.178010759375 0.6410533109375 0.12380140937499999 0.6412894046875001 0.121576390625 0.6371718000000001 0.1043815515625 0.63599046875 0.098429478125 0.640378271875
6 0.0615318203125 0.91213075 0.07328492187499999 0.91213075 0.076741715625 0.8999576781249999 0.0737458203125 0.87525864375 0.0596972390625 0.876270378125 0.05392686249999999 0.8775521234375001 0.05254414843750001 0.8937829234375 0.053235506249999995 0.910190115625 0.0615318203125 0.91213075
3 0.0557704859375 0.866437565625 0.0751285515625 0.8660847203125 0.0744371859375 0.8479132999999999 0.0599186390625 0.8477368843749999 0.056195403125 0.8527668234375 0.0557704859375 0.866437565625
4 0.6198309671875 0.910341003125 0.641239159375 0.9076095203125 0.6432780234375 0.9220473453125001 0.727891353125 0.9214620203124999 0.7164226796875 0.8925863812499999 0.82116990625 0.8945374375 0.8229539125 0.8853674687499999 0.8107206546875 0.8637107328125 0.74216349375 0.8592233046875 0.6529626890625 0.8590282015625 0.6175631046875 0.8602374828125001 0.5686042328124999 0.8592233046875 0.570897971875 0.8865380999999999 0.6106560328125 0.8906353234375001 0.6198309671875 0.910341003125
4 0.8127595375000001 0.8488609609375001 0.8109755296875001 0.833837821875 0.77911810625 0.8324720796875 0.78115695 0.8010600671875 0.7281462265624999 0.7749159062500001 0.6820166624999999 0.7725746375 0.5704062890625 0.7748286796875 0.585934659375 0.8014502765625 0.6422586015625 0.8484707484375 0.8053685921874999 0.853348390625 0.8127595375000001 0.8488609609375001
4 0.9148752625000001 0.343139609375 0.916713521875 0.289382096875 0.65715149375 0.28600465937499997 0.5575178875 0.28347158906250003 0.5520031125 0.2874119234375 0.5262675 0.28966355625 0.5321499484375 0.3411694375 0.5406059187500001 0.3445468734375 0.9148752625000001 0.343139609375
4 0.855713390625 0.2688373578125 0.9126035859374999 0.2704088171875 0.9193482609375 0.26636792656249997 0.920814503125 0.2366679015625 0.926386246875 0.23150453125 0.9240402515625 0.20052435468750002 0.8941289343750001 0.198054921875 0.71993944375 0.195585490625 0.577778125 0.1942385234375 0.5305742359375001 0.196884425 0.528569978125 0.2515806140625 0.8263751718749999 0.2531672171875 0.848662059375 0.2509222765625 0.855713390625 0.2688373578125
4 0.8257692984375 0.1649359078125 0.846723296875 0.162306203125 0.8541197453124999 0.17913631875 0.8757608046875 0.17913631875 0.9214474203125 0.176506615625 0.9238520234375001 0.1438982734375 0.6559152078125 0.1402166828125 0.5738406640625 0.1418242375 0.5300082859375 0.1441612390625 0.531382325 0.15836164531250002 0.5533668875 0.162306203125 0.8257692984375 0.1649359078125
7 0.6568996484375 0.0672109796875 0.6487414375 0.0618594125 0.618050675 0.061264790624999996 0.609115409375 0.06899483437500001 0.5776477515625 0.07048138125 0.5776477515625 0.089806484375 0.58429113125 0.103784134375 0.7182810109375 0.1109154546875 0.8010293140625 0.10972621093749998 0.7971444078125 0.070184071875 0.6568996484375 0.0672109796875
6 0.3821428578125 0.1518052515625 0.2125 0.1518052515625 0.2125 0.1695842453125 0.3767857140625 0.1682166296875 0.3821428578125 0.1518052515625
6 0.6859453171875 0.38805404062500004 0.8496603609375001 0.3904347390625 0.8392986499999999 0.3658341765625 0.696307028125 0.36027921093750004 0.6859453171875 0.38805404062500004
7 0.7242836500000001 0.4086867703125 0.81753905625 0.41027390312499995 0.816502884375 0.396783271875 0.720138965625 0.394402571875 0.7242836500000001 0.4086867703125
4 0.478213290625 0.8669679609375001 0.47718043125 0.6628824390625 0.08056292968749999 0.6613003796875 0.0836615046875 0.8432370875 0.39558464375 0.8614307578125 0.478213290625 0.8669679609375001
4 0.0836615046875 0.8804154578125001 0.08159578906250001 0.917593828125 0.46995042500000006 0.9191758875 0.476147575 0.8796244281250001 0.0836615046875 0.8804154578125001
4 0.7353949515625 0.6897774296875 0.7271320875 0.6700017 0.5732362328125 0.6684196421874999 0.5742690921875 0.7522687343750001 0.6290105703125 0.7625521125 0.7736107 0.7672982875 0.84384505 0.731701975 0.8923893796875 0.7245827140625 0.888257946875 0.6913594875 0.7353949515625 0.6897774296875
4 0.5763348078125 0.6565542046874999 0.5784005249999999 0.6565542046874999 0.8686336421874999 0.666837584375 0.8676007859375 0.643106709375 0.5742690921875 0.6391515640625001 0.5763348078125 0.6565542046874999
4 0.7240335124999999 0.576660259375 0.7922021453125 0.569540996875 0.789103571875 0.5529293843749999 0.7550192546875001 0.55213835625 0.7756764171875 0.5133779265625 0.7953007203125 0.45721485624999997 0.7808407078124999 0.44534941874999995 0.872765075 0.43823015625000006 0.873797934375 0.43111089375 0.8428121921875 0.4129172234375 0.584597671875 0.4057979609375 0.5814990984375 0.4469314765625 0.6248791375 0.49360219687500007 0.5804662406250001 0.49439322656250007 0.57943338125 0.5932718718750001 0.6455362984375 0.6304502421875 0.8686336421874999 0.631241271875 0.8676007859375 0.6138386296875 0.7085406421875 0.6122565718749999 0.7240335124999999 0.576660259375