3 0.0822863734375 0.831863084375 0.06845265625 0.831863084375 0.06845265625 0.8465944546875 0.0822863734375 0.8465944546875 0.0822863734375 0.831863084375
6 0.08463048437500001 0.8561655109374999 0.0648845265625 0.8561655109374999 0.0648845265625 0.89010831875 0.08463048437500001 0.89010831875 0.08463048437500001 0.8561655109374999
2 0.28053695156249997 0.05296793749999999 0.07655311718749999 0.05296793749999999 0.07655311718749999 0.25789861406250003 0.28053695156249997 0.25789861406250003 0.28053695156249997 0.05296793749999999
2 0.2818937640625 0.26901213125 0.081316396875 0.26901213125 0.081316396875 0.47285961875 0.2818937640625 0.47285961875 0.2818937640625 0.26901213125
2 0.7216916859375 0.0462651640625 0.51641455 0.0462651640625 0.51641455 0.25505199375 0.7216916859375 0.25505199375 0.7216916859375 0.0462651640625
0 0.937407621875 0.03954939375 0.7446939953125 0.03954939375 0.7446939953125 0.2289948 0.937407621875 0.2289948 0.937407621875 0.03954939375
0 0.9445554265625 0.23098786875 0.750040415625 0.23098786875 0.750040415625 0.5446793765625 0.9445554265625 0.5446793765625 0.9445554265625 0.23098786875
0 0.9506870671875 0.549449740625 0.7583891453125 0.549449740625 0.7583891453125 0.8897010406250001 0.9506870671875 0.8897010406250001 0.9506870671875 0.549449740625
2 0.728706696875 0.6760268625 0.5330946875 0.6760268625 0.5330946875 0.889917678125 0.728706696875 0.889917678125 0.728706696875 0.6760268625
4 0.5148903078125 0.34175106093749996 0.5795790890625 0.3425172609375 0.5850265593749999 0.3289804421875 0.7263203390624999 0.32846961874999997 0.7270013625 0.2582312171875 0.5205739078125 0.2569309640625 0.520337778125 0.2569541609375 0.51284755 0.261296153125 0.5148903078125 0.34175106093749996
4 0.518635440625 0.6208469546875001 0.519656846875 0.6737172921875 0.5676627421875 0.6739726703125 0.5720887703125 0.659925028125 0.7317679 0.6594142046875 0.7290441750000001 0.342865515625 0.5223619984375001 0.3450453140625 0.5152308203125 0.35531885625 0.5142093765625 0.42153251718750007 0.518635440625 0.6208469546875001
4 0.3730278703125 0.1776525859375 0.498319753125 0.1745876375 0.49852078750000006 0.04581435 0.284506434375 0.0491801796875 0.2906348890625 0.1962976453125 0.36655899375 0.1914448515625 0.3730278703125 0.1776525859375
7 0.49459133125 0.191721771875 0.409912875 0.1911156234375 0.383572059375 0.19426759062500001 0.351575240625 0.19499497500000001 0.323133621875 0.1954798875 0.3070691109375 0.196679415625 0.307781621875 0.20833021718750003 0.49119772968750003 0.20760284375000002 0.49459133125 0.191721771875
4 0.2974392171875 0.3235716859375 0.43609213750000003 0.3200560328125 0.440616940625 0.30538726718750003 0.502024934375 0.3131459484375 0.5007321390625 0.20820899218750002 0.2912266390625 0.208992728125 0.29194481250000004 0.29871963749999997 0.291136803125 0.309145375 0.2974392171875 0.3235716859375
4 0.2969544046875 0.3718650984375 0.29808560625 0.5073665921875 0.3040648078125 0.7051028921875 0.303903209375 0.7180744484375 0.3081048125 0.7384410046875 0.41718488281250005 0.740744359375 0.4228408859375 0.725954365625 0.5170537859375 0.7298336953125 0.504610578125 0.3537725375 0.5042873343750001 0.336194246875 0.502024934375 0.32298023593749997 0.3113126296875 0.3251200203125 0.3084280109375 0.341271209375 0.29550001406250004 0.3388466015625 0.2969544046875 0.3718650984375
4 0.3061656109375 0.806145825 0.30713521093749996 0.82093580625 0.3102056234375 0.8410599109374999 0.4045800796875 0.8373018078125 0.4078121046875 0.8246939234375 0.5202857921875 0.8203002859374999 0.519154590625 0.7434407828125 0.414599325 0.74234971875 0.3195167671875 0.7422866124999999 0.315215215625 0.759064709375 0.3084280109375 0.7503361859375001 0.3061656109375 0.806145825
7 0.3874504828125 0.8562576765625 0.31102972812499996 0.8573524109375 0.31376081562499997 0.8708052000000001 0.389066459375 0.86983538125 0.3874504828125 0.8562576765625
4 0.518023390625 0.8878985765625 0.5193161875000001 0.873593478125 0.32715510000000003 0.8734870984375 0.32361843125 0.8876561171875 0.33573843124999997 0.897112009375 0.518023390625 0.8878985765625
4 0.079456153125 0.49281867031250004 0.21376132656250002 0.494255690625 0.217709215625 0.48015264375 0.0812250171875 0.480998828125 0.079456153125 0.49281867031250004
4 0.08423293125 0.5269747 0.1323595625 0.5278208859375 0.13292355 0.5128716671875 0.27053568281249996 0.512448575 0.2876432015625 0.51005108125 0.2880192390625 0.4953839140625 0.220341140625 0.49411464218749995 0.09722800312499999 0.4947944609375 0.0911887234375 0.5106151999999999 0.086112865625 0.5072304562500001 0.08423293125 0.5269747
4 0.08178899843750001 0.63919628125 0.0832929453125 0.6703639906250001 0.20793348906250003 0.6710691359375 0.2090614015625 0.65597890625 0.2919671265625 0.6565430250000001 0.291779078125 0.5501549234375 0.28989912812499996 0.5271669953125 0.133863525 0.5281542078125 0.099202653125 0.528382903125 0.10002448593749999 0.5411289828125 0.0821649765625 0.5419751734375 0.08178899843750001 0.63919628125
4 0.086112865625 0.7427979421875001 0.08780483125 0.8541391828125 0.08648886875 0.89503796875 0.295915015625 0.8956020890625 0.291027103125 0.6714024484375 0.2062414875 0.6711203968749999 0.0965697875 0.6713807609375 0.0985205140625 0.6879029937500001 0.084796903125 0.6895953515625 0.086112865625 0.7427979421875001