7 0.3428977265625 0.1103515625 0.3391157671875 0.08984375 0.2962535515625 0.083984375 0.2811257109375 0.091796875 0.27734375 0.0947265625 0.28364701718749996 0.109375 0.3239879265625 0.11328125 0.3428977265625 0.1103515625
7 0.46265980156250003 0.166015625 0.46896306875000004 0.1572265625 0.46644176093749995 0.1416015625 0.44753196093750003 0.13671875 0.084463778125 0.138671875 0.07816051093750001 0.1435546875 0.08068181875 0.1611328125 0.1071555390625 0.173828125 0.4399680390625 0.16796875 0.46265980156250003 0.166015625
7 0.48548206406250005 0.23897319687500002 0.41680656875000005 0.2397552046875 0.41579665 0.18579586406249998 0.37539931718749997 0.17797567187500002 0.2309788203125 0.190487996875 0.07979795625 0.189945228125 0.0714094015625 0.2929325359375 0.4875019015625 0.29136846250000004 0.48548206406250005 0.23897319687500002
2 0.94070675625 0.5938025265625 0.0772727046875 0.605633803125 0.08933300937500001 0.9707358359375 0.95383591875 0.954313384375 0.94070675625 0.5938025265625
3 0.0768998578125 0.88671875 0.0693359375 0.888671875 0.068075284375 0.9033203125 0.0768998578125 0.908203125 0.083203125 0.8955078125 0.0768998578125 0.88671875
6 0.083203125 0.9443359375 0.083203125 0.9150390625 0.0768998578125 0.912109375 0.068075284375 0.9150390625 0.06303267031250001 0.9326171875 0.0655539765625 0.9462890625 0.07942116406250001 0.947265625 0.083203125 0.9443359375
1 0.2852600125 0.6016227187500001 0.3044487609375 0.587546378125 0.87615411875 0.58203125 0.9306074234375 0.5781621421875001 0.9316174171875 0.5656498453125 0.8711115062499999 0.564453125 0.0970703125 0.5703125 0.0907670453125 0.5751953125 0.09328835156250001 0.6005859375 0.1071555390625 0.60546875 0.2852600125 0.6016227187500001
4 0.9396969140625 0.562123921875 0.9336372531249999 0.29076326875 0.7439393703125 0.2926447578125 0.7286207578125 0.3095317140625 0.73468041875 0.561341915625 0.9396969140625 0.562123921875
4 0.8104254187500001 0.273558840625 0.9336372531249999 0.2743408625 0.9306074234375 0.1218471171875 0.7237373515625001 0.124413146875 0.726600921875 0.2915452765625 0.8094154234375001 0.28763517968749996 0.8104254187500001 0.273558840625
4 0.71953141875 0.561341915625 0.71953141875 0.4792298953125 0.5381312890625 0.48337245781249993 0.5135050062500001 0.4995624125 0.5135050062500001 0.5652520109375 0.71953141875 0.561341915625
4 0.666004921875 0.46280750312499996 0.72256125 0.462025465625 0.7094320859375001 0.122629125 0.501515128125 0.124413146875 0.515524840625 0.48079399843750004 0.666004921875 0.47766585 0.666004921875 0.46280750312499996
4 0.5023956765625 0.562123921875 0.49734601093749997 0.4276166375 0.31464644218750004 0.43348982812500003 0.2913196734375 0.4510772140625 0.296369340625 0.5668160859375 0.5023956765625 0.562123921875
4 0.39938250937499997 0.41432230312499996 0.49734601093749997 0.4088481625 0.49431625625000003 0.2962374109375 0.45997850781249994 0.293891328125 0.289393915625 0.296557121875 0.2933395109375 0.430744696875 0.39938250937499997 0.42918068125 0.39938250937499997 0.41432230312499996
4 0.28425009375 0.5652520109375 0.2832401765625 0.502690471875 0.24486267968750003 0.496434384375 0.09116159375 0.5048904546874999 0.07620384531249999 0.5222409531250001 0.0812535109375 0.5715081890625 0.28425009375 0.5652520109375
4 0.2832401765625 0.49487027968749997 0.2751606796875 0.297801425 0.08484846093750001 0.300469484375 0.071154178125 0.31891595 0.0772137625 0.5003444796875 0.2832401765625 0.49487027968749997