7 0.8316997359375 0.142578125 0.8692102984375 0.1123046875 0.83687360625 0.08203125 0.741156996875 0.080078125 0.7165811093750001 0.1025390625 0.7139941750000001 0.1123046875 0.7295157875 0.1318359375 0.756678609375 0.142578125 0.8316997359375 0.142578125
7 0.27550862187499997 0.447265625 0.2974975734375 0.4443359375 0.30267144375 0.4033203125 0.2962041046875 0.400390625 0.104770884375 0.404296875 0.10089048125 0.4072265625 0.1060643515625 0.4306640625 0.1384010453125 0.443359375 0.27550862187499997 0.447265625
2 0.9869158609375001 0.642578125 0.9933831984375001 0.6376953125 0.9907962640625 0.4111328125 0.9869158609375001 0.408203125 0.6635489328124999 0.40625 0.6570815953125 0.4091796875 0.654494659375 0.5595703125 0.6570815953125 0.6396484375 0.6609619984374999 0.642578125 0.9869158609375001 0.642578125
2 0.33242120000000003 0.21875 0.3363016046875 0.2158203125 0.3363016046875 0.0087890625 0.33242120000000003 0.005859375 0.06855378749999999 0.005859375 0.06467338593750001 0.0087890625 0.06467338593750001 0.2158203125 0.0995970140625 0.220703125 0.33242120000000003 0.21875
2 0.6312122421875 0.1904296875 0.632505709375 0.00390625 0.3660513609375 0.00390625 0.36217095781249997 0.0068359375 0.3595840234375 0.1904296875 0.363464425 0.193359375 0.6273318375 0.193359375 0.6312122421875 0.1904296875
2 0.34147547500000003 0.9599609375 0.3388885390625 0.7197265625 0.3427780828125 0.6771109078124999 0.0711407234375 0.681640625 0.0672603203125 0.6865234375 0.06467338593750001 0.9599609375 0.06855378749999999 0.962890625 0.337595071875 0.962890625 0.34147547500000003 0.9599609375
2 0.6299187734375 0.99609375 0.6312122421875 0.7099609375 0.6273318375 0.70703125 0.3738121671875 0.705078125 0.36217095781249997 0.7080078125 0.3595840234375 0.7587890625 0.35699708750000003 0.9931640625 0.3867468453125 0.998046875 0.5626584515624999 1 0.6299187734375 0.99609375
1 0.2030744296875 0.224609375 0.06855378749999999 0.22265625 0.065966853125 0.234375 0.190139753125 0.236328125 0.204367896875 0.2333984375 0.2030744296875 0.224609375
1 0.5122132125000001 0.2099609375 0.5083328093749999 0.201171875 0.4953981328125 0.19921875 0.3660513609375 0.197265625 0.36217095781249997 0.2099609375 0.368638296875 0.212890625 0.49281119687499997 0.216796875 0.5122132125000001 0.2099609375
1 0.7916022375 0.6591796875 0.79030876875 0.65234375 0.694592159375 0.6484375 0.6687228046875 0.65234375 0.6648424015625001 0.6591796875 0.6738966750000001 0.6640625 0.7825479625 0.6640625 0.7916022375 0.6591796875
1 0.1293467703125 0.6708984375 0.1293467703125 0.6650390625 0.12029249687500002 0.662109375 0.07890153125 0.662109375 0.0750211265625 0.6708984375 0.0866623359375 0.67578125 0.1151186265625 0.67578125 0.1293467703125 0.6708984375
1 0.475996115625 0.6982421875 0.4747026484375 0.689453125 0.368638296875 0.689453125 0.36734482812499997 0.6982421875 0.3738121671875 0.701171875 0.4721157140625 0.701171875 0.475996115625 0.6982421875
4 0.9287098140625 0.9169921875 0.922242475 0.876953125 0.7049399000000001 0.873046875 0.6577502671875 0.89272005625 0.65966853125 0.9150390625 0.6764836109375 0.919921875 0.91448166875 0.921875 0.9287098140625 0.9169921875
4 0.7473888890625 0.8545110140625001 0.7515388234375 0.8413570734375 0.92915599375 0.8375988171875001 0.92666600625 0.677246165625 0.8627429609374999 0.677734375 0.65526028125 0.6759934296875 0.6570815953125 0.6845703125 0.6570815953125 0.8349609375 0.6569202296875 0.8551374062500001 0.7473888890625 0.8545110140625001
4 0.6312122421875 0.6650390625 0.6312122421875 0.6591796875 0.6195710328125 0.654296875 0.391920715625 0.654296875 0.390627246875 0.6630859375 0.40485539218750005 0.66796875 0.6066363546875 0.669921875 0.6312122421875 0.6650390625
4 0.6273318375 0.63671875 0.6337991765625001 0.6318359375 0.6299187734375 0.57421875 0.40226845625 0.5703125 0.36475789375 0.5908203125 0.36475789375 0.6416015625 0.3712252328125 0.6484375 0.5367571203125 0.6507249859375001 0.6273318375 0.63671875
4 0.6118102249999999 0.5625 0.6337991765625001 0.5419921875 0.6337991765625001 0.4892578125 0.6273318375 0.484375 0.39450765 0.484375 0.368638296875 0.501953125 0.36475789375 0.5048828125 0.36475789375 0.5556640625 0.3789860375 0.5625 0.6118102249999999 0.5625
4 0.9170686046875 0.400390625 0.9235359421875 0.3935546875 0.9235359421875 0.1611328125 0.9196555390625001 0.158203125 0.7851348984375 0.154296875 0.7049399000000001 0.15625 0.6842444171875 0.158203125 0.654494659375 0.1767578125 0.6519077234374999 0.3896484375 0.66613586875 0.396484375 0.7515047375 0.400390625 0.9170686046875 0.400390625
4 0.6014624828125 0.46875 0.6312122421875 0.4619140625 0.6312122421875 0.4228515625 0.6247449015625001 0.40625 0.4824634546875 0.400390625 0.39450765 0.40234375 0.3660513609375 0.421875 0.3591398234375 0.48329517343750006 0.41391895468750006 0.4807896546875 0.42470880937500005 0.4657566328125 0.6014624828125 0.46875
4 0.635525521875 0.3996529078125 0.6346954859375 0.22301445000000003 0.41779006875 0.224609375 0.35830985000000004 0.22489357812500002 0.35581986250000003 0.40027927500000005 0.399681521875 0.404296875 0.58852780625 0.404296875 0.635525521875 0.3996529078125
4 0.12805330312500002 0.37109375 0.2625739453125 0.3671875 0.2768020890625 0.3603515625 0.27033475 0.3515625 0.25998700937499997 0.349609375 0.097010078125 0.34765625 0.09054274062499999 0.3525390625 0.093129675 0.3623046875 0.10735781874999999 0.369140625 0.12805330312500002 0.37109375
4 0.0763145953125 0.34375 0.1177055609375 0.34765625 0.283269428125 0.34765625 0.33371466875 0.3427734375 0.3363016046875 0.2568359375 0.329834265625 0.251953125 0.097010078125 0.248046875 0.0801949984375 0.2548828125 0.0672603203125 0.2705078125 0.0672603203125 0.3232421875 0.06984725625 0.3388671875 0.0763145953125 0.34375
4 0.314312653125 0.654296875 0.3363016046875 0.6474609375 0.34147547500000003 0.5068359375 0.337595071875 0.4609375 0.236704590625 0.45703125 0.10218395 0.458984375 0.07243419062499999 0.4736328125 0.06984725625 0.4912109375 0.0672603203125 0.6435546875 0.073727659375 0.650390625 0.0944231421875 0.654296875 0.314312653125 0.654296875