3 1 0.8755742140624999 0.991572871875 0.8755742140624999 0.991572871875 0.88522751875 1 0.88522751875 1 0.8755742140624999
6 1 0.8975514625000001 0.9875613281250001 0.8975514625000001 0.9875613281250001 0.9325027078125 1 0.9325027078125 1 0.8975514625000001
7 0.2627200578125 0.0758667390625 0.1160101015625 0.0758667390625 0.1160101015625 0.10796858125 0.2627200578125 0.10796858125 0.2627200578125 0.0758667390625
7 0.6312265515625 0.29213434375 0.4352669546875 0.29213434375 0.4352669546875 0.3288840734375 0.6312265515625 0.3288840734375 0.6312265515625 0.29213434375
2 0.978030303125 0.32093174375 0.7824603171875 0.32093174375 0.7824603171875 0.4702491875 0.978030303125 0.4702491875 0.978030303125 0.32093174375
4 0.775230046875 0.204990878125 0.7789822359375 0.22400048906249997 0.899677046875 0.2214189078125 0.9028038593750001 0.2071030515625 0.983475603125 0.20827648281250002 0.9744078671875 0.0634467015625 0.7720504515625 0.0630568625 0.7692891234375 0.16063520625 0.76897651875 0.1810529171875 0.775230046875 0.204990878125
4 0.7789822359375 0.3181664984375 0.9812868375000001 0.3158196453125 0.9875404624999999 0.22687356093750002 0.7999671968750001 0.22703993281249998 0.7955543171875 0.24588317499999998 0.77366665625 0.24752597656250003 0.7789822359375 0.3181664984375
4 0.7817963453125001 0.724927265625 0.916249128125 0.722345721875 0.9203139890625 0.708499234375 0.9872276921875001 0.7077952109375001 0.988165740625 0.4736993375 0.7775243234375 0.4736310171875 0.7827343921875001 0.67681660625 0.7792949078125 0.7007546265625 0.7817963453125001 0.724927265625
4 0.7792949078125 0.8191501593750001 0.7767934703125 0.8698424015624999 0.863718740625 0.8714852046875 0.867470996875 0.860454928125 0.9568977375 0.861159015625 0.988165740625 0.8569346687499999 0.9862897453125001 0.7597461328125 0.9875404624999999 0.7257166374999999 0.8087253890625 0.7267978640625 0.8080615390625001 0.7409428109375 0.77992035 0.7458712203125 0.7792949078125 0.8191501593750001
4 0.7821091171875 0.9430644671874999 0.98566436875 0.9416563671875 0.9884785109375 0.8771176765625001 0.8818542453125 0.8726586375000001 0.808178003125 0.8743415296875 0.8055601015624999 0.889321321875 0.7830471640625001 0.8900253843750001 0.7821091171875 0.9430644671874999
4 0.09956343749999999 0.9023056781250001 0.1117579859375 0.9457225828125001 0.31281188437499996 0.94783479375 0.3156259265625 0.8204001765625 0.1387235375 0.8200914906250001 0.1348964171875 0.8342466765625 0.10269028437500001 0.8351854046874999 0.09956343749999999 0.9023056781250001
4 0.0931528609375 0.48818783125 0.1071938921875 0.8022816125000001 0.1067427625 0.8054982671875001 0.1084344703125 0.8181109328125 0.20415250000000001 0.8192113796875 0.257779959375 0.817996475 0.2702872796875 0.8062621375000001 0.3124991125 0.8050887046874999 0.3156259265625 0.79640531875 0.3084343515625 0.47374748593750005 0.309059628125 0.1308782140625 0.1146385015625 0.1325133515625 0.1083447109375 0.1509625859375 0.089554821875 0.15486341406249998 0.0931528609375 0.48818783125
4 0.57418083125 0.35907211875 0.5701851046875 0.3470758875 0.512024665625 0.3420774640625 0.3948158921875 0.3457429765625 0.344869003125 0.34657604218750004 0.3421476609375 0.36163669062500003 0.451644453125 0.36190457343750004 0.5044771953125 0.36140471875 0.567077296875 0.35940534999999996 0.57418083125 0.35907211875
4 0.3435111796875 0.4458543890625 0.3424396078125 0.459217671875 0.34647856718750003 0.46930200937500005 0.3961294453125 0.46843587031249995 0.445668540625 0.4683121328125 0.5779873984375 0.46763160312499996 0.6011495890624999 0.46744599375 0.60691953125 0.46862147812500005 0.610793659375 0.46688919999999995 0.6364020828125 0.468037884375 0.643505640625 0.45420890781249995 0.7329661203125 0.45237616249999996 0.7476172421875 0.449377096875 0.750059065625 0.418053590625 0.7450382734375001 0.3575725984375 0.5653014609375 0.3599052 0.4847203515625 0.3624044046875 0.36973931875 0.36192846875 0.3691740625 0.3755732765625 0.344605175 0.3740831296875 0.3435111796875 0.4458543890625
4 0.34799159375 0.9154349484375001 0.6887252593750001 0.9108989921875 0.6941931328125001 0.8988031109374999 0.74052600625 0.8979391 0.752612840625 0.8944831343749999 0.7497351734375 0.8489076093750001 0.624837709375 0.849555571875 0.4737522546875 0.85106755625 0.37050759218749996 0.852377440625 0.3761942125 0.8668354062500001 0.3477038046875 0.866187409375 0.34799159375 0.9154349484375001
4 0.7262381609374999 0.7248713312499999 0.6896190609375 0.7264508640625 0.6517374593749999 0.72961003125 0.49936939843749995 0.7261349906250001 0.36636294375 0.7324532734375 0.3705718796875 0.7416148828125 0.340687528125 0.7454058796874999 0.3440320046875 0.8508361046875 0.5396112765625001 0.8485907375 0.5408728921875 0.8362801765625001 0.750981353125 0.8334392796874999 0.7527552734375 0.7688984640625 0.7519132171875 0.725819034375 0.7262381609374999 0.7248713312499999
4 0.3424022640625 0.5893021203125001 0.34261005 0.7038414000000001 0.34406444999999997 0.7306639703125 0.40556474531250003 0.7305080046875 0.48140133125 0.7280128859375 0.519215709375 0.727077234375 0.5524590578125 0.72692126875 0.5921433875 0.7273891234375001 0.651316565625 0.7270827453125001 0.6576301499999999 0.7264508640625 0.65636746875 0.7131823875000001 0.752334109375 0.7106551 0.749808928125 0.467562421875 0.5195729250000001 0.46724651406250006 0.36726696406250003 0.47048774531250004 0.37128248125 0.48211115312499997 0.347181025 0.48367059531249995 0.3424022640625 0.5893021203125001
2 0.7309788734375 0.2314453125 0.728377525 0.2216796875 0.7075667390625 0.2099609375 0.7179721328124999 0.1923828125 0.7153707828125 0.1611328125 0.7075667390625 0.1474609375 0.728377525 0.1337890625 0.728377525 0.1240234375 0.7218741546875 0.1171875 0.6906579749999999 0.115234375 0.6646444921875 0.10546875 0.64123235625 0.083984375 0.617820221875 0.08984375 0.60481348125 0.10546875 0.5579892109375 0.08984375 0.5293743796875 0.087890625 0.4955568515625 0.09375 0.4669420203125 0.107421875 0.46043865000000006 0.1064453125 0.46043865000000006 0.0986328125 0.4487325828125 0.08984375 0.43052314375 0.083984375 0.4019083125 0.107421875 0.383698875 0.111328125 0.3784961796875 0.1171875 0.3576853921875 0.115234375 0.3433779765625 0.1220703125 0.3433779765625 0.1376953125 0.3641887625 0.1494140625 0.35378336875 0.1669921875 0.35378336875 0.1943359375 0.3641887625 0.2138671875 0.3433779765625 0.2255859375 0.3433779765625 0.2353515625 0.349881346875 0.2421875 0.3784961796875 0.2421875 0.388901571875 0.25 0.4045096609375 0.251953125 0.4201177515625 0.267578125 0.43572584062499997 0.271484375 0.456536628125 0.265625 0.46434067187499994 0.251953125 0.50856359375 0.267578125 0.5501851656250001 0.26953125 0.610016178125 0.25 0.617820221875 0.267578125 0.6334283109375 0.2734375 0.6451343796875 0.2724609375 0.6672458390625 0.251953125 0.6932593234375 0.2421875 0.71927280625 0.2421875 0.7309788734375 0.2314453125
7 0.63131313125 0.162518959375 0.4365079359375 0.162518959375 0.4365079359375 0.201793065625 0.63131313125 0.201793065625 0.63131313125 0.162518959375