7 0.6328588984375 0.179837078125 0.63518074375 0.1470336890625 0.587196475 0.1441562 0.39912898281250003 0.14300521093750002 0.31562649375 0.144696153125 0.30780401562500004 0.167176121875 0.31322163281250004 0.1844410546875 0.6328588984375 0.179837078125
2 0.246662728125 0.0658885203125 0.037929348437499996 0.06702625 0.0417403890625 0.31738102968750004 0.24511487187499997 0.31738102968750004 0.246662728125 0.0658885203125
7 0.144674459375 0.324127640625 0.0427672765625 0.3230492625 0.04019253125 0.339666084375 0.1431265421875 0.33909059531249996 0.144674459375 0.324127640625
4 0.0463051296875 0.415882403125 0.043402860937499996 0.4683965828125 0.0390494390625 0.5770217859375 0.13095485625 0.578100828125 0.13869425156249998 0.5647924546875001 0.2412413125 0.5640730921875 0.24607843906250002 0.47918716562499997 0.243659875 0.3450242484375 0.1290199984375 0.3453839296875 0.0678519484375 0.34439050625 0.0671047671875 0.3615698 0.0390494390625 0.3651666609375 0.0463051296875 0.415882403125
7 0.125634025 0.617261203125 0.0835510046875 0.6151030921875 0.040033854687499995 0.6163250640625 0.043402860937499996 0.6312889671875 0.125634025 0.6309292734375 0.125634025 0.617261203125
4 0.0395331625 0.8621896390625 0.1019320984375 0.863268709375 0.1024158046875 0.8463634453125 0.24075760625 0.846003765625 0.2441436171875 0.8114738921875 0.2373716328125 0.739194796875 0.24269246406249997 0.6363245640625 0.0678519484375 0.6374505578125 0.0714581890625 0.6542910703125 0.0395331625 0.6546507578125 0.0395331625 0.8621896390625
4 0.259760709375 0.9163605734375 0.263146684375 0.9253527265624999 0.46485483125 0.92751085 0.46485483125 0.89981501875 0.4590502953125 0.8954987828125001 0.3787540078125 0.8944197265625 0.35166610781249996 0.8944197265625 0.289187215625 0.8936533624999999 0.289750878125 0.9127637125 0.2607281203125 0.9124040593749999 0.259760709375 0.9163605734375
4 0.2621792734375 0.8910127687499999 0.348280096875 0.8892143390625 0.348763840625 0.8733881578125 0.4672733953125 0.8748268953125 0.4667897265625 0.8431745203125001 0.46824087968750006 0.8295064515625 0.4227718484375 0.824830534375 0.3652100390625 0.8244708421875 0.2897919578125 0.826231571875 0.29023458281250003 0.842095465625 0.26411413125 0.8428148406249999 0.2621792734375 0.8910127687499999
4 0.2621792734375 0.8195379296875 0.3971351015625 0.8202573046875001 0.4672733953125 0.8216960546875001 0.46969195781249995 0.7238614265625001 0.29160618125000004 0.7188061859375 0.2945880046875 0.7368101265625 0.26411413125 0.7382488703125001 0.2621792734375 0.8195379296875
4 0.265081540625 0.7144435421875001 0.302811140625 0.716961346875 0.3787540078125 0.7158822765624999 0.3787540078125 0.700415778125 0.46969195781249995 0.700775471875 0.4701757015625 0.6702021546875 0.35747064375000004 0.6684037234375 0.2903967 0.6689140609375 0.29120203125 0.6838702234375 0.2660489515625 0.686388028125 0.265081540625 0.7144435421875001
4 0.26459783593749997 0.662583725 0.3705309078125 0.6633030859375 0.37149831718750004 0.6489156421875 0.4595340015625 0.6507140734375 0.4721105203125 0.6471172109375 0.4701757015625 0.61870201875 0.2922109234375 0.615875584375 0.287332315625 0.62985228125 0.26459783593749997 0.6320104062499999 0.26459783593749997 0.662583725
7 0.4150324546875 0.6133067265625 0.41551615937499997 0.5967611578125 0.264392828125 0.5938511328125 0.26701639843749997 0.609709865625 0.3666611921875 0.6151051578125 0.4150324546875 0.6133067265625
2 0.47162685312499997 0.4869903296875 0.2637880875 0.4855267890625 0.262662978125 0.5862636953125 0.4706594421875 0.5859040140625 0.47162685312499997 0.4869903296875
4 0.268467515625 0.47884862968749997 0.32796418125 0.47812926874999995 0.3294153359375 0.46518057500000004 0.463403753125 0.46554025625 0.47598023749999996 0.44575750625 0.4721105203125 0.4328088390625 0.4672733953125 0.2975668375 0.2928156625 0.297195253125 0.29555545156249996 0.3159108296875 0.2660489515625 0.316630203125 0.268467515625 0.47884862968749997
7 0.332317603125 0.2918118578125 0.3357035765625 0.2803019109375 0.32651302968749996 0.2763453546875 0.2686260171875 0.27786767343749996 0.267983809375 0.29145217031250004 0.2863649046875 0.2943296640625 0.332317603125 0.2918118578125
7 0.526088459375 0.265767903125 0.48935654375000004 0.26483279375 0.495614584375 0.280515040625 0.5251210484375 0.279435971875 0.526088459375 0.265767903125
4 0.4946471375 0.3492150953125 0.5797805890625 0.3459779140625 0.5783294375 0.333029234375 0.600580209375 0.3362663875 0.69587161875 0.33123080312500003 0.6953878765625 0.2859103328125 0.6799090875 0.281953778125 0.65523975 0.2841119015625 0.5208030859375 0.2859582890625 0.5207676265625001 0.30245588749999996 0.49271231562500006 0.305333375 0.4946471375 0.3492150953125
4 0.4883588953125 0.49216064531250003 0.49174486875 0.53712140625 0.6170264453125001 0.5374810875 0.61799385625 0.5202161453125 0.6953878765625 0.5202161453125 0.6939367609375 0.483528171875 0.69829018125 0.41051188281249995 0.6973227343749999 0.349005565625 0.619445009375 0.3504443015625 0.560432084375 0.3504443015625 0.5208030859375 0.3502337296875 0.5178653578125 0.36770924531250004 0.49416343281249997 0.36878830156250003 0.4883588953125 0.49216064531250003
4 0.4888426015625 0.589325925 0.66636511875 0.59040499375 0.667816271875 0.57421911875 0.694904171875 0.573499771875 0.6963553234375001 0.5440054812499999 0.582199153125 0.5411279953125 0.5135461921875 0.5408126578125 0.5159305 0.55803324375 0.4898100109375 0.55767355 0.4888426015625 0.589325925
4 0.5314093265625 0.647378334375 0.694904171875 0.6470186546875001 0.6978064390625 0.616805015625 0.5488229734375001 0.6142872109375 0.4899612859375 0.6136281921875 0.4898100109375 0.665002959375 0.530925584375 0.664283584375 0.5314093265625 0.647378334375
4 0.4898100109375 0.7511315265625 0.5584972265625 0.7504121515625 0.5594646375 0.733147221875 0.676039371875 0.7363843890624999 0.6953878765625 0.7345859578125 0.6978064390625 0.6687634046875 0.5183841203124999 0.668015103125 0.5135119375 0.685308959375 0.490293753125 0.6838702234375 0.4898100109375 0.7511315265625
4 0.48932630625 0.806241928125 0.4873914484375 0.848325203125 0.5222187796875 0.8479655234375001 0.5217350734374999 0.8350168296874999 0.6978064390625 0.8335780796875 0.6992575921874999 0.8242262453125001 0.6915181968749999 0.80408384375 0.6939367609375 0.7587633734375 0.6237984296875 0.7558858734375 0.5609157890625001 0.7544471374999999 0.515360415625 0.7538655171875 0.5178653578125 0.7724314421875 0.48594033281250004 0.7735104984375 0.48932630625 0.806241928125
4 0.48594033281250004 0.934865059375 0.631537825 0.934865059375 0.6329889765625001 0.9176001296875 0.692001903125 0.919038865625 0.694420465625 0.8517775703125 0.5135461921875 0.850503415625 0.514963090625 0.8679634578125001 0.484005475 0.8679634578125001 0.48594033281250004 0.934865059375
2 0.7125060359375001 0.931409565625 0.9157385031249999 0.9320283437500001 0.9167059140625 0.6791690125 0.7140303171875 0.6773297546875 0.7125060359375001 0.931409565625
3 0.9475565484375 0.86400685 0.927189153125 0.8614286234374999 0.92820804375 0.882350834375 0.9436868328125 0.882350834375 0.9475565484375 0.86400685
6 0.924338328125 0.9305487781249999 0.9417520109374999 0.9298293890625 0.944170575 0.8935010999999999 0.9247701875000001 0.892442646875 0.9224034703124999 0.9075288625000001 0.9209523171875 0.9258728484375001 0.924338328125 0.9305487781249999
4 0.715374453125 0.6635791765625 0.8798367453125 0.6628598 0.8808041921875001 0.6495514265625 0.9185337546874999 0.65063048125 0.9185337546874999 0.5430843328125 0.7397193890625 0.542610571875 0.7410112359375 0.5563927203125 0.715374453125 0.5578314703125 0.715374453125 0.6635791765625
7 0.89047844375 0.537689040625 0.89047844375 0.5207837984375 0.71371551875 0.521485078125 0.71343963125 0.5369696734375 0.8604882390625 0.536609984375 0.89047844375 0.537689040625
2 0.926756890625 0.3145639421875 0.71794870625 0.31202804687499996 0.7129558890625 0.4904504375 0.9224034703124999 0.489731075 0.926756890625 0.3145639421875
4 0.71924416875 0.3077051421875 0.8053450312500001 0.30878421093749997 0.8048612875 0.29259833749999997 0.9224034703124999 0.2933176984375 0.921436059375 0.0872175734375 0.746371540625 0.0868392671875 0.7482669265624999 0.10592123906249999 0.7206953203124999 0.10376312031249998 0.71924416875 0.3077051421875
7 0.85033028125 0.068873565625 0.8416234765624999 0.0656363921875 0.779224540625 0.06491701875 0.7227866359374999 0.06661272968750001 0.723113884375 0.07966415 0.8483954234375 0.0811029 0.85033028125 0.068873565625
2 0.2757619734375 0.1132686078125 0.2888243828125 0.138079828125 0.284470246875 0.182308521875 0.2902757625 0.2038834953125 0.2801161109375 0.21682847968750002 0.2902757625 0.2297734625 0.3483309140625 0.23408845781249998 0.3671988390625 0.25458468125 0.3802612484375 0.2535059328125 0.384615384375 0.24703344062500002 0.4078374453125 0.23624595468749998 0.4238026125 0.2437971953125 0.462989840625 0.2502696875 0.5471698109375 0.24271844687500002 0.570391871875 0.25458468125 0.5849056609375001 0.25458468125 0.6066763421875 0.23624595468749998 0.6589259796875 0.227615965625 0.66908563125 0.21898597656250002 0.66908563125 0.212513484375 0.6574746015625 0.202804746875 0.663280115625 0.162891046875 0.6516690859375001 0.13484358125 0.6371552968749999 0.1262135921875 0.6095791 0.1262135921875 0.6589259796875 0.1208198484375 0.6647314953125 0.11218985937499999 0.6502177062500001 0.1014023734375 0.6124818578125 0.09492988125 0.582002903125 0.07335490781250001 0.563134978125 0.07551240625 0.542815675 0.09169363593749999 0.4905660375 0.07443365625000001 0.4470246734375 0.07551240625 0.403483309375 0.0862998921875 0.3860667640625 0.07443365625000001 0.36429608125 0.07119741093750001 0.332365746875 0.092772384375 0.2888243828125 0.100323625 0.2757619734375 0.1132686078125