4 0.2875852671875 0.590625 0.2953125 0.586065340625 0.565625 0.58439101875 0.6265625 0.585938978125 0.678125 0.58300960625 0.7640625 0.5859385859375 0.9157608703125 0.5808936828125 0.9293478265624999 0.48228043125 0.1576086953125 0.48690292812499997 0.1032608703125 0.5115562406249999 0.103125 0.6051233500000001 0.2734375 0.6046918578125 0.2828125 0.6031254046875001 0.287569109375 0.596875 0.2875852671875 0.590625
4 0.3297244046875 0.65 0.33130291875 0.640625 0.334375 0.63766244375 0.3546875 0.6361532984375 0.9211956515624999 0.6348228046875 0.9211956515624999 0.607087828125 0.153125 0.605718209375 0.1359375 0.6062419109375 0.1059782609375 0.6286594765625 0.0996845046875 0.65625 0.1078125 0.6578227984375 0.1578125 0.6548295328125 0.3234375 0.6547221375000001 0.3297244046875 0.65
2 0.2828125 0.4094882734375 0.296875 0.40485712031250004 0.3000073046875 0.4 0.3000368828125 0.2828125 0.284375 0.2807707078125 0.103125 0.280852784375 0.1029599734375 0.4125 0.1375 0.41260409062500003 0.146875 0.4093987109375 0.178125 0.4110934171875 0.2828125 0.4094882734375
4 0.4171875 0.228188671875 0.41887118437500004 0.221875 0.428125 0.2142468171875 0.5046875 0.21719046875 0.6015625 0.217188278125 0.659375 0.21423569062499997 0.890625 0.21563856406249998 0.898580334375 0.2140625 0.8988167656250001 0.159375 0.146875 0.1592915265625 0.10932073281250002 0.178125 0.109375 0.23474709218749998 0.1921875 0.23438357031249998 0.2921875 0.23012404687500002 0.4109375 0.2297870265625 0.4171875 0.228188671875
4 0.184375 0.2641872328125 0.4171875 0.264256765625 0.4953125 0.26731501406249997 0.9 0.265682309375 0.9006823328125 0.234375 0.11381031562499999 0.234375 0.1140625 0.2360297078125 0.134375 0.23764772031249998 0.135928528125 0.240625 0.1265625 0.2483966953125 0.1140553875 0.2515625 0.1140625 0.2815031359375 0.1640625 0.2812839546875 0.175 0.2782037421875 0.181319590625 0.265625 0.184375 0.2641872328125
4 0.4704004515625 0.4703125 0.4765625 0.46418309999999996 0.4828125 0.46279090468749995 0.9 0.46411220000000003 0.9007431125 0.4328125 0.1515625 0.43228803437499996 0.140625 0.4327459953125 0.1265625 0.4468421875 0.11086825 0.45 0.1109375 0.48308202187499993 0.2765625 0.48282381250000006 0.459375 0.48131263437499994 0.46875 0.47812798125 0.4704004515625 0.4703125
4 0.32815403593750003 0.10625 0.3265715734375 0.103125 0.3296875 0.1000809703125 0.4328125 0.0984399890625 0.5859375 0.10000161249999999 0.721875 0.0969206796875 0.8765625 0.098451475 0.8922675109375 0.090625 0.8923488125000001 0.0625 0.1293321234375 0.0625 0.15237177500000001 0.13931703125 0.344376140625 0.1369860046875 0.340625 0.11249025625 0.3328125 0.110853659375 0.32815403593750003 0.10625
6 0.584375 0.9002340125 0.6140625 0.887615928125 0.628125 0.8859796171875001 0.671875 0.8579833890625 0.71875 0.8375157312500001 0.7296875 0.8267224796875 0.7546875 0.815659621875 0.771875 0.8001882281249999 0.7859375 0.79376818125 0.8015625 0.781544603125 0.834375 0.768813646875 0.8453227218749999 0.759375 0.8453697468750001 0.7515625 0.8328125 0.739058425 0.815625 0.7296113765625 0.8078125 0.728033815625 0.7984375 0.7296210296875 0.753125 0.7607347796874999 0.728125 0.77166811875 0.71875 0.7734100078125 0.7046875 0.7842152265625 0.6796875 0.7936947953125 0.6671875 0.804445896875 0.6375 0.8186753703124999 0.625 0.8294648062500001 0.6078125 0.832805596875 0.5921875 0.839029459375 0.5906031781250001 0.840625 0.5921248046875001 0.8453125 0.5890625 0.8481944390624999 0.5390625 0.8749065484375 0.534113640625 0.8796875 0.53411960625 0.9234375 0.5453125 0.9250505578125001 0.5609375 0.9218850906249999 0.571875 0.9156294765625 0.584375 0.9002340125
6 0.1853147859375 0.0015625 0.1859375 0.045353690625 0.83125 0.04692273125 0.8375436078125 0.04375 0.8375 0.0011884796875000002 0.1853147859375 0.0015625
4 0.6171875 0.40934894218749995 0.1453125 0.40904319375 0.1375 0.4092559515625 0.137131290625 0.4140625 0.13746986562500002 0.43125 0.14375 0.434396921875 0.596875 0.434385253125 0.603125 0.43282526250000003 0.610968453125 0.425 0.6171875 0.40934894218749995
4 0.15 0.70318036875 0.225 0.7003453046875 0.25 0.7046978140625 0.29375 0.7062562390625 0.6359375 0.7063898015625 0.6359375 0.6792567843749999 0.14951224531250001 0.6796875 0.15 0.70318036875
4 0.1494445203125 0.75625 0.15 0.776726740625 0.490625 0.776927253125 0.490625 0.7525948453125 0.1515625 0.7527926359375 0.1494445203125 0.75625
4 0.1466156796875 0.7296875 0.146875 0.7531728140625 0.3734375 0.7532348078125 0.37822798281250003 0.746875 0.378125 0.7296146671875 0.1466156796875 0.7296875
4 0.1421875 0.677039415625 0.3046875 0.6766160218749999 0.30625 0.6557070140625 0.14156933124999999 0.65625 0.1421875 0.677039415625
4 0.14625586562499998 0.7046875 0.146875 0.72664588125 0.246875 0.7267208984375 0.2501161828125 0.7234375 0.25 0.7041259859375 0.14625586562499998 0.7046875
3 0.10237411874999999 0.9625 0.103125 0.987824734375 0.14375 0.9875252703124999 0.14845919999999999 0.984375 0.1484375 0.9620095859375001 0.10237411874999999 0.9625
4 0.9130434781250001 0.8767334359375001 0.149456521875 0.8767334359375001 0.0978260875 0.9013867484375 0.100543478125 0.950693375 0.2826086953125 0.95223420625 0.29076087031250003 0.9291217250000001 0.9211956515624999 0.9275808937500001 0.9130434781250001 0.8767334359375001
4 0.9157608703125 0.778120184375 0.1521739125 0.7796610171875 0.0978260875 0.801232665625 0.100543478125 0.8721109406249999 0.20108695625 0.8751926046875 0.20108695625 0.8551617874999999 0.9157608703125 0.848998459375 0.9157608703125 0.778120184375