4 0.27771603749999996 0.108540975 0.2811894734375 0.104404525 0.27878482031249996 0.045253265625 0.2475238359375 0.0431850390625 0.175383184375 0.042357748437499995 0.16843631406249998 0.045046446875 0.07625656875 0.0473214921875 0.0733645484375 0.0484505046875 0.075989390625 0.10833415312500001 0.10511282968749999 0.11102284375 0.20370505312499998 0.109575084375 0.27771603749999996 0.108540975
7 0.1503330734375 0.1161230234375 0.133500253125 0.11508891406249999 0.1268205609375 0.11881172031250001 0.066168978125 0.1196390078125 0.066168978125 0.1260505109375 0.0694575609375 0.1315639421875 0.09716274999999999 0.1339097671875 0.1615549453125 0.13266884375000002 0.1628908875 0.118191246875 0.1503330734375 0.1161230234375
4 0.074931653125 0.28418738593750004 0.0767626265625 0.36844319062499997 0.0780443140625 0.423058640625 0.0793260015625 0.481007371875 0.083354165625 0.5473672125 0.0965372078125 0.5496349109375 0.129677946875 0.5502018328125 0.1337061 0.55161914375 0.1384666546875 0.550910490625 0.1371849671875 0.5347531421875 0.162086296875 0.5353200703125001 0.2838594484375 0.5360287234375 0.284408734375 0.523556384375 0.28184538593749997 0.45570132343749997 0.2809298921875 0.40067848906250003 0.2794651140625 0.32159252656250004 0.277451025 0.2567078765625 0.2748876765625 0.217122596875 0.2741552625 0.185582603125 0.2741552625 0.13853084375 0.2454088828125 0.1388143046875 0.17601474374999998 0.1398064234375 0.09233896875 0.14079854218750001 0.0914234765625 0.1366883375 0.0820854890625 0.1362631453125 0.0813739109375 0.1400940703125 0.08372034843750001 0.156432003125 0.070354203125 0.15714065625 0.071635890625 0.22493116406250002 0.074931653125 0.28418738593750004
4 0.084675859375 0.5806073109375001 0.09652333125 0.58240365625 0.1492873296875 0.5843890828125 0.24184483124999998 0.585996346875 0.2865476453125 0.5867526921875 0.287158340625 0.5705856140625001 0.28642551875 0.5561203296875 0.28361630625 0.5552694296875 0.20239396250000002 0.555363975 0.1979969640625 0.551109478125 0.1708821375 0.551109478125 0.164797178125 0.554702165625 0.1308425765625 0.5535676328125 0.127300559375 0.5504476703125001 0.11838440937500001 0.55082584375 0.11789585625000001 0.5526221859375 0.10538882499999999 0.5549079031249999 0.10658338593750001 0.568288828125 0.10169783125000001 0.566397940625 0.08504227812500001 0.5698292578124999 0.084675859375 0.5806073109375001
4 0.1716644609375 0.8207728 0.2420897953125 0.8169978921875 0.24235340781249998 0.8024083671875 0.288115634375 0.8034286093749999 0.29206971875 0.8006739515625 0.29141070468749997 0.78710466875 0.2885110359375 0.7592444671874999 0.282184525 0.7561837296875 0.24330339374999999 0.7541684703125 0.23521166875000002 0.7538513250000001 0.23265099375 0.7566263328125 0.2149311203125 0.754406328125 0.20765881406250003 0.7547234734375 0.20530298593750002 0.7571020484375001 0.1203877640625 0.75715476875 0.0866469359375 0.7581061984375 0.0860036671875 0.7594793046875 0.0903423734375 0.7980213078125 0.09324202499999999 0.8183242046875 0.1051042421875 0.8206707734375 0.1716644609375 0.8207728
4 0.0873375015625 0.9021299359375 0.0860088484375 0.907351453125 0.08570222499999999 0.9086963859375 0.08876836875 0.9136805578124999 0.095820490625 0.9156584046875 0.1929646578125 0.913364103125 0.2217524046875 0.9143925812499999 0.28615944843749996 0.9124938515625001 0.2864660578125 0.8981742421875 0.28585283906250003 0.8680148875 0.28656826562500004 0.848415775 0.256928896875 0.8461214734375 0.23607913906250003 0.8461214734375 0.2302534765625 0.8486531156250001 0.19621931875 0.8489695749999999 0.1379721359375 0.847782865625 0.09934900625000001 0.8515012140625 0.1001444359375 0.8517305374999999 0.102054978125 0.8669830921875 0.0863154578125 0.8679324578125 0.0858044328125 0.8726792890624999 0.0873375015625 0.9021299359375
7 0.23573586875000002 0.8304181609375 0.2143726984375 0.8254773328124999 0.177768753125 0.8248723328124999 0.1736003109375 0.828199828125 0.11172530624999999 0.8261831640624999 0.0946608265625 0.8280989953125 0.082546346875 0.8314264937500001 0.0863179890625 0.8415259781250001 0.116284521875 0.8439298000000001 0.19027400625 0.8441314656250001 0.23495428437500002 0.8421148031250001 0.23573586875000002 0.8304181609375
6 0.07093638906250001 0.89392685625 0.0670133328125 0.8964841015625 0.0661874234375 0.9140651703125 0.0756853484375 0.9143049140624999 0.0828087984375 0.9132660328125001 0.0853897578125 0.9124668921874999 0.0858027109375 0.9026621609375001 0.08590594375 0.8815230359375 0.0821893640625 0.8802444109374999 0.0826023234375 0.8714538765625001 0.0744486296875 0.8713190031250001 0.0753756390625 0.8785034609375 0.07155581718750001 0.879142775 0.07093638906250001 0.89392685625
3 0.086525378125 0.8673544203124999 0.0846670890625 0.852810078125 0.0736205828125 0.8544083562499999 0.07177776875 0.8555767890625001 0.069387809375 0.8659159671875001 0.07351734843749999 0.8710304593749999 0.08394441875 0.8715099437499999 0.086525378125 0.8673544203124999
4 0.49785084375000005 0.9102440906249999 0.5002795578125 0.9029591265624999 0.50134210625 0.831729825 0.50301186875 0.7696384187499999 0.5027082515625 0.7300638515625 0.43910660156250003 0.7275963640625001 0.396756103125 0.7275963640625001 0.39341665 0.72959385625 0.30394769843749997 0.7304163531250001 0.3024297640625 0.732883840625 0.30091182031249997 0.7954237171874999 0.2993938765625 0.8446264734375 0.298634915625 0.8971647328125 0.30030465781250004 0.9040972046875 0.30001015625 0.9039056640625001 0.3019023390625 0.91036159375 0.3450118109375 0.9101265875 0.4317903171875 0.9104790968750001 0.49785084375000005 0.9102440906249999
2 0.29973414374999996 0.48001084531249993 0.3006087328125 0.7272588437499999 0.5033569765625 0.7255143984375 0.5014789765625001 0.47859823749999997 0.29973414374999996 0.48001084531249993
2 0.082005659375 0.5870618703125 0.08156711093749999 0.7539947203125 0.2830031328125 0.7540959328125 0.2831338859375 0.5888836421875 0.082005659375 0.5870618703125
2 0.60580855 0.69714241875 0.51960050625 0.6965836328125 0.5225157734375 0.9096983015625 0.721878059375 0.9100220171875 0.72104161875 0.695162753125 0.60580855 0.69714241875
4 0.5169982562500001 0.6930475015625001 0.5351906046875 0.6951517468749999 0.5947862374999999 0.6957991906250001 0.6068517078125 0.6967619703125 0.6322940546875 0.6952648609375001 0.6980902312499999 0.6948905859375001 0.7184854796875 0.6948905859375001 0.7181228484375 0.6814166078125 0.71788108125 0.6521294281250001 0.7169140515625 0.615959275 0.6962437078125 0.615584996875 0.6914085421875 0.6131521984375 0.6812546859374999 0.6138071765625 0.6808920453125 0.615959275 0.5532841484375 0.61584905 0.5272296921875 0.616223321875 0.5259511203125 0.6173251765625001 0.527453621875 0.6318627718750001 0.5144889625 0.63267209375 0.5132343234375 0.6666636109375 0.5169982562500001 0.6930475015625001
7 0.6996797859375 0.5931865140625 0.715103321875 0.5908942374999999 0.7144863765625 0.5790508109375 0.6917829140625 0.575134840625 0.67981425625 0.5775226265625 0.62059486875 0.5798584109375 0.53928196875 0.578616759375 0.538541640625 0.5753693671875 0.5294108984375 0.5754648828125 0.5266963578125 0.57909431875 0.511766375 0.5778526671875001 0.5122599265625001 0.596477409375 0.5138639765625 0.6066971390625 0.5576668265625 0.6098490171875001 0.5711161484375 0.6084163453125 0.57057876875 0.594450984375 0.575551134375 0.5941416296875001 0.5977610296875 0.593568559375 0.6996797859375 0.5931865140625
4 0.5278252046875 0.5754877359374999 0.5370185984375 0.573845503125 0.5867441125 0.57574568125 0.631264940625 0.5745726515625 0.6345988171875 0.5596361171875001 0.6944269640625 0.5600271234374999 0.7176450015625 0.5590887062500001 0.71683679375 0.520597878125 0.7196655359374999 0.4835466140625 0.716634734375 0.47723151562500005 0.7035013015625 0.4755110765625 0.6811744625 0.4766841046875 0.6773354609375 0.479421165625 0.6049185984375 0.4761366890625 0.5425529 0.4757522296875 0.5234407375 0.48060074531249997 0.5172593359375 0.48174523437500005 0.517374225 0.5362651656249999 0.517374225 0.56573090625 0.5190328125 0.5741830593749999 0.5278252046875 0.5754877359374999
4 0.30202931093749996 0.4509198484375 0.31389266875 0.4564953 0.35188367343750004 0.4566046328125 0.4916757921875 0.45547820000000006 0.65926893125 0.45755532656250003 0.6650593828125 0.4536197234375 0.66265845 0.43984507187500005 0.725500271875 0.43897048749999995 0.72747748125 0.4107887265625 0.7250765671875 0.3887851140625 0.7082701546875 0.38856646875 0.6537551953125 0.3887851140625 0.6406207609375 0.3909715640625 0.5920374859375 0.3888944359375 0.587518109375 0.3896596953125 0.5851171953125001 0.3923927578125 0.5115281421875 0.39016223125 0.49559144843749997 0.3883037546875 0.45102269531249994 0.39016223125 0.4411365625 0.388194425 0.4374645703125 0.388194425 0.43478119218750005 0.3913647828125 0.39674368125 0.3913647828125 0.341602121875 0.3923486859375 0.3407940859375 0.3929830015625 0.34157383750000003 0.408840946875 0.308667146875 0.40895026874999996 0.3006170078125 0.40927824218750003 0.30202931093749996 0.4509198484375
4 0.3013402796875 0.3312468875 0.3012094703125 0.386805540625 0.312720784375 0.3883243890625 0.396177803125 0.3882231296875 0.4296877375 0.389561703125 0.4336583703125 0.3898043484375 0.43627061874999995 0.388429340625 0.43700205781249996 0.3874587484375 0.47938259843750003 0.3878631640625 0.53461103125 0.3883484546875 0.588283778125 0.38761500937500004 0.6288711546875 0.3884238375 0.6707912781250001 0.388019421875 0.674866375 0.3868061765625 0.6758067875 0.3817914328125 0.6777130062500001 0.3722112515625 0.7266577515625 0.37124289843749997 0.7271268640625 0.3245065859375 0.7266577515625 0.29021816562499997 0.6850625484374999 0.2887656375 0.6738036703125 0.2880393765625 0.668643375 0.291065478125 0.5145333562500001 0.29142860625 0.44322047500000006 0.2919780609375 0.44165674062500004 0.2890729984375 0.4333689640625 0.2888309109375 0.432117975 0.2906465734375 0.34749772968750003 0.290767621875 0.34343621562500004 0.2951070546875 0.34476933125000003 0.308595596875 0.3243629015625 0.30535537968750004 0.30147109375 0.305659153125 0.3013402796875 0.3312468875
4 0.3052909390625 0.2549510703125 0.30381077031250003 0.256784278125 0.30342473124999997 0.285621315625 0.30904935624999996 0.288714853125 0.3250351453125 0.29020433749999996 0.3809853890625 0.288141978125 0.45071383593750003 0.287454528125 0.49574286250000005 0.28768367499999997 0.5755501828125 0.28862187499999997 0.6482907140624999 0.287934425 0.665608646875 0.285986640625 0.6639804765624999 0.269839290625 0.712633853125 0.2712141953125 0.7237350859375 0.27041217031250003 0.727287509375 0.2603295234375 0.7268434453125 0.24589540781250002 0.7263993828124999 0.23798969531249997 0.714558065625 0.237187665625 0.6944278140625 0.24005205468750002 0.5487527265625001 0.23787512500000002 0.4663760828125 0.23742821875 0.3536195109375 0.24224038750000002 0.34632122656250003 0.24338532499999999 0.34658754375 0.2597632421875 0.3232009359375 0.2574717328125 0.310619534375 0.25460734375 0.3052909390625 0.2549510703125
7 0.4802196859375 0.2203200125 0.4699986515625 0.219254975 0.3821372171875 0.21742915937500001 0.3005656359375 0.217124859375 0.301744978125 0.22762323437499998 0.306679284375 0.233458015625 0.3624814078125 0.23386138281250002 0.45997421093749996 0.23264417499999998 0.4770747421875 0.232948484375 0.4802196859375 0.2203200125
2 0.29849887656249996 0.04386376875 0.3017786671875 0.21470320312500002 0.7100382109375001 0.21363815000000003 0.706500165625 0.0405199359375 0.29849887656249996 0.04386376875
4 0.768394184375 0.17202330625 0.8020196859375 0.1697039296875 0.80435014375 0.1677711140625 0.8023525984375001 0.153854859375 0.8446715875 0.1543702734375 0.9284941515625 0.1541125671875 0.9366508265625001 0.1502469359375 0.9358185109375 0.13263438593750002 0.9351526609375 0.0966294015625 0.9323227984375 0.05187446875 0.93165695 0.040664146875 0.87123096875 0.040019874999999996 0.8662370703125 0.0371850796875 0.8584133203125001 0.037700496875 0.855416990625 0.040793 0.7370540015625 0.041437271875 0.727943728125 0.0430550328125 0.7322717671875 0.122744984375 0.735434553125 0.1681576796875 0.7427589218749999 0.17034820312500001 0.768394184375 0.17202330625
7 0.8104704843749999 0.1778919375 0.7960619624999999 0.1740896984375 0.77690518125 0.1738362140625 0.7749403796875 0.1761175609375 0.74874306875 0.173582734375 0.742684959375 0.175483853125 0.73384335625 0.17801867968750001 0.7315510890625 0.1809337328125 0.7320979359375 0.1869318703125 0.7448134765625001 0.1914532625 0.8078507515625001 0.19081955781249998 0.8109616875000001 0.18689057343749998 0.8104704843749999 0.1778919375
4 0.735808159375 0.3128402890625 0.7362993515625 0.3236133015625 0.7488163390625 0.326060259375 0.77194279375 0.32702083593750003 0.83132001875 0.326060259375 0.880589478125 0.3271937265625 0.8943527046874999 0.325579525 0.9352466296875 0.3263866234375 0.9386874531249999 0.3208983421875 0.9370191765625 0.2726607515625 0.936706365625 0.233866665625 0.9363935703124999 0.1976886859375 0.87529320625 0.197204428125 0.8068094312499999 0.1969622953125 0.7711200734375 0.1976886859375 0.7673664609374999 0.194379575 0.7588165859375 0.1955902265625 0.7586080515625 0.1973658484375 0.7462776437499999 0.19846560156249998 0.7477606734375 0.21426670468750003 0.7320423046875 0.21553411718749999 0.734662025 0.25791152500000003 0.735808159375 0.3128402890625
2 0.9378219937500001 0.327166003125 0.8465914812499999 0.327713415625 0.7361489890625 0.32773865468749996 0.74167401875 0.6827072796875 0.84928503125 0.681377846875 0.94297433125 0.680752234375 0.9378219937500001 0.327166003125
4 0.7485469 0.7792575734375 0.761935940625 0.7806324 0.7648050140625 0.779680596875 0.76603461875 0.7643459859374999 0.800190334375 0.763499934375 0.87513834375 0.762442375 0.9444112609375 0.761384815625 0.9423619125 0.71940260625 0.94072244375 0.686829765625 0.94033135625 0.68189414375 0.9305318 0.68095571875 0.9234599578125 0.68095571875 0.9209342890625001 0.6822069468749999 0.8494653734375 0.683458178125 0.845222259375 0.681659534375 0.8388575953125 0.681659534375 0.8368370687500001 0.683458178125 0.7764829640625 0.6838491859375 0.74847989375 0.683629728125 0.7442367796875 0.682769509375 0.740296746875 0.682925915625 0.7384295390625 0.6858295890624999 0.740622778125 0.7549294062499999 0.7421256281249999 0.7716394046875 0.7430819890625 0.7782000109375 0.7485469 0.7792575734375
4 0.74605678125 0.9131473609375 0.7768366375 0.9140352765624999 0.8949854484375 0.9137393156250001 0.9328389187499999 0.9101876296875 0.933030103125 0.8958329218750001 0.9471773812500001 0.8933171484375 0.947750909375 0.8393919109375 0.9454567671874999 0.7833514734375 0.9339860015625 0.7796518125 0.8930736765624999 0.7787638859375 0.8710880187500001 0.7799477796875001 0.8657350062500001 0.7811316781250001 0.8179401875 0.7806877140624999 0.812396003125 0.7805397234375 0.7670864984375 0.7817236171874999 0.7624982015625 0.7834994609375 0.75503619375 0.7859514187500001 0.7563804609375 0.801000621875 0.7407037609375 0.8023325015625 0.74510088125 0.887293865625 0.74605678125 0.9131473609375