2 0.08553990624999999 0.5398703671875 0.110298784375 0.5394493828125 0.1588373703125 0.540080853125 0.233506525 0.5408175765625 0.2959365296875 0.5418700328125 0.5078127625 0.5444548671875 0.5088210140625 0.36310562968750004 0.5120978875 0.0788663359375 0.4188332265625 0.07810772499999999 0.0878502578125 0.0756422328125 0.08327622500000001 0.07739936562500001 0.084057403125 0.15380869218749998 0.07897968125 0.37643039843750004 0.0777948765625 0.5408062625000001 0.08553990624999999 0.5398703671875
2 0.5777077828125 0.5477360546875001 0.833622928125 0.549184025 0.8507804890624999 0.5484981078125 0.9172934921874999 0.548997303125 0.948476653125 0.5492469 0.9493059921875 0.43389396874999997 0.95368890625 0.0692169 0.9490746968750001 0.068270075 0.535484128125 0.0644827453125 0.5292831796875 0.064584909375 0.5283228046875 0.1407544328125 0.52550080625 0.33930865468750004 0.5218321984375 0.547311384375 0.5777077828125 0.5477360546875001
1 0.6980898140625 0.5660864250000001 0.7685957078125 0.5645904875000001 0.8802623390625 0.5639000515625 0.8874505953125 0.5643603421875001 0.8909682234374999 0.5665467109375 0.906721171875 0.5666617859375 0.90779175625 0.5624041140625 0.9241564828125 0.5635548359375 0.9579564749999999 0.5630945453125 0.958588971875 0.5505692265625 0.9490858796874999 0.5498612390625001 0.8909682234374999 0.5503215296875 0.8753345765624999 0.548910040625 0.8728972484374999 0.5486480625000001 0.8668619468750001 0.5484734125 0.849220315625 0.5484734125 0.8455062828125 0.5492593453125 0.833111534375 0.5505692265625 0.7820436468749999 0.5504818984375001 0.7733388890625 0.5494339921875 0.7646341343749999 0.5492593453125 0.7557793671875 0.550045271875 0.7306662953124999 0.5511270374999999 0.6719368703125 0.5512421078124999 0.6694898140625 0.556075140625 0.67010158125 0.5648206296875 0.6980898140625 0.5660864250000001
1 0.260700559375 0.5441925765625 0.2593209359375 0.5416411609375 0.23396489687500002 0.541554440625 0.23165980312499998 0.54328878125 0.2242834984375 0.5440692375 0.2223241625 0.5416411609375 0.19927321874999998 0.5416411609375 0.1953545640625 0.5407739874999999 0.1837138359375 0.54068726875 0.1798752765625 0.5424216109375 0.1091886953125 0.5421614609375001 0.1085223703125 0.5396777328125 0.0957742984375 0.53976821875 0.0909298234375 0.5408540578125 0.078903340625 0.5408540578125 0.07893213906249999 0.55550883125 0.192120825 0.5569443953125 0.2816252796875 0.5577329515625 0.28075263281249996 0.5435725578125 0.260700559375 0.5441925765625
7 0.23327815625 0.5993772171875 0.23114409062500002 0.5805107859375 0.1780594359375 0.5785037187500001 0.172991065625 0.5614436484375 0.13217723125 0.5606408187499999 0.08110760156249999 0.562609659375 0.0801596046875 0.6011835796875 0.10390098750000001 0.6015849875 0.21887327031249998 0.600180046875 0.23327815625 0.5993772171875
4 0.07596916718749999 0.6446334031250001 0.0745167953125 0.730255375 0.0736147359375 0.857766675 0.06957593125 0.94280851875 0.10445646875 0.94280851875 0.274820296875 0.9433610203124999 0.274820296875 0.9162883296875 0.2755546125 0.637644859375 0.2757347265625 0.60435554375 0.1176374828125 0.60340393125 0.0981161875 0.6030255765625 0.0988326 0.619247184375 0.0924432734375 0.6227481296875 0.0769675953125 0.6217465062499999 0.07596916718749999 0.6446334031250001
4 0.4047975453125 0.6669305828125001 0.5021086671874999 0.667356221875 0.5047486078125 0.632596196875 0.502674378125 0.566280659375 0.44214403437499994 0.566280659375 0.43724126874999997 0.563017475 0.42479576874999997 0.56273371875 0.4187616 0.5657131468750001 0.3063750625 0.5640106140625 0.303456296875 0.563975065625 0.3022588765625 0.61716730625 0.30301315156249997 0.6659374453125 0.3560007578125 0.6656536875 0.4047975453125 0.6669305828125001
4 0.72537155625 0.5679519171875 0.5750438046874999 0.5664025203125 0.52343921875 0.5673005796874999 0.5259151578125 0.6668918749999999 0.5497440328125001 0.66999066875 0.7247831546875 0.6697693218749999 0.72537155625 0.5679519171875
4 0.777298790625 0.83522544375 0.780653740625 0.8344283078125001 0.7847149531250001 0.8346940234375 0.788423046875 0.8344283078125001 0.7875401703125 0.8252613578125001 0.8115544359375001 0.8281841515625 0.843167578125 0.8281841515625 0.861855921875 0.8268556078125 0.9434337515625 0.82844985625 0.9471418453125 0.8214085765625001 0.943963484375 0.7617569140625 0.9492212 0.7271049625 0.9462761171875 0.5731669796875 0.9261557281250001 0.573668246875 0.9239604734375 0.5711907 0.9085936468750001 0.5713283390624999 0.9053007828125 0.5739435375 0.8414553281250001 0.5706401296875 0.7465103984375 0.5700895625 0.7435861828125 0.5709154125 0.7428492453125 0.5711046468750001 0.747663971875 0.7341208796875 0.747970690625 0.8385270828125 0.7742970140625001 0.8362882734375001 0.777298790625 0.83522544375
4 0.738070325 0.9408663546874999 0.838354959375 0.9438724765625001 0.9022813984375 0.944924615625 0.9378404937499999 0.9425197187500001 0.9392388796875 0.9017867687500001 0.939039128125 0.836099246875 0.9270529171874999 0.83324343125 0.9180632609374999 0.8368507765625001 0.797402075 0.8363998562500001 0.791510340625 0.8346266312499999 0.7803610703125 0.8346266312499999 0.7776949359375 0.8349001765624999 0.7764830578125 0.836450253125 0.7715143609374999 0.8379091484375 0.7650469765625 0.8388616375 0.76603815 0.8491399562499999 0.740267803125 0.848989646875 0.7392689515625 0.9188819859375 0.738070325 0.9408663546874999
3 0.9671891578125 0.8842047171875 0.9674489812499999 0.8727683109375001 0.9503002625000001 0.8725728140625 0.9493784390625001 0.8752518453125001 0.9492609406250001 0.8910470140625 0.957575465625 0.8915357500000001 0.9652404375 0.8908515234375001 0.9671891578125 0.8842047171875
6 0.9557566703125 0.9407627390625001 0.9627720484375001 0.9405672468749999 0.9657600875 0.9068444953125001 0.9645908640625 0.9026413703125 0.9462924546875 0.9030038515625 0.9462729015625 0.916521459375 0.9418558140625001 0.9180854187499999 0.9419857171875 0.940860484375 0.9557566703125 0.9407627390625001
2 0.3295377796875 0.8740234375 0.31656385 0.8896484375 0.3256456015625 0.90234375 0.35418824375 0.904296875 0.3775413140625 0.912109375 0.4034891703125 0.93359375 0.4268422421875 0.927734375 0.435923990625 0.9208984375 0.437221384375 0.912109375 0.4839275265625 0.927734375 0.5176597390625 0.9296875 0.5487971671875 0.923828125 0.574745025 0.91015625 0.5812319890625 0.9111328125 0.5812319890625 0.9189453125 0.592908525 0.927734375 0.6162615953125 0.931640625 0.639614665625 0.91015625 0.6655625234375 0.900390625 0.68891559375 0.900390625 0.6979973421875 0.8935546875 0.6979973421875 0.8818359375 0.6876182 0.8740234375 0.6876182 0.7470703125 0.6979973421875 0.7373046875 0.6979973421875 0.7255859375 0.68891559375 0.71875 0.6603729515625 0.71875 0.6551833796875 0.712890625 0.639614665625 0.7109375 0.6110720234375 0.689453125 0.5903137375 0.6953125 0.5799345953125 0.712890625 0.5487971671875 0.69921875 0.5202545265625 0.693359375 0.481332740625 0.6953125 0.437221384375 0.7109375 0.4307344203125 0.6982421875 0.40608395625 0.6875 0.3775413140625 0.7109375 0.3593778140625 0.71484375 0.35418824375 0.720703125 0.3334299578125 0.71875 0.3191586375 0.7255859375 0.31656385 0.7373046875 0.32694299375 0.7490234375 0.3243482078125 0.8291015625 0.3295377796875 0.8740234375
7 0.4787379546875 0.814453125 0.5176597390625 0.81640625 0.54620238125 0.80078125 0.58252938125 0.8125 0.595503309375 0.806640625 0.621451165625 0.8125 0.6292355234375 0.802734375 0.6499938078125 0.802734375 0.6603729515625 0.8125 0.6694547 0.7802734375 0.657778165625 0.7734375 0.6499938078125 0.779296875 0.6266407375 0.779296875 0.613666809375 0.7734375 0.6084772375 0.779296875 0.499496240625 0.78125 0.481332740625 0.77734375 0.4787379546875 0.78125 0.4086787421875 0.78125 0.3982996 0.77734375 0.382730884375 0.783203125 0.35159345625 0.783203125 0.35289085 0.7998046875 0.385325671875 0.81640625 0.4579796703125 0.818359375 0.4787379546875 0.814453125
6 0.3998559078125 0.851409978125 0.62139769375 0.8636117140625 0.6195965421875 0.81751626875 0.408861671875 0.8188720171874999 0.3998559078125 0.851409978125