0 0.8764306359375 0.4993939390625 0.581083815625 0.4993939390625 0.581083815625 0.89181818125 0.8764306359375 0.89181818125 0.8764306359375 0.4993939390625
7 0.81708815 0.10425865781250002 0.55635115625 0.10425865781250002 0.55635115625 0.1599404765625 0.81708815 0.1599404765625 0.81708815 0.10425865781250002
6 0.26052023125 0.17957251093749999 0.0963294796875 0.17957251093749999 0.0963294796875 0.21711580156250002 0.26052023125 0.21711580156250002 0.26052023125 0.17957251093749999
7 0.250158959375 0.2252705625 0.1161127171875 0.2252705625 0.1161127171875 0.2453571421875 0.250158959375 0.2453571421875 0.250158959375 0.2252705625
7 0.754934971875 0.2215584421875 0.638793353125 0.2215584421875 0.638793353125 0.24876623437499998 0.754934971875 0.24876623437499998 0.754934971875 0.2215584421875
4 0.29109826562499996 0.24356601718749998 0.093497109375 0.24356601718749998 0.093497109375 0.44764610312500003 0.29109826562499996 0.44764610312500003 0.29109826562499996 0.24356601718749998
4 0.302976878125 0.4519480515625 0.1043930640625 0.4519480515625 0.1043930640625 0.5479870124999999 0.302976878125 0.5479870124999999 0.302976878125 0.4519480515625
4 0.2735621390625 0.5565151515625 0.0994436421875 0.5565151515625 0.0994436421875 0.8307359312499999 0.2735621390625 0.8307359312499999 0.2735621390625 0.5565151515625
4 0.2645158953125 0.832391775 0.0964667625 0.832391775 0.0964667625 0.9145779218750001 0.2645158953125 0.9145779218750001 0.2645158953125 0.832391775
3 0.0807080921875 0.877624459375 0.055881503124999996 0.877624459375 0.055881503124999996 0.8997348484375 0.0807080921875 0.8997348484375 0.0807080921875 0.877624459375
6 0.086921965625 0.9035822515625 0.0499277453125 0.9035822515625 0.0499277453125 0.9349242421874999 0.086921965625 0.9349242421874999 0.086921965625 0.9035822515625
4 0.50489161875 0.7270833328124999 0.3420447984375 0.7270833328124999 0.3420447984375 0.9107954546875 0.50489161875 0.9107954546875 0.50489161875 0.7270833328124999
4 0.5631502890625 0.48235930781249997 0.33809248593749996 0.48235930781249997 0.33809248593749996 0.7286363640625 0.5631502890625 0.7286363640625 0.5631502890625 0.48235930781249997
4 0.5150722546875001 0.3622186140625 0.314320809375 0.3622186140625 0.314320809375 0.47431818124999997 0.5150722546875001 0.47431818124999997 0.5150722546875001 0.3622186140625
4 0.5433526015625 0.24133116875 0.32323699375000003 0.24133116875 0.32323699375000003 0.35312770625 0.5433526015625 0.35312770625 0.5433526015625 0.24133116875
4 0.7752456640625 0.24949134218750002 0.6321820812500001 0.24949134218750002 0.6321820812500001 0.3183658015625 0.7752456640625 0.3183658015625 0.7752456640625 0.24949134218750002
4 0.7842919078125 0.32290584375 0.63614161875 0.32290584375 0.63614161875 0.37934523750000004 0.7842919078125 0.37934523750000004 0.7842919078125 0.32290584375
4 0.758280346875 0.38594697031249997 0.627239884375 0.38594697031249997 0.627239884375 0.4777110390625 0.758280346875 0.4777110390625 0.758280346875 0.38594697031249997