4 0.10836300000000001 0.11427308437499999 0.22882265156249998 0.11774855625 0.3370061171875 0.1136938453125 0.3400751625 0.0488181859375 0.053908854687499994 0.0479189296875 0.053887645312499996 0.1293334953125 0.10836300000000001 0.1310712546875 0.10836300000000001 0.11427308437499999
4 0.056956690624999994 0.1814657203125 0.1344498078125 0.18088648125 0.1336825609375 0.1635090734375 0.33623886875000003 0.1635090734375 0.33623886875000003 0.1339674890625 0.083645065625 0.13043793125 0.08457799218749999 0.1490279 0.05542216875 0.1490279 0.056956690624999994 0.1814657203125
7 0.115268340625 0.21853753125000003 0.29941042812499996 0.217379034375 0.300177675 0.202897859375 0.2725563734375 0.200001625 0.053908854687499994 0.20065146718750002 0.0561894140625 0.23128096875 0.11450109374999999 0.236494178125 0.115268340625 0.21853753125000003
4 0.05542216875 0.286888665625 0.33854060937499997 0.28515095156250003 0.33930791562499996 0.2370734375 0.0846043 0.2397394140625 0.0868797625 0.2544508453125 0.05542216875 0.2544508453125 0.05542216875 0.286888665625
2 0.6277971734375 0.29436069374999996 0.053908854687499994 0.29113282812499996 0.051585875 0.59498988125 0.6277971734375 0.60020306875 0.6277971734375 0.29436069374999996
1 0.3155228484375 0.613618828125 0.31782464843749997 0.5997169140625 0.25721120000000003 0.5997169140625 0.1451914421875 0.598558415625 0.053908854687499994 0.5994933046875001 0.0546549203125 0.613618828125 0.1789508359375 0.6159358687500001 0.3155228484375 0.613618828125
4 0.33240257500000003 0.6280642624999999 0.25567670468750003 0.6280642624999999 0.047194226562500004 0.6298950421875 0.0481029484375 0.920004746875 0.327799034375 0.9194254640624999 0.33240257500000003 0.6280642624999999
3 0.037842389062499995 0.8497617984374999 0.01854515 0.8482325984375001 0.020579087500000003 0.8681045953125001 0.0365636453125 0.8671391984374999 0.037842389062499995 0.8497617984374999
6 0.0384817609375 0.9105827171875 0.0384817609375 0.875827915625 0.019344509375 0.874773796875 0.0161033828125 0.89272261875 0.0167427546875 0.911548115625 0.0384817609375 0.9105827171875
1 0.6298326265624999 0.6161321859375 0.4685851171875 0.6147906875 0.4731839765625 0.629647953125 0.6279145109375001 0.631096065625 0.6298326265624999 0.6161321859375
2 0.6235865859375 0.6325441890625 0.3454835984375 0.631680540625 0.3460946796875 0.9178233046875001 0.62422595625 0.9192714359374999 0.6235865859375 0.6325441890625
4 0.4346488953125 0.0972775078125 0.501144609375 0.1006564515625 0.6334967640625 0.0987256203125 0.6334967640625 0.051903184375 0.549098278125 0.051903184375 0.35347720312500003 0.051996621875 0.3540866921875 0.11465492656250001 0.4346488953125 0.11465492656250001 0.4346488953125 0.0972775078125
7 0.5209654984375 0.151563553125 0.5209654984375 0.1380477953125 0.35187848125 0.1370491015625 0.3540866921875 0.15349438437500001 0.4116310953125 0.1496327421875 0.5209654984375 0.151563553125
4 0.3521685734375 0.28479035937499997 0.5535739828125 0.2872038875 0.6290210593750001 0.286721171875 0.632857390625 0.157838725 0.381454821875 0.15514537343749998 0.3815801484375 0.170871784375 0.3515292015625 0.170871784375 0.3521685734375 0.28479035937499997
2 0.9923931781249999 0 0.647641871875 0.0013270609375 0.649684303125 0.2528264921875 0.9923931781249999 0.2537919265625 0.9923931781249999 0
1 0.7475097578125001 0.26682496875 0.750067296875 0.2566881546875 0.734082740625 0.2537919265625 0.6822927890625 0.2537919265625 0.6500399546875 0.2546748703125 0.6516024203125 0.2644114390625 0.6682263500000001 0.2682731 0.7475097578125001 0.26682496875
4 0.7462310125 0.467819640625 0.92781558125 0.4683023390625 0.9290943265625 0.2810125015625 0.8088904453125 0.2742546140625 0.645243790625 0.2733743515625 0.64904488125 0.4823008125 0.7443128453125001 0.4837489453125 0.7462310125 0.467819640625
7 0.70850745 0.5214671546874999 0.9239792484375 0.522432571875 0.927176159375 0.50891679375 0.8012178765625 0.5055378687500001 0.647641871875 0.507419471875 0.645847971875 0.5345002156249999 0.7059499125 0.5378791406250001 0.70850745 0.5214671546874999
4 0.64904488125 0.71838619375 0.8856163140625 0.7198342890625 0.8868951078125 0.7048704171875 0.9284549546875001 0.70438771875 0.9290943265625 0.5421985671875 0.678017571875 0.5411991796875 0.6739808 0.55909326875 0.646487390625 0.55909326875 0.64904488125 0.71838619375
4 0.646487390625 0.8991245156250001 0.8069723265625001 0.9005726484375 0.8849769406249999 0.8996072140625 0.8856163140625 0.8836779453125001 0.92781558125 0.8851260406250001 0.9290943265625 0.7239023234374999 0.787790859375 0.7219714921875 0.6756194890625 0.7215586921875 0.6790958765624999 0.73741808125 0.6471267640625 0.736452665625 0.646487390625 0.8991245156250001
6 0.9316518640625 0.9073304999999999 0.831494790625 0.9049342515625 0.8331869890625001 0.9227771062500001 0.9310124921874999 0.9222944078124999 0.9316518640625 0.9073304999999999