4 0.6046875 0.6125001828125 0.634375 0.6109436374999999 0.646875 0.6078935015625 0.690625 0.60635150625 0.9265625 0.6047022453124999 0.92729023125 0.4609375 0.0696508203125 0.4609375 0.0703125 0.621925553125 0.434375 0.619039359375 0.4671875 0.6218827703125 0.4921875 0.6188174265625 0.5203125 0.6094187953125 0.6046875 0.6125001828125
4 0.4515756890625 0.409375 0.4578125 0.406381875 0.5265625 0.40792716249999994 0.5515625 0.4140983140625 0.5640625 0.414065521875 0.58125 0.4079123421875 0.9296875 0.40781427187499997 0.9298261265625 0.265625 0.9125 0.26685418906249997 0.89375 0.2624555109375 0.865625 0.2620855125 0.07167445 0.2625 0.071875 0.4236724625 0.403125 0.42343950625 0.4359375 0.4218965359375 0.4515625 0.41406767499999997 0.4515756890625 0.409375
4 0.0671875 0.9830096812500001 0.2375 0.979940175 0.3421875 0.98126028125 0.403125 0.9738391156249999 0.4640625 0.9737416421875 0.578125 0.9753122031249999 0.5843741546875 0.978125 0.545294053125 0.9828125 0.546875 0.9828873484375 0.91875 0.9828897609375 0.91875 0.841589009375 0.0666326 0.8421875 0.0671875 0.9830096812500001
4 0.4265625 0.1484386703125 0.4296875 0.1453670796875 0.4453125 0.1438805734375 0.528125 0.1439217140625 0.584375 0.146886846875 0.759375 0.14240226250000002 0.871875 0.1453199453125 0.9234375 0.1438580859375 0.9239696453124999 0.0640625 0.0696882140625 0.0640625 0.0703125 0.16107574375 0.384375 0.16250426406250001 0.4 0.157819478125 0.409375 0.151609384375 0.4265625 0.1484386703125
4 0.1609375 0.253145015625 0.1703125 0.24535595937500002 0.2671875 0.2407002109375 0.3234375 0.24375377031249998 0.634375 0.24218979375 0.7703125 0.24531303593749998 0.8203125 0.24231893593749998 0.9328125 0.24377167656249998 0.9359841875000001 0.2421875 0.9364416343749999 0.234375 0.9360932796875 0.16875 0.928125 0.16560045625 0.884375 0.165345859375 0.484375 0.166974140625 0.0625 0.16523494218749998 0.06233641250000001 0.2609375 0.1328125 0.2609593453125 0.134375 0.25797489375 0.146875 0.25786664375 0.1609375 0.253145015625
4 0.7234375 0.740693265625 0.75625 0.7422016515625 0.784375 0.7406318375 0.7953125 0.7375941125 0.8640625 0.734497453125 0.921875 0.73594178125 0.9241537109375001 0.7265625 0.9241868921874999 0.6578125 0.06963234375 0.6578125 0.0703125 0.753223 0.1328125 0.750328884375 0.459375 0.7500956765625 0.521875 0.753129453125 0.64375 0.753156671875 0.675 0.7453979640624999 0.6984375 0.7453130406249999 0.7234375 0.740693265625
4 0.5484375 0.8296954828124999 0.571875 0.8297636125000001 0.61875 0.825041509375 0.6640625 0.8265654874999999 0.7171875 0.8204588328125 0.8859375 0.820465796875 0.9171875 0.8234461124999999 0.91780361875 0.7859375 0.0682419609375 0.7859375 0.06875 0.8376870249999999 0.46875 0.837525546875 0.4921875 0.829766621875 0.5234375 0.8250247796875 0.5484375 0.8296954828124999
7 0.0649303 0.6265625 0.065625 0.653500496875 0.44375 0.6531577328125 0.451608165625 0.6484375 0.4515625 0.6261480390624999 0.0649303 0.6265625
7 0.0635061 0.75625 0.0640625 0.783138915625 0.471875 0.7828471265625 0.48125785312499997 0.78125 0.48125 0.7556812734375 0.0635061 0.75625
7 0.3078125 0.0500487265625 0.6828125 0.0516370578125 0.6828125 0.0166420375 0.3071716078125 0.0171875 0.3078125 0.0500487265625
7 0.0752136625 0.428125 0.0759247796875 0.45649152031250007 0.5696747796875 0.45781340625 0.67436228125 0.456540528125 0.675129078125 0.428125 0.0752136625 0.428125
3 0.8586386078125001 0.0265625 0.859375 0.051911665625000006 0.9171875 0.051685215625 0.92199578125 0.0484375 0.921875 0.0260440921875 0.8586386078125001 0.0265625
6 0.39375 0.997396021875 0.5921875 0.9974291609374999 0.5921875 0.9774211390625 0.393147521875 0.978125 0.39375 0.997396021875