4 0.0667482484375 0.1478308828125 0.06661878593750001 0.1866323328125 0.065971509375 0.2203774390625 0.09522877187499999 0.219898246875 0.1378201140625 0.21683142187499999 0.13510150625 0.20063475625 0.2014879359375 0.20140145937499998 0.3340341296875 0.20111394843750002 0.33610545 0.163062646875 0.33494035625 0.11816468124999999 0.331833365625 0.066537965625 0.198622184375 0.065579584375 0.1696849109375 0.0631836265625 0.1642477140625 0.0631836265625 0.1630826015625 0.0654837453125 0.0917804109375 0.06510039375 0.0905269265625 0.06654123906250001 0.0909567046875 0.08199451875 0.083707109375 0.0806527828125 0.06428856093749999 0.0829529015625 0.0667482484375 0.1478308828125
4 0.1332902359375 0.23515219687500002 0.19609969375 0.2355398921875 0.19714709218749998 0.22361810000000001 0.13050621874999999 0.2226488484375 0.1236981234375 0.22003187343750003 0.11440243750000001 0.21954725000000003 0.11129481562500002 0.22536275625000002 0.09506010468750001 0.2257504546875 0.0953219625 0.232438290625 0.1208523515625 0.234182946875 0.1332902359375 0.23515219687500002
4 0.0695554640625 0.25647224375 0.0695554640625 0.268043634375 0.0736844953125 0.26890335 0.1160070875 0.26928544374999996 0.1160070875 0.2541926765625 0.2467731453125 0.2532374375 0.332376040625 0.2531419109375 0.33211796875 0.24167904375 0.320247009375 0.23938647500000002 0.2432147234375 0.242061140625 0.21250504218750002 0.238813328125 0.18039492031249998 0.239195425 0.12051665 0.23986409375 0.10516495937499999 0.24113244374999998 0.085729840625 0.242906209375 0.0873062359375 0.25542061718750003 0.07523288125000001 0.2549438609375 0.0695554640625 0.25647224375
4 0.0781602578125 0.30625910156249997 0.164410471875 0.3057843671875 0.1624866390625 0.2891686390625 0.207813890625 0.2900959578125 0.3124675765625 0.2906219578125 0.33005277187500004 0.28825495624999997 0.3293422625 0.2761569640625 0.31335572031250003 0.2751049625 0.2591791109375 0.2744474625 0.13907563125 0.2741844671875 0.0898427890625 0.2776440578125 0.0922681296875 0.29130495 0.06533495781250001 0.2922544171875 0.0672587453125 0.30317331875 0.0781602578125 0.30625910156249997
4 0.0887456171875 0.341067909375 0.1572200140625 0.3424257375 0.15497828125 0.3243213609375 0.233173765625 0.3259809265625 0.3324113859375 0.3241704859375 0.334651846875 0.322050678125 0.33248075625 0.3140520359375 0.32963667343749997 0.3102843015625 0.292064903125 0.3120573515625 0.21495174062500003 0.30995185468750003 0.1202070609375 0.3108383796875 0.089425121875 0.313350228125 0.0895607859375 0.32733875625 0.0659208265625 0.3288474578125 0.0683663375 0.3395592125 0.0887456171875 0.341067909375
4 0.06748511874999999 0.37418402031250003 0.0719683390625 0.3762860359375 0.18150839218749998 0.375843509375 0.18001398125 0.35935927031250003 0.265836340625 0.3603549625 0.27656851250000003 0.361793190625 0.326481709375 0.3601337015625 0.3341032140625 0.35913800625 0.332011021875 0.349734246875 0.322895146875 0.3469684375 0.3104915578125 0.34564084687499996 0.2719358421875 0.346194009375 0.196945025 0.346525909375 0.110073990625 0.34508768437500004 0.10574022187500001 0.346304646875 0.09483103281250001 0.3473003359375 0.0914616390625 0.34920694375 0.09244171875 0.36201445 0.06688735312500001 0.3642270984375 0.0659907125 0.36964809062500004 0.06748511874999999 0.37418402031250003
4 0.06462860625 0.44378110312499996 0.077928846875 0.44621501874999997 0.1420389078125 0.44621501874999997 0.23835789843750002 0.44710007812499997 0.2999949171875 0.44831703593750005 0.3029837421875 0.44997652343750005 0.3095591296875 0.4487595671875 0.30358150156249997 0.43271785781250005 0.3353134765625 0.4315009015625 0.335123965625 0.41778735468750006 0.33498744375 0.40142069999999996 0.3358505 0.3814139328125 0.3277377921875 0.3797527234375 0.24775596093750002 0.38039165 0.1472435046875 0.3810305765625 0.09204046875 0.37988051093749997 0.09129354375 0.38270656718749996 0.091692775 0.3983476546875 0.0758520609375 0.3970200671875 0.0643297265625 0.398237021875 0.06462860625 0.44378110312499996
4 0.1653701203125 0.46462827031250004 0.24062832812499999 0.4652671953125 0.259960734375 0.46462827031250004 0.258752446875 0.45325538125 0.2237124984375 0.44967738749999997 0.11030735 0.44916624531249993 0.0920513 0.4535501796875 0.091867840625 0.4605391390625 0.10205186718749999 0.462839278125 0.12708039375 0.46296705937500005 0.1653701203125 0.46462827031250004
4 0.065242225 0.5315463046875 0.06472439062499999 0.5760109109375 0.0643791703125 0.6388538546875 0.0642065546875 0.6984861203125 0.0695574921875 0.7039808812499999 0.11063880625 0.707047734375 0.1479226890625 0.7065365953125 0.2473383421875 0.7058976671875 0.2867945203125 0.707047734375 0.294044171875 0.7062810265625 0.294734634375 0.6995083984375 0.291972828125 0.6903078640625 0.3303492515625 0.6896689359375 0.331039690625 0.645341478125 0.3324205703125 0.6150523359375 0.33380145 0.57839534375 0.3336288328125 0.5071767687500001 0.3355275609375 0.4823315609375 0.33138492343750003 0.4705753078125 0.3213734875 0.4680196 0.21383710156250002 0.4680196 0.1182048515625 0.4668695328125 0.0969737484375 0.464697184375 0.0901097453125 0.467359021875 0.091479028125 0.4834314453125 0.079914121875 0.4820258078125 0.06576005 0.48381480468750004 0.065242225 0.5315463046875
4 0.2596585453125 0.7243500234375 0.2673692171875 0.7217377625 0.26710783125000004 0.7115789734375 0.248680671875 0.7090634625 0.1591586828125 0.708482959375 0.10673039687500001 0.7095472140625 0.0910102140625 0.7120493703124999 0.090933334375 0.7225117703125 0.1311855625 0.7242532734375 0.1570619828125 0.7239630234375001 0.2596585453125 0.7243500234375
4 0.05778219375 0.8838147953125001 0.052851296874999995 0.89042496875 0.0567160515625 0.8990083359375 0.056631582812500005 0.9257917703125 0.2034671515625 0.9268526625 0.3278788359375 0.928211709375 0.324692259375 0.90344800625 0.3273576015625 0.8718770125 0.3285570296875 0.8350559015625001 0.323759378125 0.8207492671875001 0.23633583125 0.8188747359375 0.152805859375 0.8183814390625 0.138946025 0.815618978125 0.10575679843750001 0.816112271875 0.085518965625 0.8199077906250001 0.0877627859375 0.83361008125 0.0831508109375 0.8328921093749999 0.05871506875 0.8335827296874999 0.05778219375 0.8838147953125001
6 0.026714140625 0.9248788453125 0.0425851078125 0.9232549359375 0.043230271875 0.8973679640625001 0.0420689890625 0.886955865625 0.02464963125 0.8868603390625 0.02477865 0.9008068281250001 0.021681878125 0.9025262578125 0.0209076875 0.9186697953125 0.026714140625 0.9248788453125
3 0.0326496203125 0.8586807953125 0.025270117187500003 0.863560334375 0.025294785937499998 0.8783587171875 0.0433593078125 0.8754930015625 0.041552853125 0.8592539390624999 0.0326496203125 0.8586807953125
4 0.356266390625 0.9077905812499999 0.3575715875 0.9284441843750001 0.37176560937500003 0.9289273078125 0.48123901875 0.9314637171875001 0.6089707343749999 0.9347248046875001 0.6256120140625 0.934362465625 0.6275698249999999 0.8948796234374999 0.6285487078124999 0.851026525 0.6296907453125 0.8206010140625001 0.6311590921875 0.7822159625 0.6309959375 0.7471716703125 0.571609465625 0.74499760625 0.482088621875 0.7435482328125 0.477357284375 0.7414949531249999 0.428086096875 0.7401663562499999 0.40720293124999996 0.7398040124999999 0.387601378125 0.7441133359375 0.3897120703125 0.7600080046875 0.36067143125 0.7596456625 0.36001883437500004 0.8336536156250001 0.356266390625 0.9077905812499999
4 0.9309429781249999 0.89360048125 0.9304012046875 0.8822368640624999 0.8670155140625001 0.8810336578125 0.76117588125 0.879162003125 0.7339073921875 0.8806325906250001 0.7171128875 0.8796967625000001 0.6852386562499999 0.8849179203125 0.6865569046875 0.89467 0.7159924296875 0.8977448625 0.801409603125 0.8961405843750001 0.9309429781249999 0.89360048125
4 0.6599683109375001 0.9280924046875001 0.66592764375 0.9302314390624999 0.77464043125 0.9302314390624999 0.885818734375 0.93303891875 0.930784684375 0.9279587156250001 0.930242909375 0.89894806875 0.92067185625 0.8968090343749999 0.87426125 0.8974774796875 0.8441033703124999 0.89721010625 0.8381440359375001 0.8990817578125 0.708023315625 0.9004186531249999 0.685777503125 0.8999368375 0.6888620734375 0.91646140625 0.66646940625 0.915525578125 0.65978771875 0.9200710265625001 0.6599683109375001 0.9280924046875001
4 0.6615246359375 0.7778877765625001 0.661045428125 0.8164166312500001 0.6613648953125 0.8259951296875 0.67398393125 0.8272959140625 0.71359811875 0.8294244781250001 0.7721555765625 0.828714953125 0.806338796875 0.829660975 0.8034635515625 0.8120412625 0.91548131875 0.8133420453125 0.9300171953125 0.8101492125 0.9304963703125001 0.7538223421875 0.9304963703125001 0.7114939109375 0.9306561109375 0.695892546875 0.8702764234375 0.6929362171875 0.76809519375 0.693527484375 0.698215134375 0.6918719390625 0.6887043890625 0.6956589125 0.6896379296874999 0.7094501734375 0.6647193265625 0.7096866828125 0.6612051671875 0.71205174375 0.6615246359375 0.7778877765625001
4 0.7192978015625 0.5278064578125 0.8217823765625001 0.529404490625 0.888960053125 0.5288337640624999 0.9304646046875 0.5291762015625 0.9324690359375 0.4815776953125 0.85182996875 0.47906650468749995 0.7546040203125 0.477605328125 0.6653825203125 0.47634973281250004 0.6618309531250001 0.47991669843749996 0.663636803125 0.5385360953125 0.666874703125 0.5418463015625 0.7166766296875 0.54424335 0.7192978015625 0.5278064578125
4 0.2231494921875 0.74462365625 0.33744557343750003 0.741935484375 0.3338171265625 0.7271505375 0.087082728125 0.7284946234375 0.052612481249999996 0.7405913984375 0.0598693765625 0.7567204296875001 0.0852685046875 0.8104838703125001 0.15965166875 0.8118279562499999 0.15965166875 0.7822580640625 0.224963715625 0.77822580625 0.2231494921875 0.74462365625
4 0.6059506531250001 0.6854838703125 0.5079825828125 0.6868279562499999 0.498911465625 0.6465053765625 0.553338171875 0.655913978125 0.6222786640625 0.633064515625 0.636792453125 0.610215053125 0.636792453125 0.5860215046875 0.48258345468749997 0.5806451609375001 0.49528301875 0.548387096875 0.5841799703125 0.55107526875 0.6150217703124999 0.51747311875 0.426342525 0.508064515625 0.4100145140625 0.4905913984375 0.3555878078125 0.49327957031249997 0.35740203125000003 0.5188172046874999 0.3809869375 0.51747311875 0.384615384375 0.599462365625 0.35740203125000003 0.599462365625 0.3610304796875 0.6370967734375 0.3864296078125 0.6384408609375 0.3809869375 0.7379032265625 0.45718432499999995 0.7379032265625 0.5025399125 0.7083333328125 0.6077648765625 0.706989246875 0.6059506531250001 0.6854838703125
4 0.772859215625 0.65322580625 0.9379535562499999 0.65322580625 0.9379535562499999 0.6317204296875001 0.8436139328125 0.5806451609375001 0.834542815625 0.5470430109375 0.6912191578125 0.5456989250000001 0.689404934375 0.645161290625 0.66219158125 0.645161290625 0.658563134375 0.6666666671875 0.6839622640624999 0.6666666671875 0.6767053703125 0.6935483875 0.849056603125 0.690860215625 0.849056603125 0.673387096875 0.76923076875 0.673387096875 0.772859215625 0.65322580625
4 0.9397677796874999 0.8306451609375 0.6912191578125 0.8306451609375 0.6603773578125 0.8508064515625 0.6603773578125 0.8736559140625 0.6730769234375 0.8803763437500001 0.8055152390625 0.8709677421875 0.803701015625 0.8534946234375 0.9270682140625001 0.8481182796875 0.9397677796874999 0.8306451609375