7 0.9374541828125 0.083281371875 0.050818859375000004 0.0803603609375 0.0445388484375 0.1798856546875 0.93552775 0.1813275140625 0.9374541828125 0.083281371875
6 0.45680179687500005 0.2559419859375 0.4654708921875 0.2227793 0.45969152031249993 0.197546834375 0.3778168671875 0.19898869531250002 0.1278901515625 0.2064864875 0.1293031859375 0.25017454375 0.21888371874999998 0.2595466234375 0.45680179687500005 0.2559419859375
6 0.8476654140625 0.25377918125 0.8505551375 0.2141281625 0.7783127984375 0.20043055625 0.4807321546875 0.21099099062499999 0.487417003125 0.25450012499999997 0.8014303609375 0.25522104218749997 0.8476654140625 0.25377918125
7 0.20823533906249997 0.263657025 0.19667659375 0.257889609375 0.06647396718750001 0.2569369375 0.06856681406250001 0.2773546609375 0.20727212343749998 0.2759128 0.20823533906249997 0.263657025
4 0.052161971875000004 0.4348126328125 0.326682865625 0.43373127812499995 0.328127690625 0.41751040625 0.469000309375 0.41642897031250004 0.47261242656249997 0.28017366093749996 0.08327310624999999 0.281216215625 0.0839485578125 0.2974759171875 0.052884384375 0.29855731093750004 0.052161971875000004 0.4348126328125
4 0.06588797187499999 0.684569809375 0.28261499375 0.685651225 0.43649125624999996 0.6851105375000001 0.43649125624999996 0.669430353125 0.484893603125 0.6705117281249999 0.48417113437500003 0.4461230125 0.09411125625 0.4454054046875 0.095507375 0.46180319687500004 0.06877767812499999 0.46180319687500004 0.06588797187499999 0.684569809375
4 0.0680552640625 0.86402029375 0.158358190625 0.86456098125 0.158358190625 0.8526656921875 0.3678609765625 0.8548284421875 0.478391725 0.8542877546875 0.482726309375 0.6882941703125 0.09411125625 0.687297296875 0.09695220156249999 0.7039743546875 0.0680552640625 0.7055964375 0.0680552640625 0.86402029375
4 0.0637207359375 0.9164080234374999 0.4769469 0.9196522093749999 0.47766936875 0.8709895968750001 0.09140171875 0.8677027031250001 0.092617671875 0.8850476765625 0.0637207359375 0.8850476765625 0.0637207359375 0.9164080234374999
4 0.55774895625 0.5627969484374999 0.7239063390625 0.5638783234375 0.8156540906249999 0.5633376359375 0.9175158359375001 0.56063415625 0.9175158359375001 0.2573038578125 0.50234825 0.25689189218749997 0.5057344390625 0.5795585062499999 0.55774895625 0.5790178187499999 0.55774895625 0.5627969484374999
4 0.7145148140625001 0.611815609375 0.7137924015625 0.5955947390625 0.9175158359375001 0.5955947390625 0.9167933671874999 0.5815366375 0.5032514296875 0.581216215625 0.5042896140625001 0.612356296875 0.5678628953125 0.615059775 0.7145148140625001 0.611815609375
7 0.6437173546875 0.6329027296875 0.6429948859375 0.6177632546875 0.5032514296875 0.617702703125 0.5050120265625 0.6372283109375 0.6271015921875 0.6366876031250001 0.6437173546875 0.6329027296875
4 0.5057344390625 0.79533641875 0.8900637234375001 0.7920922328125 0.8871740734375001 0.775330675 0.9175158359375001 0.7742492796875 0.9182381921875 0.64231953125 0.5303468046875001 0.643378378125 0.534631375 0.6607031828125 0.5035672015625 0.6612438796875 0.5057344390625 0.79533641875
4 0.5050120265625 0.9261568328124999 0.62565676875 0.9261568328124999 0.6299912984375 0.911558065625 0.9167933671874999 0.9110173578125 0.9175158359375001 0.7969305734375001 0.5339595218750001 0.79675675625 0.53318655 0.8136921328125 0.5057344390625 0.8136921328125 0.5050120265625 0.9261568328124999
3 0.9520047890625 0.8476884078125 0.9361114953125 0.846246546875 0.9356298515624999 0.8606651 0.9520047890625 0.8613860296875 0.9520047890625 0.8476884078125
6 0.9539312593749999 0.9100486421875 0.9529680421875 0.8721999437499999 0.9328034562499999 0.8735135140624999 0.9308136953125 0.887699884375 0.9308136953125 0.9093277125 0.9539312593749999 0.9100486421875