4 0.5642271937500001 0.3953125 0.5703125 0.3892072171875 0.746875 0.387530140625 0.750169240625 0.3828125 0.7500674578125001 0.2859375 0.746875 0.281162796875 0.7421875 0.2795933015625 0.715625 0.277653828125 0.271875 0.27806318124999996 0.25152065 0.2859375 0.2508491484375 0.4015625 0.2515625 0.4064743015625 0.2734375 0.4062713171875 0.5546875 0.40476124843749994 0.5640625 0.4016041828125 0.5642271937500001 0.3953125
4 0.478125 0.131529921875 0.74375 0.1312787671875 0.7485880703125 0.128125 0.7484768765625 0.0921875 0.7390625 0.08591190625 0.2526687515625 0.0859375 0.253125 0.148793503125 0.4625 0.148446715625 0.471886078125 0.1421875 0.4735052421875 0.134375 0.478125 0.131529921875
4 0.528125 0.45480202031249994 0.5390625 0.45323256718750005 0.7375 0.45469616718749994 0.7485224484375 0.45 0.748826371875 0.4078125 0.2515625 0.40766150312500005 0.2514070453125 0.4703125 0.271875 0.47031667656250004 0.515625 0.46741737656250004 0.523501534375 0.4640625 0.528125 0.45480202031249994
4 0.615625 0.76410953125 0.6172529984375 0.759375 0.621875 0.7563502265625 0.7390625 0.7546975625 0.7440255125 0.75 0.74404420625 0.7078125 0.2796875 0.707802334375 0.282788528125 0.709375 0.2578125 0.7155840062500001 0.2546899828125 0.7140625 0.25474519375 0.709375 0.26562555312499997 0.7078125 0.253125 0.7075481703125 0.2528609625 0.7703125 0.271875 0.7703389625 0.296875 0.7676189609375 0.6078125 0.7672886890624999 0.615625 0.76410953125
4 0.340625 0.5626560953124999 0.359375 0.5611576796875 0.734375 0.5609424062499999 0.7421875 0.5593794359375 0.7454909640625 0.55625 0.7453886468750001 0.5171875 0.74375 0.5140518765625 0.7328125 0.513464703125 0.2515625 0.513886178125 0.2515625 0.518754746875 0.2546875 0.5141809390625001 0.27341981406250004 0.515625 0.2609375 0.5187470624999999 0.2578125 0.5217966140625 0.25152431875 0.521875 0.251414496875 0.578125 0.2796875 0.5781310296875 0.328125 0.5750771593749999 0.3359375 0.5718796609375 0.340625 0.5626560953124999
4 0.5671875 0.2392434625 0.7171875 0.2406260390625 0.7484375 0.237505853125 0.7515957 0.2328125 0.7517103109375001 0.1953125 0.7390625 0.19325695625 0.2511766578125 0.19375 0.2515625 0.2566413546875 0.5515625 0.25627575625 0.5609902578125 0.25 0.562628471875 0.24375 0.5671875 0.2392434625
4 0.4703125 0.6892324750000001 0.7421875 0.6890982609375 0.7443276140624999 0.684375 0.7441902984375 0.6640625 0.252913909375 0.6640625 0.253125 0.706727871875 0.45 0.7062624750000001 0.4609375 0.70329375 0.4627270765625 0.696875 0.4703125 0.6892324750000001
4 0.5796875 0.5000753 0.5890625 0.49696348593749995 0.671875 0.4985115015625 0.7390625 0.49688339531250003 0.746978728125 0.49375 0.747239621875 0.471875 0.2953125 0.4712967234375 0.2671875 0.47186780468749995 0.2578125 0.4781129734375 0.2546875 0.47185298593749997 0.251495834375 0.471875 0.2515625 0.5142978953124999 0.4421875 0.5140729609375 0.565625 0.5125720265625 0.575 0.5094386078124999 0.5796875 0.5000753
4 0.74375 0.1750493859375 0.7470021171875 0.1734375 0.7472565859375 0.15 0.2528673 0.15 0.253125 0.151617703125 0.2609375 0.1502021421875 0.2656004765625 0.153125 0.2609375 0.15776982343749998 0.2530799265625 0.1546875 0.253125 0.1926573109375 0.5453125 0.1922651578125 0.5516566625 0.1890625 0.5578125 0.176705803125 0.74375 0.1750493859375
4 0.43135564843749996 0.8078125 0.43292269375 0.796875 0.440625 0.7940902328125 0.578125 0.79409510625 0.634375 0.7969019125 0.740625 0.7953677296875 0.745477909375 0.7921875 0.7457636453125 0.7703125 0.25 0.7700758328124999 0.24973269843749998 0.8140625 0.2671875 0.814102625 0.2796875 0.8113641625 0.425 0.8110075406249999 0.43135564843749996 0.8078125
4 0.40013573124999996 0.65 0.4078125 0.6454861875 0.7390625 0.64534105625 0.7454900546875 0.6421875 0.7455659031249999 0.628125 0.740625 0.6249193656250001 0.6390625 0.62163610625 0.2484375 0.6216737250000001 0.2484375 0.6235381359375001 0.265625 0.6219347078124999 0.270254028125 0.6265625 0.2546875 0.6342417609375001 0.24838627343750003 0.63125 0.2481633265625 0.6625 0.265625 0.6640666937499999 0.3890625 0.6625504531249999 0.396875 0.6594440453125 0.40013573124999996 0.65
4 0.74375 0.0672491265625 0.7443134437500001 0.04375 0.25260645 0.04375 0.253125 0.08489510156249999 0.546875 0.0844529328125 0.5531879109375 0.071875 0.5578125 0.06900987187499999 0.74375 0.0672491265625
4 0.6485012390625 0.6140625 0.6515625 0.6078935828125 0.659375 0.6063641546875 0.7390625 0.6062984874999999 0.745400028125 0.6 0.7457546984375 0.5828125 0.74375 0.5780725062500001 0.7328125 0.5774958156250001 0.24976700312500003 0.578125 0.25 0.622139496875 0.3015625 0.62188310625 0.3171875 0.6190857140625 0.6421875 0.6172833015625 0.6485012390625 0.6140625
4 0.2712890375 0.8140625 0.271824859375 0.834375 0.2859375 0.8375204999999999 0.7421875 0.8375347 0.7469025031250001 0.834375 0.746875 0.814016228125 0.2712890375 0.8140625
4 0.2790222375 0.2578125 0.2796875 0.2784703515625 0.5046875 0.2781522796875 0.5093949515625 0.2765625 0.509375 0.257197621875 0.2790222375 0.2578125
4 0.7156350015624999 0.034375 0.7093843375 0.03125 0.703125 0.02186644375 0.2570663828125 0.021875 0.2578125 0.044063359375 0.696875 0.0437736953125 0.709375 0.0375009734375 0.715627953125 0.0390625 0.7156350015624999 0.034375
3 0.25237370625 0.8484375 0.253125 0.869116728125 0.2875 0.8687876234375 0.2907169328125 0.865625 0.290625 0.84790331875 0.25237370625 0.8484375