7 0.822523584375 0.5478515625 0.8251598781249999 0.5322265625 0.8251598781249999 0.5166015625 0.784297328125 0.501953125 0.5496672031250001 0.49609375 0.391489590625 0.505859375 0.38753515156249996 0.5283203125 0.40994364531249994 0.54296875 0.81593285 0.55078125 0.822523584375 0.5478515625
6 0.797478796875 0.595703125 0.9292934734375 0.595703125 0.9411567937499999 0.5888671875 0.9411567937499999 0.5732421875 0.9345660609375 0.568359375 0.8422957859375 0.556640625 0.399398471875 0.55859375 0.39544403125 0.5654296875 0.402034765625 0.576171875 0.44157916875 0.583984375 0.797478796875 0.595703125
6 0.9543382609375 0.9267578125 0.95449783125 0.9190507421874999 0.9379771984374999 0.917726953125 0.9317261359375 0.9418862375 0.93529818125 0.9554551468750001 0.95449783125 0.9534694578125 0.9543382609375 0.9267578125
3 0.9419957421875 0.8786749500000001 0.9357446796875 0.8965462015625001 0.9536048375 0.89952475625 0.9576233796875 0.881984440625 0.9419957421875 0.8786749500000001
4 0.7191895984375 0.8352961156250001 0.7132476796875 0.9154517468750001 0.7132476796875 0.9559699640625 0.9259683765625001 0.9594933015624999 0.9325045218750001 0.9572912234375 0.934287025 0.9002309640625 0.9348812546874999 0.8852568281250001 0.9414174 0.8152307515624999 0.9533012359375 0.6099971171874999 0.926562559375 0.606473796875 0.733354459375 0.6033021468750001 0.725131515625 0.7317984609375 0.7221605578125 0.7824462515625 0.7191895984375 0.8352961156250001
4 0.6184580671875 0.6174437703125 0.7242241875000001 0.6178841953124999 0.7248184156249999 0.6081950468749999 0.70580425 0.6015888125 0.5709227203125 0.5980654953125 0.50455261875 0.6000418265625 0.503184840625 0.6288945796875 0.617863884375 0.6297754046875 0.6184580671875 0.6174437703125
4 0.494866146875 0.7975737359374999 0.49070682187500003 0.857029815625 0.4865474515625 0.9063563765625 0.4883300453125 0.9182475828125 0.6856017171875 0.9222113296875 0.6873843109375 0.90987968125 0.7087752093749999 0.9094392718750001 0.723035821875 0.6363816390625 0.68797849375 0.6319774828125 0.5940962109375 0.6319774828125 0.5186670171875 0.631962575 0.5019964765625 0.64518995 0.4990255171875 0.7116927046875 0.494866146875 0.7975737359374999
4 0.486385990625 0.9490930499999999 0.7032660125 0.9556992843750001 0.7074253374999999 0.9385230703125 0.7050485609375 0.9253106046875 0.690193765625 0.923108528125 0.6848460296875001 0.921346875 0.6789041109375 0.9253106046875 0.5850218265625 0.92222769375 0.577297315625 0.920025615625 0.567196071875 0.9217872843749999 0.5030668921875 0.92085855625 0.5054001125 0.9323572640625001 0.486385990625 0.9327976734375 0.486385990625 0.9490930499999999
4 0.2581817859375 0.9462565359375 0.3496873375 0.95154154375 0.4655547453125 0.9541840296874999 0.47446762343750004 0.949339465625 0.481003725 0.9277590984374999 0.48516305 0.7683286781249999 0.47327921406250006 0.7643649234375001 0.46258378593750005 0.7678882437500001 0.3692956421875 0.7608415953125001 0.336615090625 0.763043671875 0.27723650312500003 0.7629058875 0.26471788749999997 0.7758157296875 0.2611527453125 0.833950575 0.2581817859375 0.9462565359375
4 0.2635295203125 0.7542767625 0.268283028125 0.7604425703125 0.3360209078125 0.7613234046875 0.334832540625 0.7485513640625 0.469714071875 0.751193884375 0.48575723281250005 0.7489918046875 0.49348174531250005 0.6129033734375 0.49110496875000004 0.59969090625 0.45545345781249996 0.5944059328125 0.4441638046875 0.5979292468749999 0.272779325 0.59339570625 0.267688846875 0.6939398296875 0.2665004796875 0.72961348125 0.2635295203125 0.7542767625
4 0.0271553 0.9312817546875 0.0319088078125 0.9409709171875 0.2232386078125 0.946255890625 0.25175978906249996 0.9449346640625 0.25175978906249996 0.9163076703125 0.0432346203125 0.9104017609374999 0.046763603125 0.924675521875 0.0325030359375 0.924675521875 0.0271553 0.9312817546875
4 0.0426042796875 0.642412865625 0.04379264375 0.67896736875 0.0378507265625 0.7437084296875 0.0336914015625 0.8309107203125 0.0336914015625 0.8789160031250001 0.028937848437500004 0.888605165625 0.030126259375 0.9084238640625 0.10499442187500001 0.909745090625 0.10737119843750001 0.8952113984375 0.1780800375 0.897853884375 0.225615384375 0.8996155531250001 0.25354238281249997 0.8996155531250001 0.2600784828125 0.7726867671875 0.2630494421875 0.68453073125 0.270179771875 0.5700226749999999 0.2719623203125 0.5440381671875001 0.2707739546875 0.504841178125 0.26958554375 0.490747878125 0.2505714234375 0.4859033140625 0.23274566718749998 0.48414164531250004 0.222050196875 0.48766498281250004 0.0640347875 0.48387451875 0.06102421718749999 0.493081603125 0.0509229734375 0.49616451875 0.0426042796875 0.642412865625
4 0.064589359375 0.20106457031249997 0.05924166875 0.3895624265625 0.057459075000000005 0.45254184531249997 0.26245525937499997 0.457386409375 0.26780299531249996 0.3888819140625 0.2689913609375 0.36509946875 0.26661458437499996 0.33603204999999997 0.27493327968750003 0.2307727296875 0.276121690625 0.14577253437499998 0.2618610765625 0.14048754375 0.24106436250000002 0.144010865625 0.0937493125 0.14265272499999998 0.09370476875 0.15921034375 0.0705312765625 0.16053158750000002 0.064589359375 0.20106457031249997
4 0.21610827812500003 0.1407128875 0.21610827812500003 0.1235366921875 0.27671587343750004 0.1239771015625 0.2779042390625 0.072888896875 0.1810509953125 0.07156765312499999 0.07146341875 0.0716600984375 0.06934291249999999 0.12221544843750001 0.07112550625 0.13939164531249998 0.21610827812500003 0.1407128875
4 0.45259669375 0.167578246875 0.506073959375 0.1680186546875 0.506073959375 0.129262090625 0.507262325 0.08301845937499999 0.3017509875 0.07661331875 0.298700953125 0.17990987812499998 0.447843140625 0.1834331984375 0.45259669375 0.167578246875
4 0.29572999375000003 0.20627957812500003 0.294541628125 0.24988072187500002 0.2933532171875 0.2908393640625 0.29038225781250004 0.32607260625 0.2862229328125 0.3709949953125 0.2862229328125 0.38773078125 0.2826577921875 0.42164276406249995 0.283251975 0.46172060468750004 0.3640620546875 0.463482240625 0.4894365703125 0.46392268281250004 0.4882482046875 0.44806769687500003 0.4912191640625 0.42736817968749996 0.49656685468750006 0.3287703265625 0.49656685468750006 0.30983247812500003 0.502508771875 0.272837565625 0.502508771875 0.19003943125 0.48646561093749996 0.1851948671875 0.47161081562499996 0.187837353125 0.3539608125 0.1856352765625 0.343265340625 0.1838736234375 0.3240368796875 0.1850337921875 0.326627996875 0.20099458750000002 0.309396425 0.19967334375 0.29572999375000003 0.20627957812500003
4 0.51932538125 0.2762009734375 0.51516605625 0.32640833593749996 0.5175428328125 0.3545949359375 0.5175428328125 0.3898281796875 0.5127892796875 0.42594224062499997 0.5127892796875 0.46249674374999994 0.72075646875 0.46866256718750005 0.726104159375 0.3659764390625 0.727292525 0.31885195624999996 0.73264030625 0.251468415625 0.732046078125 0.18452521718749998 0.733828671875 0.1334370140625 0.73264030625 0.12242662499999998 0.7314518484375 0.084110478125 0.67678621875 0.084110478125 0.5253527859375 0.0826637328125 0.5234847515625 0.1775478875 0.52170215625 0.22379151875 0.51932538125 0.2762009734375
4 0.7455933796875 0.262452253125 0.7438108765625 0.3051725640625 0.7414340546875 0.36462866250000003 0.7366805015625 0.43553555624999996 0.7343037703124999 0.46460297500000003 0.7830274828125 0.4659242359375 0.7842158484375 0.45006928281249997 0.9446476453124999 0.4544734390625 0.9488070609375001 0.3862090296875 0.9505895640625001 0.33996538125 0.9517780203124999 0.28799635156250003 0.9517780203124999 0.2628926625 0.9541547515625 0.22633817656250002 0.9523721578125001 0.20211532187499998 0.9274161187500001 0.2016749125 0.8293744656250001 0.20123449531249998 0.8121429390625 0.200794078125 0.8044184265625001 0.20343657343750002 0.7719833421875 0.2004402859375 0.7681726875 0.2153277875 0.7455933796875 0.2188511171875 0.7455933796875 0.262452253125
4 0.7509411609375001 0.16614417812499999 0.7479702015624999 0.20093701249999998 0.76639009375 0.19917534374999998 0.7800565234375 0.199615753125 0.7960996859375 0.20093701249999998 0.8050125625 0.20225825625 0.811548709375 0.198734934375 0.89057624375 0.20137742187500002 0.8923588375 0.1864032859375 0.9553431171875 0.1894861984375 0.9571257109375001 0.09127353593750001 0.9042426734375001 0.089071459375 0.7482117234375 0.0854155203125 0.7485643390625001 0.1304705265625 0.7485643390625001 0.1502892265625 0.7509411609375001 0.16614417812499999