2 0.483218503125 0.051515146874999994 0.0482924296875 0.052148790625 0.0507746671875 0.29348393906250003 0.48706586874999996 0.294061421875 0.483218503125 0.051515146874999994
1 0.15696193593750002 0.2957939125 0.0769367609375 0.29348393906250003 0.0588744421875 0.29483568125000004 0.059238857812500004 0.3142736109375 0.153114571875 0.313118646875 0.15696193593750002 0.2957939125
1 0.46936796718749996 0.330809940625 0.46936796718749996 0.31637266249999996 0.32727270937499997 0.316504153125 0.3347101890625 0.33485238281249996 0.3585639 0.32965495312500004 0.46936796718749996 0.330809940625
1 0.887395871875 0.461579884375 0.842905225 0.46168291874999995 0.8489222203125 0.4737072109375 0.887395871875 0.4731297078125 0.887395871875 0.461579884375
1 0.5911487640625 0.4835245421875 0.6119245109375 0.48179207343749997 0.6142329531249999 0.46966476874999996 0.55113613125 0.4679323 0.5292929125 0.46890574375 0.5311298453125 0.479482121875 0.5780676875 0.48005960625000005 0.5911487640625 0.4835245421875
1 0.55960038125 0.497961821875 0.57883720625 0.4991168078125 0.57883720625 0.4875669859375 0.5119768953125 0.4876850859375 0.51266248125 0.49853932656250005 0.5342077484375001 0.49853932656250005 0.55960038125 0.497961821875
1 0.9066326968749999 0.48698950312499995 0.795767178125 0.48335139062500004 0.7996759953125 0.49276441562500006 0.9066326968749999 0.49334189687499996 0.9066326968749999 0.48698950312499995
3 0.958187365625 0.8567562484375 0.9391053218750001 0.8546045515625 0.9412589828125 0.8735034781250001 0.958187365625 0.8735034781250001 0.958187365625 0.8567562484375
6 0.95664844375 0.9208577546875001 0.95664844375 0.8821658453125 0.9381433203125 0.8820512828125 0.9351031750000001 0.8989131406249999 0.9366420984375001 0.9214352375000001 0.95664844375 0.9208577546875001
4 0.93048640625 0.927787675 0.9312558093750001 0.8013170859375001 0.7476671296874999 0.8011556515624999 0.7273454625 0.8209517937499999 0.7242676171875 0.928942640625 0.93048640625 0.927787675
4 0.7996759953125 0.771287565625 0.93048640625 0.7718650484375 0.933564253125 0.6621417328125 0.859694796875 0.6598317703125 0.727465109375 0.665366559375 0.7265760609374999 0.79092225 0.7989064765625 0.7880347953125 0.7996759953125 0.771287565625
4 0.7034918703125 0.9324075781250001 0.7073392359375 0.8244167328125 0.526406909375 0.822824125 0.500350925 0.838276528125 0.4949646375 0.9306751312499999 0.7034918703125 0.9324075781250001
4 0.6250055875 0.8197968078125 0.6265445093750001 0.803627059375 0.7034918703125 0.8018945921875 0.7058001953125 0.660986746875 0.5292929125 0.6595883 0.4972730203125 0.6800439593750001 0.49573409843749994 0.8203743125 0.6250055875 0.8197968078125
2 0.932967528125 0.12573530156249998 0.5013948828125 0.125821596875 0.5012931218750001 0.304757553125 0.93450645 0.301292615625 0.932967528125 0.12573530156249998
2 0.7075119140624999 0.305944390625 0.4975468796875 0.30566991718750003 0.49821521874999997 0.483811609375 0.7105897578125 0.4826566453125 0.7075119140624999 0.305944390625
2 0.938353815625 0.3070993328125 0.72457910625 0.30566991718750003 0.725209815625 0.483811609375 0.9352759718750001 0.48438909218750004 0.938353815625 0.3070993328125
2 0.7105897578125 0.48474397812500003 0.49947088125 0.48407367343749996 0.49744575781249994 0.65821324375 0.711359278125 0.6587907265624999 0.7105897578125 0.48474397812500003
2 0.9352759718750001 0.4843884 0.7226551046874999 0.481021453125 0.72136245 0.657058234375 0.9314286062500001 0.65763571875 0.9352759718750001 0.4843884
2 0.04925443125 0.9261105109375001 0.4856920171875 0.92445745 0.4841530953125 0.3279608734375 0.05247868906249999 0.3273833796875 0.04925443125 0.9261105109375001
7 0.899128021875 0.081341475 0.8571442671874999 0.064453125 0.768698425 0.0625 0.6490594140625 0.060957071875000005 0.658141121875 0.1005859375 0.6668545703125 0.112972428125 0.8860157265625 0.113675328125 0.899128021875 0.081341475