3 0.945786453125 0.9420426828125 0.9251435125 0.9420426828125 0.9251435125 0.9531489546874999 0.945786453125 0.9531489546874999 0.945786453125 0.9420426828125
6 0.91446613125 0.9393946 0.8271182546875 0.9393946 0.8271182546875 0.9541942515624999 0.91446613125 0.9541942515624999 0.91446613125 0.9393946
2 0.9999562031250001 0.6058172359375 0.6760999937500001 0.6061427328125 0.66996323125 0.925767465625 1 0.928442690625 0.9999562031250001 0.6058172359375
1 0.8943647531250001 0.5818995921875 0.6722831046875 0.579990646875 0.670024896875 0.5962905843749999 0.8941787390625 0.598265815625 0.8943647531250001 0.5818995921875
4 0.947278396875 0.5693333140625 0.947278396875 0.5676721859375 0.9468402875 0.4560237390625 0.669604296875 0.45334682031250007 0.6693481015625 0.5055457109375 0.6697861296875 0.5670077250000001 0.947278396875 0.5693333140625
2 0.9196124921875001 0.17282255156249998 0.610696346875 0.1724883046875 0.6113431281249999 0.42965114531250004 0.9220365109375 0.4299576015625 0.9196124921875001 0.17282255156249998
1 0.716579134375 0.1508691484375 0.6110759359375 0.15162993593750002 0.608881978125 0.16516688906250002 0.713628565625 0.164420915625 0.716579134375 0.1508691484375
7 0.7555854828124999 0.1375092421875 0.9038002296875 0.1305832296875 0.9160929203125001 0.090092690625 0.30707577656249996 0.09116675625000001 0.3067266484375 0.1319151421875 0.5367755843750001 0.13457900312499999 0.7555854828124999 0.1375092421875
4 0.0997462234375 0.204904671875 0.1119636265625 0.2093391875 0.145023390625 0.20610874375 0.25535785781250003 0.20657023749999998 0.3289816953125 0.2070317484375 0.5258645859375 0.2067240875 0.5365312421875 0.2058010828125 0.5365312421875 0.191956321875 0.596497365625 0.1924178328125 0.5950776203125 0.150575859375 0.5880722875 0.14061539218750002 0.1341657578125 0.1393739375 0.1387316625 0.15748810625 0.09658524843750001 0.1569553453125 0.0997462234375 0.204904671875
4 0.24544643281249998 0.20749324374999997 0.158842015625 0.20764705156250002 0.1413994421875 0.2067240875 0.12740483281249998 0.20872386718749997 0.12314559843749999 0.219799678125 0.10144377499999999 0.227029721875 0.1034719953125 0.25564224062499996 0.3922569640625 0.256257578125 0.48900247343750003 0.256257578125 0.4916390828125 0.241797471875 0.5954832484375 0.240105353125 0.593252246875 0.206416428125 0.5405773140625 0.2075458609375 0.4338668296875 0.20780090312500002 0.31967880000000004 0.20733939218750003 0.24544643281249998 0.20749324374999997
4 0.118571825 0.25725510156250003 0.10031799374999999 0.274484146875 0.0999123203125 0.31817205937500004 0.36537138125 0.31971036875 0.42743455625 0.3194027078125 0.43067962968750007 0.30448115 0.568394871875 0.3038658046875 0.5807669890625 0.3032504828125 0.5947615328125 0.301096853125 0.5949644765625 0.2641774796875 0.59009666875 0.253870828125 0.49228831875 0.2544197453125 0.310034578125 0.255716790625 0.200714184375 0.2564859484375 0.118571825 0.25725510156250003
4 0.1020602625 0.350975290625 0.129035409375 0.3531289203125 0.1243705359375 0.36220494375 0.10104617499999999 0.365127728125 0.0977237640625 0.4163533359375 0.26122005625 0.4148150265625 0.3332214140625 0.4157380328125 0.348027325 0.414507375 0.3462019078125 0.40066262343750003 0.5928318953125 0.399124296875 0.59262899375 0.360321678125 0.5950628546875001 0.3266327703125 0.5897895046875 0.320018028125 0.49888045937500003 0.31832589375000003 0.43073278593750003 0.3189412140625 0.39179121875 0.3204795234375 0.230345925 0.319248875 0.1301099875 0.31880398906249996 0.127210025 0.3326694359375 0.098815134375 0.334053903125 0.1020602625 0.350975290625
4 0.4671295296875 0.43649672968750003 0.4691577171875 0.42680539531250006 0.46550688281249997 0.4172678703125 0.45212078125 0.413883615625 0.2278011109375 0.41372976406250006 0.1251343484375 0.4163232203125 0.131055634375 0.4335739453125 0.4427909703125 0.43249713125 0.4671295296875 0.43649672968750003
7 0.6006337562499999 0.490413675 0.61749658125 0.4869255703125 0.6305267984375 0.4598929125 0.59948401875 0.45146337187499996 0.08750665156250001 0.452747115625 0.08325467343750001 0.473554578125 0.093219034375 0.49157635 0.6006337562499999 0.490413675
4 0.086848846875 0.6383571203125 0.2800227921875 0.6398095859375 0.2797834265625 0.626919215625 0.3633245828125 0.6263745515625 0.3654790015625 0.496381865625 0.1166761453125 0.4945322484375 0.1160523609375 0.510179971875 0.085412609375 0.512540175 0.086848846875 0.6383571203125
4 0.091157575 0.7712271109375 0.0875669828125 0.8607332703124999 0.29103401875 0.86254879375 0.295821409375 0.8474798046875 0.36404275625000004 0.852744865625 0.3671546109375 0.797552465625 0.365718365625 0.6811103390625 0.3618883375 0.643347084375 0.29294894375 0.6402606578125 0.12044761562499999 0.6404664984374999 0.114616121875 0.6564189671875 0.0873276109375 0.657145190625 0.091157575 0.7712271109375
4 0.0878063546875 0.925069371875 0.35494652968749996 0.9301528843750001 0.3633245828125 0.9265218171875 0.3654790015625 0.8633410140625 0.287203990625 0.8644303343749999 0.1175142484375 0.8620703593749999 0.11509485312500001 0.8782284562499999 0.089481965625 0.8771391062499999 0.0878063546875 0.925069371875
4 0.3864677734375 0.6763239359375001 0.4465503453125 0.6714219531250001 0.45373154375 0.6596209515625 0.6425967671875 0.6612549265625 0.6564804828125 0.6572607625 0.6545654046875 0.53010694375 0.6555229703125 0.5057786796875 0.6519323828125 0.49633786874999997 0.3806791234375 0.4973937046875 0.37785031875 0.61350621875 0.3776109390625 0.665430678125 0.3864677734375 0.6763239359375001
4 0.37306288906249996 0.9072770765625 0.37928655 0.9336024328124999 0.6234470062499999 0.93505486875 0.654326040625 0.9319684484374999 0.6555229703125 0.6940226578125 0.654326040625 0.67368860625 0.43625734375 0.67423325625 0.40872294531250003 0.6779833656250001 0.3965214359375 0.6876902578124999 0.37713219531250003 0.6871455906249999 0.37306288906249996 0.9072770765625