7 0.218833046875 0.10295988281249999 0.22358388749999997 0.0772115203125 0.0899587765625 0.078759515625 0.0841128 0.0883602859375 0.094632525 0.10163263281249998 0.218833046875 0.10295988281249999
7 0.2134034984375 0.3151163140625 0.094711315625 0.314905253125 0.092596403125 0.3358212125 0.21068874218750003 0.3331667234375 0.2134034984375 0.3151163140625
4 0.09022098281249999 0.2859493109375 0.09565051249999999 0.3069196609375 0.43058492031249995 0.3047960515625 0.44008652968749995 0.2878074390625 0.5103310671875 0.2947090625 0.5065983046875 0.1326578 0.5076163124999999 0.1159346421875 0.49981145156249995 0.106643984375 0.11075113750000001 0.11083442968749999 0.11431457812500001 0.12336715625000001 0.089881684375 0.1225707828125 0.09022098281249999 0.2859493109375
4 0.090899671875 0.3752359796875 0.1638590390625 0.3739087640625 0.165216415625 0.36302543125 0.49404260468750005 0.3627599921875 0.501508128125 0.3555929125 0.49743603125 0.339931534375 0.2982399671875 0.342055109375 0.11787994531249998 0.34419104375 0.1173686875 0.35904372812499996 0.092596403125 0.3616981875 0.090899671875 0.3752359796875
4 0.09022098281249999 0.43496155156249994 0.454339053125 0.432307078125 0.455357059375 0.4195656296875 0.5076163124999999 0.42168919843749997 0.512367153125 0.40098434374999997 0.50490155625 0.37151972187500004 0.21849378281249998 0.3736433046875 0.12085028281250002 0.3739416875 0.11702929843750001 0.384792090625 0.0919177140625 0.38718111093749996 0.09022098281249999 0.43496155156249994
7 0.2093313640625 0.4455794609375 0.09352318125 0.44692373593749996 0.09157841562499999 0.4646916109375 0.2001690171875 0.465487984375 0.2093313640625 0.4455794609375
4 0.0939538359375 0.6094245671875 0.157411446875 0.6107517609374999 0.20491985937499999 0.6065046265625 0.2096707 0.5956213203125 0.4906490328125 0.5974794484375 0.5120278171875 0.5948249484375 0.5120278171875 0.4732502375 0.398346965625 0.47457748750000006 0.1482491734375 0.47696649375 0.12144435 0.47853379531250007 0.1149932671875 0.49103519375 0.09157841562499999 0.49315877500000005 0.0939538359375 0.6094245671875
4 0.0976385140625 0.6532891984375 0.129099271875 0.6542977890625 0.1337410015625 0.6411860968750001 0.5102384125 0.635537996875 0.51307500625 0.606087203125 0.370674859375 0.6052803296875 0.223170421875 0.606087203125 0.20563499375 0.6079026625 0.1780423125 0.610524990625 0.12388869375 0.610921840625 0.1226523890625 0.6220229140625 0.09867003125 0.6224263375 0.0976385140625 0.6532891984375
1 0.5014706578125 0.7324114875000001 0.4999234546875 0.7146602859375 0.392514625 0.71760355 0.390326546875 0.7340252031250001 0.4872875859375 0.7348321046875 0.5014706578125 0.7324114875000001
2 0.5071412421875 0.7483333328125 0.29319774062500004 0.7483333328125 0.29319774062500004 0.9880238734375 0.5071412421875 0.9880238734375 0.5071412421875 0.7483333328125
2 0.9308361578125 0.0139257296875 0.5333446328125 0.0139257296875 0.5333446328125 0.46545534999999993 0.9308361578125 0.46545534999999993 0.9308361578125 0.0139257296875
2 0.9352146890625 0.5098894781250001 0.5270225984375 0.5098894781250001 0.5270225984375 0.9999955796875 0.9352146890625 0.9999955796875 0.9352146890625 0.5098894781250001
1 0.6033333328125 0.48976127343750003 0.534700565625 0.48976127343750003 0.534700565625 0.50753315625 0.6033333328125 0.50753315625 0.6033333328125 0.48976127343750003
1 0.9347062140625001 0.47527409374999996 0.8489096046875 0.47527409374999996 0.8489096046875 0.4919938109375 0.9347062140625001 0.4919938109375 0.9347062140625001 0.47527409374999996