4 0.1823448234375 0.22617793281249998 0.18732598281249999 0.2115941421875 0.30632016093750003 0.2137388171875 0.311301278125 0.072619265625 0.3090874671875 0.0340151359375 0.1989486625 0.031441525 0.1900932890625 0.0262943203125 0.1662944375 0.028010040625 0.0997779484375 0.0285157859375 0.097665228125 0.212880928125 0.0993256296875 0.2240332578125 0.1823448234375 0.22617793281249998
6 0.3068736140625 0.2353631703125 0.2188732609375 0.23021595 0.1419863796875 0.2295199140625 0.1375144671875 0.24522866875 0.3046597609375 0.249518015625 0.3068736140625 0.2353631703125
7 0.24543941875000003 0.320721184375 0.2360305515625 0.3164318359375 0.13783473125 0.316353696875 0.1391748265625 0.33316029999999996 0.2421186171875 0.3357339015625 0.24543941875000003 0.320721184375
7 0.20337632656250001 0.4391777265625 0.204483275 0.403576175 0.282521309375 0.4031472140625 0.2852886140625 0.3769821828125 0.28584206874999996 0.3482435484375 0.12367793593750001 0.346956746875 0.097702125 0.3469063234375 0.09987908281249999 0.4031472140625 0.1015394828125 0.434888378125 0.20337632656250001 0.4391777265625
4 0.1031998421875 0.5885295609375001 0.16186673125 0.5859559265625001 0.16463403593749998 0.5730878828125 0.290823228125 0.5722300265625 0.30355285468750004 0.5683696078125 0.3007855484375 0.46328058437499997 0.3007855484375 0.44183384531250003 0.1094651296875 0.44553235 0.0993256296875 0.4607069828125 0.0993256296875 0.5859559265625001 0.1031998421875 0.5885295609375001
4 0.10264638906250001 0.7523316140625 0.25650864375000004 0.7519026859375 0.26038285625 0.7347452953125 0.30355285468750004 0.73688996875 0.3074270671875 0.6965700921875 0.302999359375 0.592767871875 0.301892453125 0.5846181031250001 0.22772863281250003 0.5846181031250001 0.2210871140625 0.5889074515625 0.11500066093750001 0.590255321875 0.11814332187500001 0.60392016875 0.10430678906249999 0.60392016875 0.10264638906250001 0.7523316140625
4 0.1031401109375 0.8654708734375 0.12445002812499999 0.8633952718750001 0.21594059375 0.86216781875 0.21679299843750002 0.8487354 0.2619700265625 0.8493960171875001 0.3037374546875 0.8465333640624999 0.3062946703125 0.8308989078125 0.304589859375 0.7571306875 0.2989072140625 0.7538276328125 0.2517412484375 0.7544882421875 0.2480475640625 0.75250640625 0.24179664375 0.7516255968750001 0.23611399843749997 0.7542680421875 0.12333385156250001 0.7540310015625 0.11763085 0.7685812796875 0.10370836718750001 0.7712237156249999 0.1031401109375 0.8654708734375
4 0.105981434375 0.899068259375 0.2798703640625 0.8977470406249999 0.30714703125 0.8935631687500001 0.3062946703125 0.8649366953125 0.12475474843750001 0.8682280921875 0.1207563 0.88233278125 0.105129028125 0.88211258125 0.105981434375 0.899068259375
3 0.0936114265625 0.8455587734375 0.091338359375 0.8385122578124999 0.07431290625 0.83850933125 0.0765634921875 0.8576699765625 0.091338359375 0.8565689578125 0.0936114265625 0.8455587734375
6 0.0958844703125 0.9012702953125 0.093895553125 0.8649366953125 0.07750992343749999 0.8641004859375 0.074574553125 0.8801307453125 0.0765634921875 0.9023713140625 0.0958844703125 0.9012702953125
4 0.52283714375 0.8882782859375 0.338435328125 0.8827731984374999 0.335878134375 0.899068259375 0.5157338390625 0.9014905046875 0.52283714375 0.8882782859375
4 0.3213873953125 0.88211258125 0.37508836875 0.8825529859374999 0.3779296890625 0.8662579265625 0.506925721875 0.86956098125 0.52283714375 0.8682397484375001 0.5211323328125 0.8519446796875 0.3364683984375 0.850616975 0.3344574734375 0.8660377125000001 0.3213873953125 0.865377103125 0.3213873953125 0.88211258125
4 0.3205349890625 0.849059403125 0.45833913906249996 0.8499402203124999 0.4631693765625 0.83893003125 0.51687035 0.8391502390625 0.52312125 0.8349663656249999 0.519995821875 0.8096429468749999 0.513176621875 0.8003943921875001 0.4699885328125 0.799513584375 0.45833913906249996 0.8025964296874999 0.33611317343749997 0.803011921875 0.3330368125 0.8204329296875 0.321103246875 0.8208733374999999 0.3205349890625 0.849059403125
4 0.3171254125 0.7977015093750001 0.33360506874999996 0.8014449734375001 0.3790662234375 0.7994631375 0.37935035156249997 0.78603071875 0.519711671875 0.78625091875 0.5202799265625 0.7541011859375 0.3346922765625 0.7543061765625 0.33246853593750003 0.7708366640625 0.3196825859375 0.771056871875 0.3171254125 0.7977015093750001
4 0.31740953906249997 0.747348940625 0.32394456875 0.7528540328125 0.42509565625 0.753074215625 0.44328010000000007 0.7488903515625001 0.44328010000000007 0.7378801703125 0.5188592671875 0.7389811875000001 0.519711671875 0.7237871328125001 0.5083463828125 0.7226861140625 0.5015272265624999 0.71982346875 0.47282985625 0.71872245 0.4677154671875 0.7226861140625 0.444416634375 0.7233467250000001 0.4358926671875 0.721364896875 0.431062428125 0.7237871328125001 0.33824451875 0.723211546875 0.3364463890625 0.7385407796875 0.31939845624999996 0.7378801703125 0.31740953906249997 0.747348940625
4 0.3188302015625 0.65753494375 0.32081911875 0.6744906171875 0.3196825859375 0.7064201453125001 0.321103246875 0.7189717625000001 0.3361622625 0.71985258125 0.34809580625000003 0.7240364359375 0.3509371296875 0.72029298125 0.44498491093750003 0.7207333828125 0.44725795625 0.7141272734374999 0.44470076093750005 0.705319128125 0.519143415625 0.7073009625 0.52255299375 0.6784542890624999 0.519711671875 0.6637006609375 0.5214164828125 0.6181184875 0.5177227546875 0.6101911609374999 0.494139771875 0.606667896875 0.47368226093750004 0.6117325874999999 0.3375340703125 0.610390325 0.33218440625 0.624504396875 0.319966734375 0.62516500625 0.3188302015625 0.65753494375
4 0.3171254125 0.6120116421875 0.3492323390625 0.6091489875 0.34894821249999997 0.5979186046875 0.4333354734375 0.5970377874999999 0.45180408906249997 0.5979186046875 0.46629480624999997 0.5990196234375 0.487320615625 0.59593676875 0.51743860625 0.5981388046875 0.5182910109375001 0.58382556875 0.5123242609374999 0.58118313125 0.50380029375 0.5849265859375 0.44924689375 0.58338516875 0.43674507343749996 0.5798619046875 0.4231067171875 0.582944759375 0.3807710125 0.58228415 0.37196291875 0.5789811 0.3620182890625 0.581843740625 0.335402725 0.5825977796874999 0.3319002796875 0.595276159375 0.31769366875 0.5954963671875 0.3171254125 0.6120116421875
4 0.36741680625 0.57655885 0.37395185625 0.5776598671875 0.418276478125 0.580962921875 0.4356085390625 0.5781002765625 0.4765235828125 0.580962921875 0.47766009374999996 0.5681911140625 0.4071953171875 0.56312643125 0.3975348171875 0.5657688796875 0.3364683984375 0.5655370109375 0.332752684375 0.5798619046875 0.33815117968749997 0.5805225171874999 0.36741680625 0.57655885
4 0.3188302015625 0.562746815625 0.36230241875 0.5631872171875 0.3873060609375 0.5603245718750001 0.3807710125 0.5495346015625 0.519427565625 0.550195203125 0.519711671875 0.536982984375 0.3378892953125 0.5327913390625 0.32962721250000004 0.5495346015625 0.3168412625 0.5510760203125 0.3188302015625 0.562746815625
4 0.3171254125 0.5151382109375 0.31854607343749997 0.531213071875 0.4259480390625 0.5325342890625 0.427652828125 0.5171200359375 0.519711671875 0.5171200359375 0.519995821875 0.5039078156250001 0.40918423437499996 0.5003845578125 0.38986325625 0.4990633390625 0.3784979671875 0.501485575 0.3368236234375 0.5008711890625 0.3361622625 0.5151382109375 0.32991136249999997 0.51381698125 0.3171254125 0.5151382109375
4 0.3205349890625 0.4532234796875 0.31826192343750004 0.49131870468749994 0.32479697343749997 0.499906640625 0.33246853593750003 0.49836522343749995 0.3716787890625 0.4979248140625 0.38815846718749997 0.4974844046875 0.3949776234375 0.4974844046875 0.41486687812499995 0.49880562343749996 0.44413250625 0.4979248140625 0.44271184375 0.4842721859375 0.5202799265625 0.4844923859375 0.5234053984375 0.43935064375 0.49669698906250004 0.435386975 0.4481103609375 0.4375890125 0.3524534890625 0.43427914999999995 0.3498006171875 0.4516820484375 0.339003584375 0.45058102968749997 0.3205349890625 0.4532234796875
4 0.3179777953125 0.40419437187499996 0.3205349890625 0.41960862812500005 0.3213873953125 0.43414206406250005 0.35519911249999997 0.4323804375 0.3983872234375 0.4343622734375 0.41515102812500004 0.4332612546875 0.41685581718750003 0.42115005468750005 0.5057892109375 0.41916821875 0.5057892109375 0.40463478124999996 0.5234053984375 0.40375396406249997 0.5251102109375 0.3735860671875 0.33895496875000003 0.37043885 0.339003584375 0.3859174671875 0.3222397796875 0.38437604531249997 0.3179777953125 0.40419437187499996
4 0.3205349890625 0.3672253859375 0.42935763906249996 0.368546603125 0.4290734890625 0.3553343859375 0.5219847390625 0.35335255781249997 0.52397365625 0.343223184375 0.5219847390625 0.3388191125 0.5234053984375 0.3090916203125 0.45038342656249997 0.30380674218750003 0.44242771718749996 0.3097522296875 0.3414415375 0.304121984375 0.3372987953125 0.319000784375 0.3216715234375 0.3192209921875 0.3205349890625 0.3672253859375
4 0.3216715234375 0.2913705640625 0.32508110156250003 0.302600946875 0.36088175625 0.3008393203125 0.3807710125 0.3045827828125 0.4407229265625 0.30700501875 0.4407229265625 0.29004934531250004 0.5245419109375 0.2926917828125 0.5248260609375001 0.27837855 0.4611804609375 0.27419468125 0.395830028125 0.2722128453125 0.3421519859375 0.27412805156250003 0.33758292343749996 0.28608567812499996 0.3287748296875 0.285204859375 0.3216715234375 0.2913705640625
4 0.3233763125 0.271784078125 0.3935569625 0.270683059375 0.39412523906249997 0.25835165937500004 0.48447929375000004 0.25901226875 0.48788887187499996 0.2537273859375 0.5171544984375 0.257030440625 0.5242578046874999 0.2431576078125 0.5270991265625 0.2292847765625 0.3421519859375 0.226247825 0.33871945625 0.24029495937499998 0.32422871875000003 0.240515171875 0.3233763125 0.271784078125
4 0.32280805625000003 0.2246740859375 0.4361767953125 0.2240134765625 0.43674507343749996 0.20992043906250002 0.5094829375 0.21080125781249998 0.52795153125 0.2068375859375 0.5282356390625 0.1815141703125 0.3421519859375 0.1756158625 0.3421290359375 0.1907627203125 0.32593350625 0.192744553125 0.32280805625000003 0.2246740859375
4 0.325649378125 0.1745310296875 0.421970184375 0.1751916421875 0.42424324999999996 0.1628602375 0.5171544984375 0.164842078125 0.5285197875 0.1606582 0.525394315625 0.1487672046875 0.45038342656249997 0.1443631328125 0.4415753109375 0.14964801875 0.3435728828125 0.1445212328125 0.3392877125 0.16153902343749998 0.32479697343749997 0.16175921875 0.325649378125 0.1745310296875
4 0.3265017625 0.12934240624999999 0.3265017625 0.13748993437499998 0.32991136249999997 0.1443162421875 0.34837995624999996 0.14079298906249998 0.374235984375 0.14409604375 0.42424324999999996 0.14145360625 0.43958639374999997 0.1425546234375 0.45890739375 0.1434354296875 0.50380029375 0.1445364484375 0.50465265625 0.1286817875 0.5273832328125 0.127800975 0.5310769609375 0.1165705875 0.34428333125 0.11205073437499999 0.34156077812499996 0.1194332328125 0.344686228125 0.12934240624999999 0.3265017625 0.12934240624999999
4 0.3287748296875 0.1099253546875 0.3887267234375 0.11146678125000001 0.41799235 0.111026371875 0.4191288609375 0.0978141546875 0.526530871875 0.09957578125 0.5296563 0.08328071249999999 0.5288038937499999 0.0683068625 0.41230970625 0.066545234375 0.40463812343749994 0.0632421796875 0.39611415625 0.0667654390625 0.3481907984375 0.0630698140625 0.345538634375 0.080858471875 0.3282065515625 0.0795372578125 0.3287748296875 0.1099253546875
4 0.3762249015625 0.0610627796875 0.37764556250000003 0.0476303609375 0.5219847390625 0.052474834375 0.5305087046875 0.050493007812500004 0.5296563 0.0361797703125 0.5089146390625 0.035078751562499996 0.5003906734375 0.031775696874999995 0.49186670625 0.0359595609375 0.36997400156250004 0.03221610625 0.36258656718750004 0.027812032812499998 0.354346728125 0.032436306250000005 0.327943015625 0.0330758796875 0.3276382953125 0.05797992656249999 0.3412766515625 0.06436585156249999 0.3762249015625 0.0610627796875
4 0.5815376734375 0.047850560937499995 0.6329656234375001 0.051153615625 0.6477404890625 0.0502727984375 0.672744134375 0.0502727984375 0.6758695625 0.040583842187500004 0.6619471015625 0.0355191609375 0.6448991671875001 0.032876715625000004 0.640353034375 0.03838180625 0.5424984609375 0.0325255328125 0.542327440625 0.0480707609375 0.555113390625 0.0487313796875 0.5815376734375 0.047850560937499995
4 0.542895696875 0.097176171875 0.5562499015625 0.09805699062499999 0.5752867734375 0.09585495468750001 0.5755709015625 0.08220232656250001 0.6244416562499999 0.083743753125 0.74462959375 0.0866064 0.7463343609375 0.0551172796875 0.560259671875 0.0512373453125 0.5573864359375 0.0659072609375 0.5409067796875 0.0659072609375 0.542895696875 0.097176171875
4 0.542043290625 0.1587714453125 0.5565340515625 0.1618542828125 0.57613915625 0.1605330640625 0.57613915625 0.1484218640625 0.72672925625 0.14886228125 0.74462959375 0.1499633 0.74434544375 0.1032801171875 0.563101465625 0.09966791875 0.555681646875 0.1156115171875 0.542327440625 0.116932753125 0.542043290625 0.1587714453125
4 0.54119090625 0.187652396875 0.545452890625 0.19469890625 0.56164841875 0.19447870625000002 0.5988697359375 0.19469890625 0.60000626875 0.17840383437500001 0.74462959375 0.18236750468750001 0.74434544375 0.167613859375 0.7167846265625 0.1636501875 0.66933455625 0.1634300046875 0.6650725734375 0.165632040625 0.6264305734375 0.165632040625 0.56168056875 0.1632330453125 0.56022775625 0.17994527656249998 0.54119090625 0.18016546093750002 0.54119090625 0.187652396875
4 0.53948611875 0.2268166203125 0.5789804796875 0.2254954015625 0.602279334375 0.2265964203125 0.6639360171875001 0.22813784843749998 0.7054193390625 0.22901865781250003 0.7213307171875 0.22527519375 0.71962595 0.2147054203125 0.74406129375 0.215366034375 0.74434544375 0.2001719828125 0.7375262890625 0.1953275015625 0.7272975109375001 0.19863055624999998 0.67018691875 0.1964285203125 0.5595492234375 0.1973545859375 0.558238840625 0.211402365625 0.5403385015625 0.21052156093750002 0.53948611875 0.2268166203125
4 0.5400543734375 0.25764513125 0.691780984375 0.2609481859375 0.7054193390625 0.2587461484375 0.7057034453125001 0.24509352187500003 0.7369579890625 0.24641474843750003 0.7437771890625 0.24267128593749998 0.7437771890625 0.231661103125 0.717068734375 0.23033988437500003 0.7142274109375 0.231661103125 0.68808725625 0.23232171250000003 0.6866665953125 0.230119675 0.6735965390625 0.2285782484375 0.6733123890625 0.23122069375 0.63722760625 0.229899475 0.6295560453125 0.2276974390625 0.6218844390625 0.2296792671875 0.5577731015625 0.22872438750000001 0.5531244515625 0.24179046718750002 0.54119090625 0.2406894484375 0.5400543734375 0.25764513125
4 0.5406226296875001 0.2908315359375 0.6488770015624999 0.29127194375 0.6491611515625 0.28334460781250004 0.6457515734375 0.27519707968749996 0.7437771890625 0.279821353125 0.7449137 0.26352627968750003 0.7335484109375 0.2584615984375 0.7261610000000001 0.26352627968750003 0.66137884375 0.2619848609375 0.56168056875 0.2609197125 0.55397685625 0.27519707968749996 0.5403385015625 0.2745364625 0.5406226296875001 0.2908315359375
4 0.5400543734375 0.30624580625000003 0.5400543734375 0.3209994359375 0.5590912234375 0.32408228906250003 0.6556962000000001 0.3225408546875 0.710817834375 0.324742890625 0.7119543890625 0.3104296625 0.7349690734375 0.3097690453125 0.7437771890625 0.30360334375 0.741504121875 0.2947951984375 0.703714528125 0.2945749984375 0.6758695625 0.291051734375 0.6511500671875 0.291051734375 0.6485928953125 0.293253771875 0.604836528125 0.2945749984375 0.6025634625 0.29149214375 0.5965966890625001 0.29149214375 0.59034576875 0.29545580781249997 0.56203579375 0.2939405578125 0.55539751875 0.29721744375000003 0.5573864359375 0.3075670078125 0.5400543734375 0.30624580625000003
4 0.5409067796875 0.3555714 0.6377958625 0.35623201875 0.6642201671875 0.3522683453125 0.66137884375 0.34169858125 0.7423565265625001 0.34059756406249997 0.7437771890625 0.32738534375 0.6545596453125 0.32518330781250004 0.61904311875 0.3267247265625 0.5577731015625 0.325585534375 0.555113390625 0.3394965453125 0.5406226296875001 0.339056128125 0.5409067796875 0.3555714
4 0.5352241359375001 0.37982743281250003 0.53920196875 0.40559126875 0.5988697359375 0.40404983281250006 0.665924934375 0.4042700328125 0.6841094234375 0.4022882140625 0.729854684375 0.4027286140625 0.7304229828125 0.39039720624999996 0.74406129375 0.3914982234375 0.74406129375 0.363312159375 0.7412199734375 0.3591282953125 0.6099508953125 0.3584676765625 0.560614896875 0.3586063796875 0.5573864359375 0.37454255000000003 0.53948611875 0.3723405125 0.5352241359375001 0.37982743281250003
4 0.54119090625 0.860010084375 0.722751378125 0.8584686578125 0.73894695 0.839310946875 0.7449137 0.7946096015624999 0.7332643046875 0.786902478125 0.55397685625 0.7884439000000001 0.55085140625 0.81002385625 0.5409067796875 0.809363246875 0.54119090625 0.860010084375
4 0.535792390625 0.7857591015625001 0.6772902234375 0.7859793015625 0.68041569375 0.7734276921875 0.741788271875 0.7727670843750001 0.741504121875 0.7428193875 0.71365915625 0.7373142953125 0.557417878125 0.7410978375 0.5542609859375001 0.7558114015624999 0.5369289234375 0.7555912 0.535792390625 0.7857591015625001
4 0.538917840625 0.7384382781250001 0.57130891875 0.7364564421875001 0.5724454515625 0.7247856671874999 0.7213307171875 0.726327078125 0.741504121875 0.7228038140625 0.7434930390625001 0.6778822765625 0.74548195625 0.66026598125 0.6639360171875001 0.6598255749999999 0.65740096875 0.65806394375 0.6448991671875001 0.66092659375 0.60199520625 0.662908434375 0.557417878125 0.6601967671875 0.555113390625 0.6750196296875 0.5406226296875001 0.6772216671875 0.538917840625 0.7384382781250001
4 0.5397702468750001 0.65846815625 0.5678993390625 0.6571469203125 0.577275690625 0.6608903765624999 0.5832424625 0.6571469203125 0.6517183234374999 0.6569267125 0.66876625625 0.6567065125 0.7093971734375 0.6573671375 0.7122384937499999 0.643934703125 0.7449137 0.6448155109375 0.74548195625 0.6139870015625 0.73212775 0.609362728125 0.7190576937500001 0.6135465921875001 0.6281353843749999 0.612005175 0.60512065625 0.6128859828125 0.5980173515625 0.6115647656250001 0.590061640625 0.6137668015625 0.5581283265625 0.6134172359375001 0.5565340515625 0.6269790203125 0.5409067796875 0.6269790203125 0.5397702468750001 0.65846815625
4 0.5400543734375 0.6128979484375 0.5548292406249999 0.6126777484375 0.56988825625 0.6115767296875 0.5909140453124999 0.61223735625 0.5988697359375 0.610255503125 0.6093826390625 0.611356521875 0.6184748625 0.610255503125 0.61904311875 0.5977039015625001 0.7159322234375 0.595942265625 0.7432089328125 0.5948412484375 0.74406129375 0.551240928125 0.6920651328125 0.551240928125 0.6895079171875 0.5488186875000001 0.68155220625 0.5477176734375 0.6750172 0.5516813375 0.6196114171875 0.5519015406250001 0.6088143625 0.5494793015625 0.6039841234375001 0.553002559375 0.5581283265625 0.55150315 0.55710230625 0.566214775 0.5397702468750001 0.5653339640625 0.5400543734375 0.6128979484375
4 0.5383495859375 0.5397428093750001 0.542043290625 0.5518540109375001 0.5656262734374999 0.5496519734375 0.6028475890625 0.5485509546875 0.6198955234375 0.5483307468749999 0.6198955234375 0.532696290625 0.7270133609375 0.5333569 0.7429247828125 0.5307144593750001 0.7434930390625001 0.5183830546875 0.6420578453125 0.5190436640625 0.6395006734375001 0.5166214265625 0.621600334375 0.515740609375 0.6125080890625 0.5192638765625001 0.5577731015625 0.5173816109375 0.555113390625 0.5348983281249999 0.5400543734375 0.5364397546874999 0.5383495859375 0.5397428093750001
4 0.5409067796875 0.5153645515624999 0.55397685625 0.5162453703125001 0.5610801624999999 0.5155847515625 0.58096941875 0.5169059781249999 0.60654131875 0.5177867890625001 0.6133604953125 0.5140433328125 0.6247257625 0.5151443515625 0.640068928125 0.5151443515625 0.65001355625 0.5166857703125001 0.6951905609375 0.5149241421874999 0.69462230625 0.5008311187500001 0.741788271875 0.50127151875 0.741788271875 0.48475624531249994 0.7057034453125001 0.48607746875 0.70030495 0.4829946140625 0.691496834375 0.48607746875 0.557417878125 0.4854614609375 0.5536927296874999 0.4997301 0.5400543734375 0.497087646875 0.5409067796875 0.5153645515624999
4 0.5400543734375 0.484106303125 0.59062991875 0.4845467125 0.6275670859375 0.48366589531250004 0.6960429671874999 0.48190426718749996 0.7054193390625 0.4830052859375 0.7284340234375 0.4823446765625 0.7420723765624999 0.46626980781249994 0.7412199734375 0.455039425 0.5581283265625 0.45409165781249994 0.5548292406249999 0.4691324578125 0.5406226296875001 0.4664900125 0.5400543734375 0.484106303125
4 0.5406226296875001 0.42196813750000006 0.5400543734375 0.451035021875 0.58920925625 0.4516956296875 0.6437626562500001 0.45213603906250005 0.7122384937499999 0.4519158296875 0.728149915625 0.450154203125 0.72644510625 0.435840965625 0.7437771890625 0.43914402187499996 0.7449137 0.407654896875 0.6531389843750001 0.40501245625 0.6321132171875 0.4065538796875 0.6267147234375 0.4052326609375 0.60512065625 0.4052326609375 0.6036999953125 0.40699429687500005 0.5584835515625 0.4067617796875 0.555681646875 0.4217479296875 0.5477259359375 0.41998630156249994 0.5406226296875001 0.42196813750000006
5 0.743289678125 0.8702836640625 0.5389462171875 0.8696039609374999 0.5381462031249999 0.9180678578125001 0.743005528125 0.9191688750000001 0.743289678125 0.8702836640625
6 0.5635120734375 0.892578125 0.57107599375 0.892578125 0.5723366484375 0.8916015625 0.5748579546875 0.8876953125 0.5748579546875 0.8857421875 0.5723366484375 0.8818359375 0.5685546875 0.87890625 0.553426846875 0.87890625 0.55216619375 0.8798828125 0.55216619375 0.8857421875 0.555948153125 0.888671875 0.5635120734375 0.892578125
6 0.62654474375 0.904296875 0.6303267046875 0.8994140625 0.6303267046875 0.8955078125 0.6290660515625001 0.89453125 0.6189808234374999 0.89453125 0.6177201703125 0.8955078125 0.6177201703125 0.9013671875 0.62150213125 0.904296875 0.62654474375 0.904296875
6 0.6694069609375 0.90234375 0.6706676140625001 0.9013671875 0.6706676140625001 0.8935546875 0.6694069609375 0.892578125 0.664364346875 0.892578125 0.6605823859375 0.8955078125 0.6605823859375 0.8974609375 0.666885653125 0.90234375 0.6694069609375 0.90234375
6 0.7248757109375 0.90234375 0.7261363640625 0.9013671875 0.7261363640625 0.8935546875 0.7248757109375 0.892578125 0.7173117890625 0.892578125 0.7160511359374999 0.8935546875 0.7160511359374999 0.8974609375 0.722354403125 0.90234375 0.7248757109375 0.90234375
6 0.7853870734374999 0.048828125 0.789169034375 0.0458984375 0.789169034375 0.0361328125 0.7853870734374999 0.033203125 0.7828657671875 0.033203125 0.77908380625 0.0361328125 0.77908380625 0.0458984375 0.7828657671875 0.048828125 0.7853870734374999 0.048828125
6 0.7904296875 0.064453125 0.791690340625 0.0634765625 0.791690340625 0.0556640625 0.7846704140625 0.0510828015625 0.77908380625 0.0537109375 0.77908380625 0.0615234375 0.7828657671875 0.064453125 0.7904296875 0.064453125
6 0.7879083812500001 0.078125 0.789169034375 0.0771484375 0.7895006734375001 0.06891929375 0.77908380625 0.0712890625 0.77908380625 0.0771484375 0.7803444609375 0.078125 0.7879083812500001 0.078125
6 0.7879083812500001 0.095703125 0.789169034375 0.0947265625 0.789169034375 0.0810546875 0.7879083812500001 0.080078125 0.7828657671875 0.080078125 0.77908380625 0.0830078125 0.7765625 0.0869140625 0.7765625 0.0927734375 0.7803444609375 0.095703125 0.7879083812500001 0.095703125
6 0.7853870734374999 0.111328125 0.789169034375 0.1083984375 0.789169034375 0.1044921875 0.7853870734374999 0.1015625 0.7828657671875 0.1015625 0.77908380625 0.1044921875 0.77908380625 0.1083984375 0.7828657671875 0.111328125 0.7853870734374999 0.111328125
6 0.7879083812500001 0.12890625 0.789169034375 0.1279296875 0.789169034375 0.1181640625 0.7879083812500001 0.1171875 0.7828657671875 0.1171875 0.77908380625 0.1201171875 0.77908380625 0.1259765625 0.7828657671875 0.12890625 0.7879083812500001 0.12890625
6 0.7879083812500001 0.14453125 0.789169034375 0.1435546875 0.789169034375 0.1337890625 0.7853870734374999 0.130859375 0.7828657671875 0.130859375 0.77908380625 0.1337890625 0.77908380625 0.1416015625 0.7828657671875 0.14453125 0.7879083812500001 0.14453125
6 0.7853870734374999 0.162109375 0.789169034375 0.1591796875 0.789169034375 0.1513671875 0.7879083812500001 0.150390625 0.7803444609375 0.150390625 0.77908380625 0.1513671875 0.77908380625 0.1591796875 0.7828657671875 0.162109375 0.7853870734374999 0.162109375
6 0.7879083812500001 0.177734375 0.791690340625 0.1748046875 0.789169034375 0.1689453125 0.7879083812500001 0.16796875 0.7803444609375 0.16796875 0.77908380625 0.1689453125 0.77908380625 0.1767578125 0.7803444609375 0.177734375 0.7879083812500001 0.177734375
6 0.7904296875 0.193359375 0.7942116484375 0.1904296875 0.7942116484375 0.1845703125 0.79295099375 0.18359375 0.777823153125 0.18359375 0.7765625 0.1845703125 0.7765625 0.1923828125 0.777823153125 0.193359375 0.7904296875 0.193359375
6 0.8509410515625 0.185546875 0.847159090625 0.1884765625 0.847159090625 0.1923828125 0.8484197437500001 0.193359375 0.8509410515625 0.193359375 0.8534623578125 0.1953125 0.8547230109375 0.1943359375 0.85724431875 0.1923828125 0.85724431875 0.1884765625 0.8534623578125 0.185546875 0.8509410515625 0.185546875
6 0.8433771312499999 0.16796875 0.8421164765625001 0.1689453125 0.8421164765625001 0.1748046875 0.8458984375 0.177734375 0.8509410515625 0.177734375 0.8522017046875 0.1767578125 0.8547230109375 0.1748046875 0.8547230109375 0.1708984375 0.8509410515625 0.16796875 0.8433771312499999 0.16796875
6 0.8522017046875 0.1533203125 0.8484197437500001 0.150390625 0.8433771312499999 0.150390625 0.8421164765625001 0.1513671875 0.8421164765625001 0.1591796875 0.8458984375 0.162109375 0.8509410515625 0.162109375 0.8522017046875 0.1611328125 0.8522017046875 0.1591796875 0.8547230109375 0.1572265625 0.8522017046875 0.1552734375 0.8522017046875 0.1533203125
6 0.8496803984374999 0.1357421875 0.8484197437500001 0.134765625 0.8458984375 0.134765625 0.8421164765625001 0.1376953125 0.8421164765625001 0.1435546875 0.8458984375 0.146484375 0.847159090625 0.1455078125 0.8522017046875 0.1416015625 0.8522017046875 0.1396484375 0.8496803984374999 0.1376953125 0.8496803984374999 0.1357421875
6 0.8421164765625001 0.1201171875 0.8421164765625001 0.1279296875 0.8433771312499999 0.12890625 0.8509410515625 0.12890625 0.8522017046875 0.1279296875 0.8522017046875 0.1201171875 0.8484197437500001 0.1171875 0.8458984375 0.1171875 0.8421164765625001 0.1201171875
6 0.8433771312499999 0.103515625 0.8421164765625001 0.1044921875 0.8421164765625001 0.1103515625 0.8458984375 0.11328125 0.8484197437500001 0.11328125 0.8496803984374999 0.1123046875 0.8522017046875 0.1103515625 0.8522017046875 0.1064453125 0.8484197437500001 0.103515625 0.8433771312499999 0.103515625
6 0.9034090906250001 0.1852596828125 0.8879090906249999 0.1852596828125 0.8879090906249999 0.19326144375 0.9034090906250001 0.19326144375 0.9034090906250001 0.1852596828125
6 0.9467897734375 0.1864612671875 0.9349147734375001 0.1864612671875 0.9349147734375001 0.1964612671875 0.9467897734375 0.1964612671875 0.9467897734375 0.1864612671875
6 0.9478295453125 0.1708538734375 0.938534090625 0.1708538734375 0.938534090625 0.18085387343749998 0.9478295453125 0.18085387343749998 0.9478295453125 0.1708538734375
6 0.9473125 0.15324383749999998 0.9364602265625 0.15324383749999998 0.9364602265625 0.161650528125 0.9473125 0.161650528125 0.9473125 0.15324383749999998
6 0.9468011359374999 0.1340404921875 0.934403409375 0.1340404921875 0.934403409375 0.144445421875 0.9468011359374999 0.144445421875 0.9468011359374999 0.1340404921875
6 0.9003125000000001 0.1668529921875 0.8879147734374999 0.1668529921875 0.8879147734374999 0.1792561625 0.9003125000000001 0.1792561625 0.9003125000000001 0.1668529921875
6 0.9008295453124999 0.1524471828125 0.889465909375 0.1524471828125 0.889465909375 0.16125 0.9008295453124999 0.16125 0.9008295453124999 0.1524471828125
6 0.901346590625 0.13604313437499999 0.8848125 0.13604313437499999 0.8848125 0.1456470078125 0.901346590625 0.1456470078125 0.901346590625 0.13604313437499999
6 0.9034090906250001 0.120440140625 0.8899772734375 0.120440140625 0.8899772734375 0.128045775 0.9034090906250001 0.128045775 0.9034090906250001 0.120440140625
6 0.8987613640625 0.10403609218750001 0.889465909375 0.10403609218750001 0.889465909375 0.1148371484375 0.8987613640625 0.1148371484375 0.8987613640625 0.10403609218750001
6 0.85175568125 0.08602992968749999 0.83988068125 0.08602992968749999 0.83988068125 0.0960299296875 0.85175568125 0.0960299296875 0.85175568125 0.08602992968749999
6 0.8522727265625001 0.0704269359375 0.8393636359375 0.0704269359375 0.8393636359375 0.0812279921875 0.8522727265625001 0.0812279921875 0.8522727265625001 0.0704269359375
6 0.8553750000000001 0.05322183125 0.8403977265625 0.05322183125 0.8403977265625 0.06482394375 0.8553750000000001 0.06482394375 0.8553750000000001 0.05322183125
6 0.8543352265624999 0.036016725 0.8403920453125 0.036016725 0.8403920453125 0.04681778125 0.8543352265624999 0.04681778125 0.8543352265624999 0.036016725
6 0.9003068187500001 0.0372139078125 0.8873977265624999 0.0372139078125 0.8873977265624999 0.0464128515625 0.9003068187500001 0.0464128515625 0.9003068187500001 0.0372139078125
6 0.9028920453125 0.052821303124999996 0.8884261359375 0.052821303124999996 0.8884261359375 0.065224471875 0.9028920453125 0.065224471875 0.9028920453125 0.052821303124999996
6 0.9008238640625 0.0700220078125 0.8889488640625001 0.0700220078125 0.8889488640625001 0.0796258796875 0.9008238640625 0.0796258796875 0.9008238640625 0.0700220078125
6 0.899278409375 0.08602992968749999 0.887403409375 0.08602992968749999 0.887403409375 0.096434859375 0.899278409375 0.096434859375 0.899278409375 0.08602992968749999
6 0.946284090625 0.11723591562499999 0.9333750000000001 0.11723591562499999 0.9333750000000001 0.128838028125 0.946284090625 0.128838028125 0.946284090625 0.11723591562499999
6 0.9493806812500001 0.10323063437499999 0.93336931875 0.10323063437499999 0.93336931875 0.11203345 0.9493806812500001 0.11203345 0.9493806812500001 0.10323063437499999
6 0.9462784093750001 0.087627640625 0.934403409375 0.087627640625 0.934403409375 0.096826584375 0.9462784093750001 0.096826584375 0.9462784093750001 0.087627640625
6 0.9504204546875 0.070418134375 0.9349204546875001 0.070418134375 0.9349204546875001 0.0788248234375 0.9504204546875 0.0788248234375 0.9504204546875 0.070418134375
6 0.9473068187499999 0.054022887500000005 0.9343977265625 0.054022887500000005 0.9343977265625 0.0640228875 0.9473068187499999 0.0640228875 0.9473068187499999 0.054022887500000005
6 0.9473125 0.0352112671875 0.9328465906250001 0.0352112671875 0.9328465906250001 0.05001760625 0.9473125 0.05001760625 0.9473125 0.0352112671875
7 0.76239669375 0.22927336718750002 0.8155991734375 0.2272727265625 0.818698346875 0.2136683734375 0.7634297515624999 0.21326824531250002 0.76239669375 0.22927336718750002
4 0.7799586765625001 0.2299535859375 0.7629132234375 0.24995998749999998 0.7613636359375 0.5105633796875 0.9204545453125 0.5113636359375 0.9194214875 0.49655889843749995 0.9607438015625 0.49615877187499996 0.95971074375 0.2307538421875 0.7799586765625001 0.2299535859375
4 0.9622933890625 0.7222311140625 0.9602272734374999 0.515364915625 0.775826446875 0.5149647890625 0.7753099171875 0.531770165625 0.7629132234375 0.53297055 0.76549586875 0.7246318828125 0.9622933890625 0.7222311140625
4 0.96642561875 0.8879321375 0.961776859375 0.7257442390625 0.776342975 0.72783290625 0.77892561875 0.744638284375 0.76239669375 0.74423815625 0.766012396875 0.89033290625 0.96642561875 0.8879321375
6 0.8383264468749999 0.8929977593749999 0.8378099171875 0.9066021125000001 0.9628099171875 0.9038012171875 0.963842975 0.88939660625 0.885330578125 0.88939660625 0.8383264468749999 0.8929977593749999
5 0.76893939375 0.20246478906249998 0.95580808125 0.2044209703125 0.9595959593750001 0.02640845 0.7727272734375 0.02640845 0.76893939375 0.20246478906249998