4 0.057279140625 0.590625 0.0578125 0.9048450125 0.10625 0.906545075 0.134375 0.9109382937499999 0.178125 0.9128050625 0.2296875 0.9187603859375001 0.4140625 0.920314484375 0.5578364171875 0.9171875 0.5578125 0.5903133125 0.057279140625 0.590625
2 0.8974519875 0.1046875 0.6859375 0.10395952500000001 0.685731775 0.31875 0.7296875 0.3190933890625 0.759375 0.3220649875 0.89375 0.321998634375 0.895348009375 0.3140625 0.8940852843749999 0.15625 0.8974519875 0.1046875
4 0.659375 0.2172561875 0.6672428499999999 0.2125 0.6674559 0.090625 0.6640625 0.084352534375 0.6453125 0.0796859515625 0.4828125 0.07902542500000001 0.15625 0.079683753125 0.0875 0.0874104515625 0.0703125 0.0874388984375 0.059360217187499995 0.0828125 0.059375 0.2303733109375 0.278125 0.2296949109375 0.296875 0.22681862812500003 0.359375 0.2252221203125 0.5625 0.22969347187500003 0.5765625 0.22500234218749998 0.5890625 0.2141758125 0.659375 0.2172561875
2 0.846875 0.8796910515624999 0.8625 0.8768611125 0.890625 0.8765731390625 0.8939317125 0.8734375 0.8923126171875 0.6328125 0.8942026421874999 0.5828125 0.5875 0.5823165203125 0.5868126828125 0.8859375 0.7546875 0.8859731109375 0.7578125 0.8829451671875 0.765625 0.88159095625 0.846875 0.8796910515624999
4 0.43289049999999996 0.290625 0.4375 0.28763900468750003 0.603125 0.289278328125 0.6578125 0.29223508125 0.6642036484375 0.2875 0.66418851875 0.2375 0.60625 0.234200425 0.5890625 0.230994621875 0.2078125 0.230710053125 0.16875 0.2312325859375 0.1703058015625 0.2328125 0.1640625 0.2356084375 0.125 0.235925875 0.1046875 0.2374835828125 0.0984375 0.24042997187499998 0.0703125 0.24192099531250003 0.0672331890625 0.2390625 0.07041790625 0.234375 0.078125 0.23122526875 0.05721288906250001 0.23125 0.0578125 0.30692614375 0.34375 0.30625416875 0.425 0.30470960156250004 0.43125688437500004 0.3015625 0.43289049999999996 0.290625
2 0.2001668390625 0.553125 0.21093974062499998 0.5453125 0.2126435046875 0.534375 0.21888952343749998 0.5265625 0.21876849687500002 0.4453125 0.2141799421875 0.440625 0.21251350468750002 0.4328125 0.203166984375 0.4171875 0.19375 0.406246296875 0.17976189843749998 0.3953125 0.1703125 0.38278151718750003 0.0546875 0.3824311859375 0.0544367125 0.5765625 0.1984375 0.5766809984375 0.1984799578125 0.5703125 0.1938569578125 0.5640625 0.2001668390625 0.553125
4 0.1578125 0.3108857875 0.128125 0.3168808875 0.071875 0.3186185390625 0.0711317484375 0.3265625 0.071875 0.34136384375 0.3640625 0.33913305625 0.6546875 0.34128585624999996 0.6553083359375 0.31875 0.653125 0.3109040328125 0.1578125 0.3108857875
4 0.3703125 0.564215525 0.6578125 0.5643095375 0.7609375 0.56718795 0.790625 0.5656460859375 0.8000022031249999 0.55625 0.7969763000000001 0.5140625 0.8000857515625001 0.44375 0.8031257937499999 0.4359375 0.8015766624999999 0.4203125 0.7921875 0.41405046093750003 0.7828125 0.41246812187500004 0.21875 0.4124485296875 0.214046175 0.41875 0.21405002187500002 0.43125 0.227957421875 0.471875 0.22949778437499999 0.503125 0.22496170625 0.5140625 0.22330726250000002 0.528125 0.2156112890625 0.540625 0.21543110156249998 0.5484375 0.20615617187500002 0.5578125 0.201552771875 0.5671875 0.2015478265625 0.5765625 0.20461836875 0.584375 0.353125 0.5844057874999999 0.36250576562500003 0.5765625 0.3625483 0.5703125 0.3703125 0.564215525
1 0.778125 0.3502371015625 0.89375 0.350040815625 0.8953125 0.326287865625 0.7773931984375 0.3265625 0.778125 0.3502371015625
1 0.81644001875 0.8828125 0.8171875 0.9066387890625001 0.8921875 0.9062884 0.8984748515625001 0.9015625 0.8984375 0.882320678125 0.81644001875 0.8828125
3 0.8570768453125 0.0671875 0.8578125 0.09097872343749999 0.896875 0.090656121875 0.898779846875 0.0859375 0.8984375 0.0666225234375 0.8570768453125 0.0671875