4 0.2375 0.2140627140625 0.2390625 0.210993690625 0.246875 0.20787002187499998 0.2515625 0.2093753640625 0.2671875 0.20632890312500002 0.446875 0.204788690625 0.46875 0.207812515625 0.534375 0.20787816874999998 0.55 0.20479685625 0.953125 0.2047082421875 0.9625 0.2015823890625 0.9703373546874999 0.190625 0.9672632125 0.178125 0.9672105453125001 0.140625 0.9688140031250001 0.128125 0.96725439375 0.090625 0.9703310500000001 0.084375 0.9703216296875 0.0765625 0.9672439671875 0.071875 0.9703240671875 0.0671875 0.970539696875 0.0109375 0.0328125 0.0102976296875 0.0325831328125 0.2203125 0.0703125 0.2203511703125 0.0796875 0.217591934375 0.221875 0.21719386875 0.2375 0.2140627140625
4 0.884375 0.895372259375 0.959375 0.8921911421875001 0.9687599499999999 0.884375 0.9657178109375 0.8640625 0.970319103125 0.8171875 0.970326709375 0.76875 0.959375 0.7451482609375 0.037032893750000004 0.7453125 0.0375 0.91425454375 0.796875 0.9140637937499999 0.8640625 0.9125343515625 0.884375 0.901585575 0.884375 0.895372259375
4 0.559375 0.5141783203125 0.95625 0.5109393796874999 0.9672038687500001 0.5015625 0.9656757765625 0.4828125 0.9687523484374999 0.46875 0.96875508125 0.4109375 0.0399181453125 0.4109375 0.040625 0.5301511859375 0.1828125 0.5283549796875 0.5140625 0.5297546093750001 0.5203125 0.5235723421875 0.546875 0.5203147234375 0.559375 0.5141783203125
4 0.315625 0.28437847656250004 0.31720140625000004 0.2828125 0.3125031171875 0.278125 0.31875 0.27508920937500003 0.528125 0.27656355 0.5734375 0.273610915625 0.6390625 0.2750055796875 0.6796875 0.271993003125 0.9515625 0.27035231875 0.959375 0.26721275625 0.9656393109374999 0.259375 0.9671968046874999 0.228125 0.9546875 0.217098821875 0.9453125 0.216833496875 0.0828125 0.21705708124999998 0.0578125 0.218742259375 0.053125 0.2234095109375 0.046875 0.2249892890625 0.042202623437499996 0.221875 0.0515625 0.21717843124999997 0.0328125 0.21674593281250001 0.020253946875 0.2171875 0.023379007812499998 0.2234375 0.014044665625 0.2359375 0.014038178125 0.2890625 0.028125 0.2953183359375 0.2765625 0.2953143921875 0.290625 0.2938237875 0.303125 0.2860117765625 0.315625 0.28437847656250004
4 0.70625 0.7312930343749999 0.7140625 0.7281720359375 0.953125 0.7266203124999999 0.9640669640624999 0.7203125 0.9687579 0.7015625 0.970317978125 0.68125 0.9671875 0.6749909921875 0.9515625 0.6743546 0.0199321953125 0.675 0.020269767187500003 0.74375 0.0265625 0.7469318781250001 0.3515625 0.7440298921874999 0.4078125 0.74699048125 0.5546875 0.7468908359374999 0.690625 0.7453442109374999 0.6984375 0.7422279734375 0.70625 0.7312930343749999
4 0.40158046093750005 0.565625 0.4078125 0.5610104765624999 0.50625 0.564071065625 0.5828125 0.5610907562499999 0.953125 0.5563635171875 0.9640632421875001 0.55 0.9671956671874999 0.540625 0.95625 0.529645025 0.940625 0.5278949984375 0.0546875 0.5281165015625 0.0656030109375 0.5328125 0.046875 0.5389984343750001 0.0406735171875 0.534375 0.0453125 0.529776809375 0.0515625 0.5281165750000001 0.0232080859375 0.528125 0.0233582390625 0.578125 0.03125 0.58125286875 0.3828125 0.5812748953125 0.3921875 0.5781677765625 0.4 0.5719048843750001 0.40158046093750005 0.565625
6 0.802407409375 0.6015625 0.803125 0.6268387828125 0.953125 0.6266692296875 0.9594380843750001 0.6234375 0.959375 0.601340346875 0.802407409375 0.6015625
6 0.89924949375 0.9125 0.899815534375 0.9328125 0.903125 0.934400965625 0.9546875 0.9344423296875 0.961137496875 0.9296875 0.9609375 0.9118871640625 0.89924949375 0.9125
6 0.8992361328125 0.578125 0.9 0.6002479562499999 0.9546875 0.6000499921875 0.9610944390625 0.596875 0.9609375 0.5775485625 0.8992361328125 0.578125
6 0.8008418781250001 0.3140625 0.8015625 0.34109920312500003 0.95625 0.34062761406250003 0.9594653187500001 0.3375 0.959375 0.313766521875 0.8008418781250001 0.3140625
7 0.309375 0.3849105921875 0.5515625 0.3815327296875 0.565625 0.384630734375 0.6765625 0.3849575125 0.6765625 0.3570575296875 0.308618084375 0.3578125 0.309375 0.3849105921875
6 0.89612368125 0.290625 0.896875 0.314208621875 0.953125 0.31411720625 0.959572559375 0.309375 0.959375 0.29001845312499996 0.89612368125 0.290625
6 0.800908859375 0.9328125 0.8015625 0.9613015796875001 0.9515625 0.96098969375 0.9625080546874999 0.9546875 0.9625 0.932744959375 0.800908859375 0.9328125
3 0.4758139734375 0.965625 0.4765625 0.9909808234374999 0.51875 0.99063131875 0.5219232484375 0.9875 0.521875 0.9651531562500001 0.4758139734375 0.965625
6 0.5783132531249999 0.3847981 0.4 0.3847981 0.421686746875 0.40855106875 0.5783132531249999 0.40538400625 0.5783132531249999 0.3847981
7 0.84337349375 0.642913696875 0.1759036140625 0.639746634375 0.1686746984375 0.6698337296875 0.84337349375 0.6698337296875 0.84337349375 0.642913696875