4 0.590625 0.407819471875 0.6890625 0.4032916328125 0.753125 0.403137428125 0.784375 0.3987645796875 0.840625 0.39846533125 0.853125 0.3922683765625 0.86875 0.38911707500000003 0.903125 0.390706865625 0.9171875 0.3890834125 0.9191795859375 0.3453125 0.234375 0.3449194265625 0.1515625 0.3482128375 0.13125 0.345308921875 0.0765625 0.344640515625 0.07643358125000001 0.428125 0.128125 0.42814487031250004 0.14380493125 0.4203125 0.146875 0.40636667656250003 0.590625 0.407819471875
4 0.321875 0.550002175 0.4515625 0.5440554546875 0.5953125 0.54377510625 0.609375 0.5360309265625001 0.625 0.532823090625 0.6296875 0.5266189953125 0.6453125 0.5250952078125 0.6625 0.52656391875 0.915625 0.523472840625 0.9161185890624999 0.4625 0.2390625 0.46212171093750004 0.228125 0.4624885984375 0.221875 0.4654316875 0.1578125 0.466893365625 0.1234375 0.465427178125 0.11875 0.4624880796875 0.08125 0.4618542296875 0.0805008828125 0.5546875 0.15 0.5547094640625 0.1578125 0.550108196875 0.215625 0.5485561156250001 0.321875 0.550002175
4 0.1484375 0.1563792046875 0.4328125 0.15781545624999999 0.4703125 0.1548378375 0.4953125 0.1562547484375 0.559375 0.1532759421875 0.584375 0.1546894 0.7484375 0.151571440625 0.7625 0.1469141484375 0.778125 0.13290664531250002 0.91875 0.13128629218750001 0.9194057328125 0.096875 0.075 0.09617941875 0.074758753125 0.1765625 0.134375 0.1766469765625 0.14382996875 0.1703125 0.1453257640625 0.159375 0.1484375 0.1563792046875
4 0.1890625 0.807967421875 0.221875 0.81097685 0.29375 0.807968421875 0.5640625 0.8079040125000001 0.584375 0.810938128125 0.603125 0.806473546875 0.71875 0.8047033406249999 0.7390625 0.8003252421875 0.8015625 0.80000945625 0.83125 0.7984464 0.840625 0.7954901624999999 0.8875 0.7937504640624999 0.89375 0.7907069359375 0.9156427296875 0.790625 0.9161316828125001 0.7515625 0.915625 0.7497229562500001 0.8078125 0.7464916640625 0.234375 0.7463762234375 0.184375 0.7483565343749999 0.075 0.7461871203125 0.07458145000000001 0.828125 0.1375 0.828184546875 0.14845987031250002 0.8203125 0.1515625 0.8079125640625 0.1890625 0.807967421875
4 0.209375 0.220308959375 0.1765625 0.22313293125000003 0.07279061875000001 0.2203125 0.0734375 0.3016891359375 0.1328125 0.301580209375 0.1437708359375 0.29375 0.14385810625 0.284375 0.146875 0.28135338593750003 0.171875 0.2798183796875 0.3546875 0.28125013125 0.46875 0.2796909453125 0.4984375 0.2767581828125 0.540625 0.27968845625 0.6046875 0.27676068125 0.6796875 0.2781255265625 0.734375 0.27527711093749996 0.746832259375 0.278125 0.7421875 0.279682421875 0.732792371875 0.290625 0.7343675921874999 0.296875 0.740625 0.301589959375 0.9171875 0.3016725125 0.9171875 0.21972681249999998 0.2828125 0.21971096874999999 0.209375 0.220308959375
7 0.07585041249999999 0.85 0.0765625 0.8750468343750001 0.2375 0.8750286890625001 0.2453847078125 0.8703125 0.2453125 0.8496114671875 0.07585041249999999 0.85
7 0.2453125 0.3230269296875 0.07585254375 0.3234375 0.0765625 0.3485249625 0.2375 0.3484816046875 0.2421875 0.3468753875 0.24534842656250003 0.3421875 0.2453125 0.3230269296875
4 0.6328125 0.6703809265625 0.6953125 0.6703160515625 0.7421875 0.6672885140625 0.9171875 0.667193309375 0.9266531796875 0.6609375 0.9266627812499999 0.6078125 0.8890625 0.6056983781249999 0.0805904203125 0.60625 0.08125 0.6882632578125001 0.5859375 0.6875840281250001 0.596875 0.6813081546875 0.615625 0.678148903125 0.6328125 0.6703809265625
7 0.2453125 0.724560065625 0.0758501609375 0.725 0.0761911390625 0.7484375 0.0796875 0.750005309375 0.234375 0.7500237249999999 0.2421875 0.74847249375 0.2454471140625 0.7453125 0.2453125 0.724560065625
7 0.075843753125 0.196875 0.0765625 0.22205692031250002 0.2390625 0.221990628125 0.242228409375 0.2203125 0.2421875 0.19631000468749998 0.075843753125 0.196875
7 0.0743052453125 0.5828125 0.075 0.6079663609375 0.2390625 0.6078189515625 0.2454119421875 0.603125 0.2453125 0.5823408171875 0.0743052453125 0.5828125
4 0.0890625 0.92821275625 0.915625 0.9299389343750001 0.915625 0.874354184375 0.0884333484375 0.875 0.0890625 0.92821275625
7 0.07586571875 0.0734375 0.0765625 0.098697071875 0.2390625 0.0984729828125 0.24383871406250002 0.0953125 0.24375 0.07294754375 0.07586571875 0.0734375
7 0.07671911718749999 0.440625 0.077415459375 0.46575627031250005 0.239915459375 0.46569122656250006 0.24938194062500002 0.4578125 0.249290459375 0.4401893671875 0.07671911718749999 0.440625
6 0.6243878265625 0.6859375 0.625 0.7142567796875 0.9203125 0.714080284375 0.9234515062499999 0.7125 0.9234375 0.6853784453125 0.6243878265625 0.6859375
6 0.73383248125 0.803125 0.734375 0.8298721578125001 0.921875 0.82970050625 0.9250533703125001 0.8265625 0.925 0.8028511281249999 0.73383248125 0.803125
6 0.777414321875 0.15 0.778125 0.176772225 0.91875 0.1766236109375 0.9219967328124999 0.175 0.921875 0.1494676703125 0.777414321875 0.15
6 0.778125 0.425318665625 0.921875 0.42523605 0.921875 0.399421525 0.7774103625000001 0.4 0.778125 0.425318665625
6 0.625 0.5704504078125 0.921875 0.5703141125 0.921875 0.5415390437500001 0.62434880625 0.5421875 0.625 0.5704504078125
6 0.371875 0.07523386875 0.6234375 0.07501877343749999 0.6234375 0.04312060625 0.3711910765625 0.04375 0.371875 0.07523386875
6 0.7445938453125 0.2765625 0.7453125 0.300296721875 0.9171875 0.3000696953125 0.9250567171874999 0.2953125 0.925 0.276332615625 0.7445938453125 0.2765625
3 0.46875 0.9582754 0.53125 0.957826615625 0.5328125 0.933871525 0.46801073281249994 0.934375 0.46875 0.9582754