4 0.315625 0.6984375 0.3171875 0.696875 0.8109375 0.696875 0.8125 0.6953125 0.8171875 0.6953125 0.81875 0.69375 0.8203125 0.69375 0.8234375 0.690625 0.8234375 0.4578125 0.1703125 0.4578125 0.1703125 0.7 0.1984375 0.7 0.2 0.6984375 0.315625 0.6984375
4 0.3640625 0.4515625 0.365625 0.45 0.5359375 0.45 0.5375 0.4484375 0.5515625 0.4484375 0.553125 0.45 0.6921875 0.45 0.69375 0.4515625 0.7171875 0.4515625 0.71875 0.45 0.796875 0.45 0.7984375 0.4484375 0.815625 0.4484375 0.8171875 0.446875 0.81875 0.446875 0.8203125 0.4453125 0.821875 0.4453125 0.8234375 0.44375 0.8234375 0.390625 0.171875 0.390625 0.171875 0.453125 0.359375 0.453125 0.3609375 0.4515625 0.3640625 0.4515625
4 0.8140625 0.7671875 0.815625 0.765625 0.8203125 0.765625 0.821875 0.7640625 0.8234375 0.7640625 0.8234375 0.703125 0.16875 0.703125 0.16875 0.76875 0.203125 0.76875 0.2046875 0.7671875 0.8140625 0.7671875
6 0.234375 0.2734375 0.2359375 0.275 0.428125 0.275 0.4296875 0.2734375 0.4515625 0.2734375 0.453125 0.271875 0.4546875 0.271875 0.4578125 0.26875 0.4578125 0.2546875 0.459375 0.253125 0.459375 0.25 0.4609375 0.2484375 0.4609375 0.246875 0.4625 0.2453125 0.4625 0.2328125 0.4640625 0.23125 0.4640625 0.2203125 0.465625 0.21875 0.465625 0.2109375 0.1859375 0.2109375 0.1859375 0.275 0.1953125 0.275 0.196875 0.2734375 0.234375 0.2734375
4 0.171875 0.7734375 0.171875 0.8328125 0.1734375 0.834375 0.1921875 0.834375 0.19375 0.8328125 0.20625 0.8328125 0.2078125 0.83125 0.2796875 0.83125 0.28125 0.8328125 0.325 0.8328125 0.3265625 0.83125 0.3703125 0.83125 0.371875 0.8328125 0.4671875 0.8328125 0.46875 0.83125 0.5125 0.83125 0.5140625 0.8296875 0.73125 0.8296875 0.7328125 0.828125 0.815625 0.828125 0.815625 0.7734375 0.8015625 0.7734375 0.8 0.771875 0.7984375 0.771875 0.796875 0.7703125 0.7921875 0.7703125 0.790625 0.771875 0.7703125 0.771875 0.76875 0.7734375 0.7515625 0.7734375 0.7484375 0.7703125 0.7171875 0.7703125 0.7140625 0.7734375 0.571875 0.7734375 0.56875 0.7703125 0.1828125 0.7703125 0.184375 0.771875 0.1828125 0.7734375 0.171875 0.7734375
4 0.1734375 0.8359375 0.1734375 0.875 0.821875 0.875 0.821875 0.8359375 0.1734375 0.8359375
4 0.30625 0.3859375 0.3078125 0.384375 0.7828125 0.384375 0.784375 0.3828125 0.8171875 0.3828125 0.81875 0.38125 0.81875 0.3375 0.184375 0.3375 0.1828125 0.3390625 0.175 0.3390625 0.175 0.3859375 0.30625 0.3859375
6 0.6421875 0.2421875 0.64375 0.240625 0.6546875 0.240625 0.65625 0.2390625 0.6578125 0.2390625 0.659375 0.2375 0.6609375 0.2375 0.6609375 0.2125 0.484375 0.2125 0.484375 0.24375 0.6265625 0.24375 0.628125 0.2421875 0.6421875 0.2421875
6 0.2046875 0.29375 0.2046875 0.3171875 0.675 0.3171875 0.675 0.29375 0.2046875 0.29375
6 0.3765625 0.146875 0.3765625 0.16875 0.6171875 0.16875 0.6171875 0.146875 0.3765625 0.146875
6 0.7015625 0.2109375 0.7015625 0.228125 0.8 0.228125 0.8 0.2109375 0.7015625 0.2109375
6 0.3625 0.2078125 0.3640625 0.20625 0.36875 0.20625 0.36875 0.19375 0.2859375 0.19375 0.2859375 0.209375 0.3578125 0.209375 0.359375 0.2078125 0.3625 0.2078125
6 0.5921875 0.2078125 0.5921875 0.19375 0.55625 0.19375 0.55625 0.209375 0.5890625 0.209375 0.590625 0.2078125 0.5921875 0.2078125
6 0.7796875 0.20625 0.7796875 0.19375 0.7171875 0.19375 0.7171875 0.2078125 0.775 0.2078125 0.7765625 0.20625 0.7796875 0.20625
3 0.8265625 0.121875 0.7921875 0.121875 0.7921875 0.1421875 0.821875 0.1421875 0.8265625 0.1375 0.8265625 0.121875
5 0.8361344531249999 0.18705463125 0.178571428125 0.1840855109375 0.1701680671875 0.28355106874999997 0.8340336140625 0.2805819484375 0.8361344531249999 0.18705463125