4 0.43125 0.2359375 0.4328125 0.234375 0.4375 0.234375 0.4390625 0.2328125 0.4421875 0.2328125 0.44375 0.23125 0.45 0.23125 0.4515625 0.2296875 0.4890625 0.2296875 0.490625 0.228125 0.5109375 0.228125 0.5125 0.2296875 0.515625 0.2296875 0.5171875 0.228125 0.5390625 0.228125 0.540625 0.2296875 0.5546875 0.2296875 0.55625 0.228125 0.58125 0.228125 0.5828125 0.2265625 0.59375 0.2265625 0.5953125 0.225 0.63125 0.225 0.6328125 0.2234375 0.6546875 0.2234375 0.65625 0.225 0.68125 0.225 0.6828125 0.2234375 0.7765625 0.2234375 0.778125 0.221875 0.865625 0.221875 0.8671875 0.2203125 0.8796875 0.2203125 0.88125 0.21875 0.890625 0.21875 0.8921875 0.2171875 0.8953125 0.2171875 0.8984375 0.2140625 0.9 0.2140625 0.9 0.0375 0.1109375 0.0375 0.1109375 0.2375 0.415625 0.2375 0.4171875 0.2359375 0.43125 0.2359375
4 0.3015625 0.90625 0.3015625 0.9046875 0.3046875 0.9015625 0.3671875 0.9015625 0.36875 0.9 0.471875 0.9 0.4734375 0.9015625 0.5703125 0.9015625 0.571875 0.9 0.5765625 0.9 0.578125 0.9015625 0.6140625 0.9015625 0.6171875 0.9046875 0.6171875 0.9078125 0.6203125 0.9078125 0.621875 0.909375 0.628125 0.909375 0.6296875 0.9078125 0.6359375 0.9078125 0.6375 0.90625 0.6375 0.9046875 0.6390625 0.903125 0.6421875 0.90625 0.6421875 0.9078125 0.65625 0.9078125 0.65625 0.90625 0.6546875 0.9046875 0.6546875 0.903125 0.65625 0.9015625 0.6828125 0.9015625 0.684375 0.9 0.703125 0.9 0.7046875 0.9015625 0.7078125 0.9015625 0.709375 0.9 0.8671875 0.9 0.86875 0.8984375 0.8921875 0.8984375 0.89375 0.896875 0.89375 0.671875 0.1101228296875 0.6738816734374999 0.10165184218750001 0.9134199140625 0.3 0.9109375 0.3 0.9078125 0.3015625 0.90625
6 0.2640625 0.3578125 0.265625 0.35625 0.2765625 0.35625 0.278125 0.3546875 0.3046875 0.3546875 0.30625 0.353125 0.334375 0.353125 0.3359375 0.3515625 0.340625 0.3515625 0.3421875 0.353125 0.3484375 0.353125 0.35 0.3515625 0.353125 0.3515625 0.3546875 0.35 0.35625 0.35 0.359375 0.346875 0.359375 0.3453125 0.3609375 0.34375 0.3609375 0.3421875 0.3625 0.340625 0.3625 0.3171875 0.115625 0.3171875 0.115625 0.359375 0.240625 0.359375 0.2421875 0.3578125 0.2640625 0.3578125
6 0.121875 0.484375 0.1234375 0.4859375 0.24375 0.4859375 0.2453125 0.484375 0.253125 0.484375 0.2546875 0.4828125 0.26875 0.4828125 0.2703125 0.48125 0.2875 0.48125 0.2890625 0.4796875 0.2953125 0.4796875 0.296875 0.478125 0.3046875 0.478125 0.30625 0.4765625 0.3515625 0.4765625 0.3578125 0.4703125 0.359375 0.4703125 0.359375 0.46875 0.3625 0.465625 0.3625 0.4421875 0.1140625 0.4421875 0.1140625 0.4859375 0.115625 0.4859375 0.1171875 0.484375 0.121875 0.484375
6 0.6734375 0.3109375 0.6765625 0.3078125 0.6765625 0.25 0.5734375 0.25 0.5734375 0.3125 0.6703125 0.3125 0.671875 0.3109375 0.6734375 0.3109375
6 0.8015625 0.3125 0.88125 0.3125 0.8828125 0.3109375 0.884375 0.3109375 0.8859375 0.309375 0.8875 0.309375 0.8890625 0.3078125 0.8890625 0.3 0.890625 0.2984375 0.890625 0.25 0.7953125 0.25 0.7953125 0.309375 0.796875 0.3109375 0.8 0.3109375 0.8015625 0.3125
6 0.6890625 0.2890625 0.6921875 0.2921875 0.69375 0.2921875 0.6953125 0.29375 0.6984375 0.29375 0.7 0.2953125 0.7609375 0.2953125 0.7625 0.29375 0.771875 0.29375 0.7734375 0.2921875 0.778125 0.2921875 0.7796875 0.290625 0.78125 0.290625 0.7828125 0.2890625 0.7828125 0.2875 0.784375 0.2859375 0.784375 0.28125 0.7859375 0.2796875 0.7859375 0.2703125 0.7875 0.26875 0.7875 0.259375 0.7890625 0.2578125 0.7890625 0.2515625 0.68125 0.2515625 0.68125 0.284375 0.6828125 0.284375 0.6875 0.2890625 0.6890625 0.2890625
6 0.1984375 0.6046875 0.2 0.603125 0.2796875 0.603125 0.28125 0.6015625 0.284375 0.6015625 0.2859375 0.6 0.2875 0.6 0.2890625 0.5984375 0.290625 0.5984375 0.290625 0.5640625 0.1140625 0.5640625 0.1140625 0.60625 0.1890625 0.60625 0.190625 0.6046875 0.1984375 0.6046875
6 0.1140625 0.515625 0.1140625 0.55625 0.2921875 0.55625 0.2921875 0.515625 0.1140625 0.515625
6 0.4609375 0.2859375 0.4625 0.284375 0.4625 0.271875 0.4609375 0.2703125 0.4609375 0.25625 0.4625 0.2546875 0.4625 0.25 0.3703125 0.25 0.3703125 0.2953125 0.45625 0.2953125 0.4609375 0.290625 0.4609375 0.2859375
7 0.46875 0.6625 0.46875 0.6375 0.1078125 0.6375 0.1078125 0.6640625 0.465625 0.6640625 0.4671875 0.6625 0.46875 0.6625
6 0.3328125 0.25 0.115625 0.25 0.115625 0.275 0.33125 0.275 0.3328125 0.2734375 0.3328125 0.25
6 0.8974302468750001 0.9326749640625 0.40836774687500005 0.9326749640625 0.40836774687500005 0.9639249640625 0.895867746875 0.9639249640625 0.8974302468750001 0.9623624640624999 0.8974302468750001 0.9326749640625
6 0.5625 0.271875 0.5625 0.2671875 0.5640625 0.265625 0.5640625 0.25 0.471875 0.25 0.471875 0.275 0.5609375 0.275 0.5609375 0.2734375 0.5625 0.271875
6 0.2484375 0.4109375 0.2484375 0.3921875 0.11875 0.3921875 0.11875 0.4125 0.24375 0.4125 0.2453125 0.4109375 0.2484375 0.4109375
3 0.15625 0.9328125 0.0984375 0.9328125 0.0984375 0.95625 0.1546875 0.95625 0.15625 0.9546875 0.15625 0.9328125
6 0.4390625 0.346875 0.440625 0.3453125 0.4421875 0.3453125 0.4421875 0.3203125 0.3875 0.3203125 0.3875 0.3484375 0.4359375 0.3484375 0.4375 0.346875 0.4390625 0.346875
5 0.1101228296875 0.2481962484375 0.10800508281250001 0.6118326125 0.8936891140625001 0.6147186140625001 0.89157136875 0.24386724375000002 0.1101228296875 0.2481962484375