2 0.574901 0.43574599999999997 0.395139 0.43574599999999997 0.382031 0.558346 0.576773 0.5524370000000001 0.574901 0.43574599999999997
4 0.367051 0.44165400000000005 0.0992799 0.444609 0.089917 0.553914 0.363306 0.553914 0.367051 0.44165400000000005
4 0.32023799999999997 0.0251108 0.078682 0.0251108 0.082427 0.0812408 0.316493 0.0768093 0.32023799999999997 0.0251108
4 0.32211 0.0812408 0.082427 0.0812408 0.078682 0.150664 0.32023799999999997 0.14771 0.32211 0.0812408
4 0.327728 0.146233 0.078682 0.146233 0.0749369 0.410635 0.32211 0.413589 0.327728 0.146233
4 0.3296 0.576071 0.078682 0.574594 0.08055480000000001 0.661743 0.325855 0.660266 0.3296 0.576071
4 0.3296 0.661743 0.08055480000000001 0.661743 0.082427 0.961595 0.333345 0.957164 0.3296 0.661743
6 0.271552 0.971935 0.082427 0.961595 0.08055480000000001 0.994092 0.271552 0.994092 0.271552 0.971935
6 0.758408 0.9364839999999999 0.602989 0.9394389999999999 0.601116 0.9645490000000001 0.758408 0.961595 0.758408 0.9364839999999999
4 0.588009 0.197932 0.589881 0.0295419 0.346453 0.0295419 0.342708 0.21861199999999997 0.464422 0.21861199999999997 0.588009 0.197932
4 0.593626 0.21861199999999997 0.342708 0.21861199999999997 0.340835 0.410635 0.586136 0.410635 0.593626 0.21861199999999997
4 0.573028 0.579025 0.3296 0.576071 0.333345 0.679468 0.589881 0.675037 0.573028 0.579025
4 0.584264 0.685377 0.333345 0.679468 0.333345 0.955687 0.588009 0.957164 0.584264 0.685377
4 0.8520350000000001 0.0251108 0.599244 0.0251108 0.606734 0.240768 0.8520350000000001 0.252585 0.8520350000000001 0.0251108
4 0.8482900000000001 0.242245 0.606734 0.240768 0.614224 0.914328 0.85578 0.9276220000000001 0.8482900000000001 0.242245