4 0.349214 0.789336 0.353844 0.768503 0.520784 0.7677660000000001 0.521328 0.5250790000000001 0.356499 0.523501 0.20147400000000001 0.524605 0.15931372500000002 0.5208333328125 0.163211 0.573006 0.157765 0.7914410000000001 0.349214 0.789336
4 0.5199670000000001 0.8116429999999999 0.164845 0.812064 0.1643 0.860885 0.5183329999999999 0.860885 0.5199670000000001 0.8116429999999999
4 0.7021580000000001 0.669597 0.9249259999999999 0.668756 0.930917 0.523974 0.570349 0.522291 0.5681700000000001 0.6914830000000001 0.699435 0.691903 0.7021580000000001 0.669597
4 0.9265599999999999 0.712527 0.721766 0.712527 0.565447 0.713789 0.569259 0.856466 0.9243819999999999 0.861516 0.9265599999999999 0.712527
2 0.300467 0.265824 0.339683 0.312963 0.407221 0.353367 0.509618 0.37020200000000003 0.6403380000000001 0.359259 0.717681 0.319697 0.7743260000000001 0.281818 0.788487 0.23299599999999998 0.777594 0.175758 0.705698 0.116835 0.594587 0.0915821 0.505261 0.08484850000000001 0.414846 0.107576 0.325521 0.151347 0.302645 0.16734 0.292842 0.206902 0.300467 0.265824
6 0.49082800000000004 0.892661 0.39333300000000004 0.8909779999999999 0.39333300000000004 0.912443 0.489194 0.914547 0.49082800000000004 0.892661
3 0.538213 0.8985540000000001 0.512069 0.8985540000000001 0.514792 0.913284 0.5365789999999999 0.912443 0.538213 0.8985540000000001
6 0.555643 0.8947660000000001 0.555643 0.9153879999999999 0.6945330000000001 0.912863 0.696167 0.8935029999999999 0.555643 0.8947660000000001
7 0.6969839999999999 0.378772 0.392516 0.377931 0.393605 0.428857 0.6904480000000001 0.42591 0.6969839999999999 0.378772
6 0.658857 0.43811600000000006 0.55537 0.43474899999999994 0.423561 0.433486 0.42900799999999994 0.460422 0.654499 0.46463099999999996 0.658857 0.43811600000000006
6 0.660491 0.46884 0.42138200000000003 0.46547299999999997 0.422471 0.496196 0.6539550000000001 0.495355 0.660491 0.46884
6 0.9175739999999999 0.0297645 0.774872 0.0297645 0.777323 0.051229199999999996 0.91594 0.0510189 0.9175739999999999 0.0297645