4 0.5902700000000001 0.22755299999999998 0.131937 0.225516 0.116505 0.28050600000000003 0.5902700000000001 0.28050600000000003 0.5902700000000001 0.22755299999999998
6 0.604159 0.285598 0.38965299999999997 0.285598 0.38965299999999997 0.310038 0.5949 0.311056 0.604159 0.285598
2 0.26465299999999997 0.0605468 0.0918133 0.0585102 0.0918133 0.20515 0.27699799999999997 0.20515 0.26465299999999997 0.0605468
7 0.298603 0.346698 0.0918133 0.344661 0.105702 0.378266 0.27854199999999996 0.377247 0.298603 0.346698
4 0.39736899999999997 0.399651 0.09027009999999999 0.399651 0.0794676 0.42816400000000004 0.394282 0.42816400000000004 0.39736899999999997 0.399651
4 0.6581710000000001 0.459732 0.667431 0.433256 0.104931 0.43732899999999997 0.116505 0.459732 0.6581710000000001 0.459732
4 0.466813 0.548327 0.48070199999999996 0.520832 0.9066280000000001 0.523887 0.905085 0.464824 0.11341799999999999 0.46685999999999994 0.0856404 0.493337 0.07638120000000001 0.550364 0.466813 0.548327
4 0.514653 0.549345 0.122677 0.553419 0.116505 0.580913 0.506937 0.577858 0.514653 0.549345
4 0.8310109999999999 0.581932 0.12885 0.581932 0.11496100000000001 0.6043350000000001 0.827924 0.606372 0.8310109999999999 0.581932
4 0.795517 0.667471 0.881937 0.666453 0.9019980000000001 0.651178 0.900455 0.615537 0.122677 0.6094269999999999 0.0918133 0.626738 0.0948997 0.667471 0.795517 0.667471
4 0.662801 0.66849 0.635023 0.66849 0.121134 0.66849 0.118048 0.693948 0.6519980000000001 0.698021 0.662801 0.66849
4 0.744591 0.7000580000000001 0.124221 0.698021 0.118048 0.727553 0.7090970000000001 0.728571 0.744591 0.7000580000000001
4 0.41897399999999996 0.7306079999999999 0.12576400000000001 0.732645 0.118048 0.758103 0.420517 0.756066 0.41897399999999996 0.7306079999999999
4 0.317122 0.763195 0.122677 0.763195 0.116505 0.790689 0.317122 0.793744 0.317122 0.763195
6 0.48070199999999996 0.915944 0.15873015937499999 0.9164969453125 0.1763668421875 0.9339540296875001 0.482245 0.9403840000000001 0.48070199999999996 0.915944
6 0.7723690000000001 0.957696 0.222986 0.957696 0.221443 0.986209 0.7723690000000001 0.986209 0.7723690000000001 0.957696
3 0.15652777812500002 0.91795315625 0.11464506249999999 0.91795315625 0.11464506249999999 0.9412321796875001 0.15652777812500002 0.9412321796875001 0.15652777812500002 0.91795315625