4 0.331913 0.23765999999999998 0.268048 0.237066 0.277292 0.25131800000000004 0.327712 0.25131800000000004 0.331913 0.23765999999999998
4 0.52351 0.25131800000000004 0.268048 0.252505 0.274771 0.267351 0.5302330000000001 0.26616300000000004 0.52351 0.25131800000000004
4 0.754603 0.27032 0.23947600000000002 0.27032 0.244518 0.30001099999999997 0.754603 0.301199 0.754603 0.27032
4 0.757124 0.30297999999999997 0.24535900000000002 0.302387 0.241157 0.369489 0.753762 0.35998800000000003 0.757124 0.30297999999999997
4 0.250401 0.46806400000000004 0.755443 0.465094 0.756283 0.387303 0.310905 0.387303 0.315947 0.454406 0.24535900000000002 0.45737500000000003 0.250401 0.46806400000000004
4 0.754603 0.471033 0.247039 0.47222 0.24535900000000002 0.519726 0.7487199999999999 0.522695 0.754603 0.471033
4 0.47561099999999995 0.5221020000000001 0.266367 0.52032 0.271409 0.535166 0.47981299999999993 0.534572 0.47561099999999995 0.5221020000000001
4 0.754042 0.537739 0.243118 0.538333 0.240597 0.665412 0.754882 0.664224 0.754042 0.537739
4 0.667487 0.669568 0.27000799999999997 0.669568 0.27337 0.682039 0.667487 0.681445 0.667487 0.669568
4 0.759084 0.6850080000000001 0.243118 0.6844140000000001 0.24395799999999998 0.747359 0.7616050000000001 0.749735 0.759084 0.6850080000000001
4 0.754882 0.75211 0.243118 0.752704 0.245639 0.8008029999999999 0.756563 0.8002100000000001 0.754882 0.75211
2 0.305023 0.389679 0.23443399999999998 0.390866 0.23779599999999998 0.450249 0.308384 0.449655 0.305023 0.389679
3 0.28485499999999997 0.20499900000000001 0.246199 0.20321799999999998 0.24031699999999998 0.21806399999999998 0.286535 0.21806399999999998 0.28485499999999997 0.20499900000000001
6 0.532754 0.367707 0.46972899999999995 0.36652 0.47225 0.384334 0.536115 0.383147 0.532754 0.367707