4 0.0795298 0.15124100000000001 0.282812 0.151835 0.267938 0.0627199 0.0274698 0.06390799999999999 0.0349067 0.168469 0.07044 0.16728099999999999 0.0795298 0.15124100000000001
4 0.280333 0.257584 0.285291 0.172628 0.0473021 0.17025200000000001 0.0324276 0.188075 0.028295999999999998 0.25699 0.280333 0.257584
4 0.263887 0.347124 0.285835 0.311374 0.257714 0.261324 0.0431704 0.259961 0.0354921 0.278829 0.0317198 0.346138 0.263887 0.347124
4 0.13254300000000002 0.46990699999999996 0.14077299999999998 0.457086 0.262515 0.453388 0.28274900000000003 0.382627 0.28274900000000003 0.351315 0.0529818 0.35008300000000003 0.0334345 0.36734100000000003 0.0320628 0.4704 0.13254300000000002 0.46990699999999996
4 0.112653 0.560391 0.12259800000000001 0.546091 0.250856 0.544365 0.280348 0.5241480000000001 0.24365399999999998 0.47755000000000003 0.0478378 0.475577 0.0300051 0.489877 0.026232899999999996 0.559651 0.112653 0.560391
4 0.271089 0.595894 0.257028 0.565322 0.048436446875 0.563364275 0.032405699999999996 0.5761700000000001 0.0296622 0.683666 0.149004 0.689337 0.147289 0.671585 0.269374 0.670353 0.271089 0.595894
4 0.21816300000000002 0.9253690000000001 0.259315 0.9033429999999999 0.276233 0.760015 0.245597 0.7596860000000001 0.277605 0.708732 0.273489 0.68868 0.0444084 0.689666 0.0270333 0.709719 0.025661499999999997 0.917808 0.21816300000000002 0.9253690000000001
4 0.545094 0.922739 0.5583549999999999 0.818201 0.328817 0.8159000000000001 0.312813 0.831679 0.313727 0.918137 0.545094 0.922739
4 0.8477919999999999 0.872443 0.622826 0.8701409999999999 0.597221 0.9194509999999999 0.825844 0.922739 0.8477919999999999 0.872443
4 0.6594059999999999 0.85239 0.834989 0.850746 0.847335 0.8162290000000001 0.599507 0.817873 0.604537 0.864882 0.6626070000000001 0.8661960000000001 0.6594059999999999 0.85239
4 0.41495 0.11776199999999999 0.565841 0.120063 0.5740719999999999 0.0631921 0.320757 0.0654933 0.318928 0.132884 0.401232 0.132227 0.41495 0.11776199999999999
4 0.45526099999999997 0.45851499999999995 0.568784 0.45171400000000006 0.5723320000000001 0.13544799999999999 0.335824 0.13714900000000002 0.314539 0.147351 0.309809 0.45596500000000006 0.45526099999999997 0.45851499999999995
4 0.855357 0.0650168 0.608278 0.0632345 0.604973 0.45593399999999995 0.8454409999999999 0.45831 0.855357 0.0650168
2 0.597424 0.807823 0.729868 0.812074 0.921439 0.804422 0.9356289999999999 0.471153 0.693209 0.45925000000000005 0.35027400000000003 0.475404 0.334901 0.536616 0.310068 0.807823 0.597424 0.807823
3 0.9259809999999999 0.9076169999999999 0.926439 0.8901939999999999 0.881629 0.8928240000000001 0.88803 0.894796 0.899004 0.90696 0.9259809999999999 0.9076169999999999
6 0.9506729999999999 0.9473940000000001 0.734395 0.949038 0.731194 0.959229 0.947929 0.961858 0.9506729999999999 0.9473940000000001