4 0.191222 0.914096 0.501072 0.910842 0.501725 0.796941 0.0907661 0.797871 0.0894609 0.934086 0.187961 0.934552 0.191222 0.914096
4 0.512814 0.44966100000000003 0.761998 0.44966100000000003 0.7659130000000001 0.791827 0.512814 0.793687 0.5137929999999999 0.936876 0.928665 0.935481 0.9289910000000001 0.378996 0.541516 0.378996 0.544125 0.39945200000000003 0.51151 0.40131100000000003 0.512814 0.44966100000000003
4 0.5160750000000001 0.378996 0.847452 0.377137 0.8448420000000001 0.357146 0.9270339999999999 0.357146 0.9250769999999999 0.288805 0.544778 0.288805 0.546082 0.308331 0.514771 0.308331 0.5160750000000001 0.378996
4 0.502377 0.286016 0.0875039 0.286016 0.0888092 0.450126 0.499768 0.44733599999999996 0.502377 0.286016
2 0.472371 0.662585 0.47758900000000004 0.671883 0.677198 0.671883 0.6778500000000001 0.460354 0.293636 0.460819 0.292332 0.6518930000000001 0.472371 0.650962 0.472371 0.662585
2 0.842234 0.126091 0.817772 0.120512 0.779612 0.13166899999999998 0.751236 0.123301 0.725795 0.119815 0.6847000000000001 0.11842 0.645561 0.123301 0.61425 0.11563000000000001 0.584895 0.112144 0.5643469999999999 0.111446 0.535972 0.105868 0.503682 0.11632800000000001 0.461608 0.107262 0.41953300000000004 0.10795999999999999 0.392136 0.12120899999999998 0.359846 0.112144 0.31288 0.10098599999999999 0.285482 0.112144 0.238516 0.117722 0.188614 0.108657 0.161216 0.12120899999999998 0.127948 0.11842 0.0800029 0.122604 0.08098140000000001 0.18118099999999998 0.925404 0.184668 0.9263830000000001 0.09889400000000001 0.842234 0.126091
6 0.5062909999999999 0.769047 0.34321100000000004 0.768582 0.344517 0.785319 0.5062909999999999 0.785784 0.5062909999999999 0.769047
6 0.583264 0.22511399999999998 0.431274 0.22186 0.43584100000000003 0.245105 0.58196 0.24557 0.583264 0.22511399999999998
6 0.530427 0.25765699999999997 0.482156 0.25765699999999997 0.48346 0.27578800000000003 0.529774 0.274858 0.530427 0.25765699999999997
7 0.564999 0.194431 0.45019200000000004 0.19350099999999998 0.452801 0.212562 0.5643469999999999 0.213026 0.564999 0.194431
6 0.92149 0.0835523 0.546735 0.0793682 0.55652 0.120512 0.9244260000000001 0.13306400000000002 0.92149 0.0835523