4 0.41875 0.5640805609374999 0.418819940625 0.559375 0.421875 0.5563982234375 0.4328125015625 0.5548808109375 0.8796874984375 0.5564044499999999 0.8803920703125 0.5234375 0.14218750156249998 0.522699153125 0.1420313078125 0.5734375 0.153125 0.5734471812499999 0.1953124984375 0.5676156578125 0.409375 0.5674315171875 0.41875 0.5640805609374999
4 0.6828125015625 0.8017383468749999 0.8828124984375 0.8031346515625 0.8835487437499999 0.7734375 0.1765625015625 0.7728868359375001 0.153125 0.773428815625 0.14214794375 0.78125 0.14218750156249998 0.8177114359375001 0.184375 0.8160102218749999 0.5296874984375 0.817188125 0.5890625015625 0.8141081859374999 0.6078125015625 0.8079018874999999 0.6828125015625 0.8017383468749999
4 0.4078125015625 0.6642795359375 0.434375 0.6671957875000001 0.49375 0.6671946046875 0.5265625015625 0.6642092921875 0.659375 0.6672279375 0.7734375015625 0.66719134375 0.7953125015625 0.6642675140625001 0.875 0.66568445 0.8756169874999999 0.646875 0.875 0.643448890625 0.8671875015625 0.642181925 0.7453125015625 0.6401465234375 0.13906249843750002 0.6405957640625 0.1388419828125 0.684375 0.1765625015625 0.684399559375 0.20156249843750002 0.6781839187500001 0.2109375015625 0.66422465 0.4078125015625 0.6642795359375
4 0.396877871875 0.896875 0.39375332812499997 0.890625 0.3984375015625 0.887773546875 0.4359374984375 0.8878222296875 0.459375 0.8922303078124999 0.884375 0.8890639015625 0.890736171875 0.8859375 0.8907186890625001 0.84375 0.8890625015625 0.8406208703125 0.8765625015625 0.840016703125 0.178125 0.8402328203125 0.165625 0.8405606953125 0.1358804015625 0.8484375 0.1359375015625 0.9095429296875001 0.153125 0.9093862796875 0.1796875015625 0.9050867296874999 0.278125 0.9050866359375 0.3296875015625 0.91094263125 0.371875 0.910946303125 0.384375 0.909426996875 0.39375 0.9046949359375 0.396877871875 0.896875
4 0.8875197828125 0.7328125 0.8875241734375001 0.6859375 0.828125 0.68246668125 0.13082469375 0.6828125 0.13125 0.687612840625 0.159375 0.6844311515625 0.165590953125 0.6890625 0.153125 0.6936488562500001 0.131165503125 0.6921875 0.12734429375 0.7455948734375 0.7686964578125 0.752876075 0.8328124984375 0.7375045546875 0.8828124984375 0.7359454703125 0.8875197828125 0.7328125
4 0.168045484375 0.909375 0.16875 0.931423296875 0.2734375015625 0.932843834375 0.2781819859375 0.93125 0.278125 0.9086945171874999 0.168045484375 0.909375
2 0.0984375015625 0.50995344375 0.3578125015625 0.5079757625 0.4203124984375 0.509602025 0.434375 0.507918396875 0.578125 0.5096392187500001 0.6265625015625 0.5078429484375 0.88125 0.5098503453125 0.88125 0.0712039890625 0.0980000140625 0.071875 0.0984375015625 0.50995344375
4 0.7172349625 0.828125 0.7140660875 0.821875 0.7078125015625 0.8171624124999999 0.640625 0.8156230984375 0.1650163578125 0.815625 0.16555162031249998 0.8375 0.175 0.8390901312500001 0.6484375015625 0.8406267890624999 0.7078125015625 0.8375599812500001 0.7157289296875 0.834375 0.7172349625 0.828125
6 0.17343750156249998 0.167400746875 0.1953124984375 0.15955642812499998 0.2375 0.150063 0.2703125015625 0.13301583125 0.3015625015625 0.1281956015625 0.328125 0.11744193437499999 0.3609375015625 0.1109901078125 0.3984375015625 0.098476453125 0.428125 0.082998653125 0.4609375015625 0.076585534375 0.4890625015625 0.0672339515625 0.515625 0.054767242187499995 0.5343915015625 0.0390625 0.534393153125 0.0328125 0.5281978953124999 0.021875 0.51875 0.0171418734375 0.490625 0.015583178125 0.46875 0.0187321984375 0.4515624984375 0.029458398437499998 0.4328125015625 0.034146532812500005 0.409375 0.0359092625 0.325 0.06692746875 0.29375 0.070259165625 0.23125 0.0919799328125 0.2 0.0968479875 0.1546875015625 0.11542503281250001 0.1296875015625 0.120293203125 0.1 0.1373030609375 0.07327470625 0.146875 0.07294759687499999 0.19375 0.0733301890625 0.1984375 0.0765624984375 0.1984664296875 0.14375 0.1767521921875 0.1640624984375 0.17346685625 0.17343750156249998 0.167400746875
6 0.88445705 0.38298674843749997 0.5811507296875 0.38298674843749997 0.5811507296875 0.477645259375 0.88445705 0.477645259375 0.88445705 0.38298674843749997
4 0.5186385734375001 0.75142201875 0.1667098859375 0.75142201875 0.1667098859375 0.77035168125 0.5186385734375001 0.77035168125 0.5186385734375001 0.75142201875
4 0.8890946984375001 0.6203582359375 0.89604075 0.5956021546875 0.8034267203125 0.572302315625 0.1829127109375 0.5679335953125 0.1736513078125 0.614533275 0.120398240625 0.6189019953125 0.120398240625 0.6363768750000001 0.2500578828125 0.6392893546875 0.252373234375 0.6174457546875 0.8890946984375001 0.6203582359375