6 0.3862649265625 0.2125 0.1742759609375 0.2125 0.175 0.2453698609375 0.1890625 0.24072291875000001 0.2359375 0.2408568296875 0.2640625 0.245620934375 0.3015625 0.2453211015625 0.3765625 0.2422106640625 0.3859725046875 0.23125 0.3862649265625 0.2125
4 0.8239846156249999 0.4375 0.17287440781250002 0.4375 0.1734375 0.4894116046875 0.628125 0.489063271875 0.815625 0.482826359375 0.8235314140625001 0.478125 0.8239846156249999 0.4375
4 0.7953125 0.340790975 0.8125 0.34218855625 0.817194240625 0.340625 0.8177677234375 0.3109375 0.17640465624999999 0.3109375 0.1765625 0.347328234375 0.6015625 0.3468991078125 0.65625 0.3439794578125 0.7515625 0.3437542390625 0.7953125 0.340790975
4 0.81942461875 0.4015625 0.203125 0.40086805937500003 0.1765625 0.401343746875 0.175988740625 0.4078125 0.1765625 0.4349964046875 0.725 0.4344065625 0.8171875 0.4297513796875 0.8190392125000001 0.4265625 0.81942461875 0.4015625
4 0.7 0.39531421718750004 0.815625 0.39066970156249997 0.8234562593750001 0.3859375 0.8235146234374999 0.35 0.16985663125 0.35 0.1703125 0.39872571093750003 0.58125 0.398471121875 0.5921875 0.3955455 0.63125 0.3939528375 0.7 0.39531421718750004
6 0.2453125 0.2099151296875 0.315625 0.20951966406250003 0.315625 0.19469856562500001 0.24455071718750002 0.1953125 0.2453125 0.2099151296875
6 0.6523865984375 0.2140625 0.653125 0.231670471875 0.775 0.2313564296875 0.7797253046875 0.2296875 0.7796875 0.21351525468750002 0.6523865984375 0.2140625
7 0.26503256249999996 0.2578125 0.265625 0.2971014625 0.328125 0.29538389062500003 0.371875 0.2973335109375 0.66875 0.2968775703125 0.7171875 0.29221373125 0.719454840625 0.2578125 0.26503256249999996 0.2578125
6 0.3555299375 0.146875 0.35625 0.170472790625 0.6375 0.1703857125 0.6395329375000001 0.165625 0.6390625 0.146261828125 0.3555299375 0.146875
6 0.6890625 0.209955434375 0.746875 0.20953264531250002 0.746875 0.1946785375 0.68830134375 0.1953125 0.6890625 0.209955434375
6 0.468060659375 0.2109375 0.46875 0.2316794546875 0.5296875 0.231304 0.5315064640625 0.228125 0.53125 0.2105277625 0.468060659375 0.2109375
3 0.7789493984375 0.1203125 0.7796875 0.14409232031250002 0.821875 0.14379069375 0.828142896875 0.140625 0.828125 0.1198109390625 0.7789493984375 0.1203125
6 0.4742563265625 0.1953125 0.475 0.2114258359375 0.515625 0.2109925875 0.52518541875 0.209375 0.525 0.1947484078125 0.4742563265625 0.1953125
5 0.83823529375 0.1915083140625 0.163865546875 0.1915083140625 0.163865546875 0.247921615625 0.83823529375 0.247921615625 0.83823529375 0.1915083140625