4 0.520878 0.5211330000000001 0.5371819999999999 0.48457 0.128215 0.480914 0.117345 0.520219 0.326584 0.520219 0.520878 0.5211330000000001
4 0.522236 0.525704 0.152671 0.523876 0.139084 0.542157 0.514084 0.546728 0.522236 0.525704
4 0.30348600000000003 0.608885 0.308921 0.592431 0.523595 0.590603 0.522236 0.575978 0.520878 0.545814 0.162182 0.544899 0.12278 0.557697 0.135008 0.608885 0.30348600000000003 0.608885
4 0.269519 0.64819 0.296693 0.633565 0.5249539999999999 0.6408780000000001 0.541258 0.607057 0.155389 0.607057 0.133649 0.628995 0.139084 0.649104 0.269519 0.64819
4 0.359193 0.753309 0.37685599999999997 0.7405120000000001 0.522236 0.73777 0.527671 0.650932 0.166258 0.64819 0.137726 0.669214 0.135008 0.752395 0.359193 0.753309
4 0.371421 0.7953560000000001 0.375497 0.7807310000000001 0.527671 0.78713 0.541258 0.752395 0.156747 0.752395 0.141802 0.772505 0.133649 0.799927 0.371421 0.7953560000000001
4 0.326584 0.8566 0.327943 0.843803 0.5195190000000001 0.84106 0.520878 0.7962710000000001 0.171693 0.799927 0.139084 0.810896 0.135008 0.8575139999999999 0.326584 0.8566
4 0.145878 0.904132 0.515443 0.904132 0.530389 0.858428 0.21109499999999998 0.863912 0.168976 0.8648260000000001 0.140443 0.8821939999999999 0.145878 0.904132
4 0.9461489999999999 0.9087020000000001 0.9488670000000001 0.674698 0.561639 0.674698 0.5358229999999999 0.707605 0.542617 0.9032180000000001 0.9461489999999999 0.9087020000000001
4 0.6757690000000001 0.673784 0.776312 0.660073 0.937997 0.660987 0.969247 0.544899 0.5562039999999999 0.5439849999999999 0.538541 0.589689 0.5371819999999999 0.67287 0.6757690000000001 0.673784
4 0.671693 0.5430710000000001 0.702943 0.527532 0.9366390000000001 0.525704 0.9257690000000001 0.334662 0.5562039999999999 0.33283399999999996 0.5371819999999999 0.36299800000000004 0.542617 0.544899 0.671693 0.5430710000000001
4 0.624139 0.337404 0.635008 0.320037 0.9325620000000001 0.319122 0.9393560000000001 0.210347 0.562997 0.210347 0.545334 0.23411300000000002 0.539899 0.337404 0.624139 0.337404
4 0.81028 0.189324 0.940715 0.193894 0.9461489999999999 0.07872029999999999 0.538541 0.0842048 0.545334 0.212176 0.7559319999999999 0.20577700000000002 0.81028 0.189324
2 0.542617 0.0723218 0.0548451 0.07140769999999999 0.0548451 0.481828 0.52903 0.481828 0.542617 0.0723218
3 0.583378 0.906381728125 0.5045729999999999 0.906381728125 0.514084 0.9319757281250001 0.588812 0.9301477281249999 0.583378 0.906381728125