4 0.0737404 0.130325 0.291286 0.132649 0.48651900000000003 0.132262 0.489562 0.09198300000000001 0.359744 0.0900465 0.228913 0.0908211 0.105688 0.0896592 0.105688 0.11095999999999999 0.0742475 0.111735 0.0737404 0.130325
4 0.326276 0.155693 0.489055 0.15685500000000002 0.48854800000000004 0.136328 0.363041 0.135747 0.255789 0.13381099999999999 0.08109330000000001 0.13381099999999999 0.0757688 0.156081 0.22029200000000002 0.154919 0.326276 0.155693
4 0.0785578 0.232959 0.07830430000000001 0.41363300000000003 0.0757688 0.599342 0.148284 0.599148 0.229927 0.599148 0.232462 0.579009 0.49260400000000004 0.5772660000000001 0.49260400000000004 0.448102 0.494379 0.24651399999999998 0.49260400000000004 0.160728 0.32957200000000003 0.158404 0.11228 0.158985 0.11177299999999998 0.17854399999999998 0.0833753 0.178156 0.0785578 0.232959
4 0.07906490000000001 0.7900210000000001 0.490576 0.788084 0.49235100000000004 0.604893 0.32196600000000003 0.602763 0.111012 0.602763 0.11735100000000001 0.6267750000000001 0.08109330000000001 0.6263880000000001 0.07906490000000001 0.7900210000000001
4 0.777594 0.29809 0.923639 0.294991 0.922625 0.0897242 0.505282 0.0877878 0.512888 0.319004 0.7765799999999999 0.319391 0.777594 0.29809
4 0.507817 0.6433 0.5065500000000001 0.762974 0.617604 0.764524 0.756803 0.762781 0.760606 0.743222 0.9211029999999999 0.742835 0.919075 0.65976 0.9244 0.5387299999999999 0.922371 0.46475600000000006 0.9200889999999999 0.400852 0.9208500000000001 0.321844 0.862026 0.321844 0.682767 0.322812 0.536215 0.322037 0.5367219999999999 0.343532 0.509085 0.342758 0.507817 0.6433
2 0.780214 0.8053190000000001 0.161553 0.8037699999999999 0.178794 0.9408730000000001 0.766015 0.9555899999999999 0.780214 0.8053190000000001
6 0.555485 0.0537057 0.439527 0.054093 0.445275 0.0719086 0.550921 0.0715213 0.555485 0.0537057
6 0.910454 0.0542866 0.674991 0.0554485 0.67516 0.07494189999999999 0.9085940000000001 0.0722308 0.910454 0.0542866
3 0.143551 0.05525480000000001 0.0845578 0.055512799999999994 0.08607909999999999 0.0739737 0.144058 0.0725538 0.143551 0.05525480000000001
6 0.912229 0.769043 0.8648999999999999 0.767493 0.737448 0.766202 0.749619 0.785825 0.9071580000000001 0.788923 0.912229 0.769043