4 0.339005 0.463917 0.314764 0.10941000000000001 0.0203909 0.10699099999999999 0.0342442 0.472387 0.110434 0.47480700000000003 0.339005 0.463917
4 0.326884 0.469967 0.0359753 0.47843600000000003 0.0203909 0.788176 0.314764 0.785757 0.326884 0.469967
4 0.33554300000000004 0.7930159999999999 0.0359753 0.7930159999999999 0.0307805 0.9563560000000001 0.342469 0.9466760000000001 0.33554300000000004 0.7930159999999999
4 0.362382 0.924292 0.39181900000000003 0.9291320000000001 0.429914 0.9206619999999999 0.918226 0.9212680000000001 0.908703 0.588539 0.597881 0.5837 0.598745 0.740989 0.37190599999999996 0.73857 0.362382 0.924292
4 0.9216900000000001 0.499308 0.904157 0.380433 0.372988 0.381794 0.370391 0.5042989999999999 0.896365 0.502937 0.9216900000000001 0.499308
4 0.374287 0.38134 0.654157 0.380433 0.6632480000000001 0.364553 0.919742 0.368636 0.92104 0.180342 0.598962 0.178981 0.602209 0.335968 0.372988 0.335968 0.374287 0.38134
2 0.5926859999999999 0.587935 0.36844299999999996 0.587935 0.370174 0.7361500000000001 0.596148 0.7361500000000001 0.5926859999999999 0.587935
2 0.591819 0.18850899999999998 0.372988 0.18850899999999998 0.376235 0.331431 0.592469 0.3337 0.591819 0.18850899999999998
2 0.8801310000000001 0.0328829 0.7353259999999999 0.0328829 0.734677 0.163101 0.8801310000000001 0.164008 0.8801310000000001 0.0328829
3 0.9658450000000001 0.9490959999999999 0.9035080000000001 0.953936 0.901777 0.980554 0.976235 0.976924 0.9658450000000001 0.9490959999999999
6 0.519742 0.5483089999999999 0.364547 0.546948 0.37168999999999996 0.56419 0.515845 0.566005 0.519742 0.5483089999999999
6 0.441819 0.5669120000000001 0.369742 0.567366 0.367144 0.582792 0.44052100000000005 0.581431 0.441819 0.5669120000000001
6 0.498962 0.144044 0.378832 0.142683 0.37104 0.15856399999999998 0.49701399999999996 0.160378 0.498962 0.144044
6 0.435975 0.16536900000000002 0.36844299999999996 0.163554 0.370391 0.17535099999999998 0.435975 0.179888 0.435975 0.16536900000000002