4 0.947779 0.580466 0.956421 0.465883 0.0200009 0.45998 0.034199099999999996 0.588453 0.166297 0.588453 0.947779 0.580466
4 0.628644 0.726647 0.9428409999999999 0.7117169999999999 0.947779 0.594355 0.0354333 0.5964389999999999 0.0409889 0.636717 0.0446926 0.723522 0.628644 0.726647
4 0.791606 0.7322029999999999 0.0872852 0.731508 0.0656806 0.756508 0.75889 0.753383 0.791606 0.7322029999999999
2 0.41537100000000005 0.179164 0.42740799999999995 0.187497 0.461205 0.18906 0.542686 0.186977 0.582038 0.177081 0.606112 0.15051799999999999 0.612594 0.115362 0.58389 0.07812240000000001 0.569538 0.065362 0.509816 0.059372400000000006 0.43713100000000005 0.059372400000000006 0.375556 0.093487 0.386668 0.129294 0.39963099999999996 0.165622 0.41537100000000005 0.179164
6 0.302871 0.041924499999999996 0.052871299999999996 0.0414036 0.0352787 0.0674453 0.305186 0.0697891 0.302871 0.041924499999999996
7 0.347316 0.103904 0.0653713 0.104945 0.0575009 0.14296599999999998 0.355649 0.146091 0.347316 0.103904
7 0.843612 0.102602 0.647779 0.104424 0.645927 0.14557 0.843612 0.141404 0.843612 0.102602
6 0.504723 0.08150779999999999 0.543149 0.0898411 0.5718530000000001 0.112237 0.582964 0.123174 0.597779 0.119008 0.595927 0.0955703 0.565834 0.0799453 0.519538 0.06770570000000001 0.48759399999999997 0.0674453 0.459816 0.0674453 0.428334 0.0744766 0.40796400000000005 0.0887995 0.401945 0.09973699999999999 0.394075 0.111716 0.383427 0.12447699999999999 0.389445 0.127862 0.419538 0.128643 0.43250099999999997 0.102081 0.464445 0.0869766 0.504723 0.08150779999999999
6 0.481112 0.180466 0.49916799999999995 0.180466 0.5440750000000001 0.17760199999999998 0.567223 0.17161200000000001 0.557038 0.157029 0.521853 0.167706 0.486668 0.16692400000000002 0.448705 0.163279 0.44638999999999995 0.173174 0.45842700000000003 0.177081 0.481112 0.180466
6 0.638519 0.25494500000000003 0.613982 0.19817400000000002 0.374631 0.20234100000000002 0.36259399999999997 0.22734100000000002 0.37000099999999997 0.256508 0.638519 0.25494500000000003
6 0.645927 0.26874699999999996 0.34963099999999997 0.27057000000000003 0.344538 0.293747 0.643149 0.29531 0.645927 0.26874699999999996
6 0.579723 0.406247 0.688982 0.38541400000000003 0.75889 0.344008 0.703334 0.320049 0.335742 0.318747 0.244538 0.348435 0.292223 0.406247 0.579723 0.406247
6 0.5454640000000001 0.409633 0.426945 0.410935 0.430649 0.427862 0.538519 0.42682000000000003 0.5454640000000001 0.409633
6 0.772779 0.436195 0.227408 0.433591 0.22139000000000003 0.458591 0.751019 0.458852 0.772779 0.436195
6 0.916915 0.761717 0.701482 0.762411 0.748396 0.802342 0.9045690000000001 0.803036 0.916915 0.761717
6 0.5712360000000001 0.804772 0.41691500000000004 0.8103279999999999 0.38049499999999997 0.8464389999999999 0.593458 0.844703 0.5712360000000001 0.804772