4 0.507549 0.0943283 0.0912062 0.0924165 0.0821265 0.214758 0.413515 0.212847 0.507549 0.18942900000000001 0.507549 0.0943283
4 0.520518 0.238653 0.10158199999999999 0.238653 0.0762899 0.284053 0.520518 0.28500899999999996 0.520518 0.238653
4 0.499767 0.522524 0.0808298 0.5210899999999999 0.0821265 0.677841 0.311051 0.67354 0.50236 0.6572910000000001 0.499767 0.522524
4 0.11649799999999999 0.699824 0.111958 0.727064 0.49782099999999996 0.724196 0.49782099999999996 0.692655 0.11649799999999999 0.699824
4 0.515979 0.0976731 0.510791 0.165057 0.933619 0.164579 0.933619 0.09050470000000001 0.515979 0.0976731
2 0.0950973 0.293133 0.09379960000000001 0.49193800000000004 0.583424 0.49193800000000004 0.575642 0.292178 0.0950973 0.293133
2 0.417406 0.917267 0.41675700000000004 0.849884 0.401841 0.807351 0.41027199999999997 0.758605 0.386926 0.7289760000000001 0.2668459109375 0.7343929625000001 0.269546 0.735189 0.207289 0.793014 0.19172499999999998 0.865176 0.168378 0.9144 0.25398200000000004 0.9225239999999999 0.39211399999999996 0.9201349999999999 0.417406 0.917267
2 0.918054 0.916789 0.974475 0.708904 0.892114 0.572225 0.752036 0.572703 0.65022 0.576049 0.58083 0.598032 0.539325 0.656813 0.544514 0.652512 0.583424 0.9086650000000001 0.708586 0.9225239999999999 0.829857 0.926825 0.918054 0.916789
2 0.69367 0.413085 0.8791439999999999 0.408784 0.885628 0.359083 0.8655250000000001 0.18704 0.661245 0.19181900000000002 0.6417900000000001 0.22766199999999998 0.616498 0.345702 0.69367 0.413085
6 0.0928268 0.0458215 0.0928268 0.0830975 0.258196 0.07521219999999999 0.256251 0.040086699999999996 0.0928268 0.0458215
6 0.457613 0.0443878 0.45080400000000004 0.0802301 0.581154 0.0816638 0.585045 0.0415204 0.457613 0.0443878
3 0.8540856031249999 0.055913978125 0.8599221796875 0.078853046875 0.9206480000000001 0.075929 0.9105058359375 0.0544802875 0.8540856031249999 0.055913978125
6 0.21831299999999998 0.21427999999999997 0.22479900000000003 0.240565 0.370064 0.23721899999999999 0.370064 0.20663399999999998 0.21831299999999998 0.21427999999999997
6 0.543865 0.49862900000000004 0.105473 0.500541 0.0827753 0.524436 0.55035 0.5210899999999999 0.543865 0.49862900000000004
6 0.393411 0.673062 0.196265 0.677841 0.187185 0.6983900000000001 0.396005 0.6983900000000001 0.393411 0.673062
6 0.345421 0.923002 0.24036300000000002 0.92587 0.241012 0.9473750000000001 0.34671799999999997 0.943551 0.345421 0.923002
6 0.795486 0.926825 0.664487 0.930648 0.684591 0.9621890000000001 0.795486 0.9621890000000001 0.795486 0.926825
6 0.84153 0.415953 0.7312839999999999 0.416909 0.742957 0.443671 0.8065110000000001 0.444627 0.84153 0.415953