6 0.319259 0.217719 0.143405 0.219108 0.1412 0.25139999999999996 0.319259 0.247928 0.319259 0.217719
6 0.359502 0.360428 0.206249 0.359386 0.19742900000000002 0.389942 0.359502 0.392372 0.359502 0.360428
6 0.42179500000000003 0.391678 0.362258 0.391678 0.364463 0.407129 0.42179500000000003 0.40574000000000005 0.42179500000000003 0.391678
6 0.376224 0.45747600000000005 0.305662 0.45736 0.307315 0.472407 0.37567300000000003 0.471481 0.376224 0.45747600000000005
6 0.45872999999999997 0.46118 0.39496699999999996 0.459907 0.398826 0.476805 0.45891400000000004 0.477731 0.45872999999999997 0.46118
6 0.540133 0.48282400000000003 0.482986 0.48201299999999997 0.48151599999999994 0.49544 0.540502 0.494745 0.540133 0.48282400000000003
6 0.439987 0.520092 0.49437800000000004 0.519282 0.49787 0.506898 0.424184 0.505046 0.42161099999999996 0.517662 0.43300400000000006 0.517662 0.439987 0.520092
6 0.45096600000000003 0.5304369999999999 0.471225 0.528961 0.47184600000000004 0.520497 0.444144 0.520628 0.436564 0.5205409999999999 0.43325699999999995 0.51798 0.42381599999999997 0.518024 0.42250699999999997 0.528657 0.443318 0.530524 0.45096600000000003 0.5304369999999999
6 0.46612600000000004 0.544673 0.473775 0.5427190000000001 0.493 0.541504 0.49286199999999997 0.5331710000000001 0.461647 0.5327810000000001 0.461372 0.531131 0.45351600000000003 0.5310870000000001 0.439389 0.530914 0.44276600000000005 0.542329 0.459993 0.5434140000000001 0.46612600000000004 0.544673
6 0.606264 0.544745 0.5915619999999999 0.52611 0.572819 0.510138 0.556465 0.5011099999999999 0.5399269999999999 0.509212 0.592298 0.571018 0.617656 0.565347 0.606264 0.544745
6 0.40394800000000003 0.49775400000000003 0.340184 0.49636500000000006 0.337979 0.5119900000000001 0.40652 0.513032 0.40394800000000003 0.49775400000000003
6 0.291765 0.46974499999999997 0.231677 0.468009 0.23443299999999997 0.48386500000000005 0.292499 0.483402 0.291765 0.46974499999999997
6 0.38915500000000003 0.530162 0.108744 0.52993 0.100658 0.5590970000000001 0.39099300000000003 0.556782 0.38915500000000003 0.530162
6 0.325944 0.56419 0.27192 0.5644210000000001 0.265671 0.582245 0.327413 0.581782 0.325944 0.56419
6 0.45530799999999993 0.561412 0.398711 0.560949 0.399078 0.575995 0.45898199999999995 0.5741430000000001 0.45530799999999993 0.561412
6 0.58063 0.688842 0.451633 0.688322 0.45246000000000003 0.713842 0.5817319999999999 0.713842 0.58063 0.688842
6 0.679307 0.6801619999999999 0.613981 0.679294 0.610674 0.69544 0.680685 0.694224 0.679307 0.6801619999999999
6 0.706594 0.7782519999999999 0.314092 0.78103 0.312438 0.823044 0.705492 0.822349 0.706594 0.7782519999999999
6 0.627212 0.835197 0.38024399999999997 0.836585 0.385205 0.880335 0.62666 0.876516 0.627212 0.835197
6 0.735811 0.353599 0.686932 0.35290499999999997 0.685829 0.37096 0.735811 0.37096 0.735811 0.353599
6 0.7835880000000001 0.305914 0.7530840000000001 0.309849 0.6997950000000001 0.322581 0.708615 0.337627 0.78469 0.320266 0.7835880000000001 0.305914
2 0.8977109999999999 0.051857600000000004 0.0900706 0.0568778 0.10335399999999999 0.947105 0.9056810000000001 0.9454319999999999 0.8977109999999999 0.051857600000000004