4 0.965009 0.0797975 0.525793 0.07663 0.529155 0.158182 0.963889 0.155807 0.965009 0.0797975
4 0.86753 0.696187 0.971732 0.6949989999999999 0.970051 0.160558 0.524113 0.161745 0.533076 0.714002 0.86753 0.715189 0.86753 0.696187
2 0.502824 0.0326876 0.023272300000000003 0.0326876 0.031115999999999998 0.403234 0.49834300000000004 0.402442 0.502824 0.0326876
2 0.511788 0.42302799999999996 0.0367176 0.422236 0.044560499999999996 0.759528 0.51515 0.7587360000000001 0.511788 0.42302799999999996
7 0.8143090000000001 0.0449596 0.670892 0.045751799999999995 0.683217 0.07108790000000001 0.8143090000000001 0.07188 0.8143090000000001 0.0449596
6 0.182376 0.253986 0.15324500000000002 0.26744599999999996 0.16557 0.277739 0.19806200000000002 0.269821 0.182376 0.253986
6 0.36500900000000003 0.21122999999999997 0.332516 0.22785700000000003 0.351564 0.241318 0.386297 0.227066 0.36500900000000003 0.21122999999999997
6 0.148763 0.340684 0.11010800000000001 0.339893 0.119071 0.352561 0.148763 0.35493600000000003 0.148763 0.340684
6 0.295541 0.37512599999999996 0.26809099999999997 0.37591800000000003 0.269771 0.391357 0.294421 0.391357 0.295541 0.37512599999999996
6 0.41599 0.38185600000000003 0.384617 0.38185600000000003 0.393581 0.394524 0.41542899999999994 0.394128 0.41599 0.38185600000000003
6 0.19133899999999998 0.598008 0.15324500000000002 0.597612 0.154925 0.614239 0.189099 0.6154270000000001 0.19133899999999998 0.598008
6 0.505066 0.728254 0.47817499999999996 0.730233 0.479855 0.743693 0.504505 0.744881 0.505066 0.728254
6 0.405906 0.673622 0.328595 0.668475 0.33195600000000003 0.68629 0.406466 0.687477 0.405906 0.673622
6 0.40534499999999996 0.645118 0.33139599999999997 0.645514 0.333637 0.664121 0.410948 0.664912 0.40534499999999996 0.645118