4 0.49669800000000003 0.09768790000000001 0.08409069999999999 0.09768790000000001 0.077405 0.211054 0.49860800000000005 0.210354 0.49669800000000003 0.09768790000000001
4 0.483964 0.23531399999999997 0.0955521 0.22971499999999997 0.0942789 0.661719 0.483964 0.6645179999999999 0.483964 0.23531399999999997
4 0.49829 0.708838 0.0723114 0.705339 0.0713563 0.9404680000000001 0.49447 0.943267 0.49829 0.708838
4 0.911853 0.871889 0.508797 0.8704890000000001 0.506886 0.947466 0.9089880000000001 0.946766 0.911853 0.871889
4 0.914718 0.0997873 0.509752 0.0983877 0.509752 0.142474 0.909943 0.143174 0.914718 0.0997873
4 0.8497709999999999 0.148073 0.5546420000000001 0.145274 0.553687 0.399997 0.855501 0.397898 0.8497709999999999 0.148073
2 0.898481 0.428922 0.534266 0.423323 0.530446 0.819871 0.898481 0.8217380000000001 0.898481 0.428922
3 0.139487 0.0591994 0.08409069999999999 0.0591994 0.0812254 0.0794934 0.139487 0.0808929 0.139487 0.0591994
6 0.554005 0.0550007 0.446077 0.0571001 0.445122 0.08299229999999999 0.552095 0.08159269999999999 0.554005 0.0550007
6 0.907395 0.0598992 0.6867650000000001 0.0577999 0.68963 0.0808929 0.90453 0.0808929 0.907395 0.0598992
1 0.40182399999999996 0.6731480000000001 0.167822 0.6731480000000001 0.171643 0.694842 0.400869 0.696241 0.40182399999999996 0.6731480000000001
1 0.803926 0.836199 0.603352 0.837599 0.6023970000000001 0.862791 0.803926 0.862092 0.803926 0.836199