7 0.2240613640625 0.0756882359375 0.1259113640625 0.0756882359375 0.1259113640625 0.10686470625 0.2240613640625 0.10686470625 0.2240613640625 0.0756882359375
7 0.5555227265625 0.07764705937500001 0.4471227265625 0.07764705937500001 0.4471227265625 0.1068 0.5555227265625 0.1068 0.5555227265625 0.07764705937500001
7 0.9324295453125 0.0756882359375 0.7137886359375 0.0756882359375 0.7137886359375 0.106017646875 0.9324295453125 0.106017646875 0.9324295453125 0.0756882359375
4 0.649444834375 0.4315500765625 0.6524746343750001 0.11761058124999998 0.35015150156249997 0.1178431375 0.34888864062499997 0.454280903125 0.48462368749999996 0.453497153125 0.483411740625 0.4315500765625 0.649444834375 0.4315500765625
4 0.2691456625 0.3864616140625 0.32731781249999997 0.38489399375 0.3259090765625 0.1199019625 0.024943765625 0.11761058124999998 0.0255497640625 0.407624790625 0.2691456625 0.40684098124999996 0.2691456625 0.3864616140625
4 0.3285297609375 0.4163945421875 0.027973565625000002 0.420313653125 0.025878773437500002 0.8580392171875 0.2170331125 0.8537673640625 0.2170331125 0.8286850749999999 0.3254999609375 0.83103650625 0.3285297609375 0.4163945421875
5 0.6690908953125 0.11588235312499999 0.6666186015625 0.9190064734375 0.97444634375 0.91822269375 0.97444634375 0.1155075265625 0.6690908953125 0.11588235312499999
6 0.787109375 0.1301700359375 0.7802734375 0.123851103125 0.7392578125 0.1263786765625 0.7392578125 0.13901654375 0.7724609375 0.13901654375 0.7841796875 0.1364889703125 0.787109375 0.1301700359375
6 0.6904296875 0.15923713281250002 0.693359375 0.155445771875 0.6953125 0.145335478125 0.6953125 0.1276424640625 0.6923828125 0.123851103125 0.6806640625 0.123851103125 0.67578125 0.1301700359375 0.673828125 0.13775275781250002 0.6796875 0.1579733453125 0.6865234375 0.16176470625 0.6904296875 0.15923713281250002
6 0.693359375 0.1731387875 0.6904296875 0.1693474265625 0.6787109375 0.1693474265625 0.6748046875 0.171875 0.673828125 0.1731387875 0.6806640625 0.1794577203125 0.693359375 0.178193934375 0.693359375 0.1731387875
6 0.6953125 0.264131434375 0.6943359375 0.2552849265625 0.6748046875 0.2552849265625 0.673828125 0.26160385937499997 0.6787109375 0.26539522031249996 0.6923828125 0.26792279375 0.6953125 0.264131434375
6 0.693359375 0.37281709531249996 0.6923828125 0.3614430140625 0.6826171875 0.3614430140625 0.6796875 0.365234375 0.6796875 0.370289521875 0.6826171875 0.3740808828125 0.693359375 0.37281709531249996
6 0.6923828125 0.43979779375000005 0.6953125 0.43347885937499997 0.6923828125 0.4271599265625 0.6748046875 0.4271599265625 0.671875 0.4309512875 0.671875 0.43600643437500003 0.6806640625 0.43979779375000005 0.6923828125 0.43979779375000005
6 0.693359375 0.5446920953125 0.693359375 0.537109375 0.6904296875 0.5333180140625 0.6748046875 0.5333180140625 0.671875 0.537109375 0.6748046875 0.5434283093750001 0.6806640625 0.5459558828125 0.693359375 0.5446920953125
6 0.6923828125 0.5788143375 0.6845703125 0.5762867640625 0.6748046875 0.5788143375 0.6748046875 0.5863970593750001 0.6806640625 0.5889246328125 0.693359375 0.5876608453125 0.6923828125 0.5788143375
6 0.6904296875 0.6420036765625 0.677525396875 0.63897550625 0.677525396875 0.656219571875 0.701171875 0.6508501828125001 0.7001953125 0.6470588234375 0.6904296875 0.6420036765625
6 0.6923828125 0.74057904375 0.693359375 0.7266773890625 0.6826171875 0.725413603125 0.677734375 0.7317325359375 0.677734375 0.7367876828125001 0.6806640625 0.74057904375 0.6923828125 0.74057904375
6 0.6923828125 0.7936580875 0.6796875 0.7923943015625 0.6787109375 0.8037683828125 0.6953125 0.8025045953125 0.6953125 0.7974494484375 0.6923828125 0.7936580875
6 0.697265625 0.8682215078125 0.6962890625 0.8568474265624999 0.673828125 0.8581112125000001 0.671875 0.863166359375 0.6728515625 0.86948529375 0.6943359375 0.8720128671875 0.697265625 0.8682215078125
6 0.8046875 0.885914521875 0.7900390625 0.8568474265624999 0.7763671875 0.854319853125 0.7177734375 0.854319853125 0.7119140625 0.8568474265624999 0.708984375 0.8606387874999999 0.7099609375 0.89223345625 0.8017578125 0.8897058828125 0.8046875 0.885914521875
6 0.7431640625 0.8467371328125 0.7998046875 0.8239889703125 0.802734375 0.8176700359375 0.7900390625 0.7911305140625 0.7607421875 0.7860753671875 0.7236328125 0.7860753671875 0.7119140625 0.7911305140625 0.708984375 0.794921875 0.70703125 0.8151424640625 0.708984375 0.8404181984375001 0.7138671875 0.8467371328125 0.7431640625 0.8467371328125
6 0.7998046875 0.78354779375 0.806640625 0.7797564343750001 0.8046875 0.751953125 0.796875 0.7292049640625 0.7919921875 0.725413603125 0.7724609375 0.7228860296875 0.7177734375 0.725413603125 0.708984375 0.7317325359375 0.70703125 0.751953125 0.708984375 0.777228859375 0.7158203125 0.78354779375 0.7998046875 0.78354779375
6 0.7705078125 0.72035845625 0.810546875 0.6735983453125 0.810546875 0.666015625 0.7998046875 0.639476103125 0.7333984375 0.6369485296875 0.7138671875 0.639476103125 0.708984375 0.6457950359375 0.70703125 0.6938189343750001 0.708984375 0.7165670953125 0.7138671875 0.72035845625 0.7705078125 0.72035845625
6 0.7353515625 0.63442095625 0.7646484375 0.63442095625 0.7744140625 0.6318933828125 0.798828125 0.5876608453125 0.798828125 0.5775505515625 0.7900390625 0.5737591906249999 0.7294921875 0.5737591906249999 0.7119140625 0.5762867640625 0.708984375 0.580078125 0.708984375 0.628102021875 0.7119140625 0.6318933828125 0.7353515625 0.63442095625
6 0.7802734375 0.56870404375 0.80859375 0.542164521875 0.80859375 0.5345818015625 0.8056640625 0.5307904406249999 0.7392578125 0.5282628671875 0.7099609375 0.5307904406249999 0.70703125 0.5345818015625 0.708984375 0.5649126828125001 0.7119140625 0.56870404375 0.7802734375 0.56870404375
6 0.7509765625 0.52573529375 0.80078125 0.5017233453125 0.80078125 0.489085478125 0.7900390625 0.4271599265625 0.7861328125 0.424632353125 0.7177734375 0.424632353125 0.708984375 0.4284237125 0.705078125 0.4764476109375 0.708984375 0.5219439343750001 0.7119140625 0.52573529375 0.7509765625 0.52573529375
6 0.7900390625 0.41957720624999995 0.7998046875 0.4170496328125 0.802734375 0.413258271875 0.806640625 0.37281709531249996 0.8056640625 0.3614430140625 0.7841796875 0.358915440625 0.7119140625 0.358915440625 0.708984375 0.3627068015625 0.70703125 0.3879825359375 0.708984375 0.413258271875 0.7119140625 0.4170496328125 0.7900390625 0.41957720624999995
6 0.7177734375 0.35386029375 0.7861328125 0.35386029375 0.8056640625 0.35133272031249996 0.80859375 0.34754135937499997 0.7890625 0.274241728125 0.7802734375 0.252757353125 0.7119140625 0.252757353125 0.708984375 0.2565487125 0.708984375 0.327320771875 0.7119140625 0.35133272031249996 0.7177734375 0.35386029375
6 0.7900390625 0.24770220625 0.79296875 0.24391084531249999 0.80078125 0.20346966875 0.80078125 0.193359375 0.7919921875 0.1693474265625 0.7880859375 0.166819853125 0.7158203125 0.166819853125 0.708984375 0.1706112125 0.70703125 0.2186351109375 0.7109375 0.24391084531249999 0.7138671875 0.24770220625 0.7900390625 0.24770220625
6 0.91015625 0.1352251828125 0.9091796875 0.1263786765625 0.8349609375 0.1263786765625 0.833984375 0.1352251828125 0.8369140625 0.13901654375 0.9072265625 0.13901654375 0.91015625 0.1352251828125
6 0.9443359375 0.16176470625 0.9541015625 0.16176470625 0.95703125 0.1579733453125 0.9609375 0.13775275781250002 0.9609375 0.12511488906249998 0.9521484375 0.1213235296875 0.9404296875 0.1213235296875 0.9375 0.12511488906249998 0.9375 0.1352251828125 0.94140625 0.1579733453125 0.9443359375 0.16176470625
6 0.90625 0.178193934375 0.9052734375 0.1693474265625 0.8955078125 0.166819853125 0.8330078125 0.166819853125 0.8251953125 0.1693474265625 0.82421875 0.178193934375 0.8330078125 0.18451286718749998 0.9033203125 0.18198529375 0.90625 0.178193934375
6 0.96484375 0.1706112125 0.9599609375 0.166819853125 0.9345703125 0.166819853125 0.93359375 0.178193934375 0.9365234375 0.18198529375 0.96484375 0.18072150781250002 0.96484375 0.1706112125
6 0.8974609375 0.29067095625 0.904296875 0.28687959531249996 0.90625 0.2590762875 0.8955078125 0.25022977968750004 0.8251953125 0.2552849265625 0.822265625 0.2590762875 0.822265625 0.28687959531249996 0.8251953125 0.29067095625 0.8974609375 0.29067095625
6 0.96484375 0.2666590078125 0.96484375 0.2565487125 0.9619140625 0.252757353125 0.9384765625 0.25022977968750004 0.9345703125 0.252757353125 0.93359375 0.264131434375 0.9384765625 0.26792279375 0.9599609375 0.2704503671875 0.96484375 0.2666590078125
6 0.8583984375 0.39682904375 0.8681640625 0.39430147031249996 0.9072265625 0.37913602968750004 0.91015625 0.37534466875 0.91015625 0.3627068015625 0.9052734375 0.358915440625 0.8408203125 0.3563878671875 0.8251953125 0.358915440625 0.822265625 0.3627068015625 0.822265625 0.3930376828125 0.8291015625 0.39682904375 0.8583984375 0.39682904375
6 0.9599609375 0.37660845625 0.9638671875 0.3740808828125 0.966796875 0.3677619484375 0.9638671875 0.3614430140625 0.9365234375 0.358915440625 0.93359375 0.3627068015625 0.93359375 0.370289521875 0.9365234375 0.3740808828125 0.9599609375 0.37660845625
6 0.91796875 0.456227021875 0.908203125 0.4309512875 0.9013671875 0.424632353125 0.8408203125 0.424632353125 0.8232421875 0.4296875 0.822265625 0.45875459531249996 0.8251953125 0.46254595624999995 0.9111328125 0.46254595624999995 0.91796875 0.456227021875
6 0.9580078125 0.4423253671875 0.966796875 0.43600643437500003 0.966796875 0.4284237125 0.9638671875 0.424632353125 0.9365234375 0.42210477968750004 0.93359375 0.42589614062500003 0.93359375 0.43600643437500003 0.9365234375 0.43979779375000005 0.9580078125 0.4423253671875
6 0.8955078125 0.56870404375 0.9013671875 0.5661764703125 0.9189453125 0.5459558828125 0.923828125 0.5345818015625 0.9130859375 0.5282628671875 0.8251953125 0.5282628671875 0.822265625 0.532054228125 0.822265625 0.5623851109375 0.8291015625 0.56870404375 0.8955078125 0.56870404375
6 0.9599609375 0.54848345625 0.96484375 0.5446920953125 0.9638671875 0.5333180140625 0.9580078125 0.5307904406249999 0.9365234375 0.5307904406249999 0.93359375 0.5345818015625 0.93359375 0.542164521875 0.9365234375 0.5459558828125 0.9599609375 0.54848345625
6 0.8642578125 0.63442095625 0.8720703125 0.6318933828125 0.90234375 0.6104090078125 0.90234375 0.597771140625 0.8935546875 0.5762867640625 0.8251953125 0.5737591906249999 0.822265625 0.5775505515625 0.8203125 0.6002987125 0.822265625 0.628102021875 0.8291015625 0.63442095625 0.8642578125 0.63442095625
6 0.9619140625 0.59145220625 0.96484375 0.5876608453125 0.9638671875 0.5762867640625 0.9365234375 0.5737591906249999 0.93359375 0.5775505515625 0.93359375 0.585133271875 0.9365234375 0.5889246328125 0.9619140625 0.59145220625
6 0.91015625 0.6533777578125 0.9091796875 0.639476103125 0.8310546875 0.6369485296875 0.8232421875 0.6420036765625 0.822265625 0.671070771875 0.8251953125 0.6748621328125 0.8681640625 0.6748621328125 0.91015625 0.6533777578125
6 0.96484375 0.6533777578125 0.96484375 0.6432674640625 0.9619140625 0.639476103125 0.9384765625 0.6369485296875 0.9345703125 0.639476103125 0.93359375 0.6483226109375 0.9365234375 0.6521139703125 0.9501953125 0.65464154375 0.96484375 0.6533777578125
6 0.8720703125 0.74057904375 0.876953125 0.7367876828125001 0.876953125 0.7292049640625 0.8740234375 0.725413603125 0.8251953125 0.725413603125 0.822265625 0.7292049640625 0.822265625 0.7342601109375 0.8291015625 0.74057904375 0.8720703125 0.74057904375
6 0.96484375 0.7393152578125 0.966796875 0.7292049640625 0.9638671875 0.725413603125 0.9365234375 0.7228860296875 0.93359375 0.7266773890625 0.9345703125 0.7380514703125 0.9501953125 0.74057904375 0.96484375 0.7393152578125
6 0.8955078125 0.84926470625 0.900390625 0.842945771875 0.91015625 0.80503216875 0.91015625 0.7923943015625 0.9052734375 0.7886029406249999 0.8291015625 0.7886029406249999 0.8251953125 0.7911305140625 0.822265625 0.794921875 0.822265625 0.8454733453125 0.8251953125 0.84926470625 0.8955078125 0.84926470625
6 0.96484375 0.8025045953125 0.9638671875 0.7911305140625 0.9345703125 0.7886029406249999 0.93359375 0.799977021875 0.9365234375 0.8037683828125 0.9619140625 0.80629595625 0.96484375 0.8025045953125
6 0.853859746875 0.8971012 0.9041544453125001 0.8900467875 0.900390625 0.8581112125000001 0.8974609375 0.854319853125 0.8681640625 0.8517922796875 0.822265625 0.855583640625 0.8203125 0.9086626828125001 0.8232421875 0.91245404375 0.848406096875 0.9096423453125 0.853859746875 0.8971012
6 0.9638671875 0.8568474265624999 0.9580078125 0.854319853125 0.9345703125 0.854319853125 0.93359375 0.8656939343750001 0.9384765625 0.86948529375 0.96484375 0.8682215078125 0.9638671875 0.8568474265624999