6 0.20267282187500002 0.11715200625 0.1995149546875 0.118414109375 0.1995149546875 0.149910071875 0.20335931562499998 0.1540847234375 0.2148924015625 0.1553468296875 0.22010973437499998 0.1412695078125 0.217363775 0.113126196875 0.216265371875 0.10749526875 0.213656715625 0.104776890625 0.2057257234375 0.106689196875 0.20541879999999998 0.11093856875000001 0.2044577 0.116084075 0.20267282187500002 0.11715200625
6 0.34089468749999996 0.231384575 0.33741675625 0.2327746015625 0.337265546875 0.239083171875 0.3407434796875 0.246460996875 0.35813312656249996 0.24614021875 0.3590403984375 0.23876239843749997 0.3588892 0.20338895156249998 0.36206469375 0.1901617375 0.3613086203125 0.1863124421875 0.3579819078125 0.1859916640625 0.359796471875 0.159775759375 0.36176225624999997 0.14279454687499998 0.35828434531250003 0.13883831875 0.3593428359375 0.1186618328125 0.3613086203125 0.11374328125 0.3611574015625 0.10668623749999999 0.3578306890625 0.1047615859375 0.3593428359375 0.097321365625 0.3590403984375 0.08481114375 0.34875784374999996 0.08534576875 0.34274750468750004 0.088280634375 0.341197115625 0.10704983906250001 0.341197115625 0.167634034375 0.341197115625 0.224113678125 0.34089468749999996 0.231384575
6 0.5347364812500001 0.249526440625 0.536863903125 0.2602881171875 0.543409825 0.2630653265625 0.5550288328125 0.2624867390625 0.55666531875 0.251262196875 0.556992625 0.21752593125000003 0.5589563937500001 0.20460399687500003 0.5586291109375 0.2021739375 0.5556834234375 0.20124820625 0.556828971875 0.18608927343749998 0.5579744984375 0.1690788765625 0.55944145625 0.160673090625 0.55944145625 0.15852336250000001 0.5555721453125 0.1583279296875 0.5562170375 0.1403633984375 0.5569540453124999 0.13749709062499998 0.5558485328125 0.119588028125 0.555756403125 0.0928389921875 0.5554800296875 0.086650375 0.5458067578125 0.0872366640625 0.53880611875 0.091635309375 0.5380094296875 0.11309149375000001 0.5385003890625 0.17258445625000002 0.539318609375 0.24686494374999998 0.5347364812500001 0.249526440625
6 0.5665706984375001 0.1262076046875 0.565958490625 0.1294233796875 0.568211225 0.13429602499999999 0.576890646875 0.1325154671875 0.57916453125 0.1284339078125 0.577852675 0.1263931296875 0.5665706984375001 0.1262076046875
6 0.5749806515625 0.21146406718750002 0.5769735500000001 0.2090966125 0.578488159375 0.20661641875 0.5773721328125 0.20413622656250002 0.570277396875 0.2039671234375 0.5678660359375 0.20559803593749998 0.5657335734375 0.2083074578125 0.564697259375 0.21044944375000002 0.567646759375 0.2127041625 0.5749806515625 0.21146406718750002
6 0.5772508109375 0.2753343171875 0.575917646875 0.2709979453125 0.5671187796875 0.27250625156249997 0.566162378125 0.27425515625 0.5658930046874999 0.2793398109375 0.572908021875 0.2809744828125 0.5772126953125001 0.27956528281250004 0.5772508109375 0.2753343171875
6 0.684801996875 0.10779461718750001 0.6556310171875 0.1041657859375 0.6499588984375 0.11218741406249999 0.6504990984375 0.155160421875 0.669676296875 0.1564973609375 0.693715321875 0.1488577109375 0.7150533609374999 0.1488577109375 0.7218058828125 0.154396459375 0.7334202671875001 0.1542054625 0.73534789375 0.1230410984375 0.734747753125 0.1142707578125 0.7288211265625 0.1074907046875 0.7161337999999999 0.1085585828125 0.7099214234375 0.11256939375 0.6899338968750001 0.11371534375 0.684801996875 0.10779461718750001
6 0.6171184109375 0.228627725 0.6441251484375 0.2304666546875 0.6657305265625 0.230325203125 0.6679310875 0.21858426875 0.6887362687499999 0.21872572968749998 0.6913369140625 0.22990082812499998 0.7139425578124999 0.2311739421875 0.732747246875 0.2323056046875 0.733147359375 0.2194330171875 0.7363481453125 0.196941334375 0.7311468546875 0.18703934375 0.6941376171875 0.1874637171875 0.69053671875 0.198497365625 0.6683311859375001 0.199063190625 0.6683311859375001 0.18633205625 0.627830303125 0.1861556515625 0.62291985625 0.1864735125 0.6187188031249999 0.19312199375 0.6171184109375 0.228627725
6 0.73394755625 0.295715134375 0.7345477234375 0.2828425421875 0.7355479765624999 0.2774671703125 0.732947303125 0.25936066874999997 0.72614561875 0.25398529999999997 0.6973384296875 0.2521463578125 0.69421115 0.255201703125 0.6911368859375 0.29033976250000004 0.69513786875 0.3013734140625 0.7219445515625 0.2998173921875 0.73394755625 0.295715134375
6 0.655527984375 0.3695328296875 0.6803341765625001 0.3778787984375 0.6851353703124999 0.37575693593750004 0.686535734375 0.36005521875 0.71654323125 0.36415746250000003 0.717143371875 0.375898396875 0.7313469109375 0.376888596875 0.7341476124999999 0.3461924109375 0.7357480046875 0.3396853921875 0.733147359375 0.3365733296875 0.7323471625 0.32186179843749996 0.71654323125 0.3228519984375 0.7157430078125 0.337139165625 0.6893364375 0.338836653125 0.6899365765625001 0.3227105421875 0.6743326749999999 0.320588684375 0.6701316359375 0.32511531250000003 0.6591080578125 0.3242477546875 0.6585287296875 0.3241251125 0.6547277874999999 0.35779189375 0.655527984375 0.3695328296875
6 0.57940218125 0.34846585625 0.5766015062500001 0.3450708859375 0.566174871875 0.34588430625 0.56479854375 0.3517193703125 0.5728005375 0.3532753984375 0.5778017875 0.351577909375 0.57940218125 0.34846585625
6 0.57099253125 0.3972193890625 0.5649910421875 0.39891687187499997 0.5645997328125001 0.40458935937499996 0.5743933859375 0.405848265625 0.578194340625 0.404716609375 0.5779942859375 0.4004728984375 0.57099253125 0.3972193890625
6 0.71062741875 0.3960877328125 0.7060262390625 0.3887319640625 0.6756186578125 0.389014878125 0.6687839109375 0.3924983453125 0.671817703125 0.41334550625000005 0.68021978125 0.4161746453125 0.709627165625 0.4161746453125 0.71062741875 0.3960877328125
6 0.569264384375 0.45884814062499996 0.579466925 0.4555946265625 0.5782666296875 0.450219259375 0.57466573125 0.4475315703125 0.5682000515625 0.4475442765625 0.5646632328125001 0.45177528593750005 0.565863528125 0.455453175 0.569264384375 0.45884814062499996
6 0.718701659375 0.481339809375 0.7315048875 0.4797837828125 0.732905225 0.449229059375 0.734905703125 0.44540971875 0.7335053921875 0.43819540625000003 0.7313048046875 0.42659592812499997 0.6548857375 0.4251813578125 0.6393063140625 0.4313168625 0.6384816671875 0.4738425890625 0.6534854015625 0.47851066875 0.66368795625 0.47921795625 0.718701659375 0.481339809375
6 0.727103765625 0.561266809375 0.7241030078125 0.5502331484375 0.723702921875 0.5246294218750001 0.7197019109375 0.5201027984375 0.7080990203125 0.5201027984375 0.70478708125 0.52438585 0.7050982890624999 0.5390580390624999 0.708299075 0.571310246875 0.7241030078125 0.572300446875 0.727103765625 0.561266809375
6 0.6268787609375 0.4912455546875 0.620677215625 0.49251866875 0.6192768656250001 0.512747025 0.619076809375 0.5345314109375 0.6338805015625 0.5343899546875 0.6386816953125 0.5280243875 0.635280853125 0.49251866875 0.6268787609375 0.4912455546875
6 0.5668637796875 0.5107666296875 0.5640630921875001 0.5160005390625 0.5682000515625 0.51834034375 0.578666728125 0.5169907406250001 0.5804671781249999 0.509634971875 0.5718650296875001 0.508361859375 0.5668637796875 0.5107666296875
6 0.570864778125 0.5764027015625001 0.5768662796874999 0.575836875 0.579466925 0.56791528125 0.57646618125 0.5666421671874999 0.5668499312499999 0.56781804375 0.5640630921875001 0.5690469421875 0.5640630921875001 0.572017534375 0.570864778125 0.5764027015625001
6 0.6050733265625 0.639909415625 0.6026727234375 0.616569003125 0.6020725828125 0.6119009234375 0.5934704203125001 0.6117594625 0.5875517546875 0.613000253125 0.5876689749999999 0.6249149671875001 0.5880690875 0.640616703125 0.5960710796875001 0.6435873046875 0.6050733265625 0.639909415625
6 0.6718899781250001 0.6458506093749999 0.670689696875 0.6151544328125 0.6700895296875 0.6058182640625 0.6620875359375 0.6065255515625 0.65483268125 0.6115684234375001 0.6544856546875 0.6372217375 0.6542855984375 0.647831009375 0.6704896687499999 0.647972471875 0.6718899781250001 0.6458506093749999
6 0.665688434375 0.6918740578125 0.6718899781250001 0.6887620046875 0.6738904828125001 0.679142921875 0.6726902031249999 0.670938415625 0.6686891921875 0.6666947046875 0.6408822562500001 0.6661288734374999 0.6322801078125 0.6700896703125 0.6338805015625 0.690176575 0.665688434375 0.6918740578125
6 0.6022726109375001 0.688196178125 0.6032728640625 0.6768796187499999 0.6032728640625 0.664431390625 0.59106983125 0.6654215890625 0.5886768546875001 0.6656598 0.586668721875 0.6806989531250001 0.5878690171875001 0.6893278296875 0.595871025 0.6907424046874999 0.6022726109375001 0.688196178125
6 0.5728652828125 0.6849426640625 0.5782666296875 0.6832451859375 0.58006709375 0.6736260984375 0.577466434375 0.67051405 0.565949853125 0.6699552921875 0.5628627828125 0.6748992125 0.5654634296875 0.6819720671875 0.5728652828125 0.6849426640625
6 0.5668637796875 0.7345940953125 0.57506584375 0.7362915734375 0.5810673328125 0.7324722328125 0.58006709375 0.7241262640625 0.5776664765625 0.721580046875 0.5682000515625 0.7213421 0.56646368125 0.721297125 0.5636629796875 0.7269554140625 0.5668637796875 0.7345940953125
6 0.6030728359374999 0.7415288609374999 0.602872765625 0.72710024375 0.602872765625 0.715642221875 0.595070828125 0.7139447359375 0.5893519140625 0.715614778125 0.586868778125 0.7297879265625 0.5876689749999999 0.7388411828125 0.5900695781249999 0.7416703234375001 0.6030728359374999 0.7415288609374999
6 0.6032728640625 0.7876209765625 0.6032728640625 0.772626528125 0.6026727234375 0.7654122171875 0.59066971875 0.7669682421874999 0.588469171875 0.7705046703125 0.58746891875 0.7799823046875 0.5876689749999999 0.791298865625 0.5984716703124999 0.7921476046875 0.6032728640625 0.7876209765625
6 0.5776664765625 0.7870551609375 0.5784666734374999 0.781255409375 0.579066840625 0.77149488125 0.5663998921875 0.7714561703125 0.5626627265625 0.7849332984374999 0.5662636265625001 0.7862064015625 0.5776664765625 0.7870551609375
6 0.67329034375 0.7918646921875 0.6724901734375 0.7775775203124999 0.6688892484375 0.7656951296875001 0.6560860468749999 0.7656951296875001 0.633230778125 0.7716152625 0.6306797015625001 0.788611178125 0.6508847546875 0.7897428296875 0.6664886578125 0.7938450828125 0.67329034375 0.7918646921875
6 0.67168995 0.7258042437500001 0.6740905390624999 0.71929721875 0.670689696875 0.7166095328125001 0.6602870859375 0.7166095328125001 0.6578864953125 0.7187313890625 0.6564078203125 0.7192739 0.655685934375 0.7372622625 0.65548590625 0.741364515625 0.6698895 0.7403743203125 0.67168995 0.7258042437500001
6 0.665688434375 0.8447009609375 0.6704896687499999 0.8432863859375 0.6726902031249999 0.8374866546874999 0.672090034375 0.8298479734375 0.6682890796875001 0.8149949812499999 0.6288792515625 0.815843725 0.6125289546875 0.8174338406249999 0.6094744078125001 0.8326771140625 0.6126752093750001 0.8420132734375001 0.636481146875 0.8447009609375 0.665688434375 0.8447009609375
6 0.60387301875 0.8403157953125 0.601272371875 0.8207947171875001 0.601272371875 0.8165510078124999 0.59247016875 0.81541935 0.5886768546875001 0.8182293015625 0.5848682734375 0.833808765625 0.5904696765625 0.8428620312499999 0.5980715859375 0.8417303593750001 0.60387301875 0.8403157953125
6 0.576266125 0.8380524812499999 0.57786653125 0.834516053125 0.5792668828124999 0.8234824015625 0.57646618125 0.820936184375 0.565949853125 0.8220475171875 0.5632628828125 0.8295650609375 0.5668637796875 0.8364964640625001 0.576266125 0.8380524812499999
6 0.579466925 0.8901814734375 0.579466925 0.8852304796875 0.578666728125 0.8774503421875 0.564824753125 0.8770934484374999 0.5644631765625 0.8896156375000001 0.5698645250000001 0.8925862390624999 0.579466925 0.8901814734375
6 0.7127001703125 0.9089952531250001 0.7295043828125001 0.9060246609375 0.7315048875 0.8999420062500001 0.7295043828125001 0.868255625 0.7215023890625 0.865285028125 0.70209753125 0.8613242265625001 0.6814924203125 0.8650021109375 0.67809155 0.8658508546875 0.679134821875 0.8669115421875 0.677491409375 0.8771674203125001 0.678691690625 0.9080050625 0.701297334375 0.9088538015625 0.7127001703125 0.9089952531250001
6 0.6968962390625 0.6322741109375001 0.6920950328125001 0.633830140625 0.689094275 0.6397713359375 0.6910947796875 0.6764087156249999 0.6920950328125001 0.7458183546875 0.6924951453125 0.7986546234375 0.6906946953124999 0.8230580421875 0.6982965765625 0.82588718125 0.7096994125 0.82517989375 0.7104996375 0.811317096875 0.7104996375 0.7891083359375 0.72770390625 0.78924979375 0.7305046359375 0.7826013171875 0.7313048046875 0.7424961734375 0.73270516875 0.7314625234375 0.733305309375 0.7266529828125 0.733105253125 0.7072962578124999 0.7317049156250001 0.7023452609375 0.732105028125 0.674524 0.731104775 0.6688657203124999 0.7283040734374999 0.66900716875 0.727514084375 0.669318921875 0.7094994125 0.6689114953125 0.710699665625 0.641751734375 0.708499159375 0.632981396875 0.6968962390625 0.6322741109375001
6 0.5660635984375 0.9532983296875001 0.5776664765625 0.9541470734375 0.5780665875000001 0.9476400484375 0.5792668828124999 0.94127448125 0.5768662796874999 0.9383038796875001 0.566174871875 0.9375485156250001 0.5654634296875 0.9387282593749999 0.5650633453125 0.9476400484375 0.5660635984375 0.9532983296875001
6 0.70749890625 0.970697559375 0.7289042140624999 0.9677269484375 0.7305046359375 0.9554201875 0.7307046640625 0.93222123125 0.7243030625 0.9272702328125 0.7048982328125 0.9231679828124999 0.6888942453125 0.9231679828124999 0.678909803125 0.9272075171875 0.6760910453125 0.9329285125 0.677491409375 0.964190525 0.6858934875 0.9680098609375 0.70749890625 0.970697559375
7 0.8158603031249999 0.3464237140625 0.815640553125 0.33181577500000003 0.7925643421874999 0.3285522953125 0.78992705625 0.3525603046875 0.7897072765625001 0.415616271875 0.78992705625 0.49170264062499996 0.788608421875 0.5471269296875 0.7925643421874999 0.584784078125 0.790806146875 0.6277002171875 0.7848722671874999 0.6323623265625 0.7883886421875 0.6433959859375 0.7897072765625001 0.6879622109375 0.78926773125 0.744529140625 0.7842129578125 0.7499101515625 0.7855315921875 0.76715995625 0.8094868765625 0.7679369765625 0.8116846328125 0.7163050421875 0.8134428125 0.5830449578125 0.8409144734374999 0.58104614375 0.839815603125 0.5184757656250001 0.821984378125 0.5189340859375 0.8141021234375 0.51862128125 0.8160800828125 0.43183142500000005 0.8158603031249999 0.3464237140625
3 0.10942068906249999 0.5209489140625 0.10468808437499999 0.5238635828125 0.1055417375 0.5313059921875001 0.11859293125 0.5301895156249999 0.1220918875 0.5245112890625 0.1184279296875 0.5195455515625 0.10942068906249999 0.5209489140625
5 0.733455440625 0.9776355390625 0.7370522937499999 0.08196943281249999 0.22155672656249997 0.0799459625 0.2183011421875 0.9751620265625001 0.733455440625 0.9776355390625
6 0.5807895375000001 0.621889471875 0.562569484375 0.6208639296875 0.568680765625 0.6344075890624999 0.5775294609375 0.6314427703125001 0.5807895375000001 0.621889471875
6 0.6413334359375 0.546780834375 0.6178831890625001 0.5463536718750001 0.619444503125 0.5961944140625001 0.6399362546875 0.5945472953125 0.6413334359375 0.546780834375