7 0.4603242984375 0.1029996671875 0.5527975796875 0.10076278593750002 0.5478750703124999 0.062487553125 0.6307372250000001 0.07143500625 0.640406475 0.062487553125 0.6407580828125 0.041610134375 0.5704362 0.036142240625 0.46073408281250006 0.035893701562500005 0.3719133578125 0.0388762 0.3692743859375 0.042739165625 0.373300975 0.06223900156249999 0.4358874484375 0.0649729546875 0.44960020624999997 0.06447586875 0.4603242984375 0.1029996671875
5 0.0748023828125 0.14668706874999998 0.0750092109375 0.9236502734375 0.9335579968750001 0.9228002765625 0.9338486015624999 0.147129953125 0.0748023828125 0.14668706874999998
6 0.1347315296875 0.156229496875 0.129080440625 0.15145677500000002 0.105595403125 0.15145677500000002 0.1004364609375 0.1523612875 0.10133874062499999 0.1635960859375 0.107503565625 0.16525616406250002 0.133116934375 0.16504865156249998 0.1347315296875 0.156229496875
6 0.2017634046875 0.152669978125 0.19356529375 0.15097978125 0.18280529375000001 0.15194560625 0.169069090625 0.15263086718750002 0.1702519578125 0.1654671609375 0.1775960875 0.166915896875 0.20466687968750003 0.1666744421875 0.2017634046875 0.152669978125
6 0.32121827812500003 0.15387725937500002 0.3051636890625 0.1506175984375 0.28620558906250004 0.152669978125 0.28586400312500004 0.1533943484375 0.285200696875 0.1538528796875 0.288682090625 0.1636562375 0.2925249484375 0.1664329859375 0.3217306625 0.165104978125 0.32121827812500003 0.15387725937500002
6 0.5184089203125 0.15132136406250002 0.49478015624999994 0.15132136406250002 0.48465354375 0.1529539203125 0.4837148046875 0.1536067125 0.489006209375 0.1663911625 0.5057062390625 0.1668934875 0.5204520234375 0.164633015625 0.5184089203125 0.15132136406250002
6 0.8104045578125 0.1527247296875 0.8000288421875 0.151275990625 0.7893328890625 0.1507327140625 0.774242778125 0.1521518796875 0.77902121875 0.1659444625 0.8000928921874999 0.166125553125 0.810916928125 0.1657633703125 0.8104045578125 0.1527247296875
6 0.8457478828125 0.18778068750000002 0.84520576875 0.17542259375 0.8254188703124999 0.1734108109375 0.7743369140625 0.17293181562499998 0.743434475 0.17331501093749999 0.7407798453125001 0.175897475 0.7423355 0.1876848875 0.7616480609375 0.1886428796875 0.8210797515625 0.1885470796875 0.8457478828125 0.18778068750000002
6 0.8105465515624999 0.250297809375 0.8074367953125 0.2421157875 0.805959140625 0.224881309375 0.7846560640625 0.2231404546875 0.7798536406250001 0.23149656406250002 0.7773285484375 0.24691115468749997 0.777390859375 0.260742946875 0.7884733796875001 0.26387648750000003 0.8103921390625001 0.261613371875 0.8105465515624999 0.250297809375
6 0.8410850578125 0.2631801421875 0.8623881109375 0.26370239687499997 0.8659591531249999 0.25343135 0.8641120609374999 0.2386340734375 0.8705152859374999 0.2395045 0.8728549328125 0.226099915625 0.8643583375 0.22296637187499999 0.8392379734375 0.2226181953125 0.8289924484375 0.224003890625 0.83283473125 0.2447270671875 0.8365288984375001 0.2466420140625 0.83689831875 0.2610911171875 0.8410850578125 0.2631801421875
6 0.891981334375 0.25648573125 0.8882399515625 0.26666765312499996 0.8895494375 0.2705024015625 0.89422821875 0.2714048359375 0.9181490859375 0.2710166015625 0.9205988453125 0.26965373125 0.9202978296875 0.256203496875 0.9166814343749999 0.252646909375 0.9156962671875 0.23069742187500003 0.9284322359375 0.2295329234375 0.9293756265625 0.21597343281249998 0.8974571109375 0.21297256406249998 0.8924256187499999 0.21541771562499998 0.882991578125 0.217084865625 0.8821926765624999 0.21699613125 0.8815054609375 0.2281879171875 0.8950679796875001 0.22964247499999998 0.8953485921875 0.249609625 0.891981334375 0.25648573125
6 0.9157508062499999 0.2880153109375 0.9174881046875001 0.2824333578125 0.9143293874999999 0.2748418984375 0.8924276328125 0.2769926125 0.894587465625 0.287792034375 0.9051691390625001 0.2895782609375 0.9157508062499999 0.2880153109375
6 0.9196991921875 0.30781007968749996 0.8944295359375 0.3065820515625 0.89260528125 0.3086329671875 0.891981534375 0.3179692375 0.900036234375 0.32209988749999996 0.9178829437499999 0.3205369453125 0.9196991921875 0.30781007968749996
6 0.9032641984374999 0.3558423859375 0.9054060375 0.360180659375 0.9085647437500001 0.35772459843750004 0.9069064265625 0.3541521484375 0.9032641984374999 0.3558423859375
6 0.8951402406250001 0.40813364375 0.9081699046875 0.40813364375 0.924279315625 0.4073521765625 0.92641144375 0.3914994203125 0.9207257703125 0.3885968078125 0.8878752140625 0.39049466875 0.8862958609374999 0.39998399375 0.8884279875000001 0.40299825 0.8951402406250001 0.40813364375
6 0.8535112109374999 0.40813364375 0.8699364859375001 0.40612414062499996 0.871199975 0.397751209375 0.8693837171875 0.390941228125 0.8640139124999999 0.38748041718750004 0.8611710765625 0.390717946875 0.8314053375 0.3920027921875 0.83226890625 0.404226278125 0.8442719921874999 0.40590086249999996 0.8535112109374999 0.40813364375
6 0.79128560625 0.40813364375 0.8130806843749999 0.4067939796875 0.8147390140624999 0.3917226984375 0.8087374593750001 0.38792697187499997 0.8013144984375 0.3906063078125 0.7757125 0.3918772359375 0.774465490625 0.40031891093749994 0.7763607125 0.404226278125 0.79128560625 0.40813364375
6 0.7922338203125 0.3539590328125 0.7919173453125 0.3604433234375 0.7968923140624999 0.358880375 0.7965764453124999 0.3544148125 0.7922338203125 0.3539590328125
6 0.8481931312500001 0.35433570312499996 0.8487904640625 0.35999676406250003 0.8538443984375 0.35843381875 0.8530547187499999 0.3544148125 0.8481931312500001 0.35433570312499996
6 0.86237291875 0.322372021875 0.862925678125 0.3189112125 0.8645050359375 0.30785894062499997 0.83851128125 0.3080051828125 0.83718221875 0.3152271203125 0.8420782125 0.32226038749999997 0.86237291875 0.322372021875
6 0.8055085015625 0.320697434375 0.80740371875 0.30819385625 0.7819302015625 0.3083818546875 0.7811864484375 0.316120234375 0.786003478125 0.3213672703125 0.8055085015625 0.320697434375
6 0.8029025640624999 0.27493429062499997 0.7845030953125 0.275604125 0.7823743234375 0.27686705625 0.78205509375 0.2894473734375 0.8039291421874999 0.2888891765625 0.8058243703124999 0.2828606640625 0.8029025640624999 0.27493429062499997
6 0.86170116875 0.2860982015625 0.8594111 0.274599375 0.8418013109375 0.27448773593750003 0.8388665796874999 0.2769926125 0.8423540796875001 0.2888891765625 0.8556996359375001 0.28900081875 0.8601218093749999 0.28799606718750004 0.86170116875 0.2860982015625
6 0.7346408921875 0.28882349218750003 0.747961240625 0.28882349218750003 0.753049915625 0.28808293125 0.7526009203124999 0.2751760171875 0.73215501875 0.27557923125 0.7302257234375 0.27697452031249997 0.7299263859375 0.2870249875 0.7346408921875 0.28882349218750003
6 0.7271181828125 0.26609777968750004 0.7298953828125 0.26813940937499997 0.754223646875 0.270652190625 0.7571119453125 0.2638990984375 0.7550012546875 0.2345310328125 0.7614443546875 0.2312330078125 0.7638882875 0.219140275 0.7629995875 0.216470446875 0.7366717406250001 0.2138006234375 0.7274514421875 0.2139576703125 0.720622240625 0.2183312265625 0.724118809375 0.23154710625 0.7277847093750001 0.2340598828125 0.7273403578125001 0.25793125625 0.7271181828125 0.26609777968750004
6 0.6614568265625 0.24866539687500003 0.66356749375 0.2607581296875 0.7056698375 0.2637420515625 0.710557703125 0.255418478125 0.707113978125 0.24144115937500002 0.7048922125 0.22636450312499998 0.6686775421875 0.22557926093749997 0.6670112265625 0.22385173125 0.669010809375 0.23955657968750002 0.6614568265625 0.24866539687500003
6 0.6419112203124999 0.15124109375 0.6257886218750001 0.1510940421875 0.612890540625 0.1524175109375 0.6150748953125 0.16447575625 0.6170708828125 0.1655682515625 0.638998746875 0.1668285859375 0.6475281265625 0.1655051203125 0.6478401796875 0.152858671875 0.6419112203124999 0.15124109375
4 0.4688109984375 0.9711321156249999 0.4675970546875 0.9588325609374999 0.4245013875 0.9551140874999999 0.37331264218750004 0.9548280531250001 0.254142021875 0.9556861671875 0.148366115625 0.9545420171875 0.10224379374999999 0.9545420171875 0.07634592812499999 0.9542559828125 0.0757389421875 0.9574023765625 0.078404003125 0.9748724203125001 0.20479510781250002 0.97599471875 0.37757240625 0.9765668 0.462336559375 0.976852834375 0.4688109984375 0.9711321156249999
6 0.190660696875 0.8619277875 0.18560251875 0.8622138218750001 0.1839108671875 0.8637888109375 0.1827699515625 0.873083190625 0.187828128125 0.879662025 0.190660696875 0.870508865625 0.190660696875 0.8619277875
6 0.083989275 0.8639495765625 0.0844310625 0.8639495765625 0.098273940625 0.86748884375 0.0984212 0.8856016 0.12139448906250001 0.8876835234374999 0.13606355312500001 0.8868129281250001 0.138086815625 0.8828084390625 0.1395030921875 0.86507418125 0.15589158281249998 0.8679345406250001 0.15831951093750002 0.8587813921875 0.15690322031249998 0.84962824375 0.1388961203125 0.8479120234374999 0.096609771875 0.84590976875 0.09195624687500001 0.84962824375 0.08172692499999999 0.84899080625 0.079424065625 0.8524989796875 0.08045491875 0.8608266859375 0.083989275 0.8639495765625
6 0.18766353281249998 0.7670505703125 0.1830571359375 0.767093565625 0.1826565453125 0.7826650109375 0.1919342140625 0.7832895890625 0.191492428125 0.7710062328125 0.18766353281249998 0.7670505703125
6 0.08649276875 0.8003199593750001 0.09194157343750001 0.8036510421875 0.14672398281250001 0.8034428515625001 0.15011107031249998 0.8005281515625 0.15011107031249998 0.7788761296875 0.1490802171875 0.7470226671875 0.11977457031250001 0.743691590625 0.111969540625 0.7463980875 0.08963284218749999 0.7446153953125 0.0866400375 0.7453571250000001 0.087670890625 0.764510846875 0.08649276875 0.8003199593750001
6 0.190573578125 0.6455721484375 0.1907208265625 0.6322478171875 0.1828914890625 0.6324586937500001 0.182032234375 0.6374526328125001 0.184241209375 0.6455721484375 0.190573578125 0.6455721484375
6 0.078063428125 0.62183819375 0.079830596875 0.634746125 0.10265660624999999 0.6353707078124999 0.104276515625 0.6393263734375 0.10766360312500001 0.6543162312499999 0.121653740625 0.655981771875 0.1316677359375 0.6549408062500001 0.1319622640625 0.6526506890625 0.1300478265625 0.6378690171875 0.1574390453125 0.6384935921875 0.1599425390625 0.621421803125 0.1406508765625 0.6180907265625 0.1138171453125 0.6179415421875001 0.1066327609375 0.6189234953125 0.08572117812499999 0.62038084375 0.078063428125 0.62183819375
6 0.095112934375 0.43122890312499995 0.10113224999999999 0.4434615953125 0.1070261671875 0.44718459375 0.13674657343750002 0.44683001874999995 0.13774979062499998 0.44399345625000003 0.138000584375 0.4305197640625 0.1496630296875 0.42608762499999997 0.1534251 0.41438678125 0.1556823453125 0.407295365625 0.15900081875 0.4010360828125 0.1588663 0.391225290625 0.151310015625 0.3882122609375 0.11943795625 0.3901296421875 0.093765928125 0.3914992015625 0.07816896718750001 0.39300571875 0.07759594843749999 0.393214034375 0.07906141562499999 0.404458796875 0.08570774375 0.40782721874999994 0.08520613593750001 0.420237203125 0.095112934375 0.43122890312499995
6 0.18760079062499999 0.4123595265625 0.1815857171875 0.41394161250000006 0.186062059375 0.428180390625 0.190678271875 0.42659829687500006 0.1922170421875 0.4163147453125 0.18760079062499999 0.4123595265625
6 0.091639246875 0.246335484375 0.0913594765625 0.2568168015625 0.1005919328125 0.26156305468749996 0.11779786249999999 0.2645294671875 0.1429772765625 0.262156346875 0.1453553265625 0.2516750234375 0.140878984375 0.23941385781250002 0.13989979375 0.220428834375 0.15360858125000001 0.2196377890625 0.15360858125000001 0.203619178125 0.12017591406250001 0.20065276875000002 0.0873027953125 0.1994661953125 0.081837365625 0.2048691328125 0.08338599375 0.2190445015625 0.093457759375 0.221219875 0.0952762703125 0.24020490468750003 0.091639246875 0.246335484375
6 0.1777338796875 0.23849377187499998 0.1638852015625 0.236664615625 0.1616865 0.2408022609375 0.1614876703125 0.2559200640625 0.1604663984375 0.2770877359375 0.1606358765625 0.2855932390625 0.161059559375 0.2907444453125 0.179955975 0.2915830234375 0.2102985125 0.29098404375000003 0.2114000953125 0.28858813125 0.2120780140625 0.282598346875 0.2106374609375 0.268222865625 0.21131536718750002 0.24689923593750002 0.2120780140625 0.2382739484375 0.1945374 0.2381541578125 0.195469503125 0.213301478125 0.205299028125 0.2134212734375 0.20682428593750002 0.1918828421875 0.206909025 0.1772677734375 0.1818268140625 0.174752065625 0.174200471875 0.1728353375 0.165860090625 0.17617756874999999 0.164304853125 0.19058953125 0.170040165625 0.21333202031249998 0.1777338796875 0.22144018437500002 0.1777338796875 0.23849377187499998
6 0.27815995781249997 0.2500261390625 0.28078225 0.253613771875 0.32663018906249996 0.2522983046875 0.3290833234375 0.2502653140625 0.3297600328125 0.24237250625 0.327814465625 0.23483847343750003 0.3220623125 0.23471888125 0.321639359375 0.2160631578125 0.3040445875 0.21235592812499998 0.29000259375000004 0.21594357031250003 0.28716940156250004 0.21736176718750003 0.28856455625 0.23615393125 0.281458975 0.23519723125 0.2776524125 0.23926322187500002 0.27815995781249997 0.2500261390625
6 0.4262210515625 0.2293374234375 0.425205971875 0.2384261140625 0.4276590890625 0.2440467390625 0.5042133093750001 0.24105703906249998 0.521785865625 0.23938280625 0.538195259375 0.24201374687500002 0.539802478125 0.23579517343749998 0.5392949328125 0.224195140625 0.5183165437499999 0.2238363734375 0.5189932640625 0.2054198328125 0.47932041875 0.2043435375 0.4642260328125 0.20183219531250002 0.4493381328125 0.2043435375 0.446039115625 0.2050610671875 0.4453065703125 0.2049880625 0.44965256406250004 0.2247930828125 0.4394171390625 0.2245538984375 0.42799745 0.2246734984375 0.4262210515625 0.2293374234375
6 0.2817062515625 0.3289844625 0.2829532078125 0.33449338125 0.292305334375 0.33449338125 0.3041513640625 0.329425175 0.3078922234375 0.3309676734375 0.3181795796875 0.33074732500000004 0.3284669171875 0.33074732500000004 0.3279992953125 0.31157628437499996 0.3915937953125 0.312898428125 0.395629228125 0.3093943609375 0.3958879890625 0.297308190625 0.3641197125 0.2943668640625 0.3298708015625 0.2943668640625 0.274653403125 0.29538501875 0.269005325 0.29449083125 0.26689138125 0.2947062453125 0.2320666453125 0.2959506578125 0.2154223078125 0.29911823593750003 0.2140902421875 0.29890832500000003 0.2145267875 0.31157628437499996 0.23291931406250002 0.3135594953125 0.275939109375 0.31025414218749997 0.2817062515625 0.3289844625
6 0.24462038437500003 0.3732703953125 0.25994745468749997 0.3734892671875 0.313914553125 0.3727232125 0.3393876453125 0.3715194234375 0.34341294375000003 0.37567799062499996 0.3509216671875 0.37545911875 0.35332135 0.3732703953125 0.3881711171875 0.37261378125 0.3891000375 0.3579493265625 0.38871298906249996 0.3384696828125 0.38313949687500004 0.3380319390625 0.3413383875 0.33671870625 0.30457180781250004 0.3385791171875 0.286381484375 0.33639039843749996 0.28323525312500003 0.3363279421875 0.282146921875 0.337789621875 0.2587586734375 0.3374819015625 0.2497535515625 0.3363279421875 0.245998803125 0.336481803125 0.228066359375 0.336404875 0.2205620234375 0.33848212499999997 0.2225586859375 0.358934259375 0.22108789843749999 0.36254564375 0.2250357796875 0.3727232125 0.24462038437500003 0.3732703953125
6 0.2551111765625 0.40973865 0.258979221875 0.417891503125 0.2637615328125 0.418985184375 0.29305833593749997 0.417195528125 0.3456376796875 0.4156047265625 0.35351443125 0.4159030046875 0.3552022984375 0.3994978765625 0.3511936015625 0.393035253125 0.36389184375 0.39641570000000004 0.37929368750000003 0.398503628125 0.395367471875 0.395135884375 0.395685321875 0.3882921703125 0.395901403125 0.3821826015625 0.3842763296875 0.37900562656250003 0.3811215609375 0.37882233906249996 0.352815140625 0.3804108265625 0.3398287875 0.3786314359375 0.3379272875 0.37844815 0.3221573109375 0.38028101875 0.3150266859375 0.37869253281250004 0.305715759375 0.37869253281250004 0.268609665625 0.37826486406250004 0.2673564046875 0.3786314359375 0.2657142 0.38052540156250003 0.249122178125 0.38101416875 0.21675340312500002 0.3817473171875 0.213814721875 0.382174984375 0.2137540203125 0.382437353125 0.214109921875 0.393234103125 0.22311190937499997 0.3962168515625 0.255603478125 0.39482490000000003 0.2551111765625 0.40973865
6 0.2671373375 0.43721436875 0.267465046875 0.4489512984375 0.267028103125 0.45590079843750003 0.2789350515625 0.4575995640625 0.31356352187500003 0.4572906984375 0.34358417812500003 0.4560552359375 0.34358417812500003 0.43597890625 0.3722045640625 0.440303034375 0.38367456875 0.439222009375 0.391607965625 0.4329696328125 0.39405217812500004 0.4273545140625 0.3931355921875 0.42281921875000006 0.38656677031250003 0.42022762656249996 0.38154885312500003 0.42058774374999996 0.3389407265625 0.42051027812499997 0.3152549109375 0.4204328125 0.3092276453125 0.42051027812499997 0.2718635390625 0.42058774374999996 0.26978139375 0.42058774374999996 0.26868552343749996 0.42167222187500003 0.2363830015625 0.42244685156250006 0.216839525 0.4233282140625 0.2176524765625 0.4339712640625 0.22180352343749998 0.43721436875 0.2577428671875 0.43752323437499996 0.2671373375 0.43721436875
6 0.23564837343749998 0.4990575328125 0.26063800625 0.49974352343749995 0.2825457890625 0.5022302453124999 0.3165232796875 0.5001722703125 0.352053403125 0.49948627968750003 0.373897796875 0.49828578593749995 0.374807615625 0.48225070625 0.389546646875 0.4808787203125 0.3953694765625 0.47822050000000005 0.3958547109375 0.468788096875 0.396036671875 0.4660441265625 0.3820255 0.462528415625 0.3373838203125 0.4620996703125 0.2978137984375 0.4623569140625 0.2620214328125 0.462271165625 0.2152582078125 0.4658125484375 0.21417670156250002 0.4744857484375 0.220060178125 0.47954494687500004 0.23510248281249999 0.47980220156250003 0.23564837343749998 0.4990575328125
6 0.2504311 0.51975716875 0.25278875625 0.5324895734374999 0.25293021250000003 0.5374225515625 0.2568910765625 0.5408889593749999 0.293371134375 0.54115560625 0.3197549609375 0.5408222968749999 0.3538300109375 0.540222340625 0.3580737890625 0.5397557109375 0.3587339328125 0.5248901265625 0.3566591984375 0.5212903890625 0.37656586875000003 0.5202238 0.3809511109375 0.51722401875 0.380998259375 0.5048915859374999 0.3712835484375 0.5044463515625 0.3666818640625 0.504500565625 0.3243641640625 0.5068317203125 0.316426253125 0.504392140625 0.3126682078125 0.504500565625 0.271020284375 0.5047174171875 0.24747160156249998 0.504500565625 0.2393036078125 0.5044463515625 0.2360809765625 0.505997228125 0.2293536703125 0.507491396875 0.22987235468749997 0.51362428125 0.2324186203125 0.5201571390625 0.2504311 0.51975716875
6 0.215887771875 0.5997133390625 0.2173665796875 0.6035461796875 0.23098394375 0.6036332859375 0.2596062578125 0.6038149500000001 0.26107389062499997 0.6104729140625 0.25996478437500004 0.6154381812499999 0.26193128125 0.621790490625 0.2691457234375 0.624584721875 0.29508649375 0.624933165625 0.34156924375000003 0.624933165625 0.3495794578125 0.6243233906250001 0.34914815 0.603417009375 0.371503671875 0.6040267796875 0.3954292234375 0.60463655 0.39438173593750003 0.5906118499999999 0.38181186718750004 0.5881727703124999 0.3822431828125 0.5693537921875 0.3316555984375 0.5692666859375 0.280377990625 0.5676115953124999 0.27772846093750003 0.5655209546875 0.24628714375 0.5673502625 0.2416658703125 0.56987645 0.227925271875 0.569702234375 0.2276036859375 0.5696259140625 0.230367775 0.5856814828125 0.226116196875 0.586552578125 0.21601100624999997 0.5913507874999999 0.215887771875 0.5997133390625
6 0.27315403437499997 0.689796009375 0.27966555937500004 0.6902097406250001 0.2910405671875 0.68721018125 0.32761822343749997 0.6870033156249999 0.36748949375 0.68721018125 0.368586934375 0.673763884375 0.3178116984375 0.6725226859375 0.3126171109375 0.6707643265625001 0.2552265078125 0.6707643265625001 0.2536431828125 0.67296985 0.24205968906250003 0.6736604484375001 0.2421328515625 0.678832103125 0.24469356250000002 0.6868998875 0.27315403437499997 0.689796009375
6 0.36030052343749996 0.7463679171875001 0.3141381 0.7458620046875 0.2498446828125 0.7463679171875001 0.2498421453125 0.74897696875 0.25366173281250004 0.7595213421875 0.2674985390625 0.7608704078125 0.3593462640625 0.7617135796875 0.36030052343749996 0.7463679171875001
6 0.355802946875 0.8034529031250001 0.369401171875 0.8031156359375 0.37023614375 0.7899622046875 0.3674926390625 0.7874326953125 0.2683686625 0.7857463578125 0.2515497953125 0.7857463578125 0.2486346015625 0.787287703125 0.239263671875 0.7887817609375001 0.24284215781250001 0.8031156359375 0.26300093750000003 0.8041274359375 0.355802946875 0.8034529031250001
6 0.2615695421875 0.845105453125 0.2975929484375 0.84544271875 0.35246300937499997 0.8452740796875 0.3540137 0.8329638203125 0.34983880625 0.82723028125 0.3334970609375 0.8262184703125 0.304869190625 0.8282420687500001 0.2599050046875 0.8273053515625 0.2551282734375 0.8304343046874999 0.2569175203125 0.84088960625 0.2615695421875 0.845105453125
6 0.2581103421875 0.9183801859375 0.26365725625 0.920325578125 0.3234575515625 0.9179388218750001 0.35350826875 0.91542644375 0.35350826875 0.8955786375000001 0.364881871875 0.89997530625 0.3908003140625 0.8987191125 0.3923108703125 0.8763589359375 0.3923108703125 0.8629177078125 0.382229603125 0.8596743984374999 0.3680657859375 0.8593698515625 0.33171378749999997 0.859978940625 0.324304578125 0.8592175796875001 0.32128870625 0.8592175796875001 0.32031931875 0.8607403031249999 0.28522474999999997 0.8611209859375 0.2528766984375 0.8616539390625 0.22555090312499998 0.8598266718750001 0.22129637343750003 0.8595221234375 0.2181776828125 0.8623919156250001 0.219939859375 0.8918031484375 0.22172910156249998 0.8983798578125001 0.2570367984375 0.8992230296875 0.2581103421875 0.9183801859375
6 0.3992069359375 0.89453339375 0.4050685484375 0.89673456875 0.43401030625 0.8972524984374999 0.43529253749999997 0.91356704375 0.4427111453125 0.9199115984375 0.44893911875 0.9204295109375 0.48255863125 0.91965263125 0.52530144375 0.9199115984375 0.5325368640625 0.9151208140625 0.5345517953125001 0.9054097671875001 0.5318957546874999 0.8982883296875 0.56865211875 0.8971230046875001 0.56938480625 0.883398065625 0.551067246875 0.8813263750000001 0.551983128125 0.8617748046875 0.5466526140625 0.8595968546874999 0.5196124906249999 0.8593697625000001 0.41740542812500003 0.8595968546874999 0.4152837546875 0.8621027531250001 0.41697496562499997 0.8788662437499999 0.41340305 0.8787367640625 0.397833115625 0.8830096296875001 0.3992069359375 0.89453339375
6 0.5211092890625 0.8448342125 0.54935198125 0.8440123578125001 0.5572415375 0.8433079171875001 0.559483821875 0.8383768 0.55931773125 0.8306279109375 0.5507637828124999 0.8269882718750001 0.5158836499999999 0.8275753109374999 0.46065868749999994 0.828514571875 0.40869602968749996 0.830838696875 0.410334175 0.8442471765624999 0.42196089062500003 0.8462431046875001 0.48759577812500005 0.8445993984375001 0.5211092890625 0.8448342125
6 0.51050156875 0.8031916109375 0.5467779515625 0.8036666890624999 0.558623496875 0.802003921875 0.5603745531250001 0.78929565 0.5457566421875 0.7859701218749999 0.5023229890625001 0.786682740625 0.42705615 0.7846636640625 0.411813959375 0.7870390406250001 0.40852123125000006 0.7898475515625 0.40889577812500005 0.8009350062499999 0.42216949687499994 0.8035479203125 0.47778474531250004 0.8027165374999999 0.51050156875 0.8031916109375
6 0.520190621875 0.7610094359375 0.5248952499999999 0.763859890625 0.5298518859375 0.7619595875 0.5365727578125 0.7583965218750001 0.53640473125 0.747588553125 0.5113694796875 0.7458070218749999 0.4633152171875 0.7460445546875001 0.43161517343750005 0.7467571687500001 0.43348878593749995 0.7575651390625 0.44113377812500004 0.760178053125 0.45465954843749995 0.7610094359375 0.520190621875 0.7610094359375
6 0.433295396875 0.72938036875 0.4821897609375 0.7297366703125 0.5278340328125 0.729261596875 0.53211859375 0.731755746875 0.5348069453125001 0.731755746875 0.536655184375 0.72819268125 0.5437121 0.7262923734375 0.5443001703125 0.709545959375 0.5520291828125 0.7072893484375 0.554297478125 0.6949373828125001 0.54088479375 0.6923899312499999 0.5155701015624999 0.692652115625 0.4694133296875 0.6925865671875 0.434217346875 0.6924907734375 0.42962732187499997 0.6924907734375 0.415725825 0.6926874078124999 0.41371856874999996 0.6950088531249999 0.41565309843750003 0.7087145765625 0.42397018593749997 0.7085958109375 0.42556638593749996 0.7272425250000001 0.433295396875 0.72938036875
6 0.42908608125000003 0.680173965625 0.4331060953125 0.6871359078125 0.49129572499999996 0.686567578125 0.5290880171875 0.689267109375 0.5378315546875 0.685857184375 0.5382335406250001 0.668097140625 0.5587355890625 0.666392178125 0.5596400921875 0.632008746875 0.48054641406250004 0.6303037781249999 0.463145315625 0.6296016812499999 0.41785326093749997 0.6328037234375 0.408781440625 0.6324794015624999 0.4085840390625 0.6513316640625 0.40948854062500006 0.6666763375 0.43009108749999997 0.668523384375 0.42908608125000003 0.680173965625
6 0.5167968968750001 0.5759998265624999 0.5110640609375 0.5743788828125 0.508516125 0.577620759375 0.45832195000000003 0.57654013125 0.45067816875 0.5810427390624999 0.4523343296875 0.5947306609375 0.479724546875 0.5959913921875 0.5147585453125 0.5934699296875 0.5167968968750001 0.5759998265624999
6 0.4165650703125 0.528038203125 0.41986806874999993 0.5300394421875 0.44298907343750005 0.5308399390625 0.5303560703125 0.5311067703125001 0.550834678125 0.5308399390625 0.5527221015625 0.517498346875 0.5483810375 0.5129622109375 0.501195290625 0.5140295375 0.46089868125000005 0.5128287953124999 0.4363921125 0.51336245625 0.435229834375 0.5157338124999999 0.42364292499999995 0.5156305265625 0.4162819546875 0.51429636875 0.4158100953125 0.5170981 0.4165650703125 0.528038203125
6 0.481539740625 0.501448815625 0.5190226046874999 0.502115896875 0.5254398515625 0.49397752187500005 0.5243074109375 0.483037415625 0.5446916328125 0.48103617656250003 0.5542231546874999 0.4777007828125 0.5530907015625 0.46395894843749996 0.5127437687499999 0.462306646875 0.49412329687499995 0.4620995203125 0.45472049375 0.46305419375 0.43325549218750004 0.46217907656249996 0.42882905625 0.46226104375 0.415900334375 0.46226104375 0.41378738437499996 0.46426713125 0.415668471875 0.47890152500000005 0.44350805156249995 0.48076934531250004 0.44539547968750004 0.5003814828125 0.481539740625 0.501448815625
6 0.5315397765625 0.449948940625 0.5360738359375 0.448793046875 0.542912115625 0.44385422500000005 0.542763453125 0.43261051874999995 0.516227978125 0.429983484375 0.4663531640625 0.42987840312500003 0.43027162968750005 0.4297733234375 0.424564184375 0.43019444375000004 0.42509739687500003 0.44732190625 0.470140821875 0.4471117515625 0.5241811875 0.446271096875 0.5315397765625 0.449948940625
6 0.4713419609375 0.41630172656250003 0.49360679531249996 0.418403353125 0.502972259375 0.4135696109375 0.5042358625000001 0.40285131406249997 0.501485684375 0.39570578125 0.5404381093749999 0.39570578125 0.5524794203125001 0.39570578125 0.5530740515625 0.381204553125 0.5303293625000001 0.3807842265625 0.52660975 0.378703834375 0.5217610578125 0.378869675 0.5203142734374999 0.38030695937500003 0.4764216515625 0.380693921875 0.46625052968749997 0.378661915625 0.46260232968750004 0.37877282968750003 0.44976783749999993 0.3807693109375 0.4386270921875 0.37905011875 0.43462583906249996 0.3785509984375 0.43133068906250005 0.3785509984375 0.4295262015625 0.378717371875 0.417475928125 0.3788282875 0.4148658046875 0.38126722812499997 0.41663575625 0.39465496718750004 0.4603412578125 0.39528545625 0.46658490625000004 0.4147255046875 0.4713419609375 0.41630172656250003
6 0.5039022515625 0.3624977640625 0.510022434375 0.3657193609375 0.5159472953125 0.364430725 0.5265566359375 0.36176139687500003 0.5500900390625 0.3624977640625 0.5609853499999999 0.3618534484375 0.562743265625 0.34951931875 0.5508284328124999 0.3458374921875 0.5154746078125 0.3456534015625 0.4504560515625 0.3459295375 0.4053431625 0.34629771875 0.4054374046875 0.347013540625 0.40624012968749995 0.3647068578125 0.43046042812499996 0.3618534484375 0.46859501875 0.362589809375 0.5039022515625 0.3624977640625
6 0.43226109218750003 0.32849501875 0.4361499703125 0.332678153125 0.4726715890625 0.33184153437499997 0.51339079375 0.3311244203125 0.5270018453125 0.3339928484375 0.5298762499999999 0.3311244203125 0.5371752015625 0.3281364703125 0.5374288328125 0.31510901874999997 0.555858728125 0.31176250781250003 0.5566195828125 0.296583728125 0.54870900625 0.2945972109375 0.5446058171875 0.2947193609375 0.5221257421875001 0.2966859953125 0.47447240312499994 0.295742009375 0.4701321921875 0.2947193609375 0.46735000312499997 0.295034021875 0.4337379515625 0.294562028125 0.43078883437500004 0.295034021875 0.4279510015625 0.29464069375 0.42633733281249997 0.29464069375 0.4126394453125 0.2947980234375 0.4117633609375 0.29573469218750004 0.4123094671875 0.30769889687499996 0.413493040625 0.3120015421875 0.42887946250000003 0.31212106875 0.43226109218750003 0.32849501875
6 0.5776986109375 0.254293684375 0.6003549609375 0.2528843625 0.6027112171875 0.24750333281249998 0.6018049609375 0.23648501249999998 0.6001737046875 0.23315389375 0.6011705890625 0.21765138125 0.5923799203125 0.2158577046875 0.5789673671875 0.21765138125 0.5766111046875 0.22021378125000002 0.5782423609375 0.23507569374999998 0.575342353125 0.23994425000000003 0.574073596875 0.24801580625000003 0.5776986109375 0.254293684375
6 0.624196259375 0.2384068125 0.614318096875 0.23853493593750003 0.6120524609375 0.24481280625 0.6129587171875001 0.255703003125 0.624196259375 0.2548061625 0.6231993859375 0.2754334734375 0.6231087578125 0.28760486875 0.63706506875 0.29080786718749996 0.639330696875 0.2835050375 0.636068184375 0.268386871875 0.63779006875 0.25583112343750003 0.650296365625 0.25301248125 0.649752621875 0.24058485156249998 0.6385150687500001 0.237381853125 0.640236953125 0.2172908140625 0.64766825 0.2115254171875 0.6474869812499999 0.1962791421875 0.6534579828125 0.1921040828125 0.6534579828125 0.18280401562499998 0.653229834375 0.178504553125 0.636308553125 0.1761929765625 0.6203379140624999 0.1738813984375 0.60855005625 0.1790958890625 0.6089683359375 0.190546259375 0.61581325 0.19727856562499999 0.616402475 0.20804239062500002 0.6202087453125 0.2168826625 0.6233806296875 0.231232096875 0.624196259375 0.2384068125
6 0.69901401875 0.27587388125 0.6938439453125 0.27587388125 0.671258859375 0.2754873046875 0.6732736453125 0.289403484375 0.6941739515625 0.29018104375 0.69978403125 0.289403484375 0.69901401875 0.27587388125
6 0.6993440265624999 0.31584063906250004 0.6989040140625 0.307753978125 0.6765736953125 0.30619885625 0.6734860328125001 0.30819364843749997 0.6739336515625001 0.31895089374999996 0.677563709375 0.321128084375 0.6974739953125 0.32175012187499996 0.6993440265624999 0.31584063906250004
6 0.6264679421875 0.30504544375 0.626969684375 0.3195729625 0.6348898000000001 0.31895089374999996 0.6337897875 0.3068209046875 0.6264679421875 0.30504544375
6 0.60313446875 0.317551278125 0.6026944640624999 0.30666539843749996 0.5902642890625 0.303088603125 0.57660401875 0.30661954687500004 0.57783410625 0.3184843609375 0.5902642890625 0.32081704843750003 0.60137445 0.32206115625 0.60313446875 0.317551278125
6 0.7550441046875 0.30713193906249997 0.72904161875 0.30819364843749997 0.7290837359375 0.32050602499999997 0.741183903125 0.32454934999999996 0.7540540906250001 0.32035051875 0.7550441046875 0.30713193906249997
6 0.7396438796875 0.35355474375 0.7405239031249999 0.3610193578125 0.7455839656250001 0.35977525 0.744153946875 0.3537102671875 0.7396438796875 0.35355474375
6 0.71016345 0.35930871875000003 0.708953440625 0.3476452625 0.6633400234375 0.349120303125 0.6640727859375 0.3614859 0.671112884375 0.365529225 0.7059833890625 0.3649071765625 0.71016345 0.35930871875000003
6 0.7051033875 0.3897388796875 0.6970732609375 0.388183753125 0.667372828125 0.3916050296875 0.6669282453125 0.395468865625 0.66803284375 0.4054456671875 0.6900331625 0.40902245156249994 0.7054333875000001 0.4048236078125 0.7051033875 0.3897388796875
6 0.7608742015625001 0.38771721718749996 0.7517440609375 0.388494778125 0.7226075640625 0.390921459375 0.7231436421875 0.4048236078125 0.7466839843749999 0.40793387187499996 0.7623042046874999 0.40513464375 0.7608742015625001 0.38771721718749996
6 0.7410739125 0.43338762812500004 0.736589259375 0.4358708203125 0.739533875 0.44660620624999997 0.745253965625 0.4469172421875 0.746463975 0.4361868578125 0.7410739125 0.43338762812500004
6 0.6888231453125 0.43276557968749996 0.6823947234375 0.4348214203125 0.6816730421874999 0.445051075 0.687613128125 0.4473837734375 0.69069316875 0.4422518578125 0.6888231453125 0.43276557968749996
6 0.7929946515624999 0.4329210984375 0.79053633125 0.43394691874999997 0.7903546234375 0.4459841578125 0.7983847421875 0.44862787031250007 0.7981647328125 0.4350982671875 0.7929946515624999 0.4329210984375
6 0.6272374359375 0.43385416093750007 0.626797425 0.4341651953125 0.628007440625 0.445828640625 0.634607534375 0.4431849296875 0.633397525 0.43136597187500003 0.6272374359375 0.43385416093750007
6 0.6020470640625 0.4470727484375 0.6019370671875001 0.44178531562499995 0.6020470640625 0.43198800937500004 0.5768514828125 0.4327226171875 0.576416703125 0.44349595468749997 0.58598683125 0.4476948078125 0.6020470640625 0.4470727484375
6 0.6025318265624999 0.361890240625 0.6028416875 0.348660475 0.59304983125 0.34585681562500004 0.58610875625 0.34647011562499996 0.5846595484375 0.3479453484375 0.5760690015625001 0.35067560000000003 0.5781141375 0.3587361171875 0.5815226984375 0.3625911515625 0.6025318265624999 0.361890240625
6 0.6312825375 0.3480471734375 0.6278095968749999 0.3493248671875 0.6276260890625001 0.3594370359375 0.6325840015625 0.36180262343749997 0.634381228125 0.35488109687499997 0.6312825375 0.3480471734375
6 0.6304035703124999 0.38953011718749997 0.6282278531250001 0.3903162890625 0.62742883125 0.4017961203125 0.6331304171875 0.403373184375 0.6349276578125 0.396364040625 0.6304035703124999 0.38953011718749997
6 0.5832858437499999 0.4053006984375 0.6013822015625 0.4051254703125 0.6026216734375 0.39285946875 0.6003906171875 0.39031864843749997 0.577832146875 0.391370015625 0.5772743828125 0.392421396875 0.5773983312500001 0.40109520937500004 0.5832858437499999 0.4053006984375
6 0.603548690625 0.488404828125 0.6034645296875001 0.474722221875 0.5910088984375 0.47174774218750004 0.5843735109375 0.47518168125000004 0.5761126390625 0.47614997031249995 0.57813246875 0.4853113734375 0.583266209375 0.48995155468749996 0.603548690625 0.488404828125
6 0.6317421859375 0.4759120140625 0.6274457875 0.47705505156249994 0.62745005 0.4874529890625 0.6336778484375001 0.49018951250000004 0.634603621875 0.4801952640625 0.6317421859375 0.4759120140625
6 0.5800681421875 0.5300396421875 0.6015288609375 0.5314673953125 0.6016971796874999 0.5278980171875001 0.6022021421875 0.516951934375 0.5790723078125 0.516262 0.57745919375 0.5167139781250001 0.5771225515625 0.5257564015625 0.5800681421875 0.5300396421875
6 0.634266971875 0.5292067874999999 0.6333412218750001 0.5175468328124999 0.626309815625 0.517332496875 0.6266084515625 0.5214731421875001 0.6281233140625 0.530158625 0.634266971875 0.5292067874999999
6 0.6828741515625001 0.5209403078125 0.682838990625 0.5223817671875 0.68318289375 0.5278615453125 0.6880786140625 0.5297945015625001 0.6894017796874999 0.5271756546875 0.690063365625 0.5219379640625 0.688210928125 0.5193814703124999 0.6828741515625001 0.5209403078125
6 0.7425961359375 0.51768729375 0.7390799828125 0.517126325 0.737670671875 0.52722164375 0.7454756453125 0.5320423875 0.746081865625 0.5233650515625 0.7425961359375 0.51768729375
6 0.72463711875 0.4881010484375 0.7278197343749999 0.49913518906250004 0.74062595 0.50288465 0.7590396296875 0.49859954999999995 0.7591154078125 0.4852086046875 0.7556296890625 0.48156626718749995 0.7488855859375 0.48317318125000003 0.7482793765625 0.46710405 0.7357004875 0.46474724375000004 0.7347153828125 0.4798522296875 0.7357762546875 0.4837088203125 0.7256222125 0.48563711718749997 0.72463711875 0.4881010484375
6 0.8179007687500001 0.4733174453125 0.8130510828125 0.472139046875 0.7756175062499999 0.4750314890625 0.7705316046874999 0.47616211249999996 0.7702214406250001 0.4907792390625 0.803427471875 0.492386153125 0.8188858609375 0.48895806875 0.8179007687500001 0.4733174453125
6 0.8560157703125 0.49281466093750004 0.874050575 0.4902435984375 0.8755661 0.4801736140625 0.8747325531250001 0.4741744671875 0.870792171875 0.47149627812499995 0.8613201171875 0.47471010468749997 0.8272127140625001 0.4754392140625 0.825477853125 0.481887653125 0.827751146875 0.48938657812499997 0.8560157703125 0.49281466093750004
6 0.849169740625 0.5215653875 0.8483564031249999 0.5226954640625 0.8481372875 0.5274038187500001 0.8531962921874999 0.52711189375 0.8531962921874999 0.521419428125 0.849169740625 0.5215653875
6 0.9070157156249999 0.4391647140625 0.9036279374999999 0.43886926718749997 0.90326995625 0.44230891093749997 0.90631338125 0.44355004375 0.9080692109375 0.441729715625 0.9070157156249999 0.4391647140625
6 0.8856531921874999 0.48914402656249995 0.9056110546875 0.4893095109375 0.912517296875 0.49204000312499996 0.9294317375000001 0.48947499375000003 0.9308949203125 0.4758225453125 0.9266224140625001 0.471188984375 0.9187212046875001 0.474333184375 0.882429784375 0.4755339015625 0.8809124640625001 0.4784702921875 0.8813221562500001 0.4853378859375 0.8856531921874999 0.48914402656249995
6 0.9035337437500001 0.5238264109374999 0.9042120921875 0.52856934375 0.9079433546875 0.5255439671875 0.9067361828125 0.5229064625000001 0.9035337437500001 0.5238264109374999
6 0.9075771171874999 0.8891150796874999 0.90291808125 0.8886785968750001 0.9031689453125 0.8926966703125 0.9072224328124999 0.892481775 0.9075771171874999 0.8891150796874999
6 0.9203456031249999 0.8315191078125 0.8923765265625001 0.831662371875 0.8916164984374999 0.835458859375 0.891312484375 0.841046140625 0.8927818734375 0.8444128359375 0.9142146999999999 0.8474213703125001 0.9189268859374999 0.8444844671875 0.9201936 0.8409028749999999 0.9203456031249999 0.8315191078125
6 0.9051450187500001 0.78845394375 0.901750221875 0.7862333578125 0.8961260031249999 0.7862333578125 0.8827138421875 0.7899198046875 0.8825468125 0.8039980484375 0.9278952281249999 0.8025654125000001 0.928655259375 0.7898149484375 0.9051450187500001 0.78845394375
6 0.9028893625000001 0.7529418265625 0.9042329828125 0.7572082234375 0.9081851375 0.7559904796875 0.9075771171874999 0.753053575 0.9028893625000001 0.7529418265625
6 0.9039796390625 0.711554815625 0.9038012500000001 0.71217743125 0.9032196078125001 0.7146349812499999 0.9074251062500001 0.7149215078125 0.9078811234374999 0.711053390625 0.9039796390625 0.711554815625
6 0.904030309375 0.6575911624999999 0.903675625 0.6619607046875 0.9076277796875001 0.6623904953124999 0.9074251062500001 0.658522375 0.904030309375 0.6575911624999999
6 0.9106679 0.5815918921875001 0.9018515546874999 0.5809472078125 0.9002676859375001 0.5823114140625 0.8986594312499999 0.591906875 0.9101105484374999 0.5929097203125 0.9117319390624999 0.5856749046874999 0.9106679 0.5815918921875001
6 0.8571233671874999 0.5811954390625 0.8494644843750001 0.5803804578125 0.845285278125 0.5808668078125 0.8441938546875001 0.5923723234375 0.8552292453125 0.5933037359375 0.856711609375 0.5887631234375 0.8571233671874999 0.5811954390625
6 0.852758628125 0.6567530796875001 0.8489905921875 0.6577289078125 0.8487233015625 0.6622250921874999 0.8515233312499999 0.663272925 0.8537468796875001 0.6614101140625 0.852758628125 0.6567530796875001
6 0.7914127125 0.6629133453125 0.7968022125 0.6619111515625 0.7962665984374999 0.6578222109375 0.7911247234375 0.6578222109375 0.7914127125 0.6629133453125
6 0.79198170625 0.70523368125 0.7905891171875 0.717197609375 0.7981948078125 0.7196206968750001 0.797337825 0.7047793515625 0.79198170625 0.70523368125
6 0.8492494468749999 0.710262946875 0.8478995703125 0.715834640625 0.8531485796875 0.7150774265625001 0.8532556906250001 0.70962550625 0.8492494468749999 0.710262946875
6 0.795945228125 0.7718192640625 0.8145845218750001 0.7709106046875001 0.8131919406250001 0.7512231046875 0.8183338015625001 0.7491029328125001 0.8177981953125 0.736987546875 0.7886609140624999 0.7362303390625 0.784697384375 0.7342615765625 0.7801982468750001 0.733958703125 0.7718427015625 0.736684653125 0.770771475 0.7507687859375001 0.7747350015625 0.7553120453125 0.776234715625 0.7712134875000001 0.795945228125 0.7718192640625
6 0.8149058921875 0.8044817703125 0.8174768328124999 0.7887317734375 0.7741993953125 0.7881260078125 0.7713070875 0.7934264921875 0.7728067984375 0.8031187890625 0.8149058921875 0.8044817703125
6 0.8731804546875 0.8028159171875 0.8740374296875 0.7885803375 0.8297958984375 0.7893375515625001 0.8285104265625 0.79857551875 0.8314027312500001 0.802058703125 0.8429719531250001 0.8050875468750001 0.8731804546875 0.8028159171875
6 0.7790199015625 0.8438077484375001 0.807407325 0.84426206875 0.8136204203125 0.8441106312500001 0.8140489078125 0.8318438109375 0.8006586171875 0.826846209375 0.7963737234375 0.8298750640625 0.77623056875 0.8315324296875 0.7746278828125 0.8329039078125 0.7746278828125 0.8438077484375001 0.7790199015625 0.8438077484375001
6 0.8637536921875 0.8459279421874999 0.86525339375 0.8315409375 0.85507678125 0.829269296875 0.837079634375 0.8323840421875 0.837722959375 0.8374471671875 0.8400796500000001 0.8460793796875 0.8637536921875 0.8459279421874999
6 0.8004443734375 0.884623634375 0.7866255859375 0.8822005687500001 0.7868339703125 0.8853542796875 0.7876968125 0.8958303703125001 0.7963737234375 0.8976476703125 0.8010871046875 0.8920443125 0.8004443734375 0.884623634375
6 0.8486494359375 0.888864021875 0.8478035296875 0.8891013703124999 0.8500420249999999 0.8946188265625 0.8533628156249999 0.8912871093750001 0.8520773531250001 0.8876524781249999 0.8486494359375 0.888864021875
6 0.7945005359375 0.5159436390625001 0.7893820984375 0.5184556703125 0.7910766125 0.5304651390624999 0.797002634375 0.531023659375 0.7983195296875001 0.5224597 0.7945005359375 0.5159436390625001
6 0.8002948562500001 0.580918059375 0.79397378125 0.579987190625 0.78893771875 0.581689346875 0.7863358015624999 0.5874341203125 0.7919984375 0.5952533859375 0.8005582421874999 0.5919022765624999 0.8002948562500001 0.580918059375
6 0.748672703125 0.579987190625 0.7401128984375 0.5796148453125001 0.73550378125 0.5833383078125001 0.7352404031249999 0.5837106578125 0.734450271875 0.5898543671875001 0.7391910828125 0.594694875 0.7482776328125 0.592646965625 0.748672703125 0.579987190625
6 0.7436685062499999 0.6698786890624999 0.7613148703125 0.6676446078125 0.76210499375 0.6570327484375 0.7603930359375 0.6497720046875 0.754993778125 0.649399646875 0.7484093171875 0.6521922390625 0.7225982453124999 0.6520060734375 0.723125 0.6665275859375 0.737479115625 0.668016965625 0.7436685062499999 0.6698786890624999
6 0.737479115625 0.7174787593749999 0.7440635765625 0.71859581875 0.745380471875 0.7169202484375 0.7474875 0.7061222093749999 0.7369809640625 0.7072668765625 0.737479115625 0.7174787593749999
6 0.76210499375 0.771408728125 0.760656421875 0.752791409375 0.7639183078125 0.7517317343750001 0.7641347921875 0.7356645609375 0.7390593890625 0.7345464484375 0.7270088421875001 0.7336196890625 0.71931830625 0.7362140312500001 0.7197010796875001 0.7533499328125 0.72397815 0.767339853125 0.728260871875 0.7727119421875 0.76210499375 0.771408728125
6 0.730727328125 0.8146424390625 0.758961396875 0.813260753125 0.7595043609375 0.798983334375 0.74853650625 0.7969875562500001 0.747884953125 0.7787185890625 0.7396319203124999 0.7788721093750001 0.734238590625 0.779751234375 0.7345280640625 0.799597403125 0.7248633296875 0.7991368484375 0.7252976984374999 0.808962178125 0.730727328125 0.8146424390625
6 0.743975621875 0.84362935 0.7570067234375 0.8428617453125 0.759938721875 0.8296589624999999 0.758201246875 0.826127984375 0.753097390625 0.8296589624999999 0.7275205109375 0.8306859015624999 0.7247547375 0.837488525 0.728555478125 0.8447039859375 0.743975621875 0.84362935
6 0.6647390921875 0.8451536046875001 0.6783896687500001 0.8476310874999999 0.6916713140625 0.8473703015625 0.709933575 0.8460663609375001 0.7121471875000001 0.8351133046875001 0.710210278125 0.8279416625 0.7041228562499999 0.82742008125 0.7018170140625 0.8305495328125 0.66357155625 0.8297595031249999 0.66289441875 0.8326358234375 0.6614186796875 0.8386339234375001 0.6647390921875 0.8451536046875001
6 0.7104554078125 0.78920265 0.6900717515625 0.7869859578125 0.6617041265625 0.7907507218750001 0.6623094328125 0.8030243671875 0.6938533328125 0.8035459484375 0.7100864625 0.8031547640625 0.7104554078125 0.78920265
6 0.6911785578125 0.7718838203125 0.6980960765625001 0.7720142140624999 0.69772715 0.751281634375 0.7163583390625 0.7507600578125 0.7169117578125 0.736155975 0.6741153328125 0.7360255828125 0.6683796937500001 0.7341057375 0.6645060703125 0.734262203125 0.656205584375 0.7367836828125001 0.6574210468749999 0.7490649390625 0.674484271875 0.7508904515625 0.675498840625 0.76914555625 0.6911785578125 0.7718838203125
6 0.6893646203125 0.7044585671875 0.6832883421875 0.706776125 0.6823755 0.7154685296875 0.6849714625 0.7181504484375 0.69016338125 0.718432759375 0.6893646203125 0.7044585671875
6 0.705140065625 0.66814545 0.706537890625 0.6544535671875 0.70074690625 0.64894858125 0.6676776671875 0.651848353125 0.6665002140625 0.66489891875 0.6847717734375001 0.6699804421875 0.705140065625 0.66814545
6 0.6932585609374999 0.5814776296875 0.6809776734375 0.5811953203125 0.6794800078125001 0.582748009375 0.6794800078125001 0.5919229828125 0.688366178125 0.593616821875 0.6929590250000001 0.59022914375 0.6932585609374999 0.5814776296875
6 0.711339475 0.4878736078125 0.7106407859375 0.4725631109375 0.700393178125 0.4722338546875 0.6687187781249999 0.476184946875 0.662546925 0.47634958125000004 0.661489290625 0.47623423281250005 0.661615328125 0.48836749843750005 0.6840901765625 0.492647853125 0.6988793296875 0.49231859062499994 0.711339475 0.4878736078125
6 0.6267309765625 0.580107703125 0.6269827921875 0.5959614156249999 0.634835703125 0.5923214515625 0.6334195984375001 0.5783075828124999 0.6267309765625 0.580107703125
6 0.6032548078125 0.5945054296875 0.6054433265625 0.5910474625 0.6049283765625 0.5775795921875 0.5965605390625 0.5764876 0.5934708671875 0.5790355734375 0.574746078125 0.5792889531250001 0.5737742421875 0.5854055125000001 0.5763489640625 0.5923214515625 0.6032548078125 0.5945054296875
6 0.602786384375 0.6531484734374999 0.5981945046875 0.649990359375 0.5841706656250001 0.648762203125 0.575359240625 0.6527975734375 0.5761038578125001 0.6635000718749999 0.5900035875 0.66788634375 0.6015453328125 0.665605496875 0.602786384375 0.6531484734374999
6 0.6016694421875 0.7099079703125 0.6019176500000001 0.7048198921875 0.5821849968749999 0.7046444421875 0.5766047328125 0.7054133515625 0.5761038578125001 0.7074516562500001 0.576476175 0.7172768984375 0.5872732859375 0.7193823234375001 0.5999319734374999 0.7200841125 0.6016694421875 0.7099079703125
6 0.5938646078125001 0.7429608375 0.5919155109375 0.73774505625 0.5850240484375 0.736859359375 0.5830261796875 0.73913060625 0.5841887234375001 0.7493575421875 0.5879476984374999 0.7521130484375 0.5930292828125 0.7510305234375 0.5938646078125001 0.7429608375
6 0.577202471875 0.79003306875 0.5836123343749999 0.7914413265625 0.6007630515625 0.792298528125 0.60171586875 0.7901555296875 0.6017591796875 0.779098984375 0.5924908609374999 0.7765273828125 0.5887216984375 0.7767529765625001 0.5858593796875 0.778514053125 0.5773886218750001 0.7784218609375 0.57772219375 0.77852210625 0.5759031734375 0.780603871875 0.577202471875 0.79003306875
6 0.6006642890625 0.8336453374999999 0.6018688046875 0.832581053125 0.602621625 0.821406028125 0.5972013046875 0.8193838843749999 0.591691834375 0.8182046125 0.5875489875000001 0.8180799953125 0.5859869078125 0.8191009671874999 0.5755200234375 0.8200224468749999 0.5768751078125 0.8282174703124999 0.5798864015625 0.833858203125 0.6006642890625 0.8336453374999999
6 0.634021859375 0.65678010625 0.6304399515625 0.6530328546875 0.628129259375 0.6543862234375 0.62743115625 0.6642746140625 0.63029668125 0.666502715625 0.6338785890625 0.6643758875 0.634021859375 0.65678010625
6 0.6335203968750001 0.7181803609374999 0.633592028125 0.7134710984375 0.631227975 0.7055220640625001 0.6275027859375 0.7064335500000001 0.6275027859375 0.71655991875 0.6305115921875 0.718686740625 0.6335203968750001 0.7181803609374999
6 0.6335203968750001 0.749575178125 0.62829041875 0.7475589953124999 0.6277893375 0.7569684015625 0.6293653859375 0.7599054375 0.634666603125 0.7585888359374999 0.6335203968750001 0.749575178125
6 0.6326607328125 0.791137471875 0.6298668484375 0.7895170312500001 0.6276460671875 0.7899221375 0.627860978125 0.7899379984375 0.627860978125 0.8010626171874999 0.6321592703125 0.8021766640625 0.63473824375 0.8000498500000001 0.6326607328125 0.791137471875
6 0.634809884375 0.829724303125 0.6312996156249999 0.8215208593750001 0.6275652 0.82170994375 0.627359515625 0.8310409046875 0.6310846953125 0.834788159375 0.634809884375 0.829724303125
6 0.6316577984375 0.87272919375 0.627726359375 0.8738775828125 0.627287875 0.8841735 0.631371246875 0.8867054281250001 0.6345233328125001 0.8818441312499999 0.6316577984375 0.87272919375
6 0.5878868953125 0.8725266328125001 0.5830850953125 0.8743331953125001 0.584591540625 0.8860977671875 0.5935463078125001 0.8863003203125001 0.593044840625 0.8736406796875 0.5878868953125 0.8725266328125001
6 0.67686650625 0.8822584078125001 0.6773684578125 0.8973819546874999 0.696674484375 0.8949156734375 0.6943484578125 0.8834063484374999 0.67686650625 0.8822584078125001
6 0.739822296875 0.88291309375 0.733903125 0.8831829921875001 0.7363332609375 0.89672428125 0.746916690625 0.8970531171875 0.7486612 0.886037053125 0.739822296875 0.88291309375