5 0.999203671875 0.051373529687499996 0.09849060625 0.051373529687499996 0.09849060625 0.90188529375 0.999203671875 0.90188529375 0.999203671875 0.051373529687499996
6 0.42984525781249994 0.9143781234375 0.42756837968749994 0.9068465078125 0.3451893203125 0.9055912328125 0.3413186359375 0.903708325 0.3201436640625 0.90402214375 0.31035311718749997 0.90308069375 0.3046609234375 0.9059050624999999 0.1580299671875 0.9062188703125 0.094563046875 0.9071372546875001 0.096428240625 0.9225373906250001 0.42779608125 0.921595940625 0.42984525781249994 0.9143781234375
6 0.4808673609375 0.9928325390625 0.5471245046875 0.9815351328125 0.545986065625 0.9655304125 0.534829378125 0.959254059375 0.5371062546875 0.947015165625 0.536423184375 0.9419940875 0.516842021875 0.9423079 0.5152482140625 0.9344624593749999 0.5211681109375 0.9250479296874999 0.5245834265625 0.9137504984374999 0.5200296718749999 0.9118675859375 0.510922159375 0.9071603203124999 0.497488559375 0.9046497812500001 0.48382730937499996 0.903708325 0.47585823749999995 0.903708325 0.46561228750000005 0.9033945125 0.45354482812499997 0.9043359750000001 0.44921875624999996 0.9109261343749999 0.43737899843749994 0.920968303125 0.43145911875 0.92849991875 0.432142171875 0.940425 0.42561912343749997 0.949490196875 0.425994609375 0.969923853125 0.413699465625 0.97776929375 0.41802553593749997 0.9944016281250001 0.4808673609375 0.9928325390625
6 0.1266598296875 0.1321176375 0.12779828124999998 0.11878039062500001 0.110352021875 0.11869281093749999 0.1101524703125 0.1323791578125 0.1171728390625 0.13551732656249998 0.1266598296875 0.1321176375
6 0.11510350312499999 0.4207193953125 0.11510350312499999 0.41240322812499997 0.1120297125 0.40769596406249997 0.10335894999999999 0.4086666671875 0.1032637359375 0.4194641265625 0.10963899218749999 0.421974671875 0.11510350312499999 0.4207193953125
6 0.11658346875 0.5393219671875 0.1170388453125 0.5297505250000001 0.11271277500000002 0.526455453125 0.1030742921875 0.526117646875 0.10292220156250001 0.538066690625 0.1121435546875 0.5404203234375 0.11658346875 0.5393219671875
6 0.11635578437500001 0.7620248968750001 0.1171526875 0.755434725 0.114875809375 0.750099828125 0.1074759578125 0.750570565625 0.1026473078125 0.749647059375 0.1026945171875 0.762181809375 0.11123280937499999 0.7645354421875 0.11635578437500001 0.7620248968750001
6 0.1758455984375 0.753634540625 0.174707159375 0.74924109375 0.1605905140625 0.7498687265624999 0.1581997953125 0.7445338296874999 0.14533543124999998 0.7453183734375 0.14123705312499998 0.7487703625 0.1350982046875 0.7508235296875 0.13691098125 0.7632059765625 0.17459331718749999 0.7646181578125 0.1758455984375 0.753634540625
6 0.20009435 0.538411846875 0.2016881578125 0.5293111374999999 0.2014604734375 0.5249176906249999 0.178350159375 0.524290053125 0.1755040625 0.5213087828125 0.1715195265625 0.5216226015625 0.168331903125 0.5249176906249999 0.1365214890625 0.5245490203125 0.1356587 0.5329200390625 0.136683296875 0.5393532984375 0.20009435 0.538411846875
6 0.1833593015625 0.43268478750000006 0.1850669609375 0.412129734375 0.21728476875 0.411659009375 0.21865090937499998 0.399106303125 0.215349425 0.39408521875 0.209543396875 0.392359221875 0.20658344843749998 0.39690957656250003 0.2027127640625 0.3970664921875 0.1959959640625 0.393300675 0.193149865625 0.395497403125 0.16434736562500002 0.395497403125 0.1517106875 0.392829946875 0.1383909546875 0.393457584375 0.1356675171875 0.396117646875 0.13577254218749998 0.4221719015625 0.136683296875 0.4328417 0.1833593015625 0.43268478750000006
6 0.1819931609375 0.20930975468750002 0.1819931609375 0.2031903078125 0.18005781875 0.1973846796875 0.177211721875 0.1966001359375 0.1740962109375 0.1967058828125 0.173910246875 0.205543940625 0.17641481718750002 0.21134956875 0.1819931609375 0.20930975468750002
6 0.14226165 0.135629421875 0.14419699218749998 0.1459854078125 0.1608181984375 0.14441631875 0.163208928125 0.1470837703125 0.1676488328125 0.1464561453125 0.168331903125 0.14347486250000002 0.20612807968750002 0.1452008640625 0.2127310125 0.14567159999999998 0.21421098593750001 0.1390814171875 0.21432483750000003 0.13327578906249998 0.2113648890625 0.1279408921875 0.192580646875 0.1277839796875 0.19303603281249998 0.11115164687500001 0.17140568437499998 0.11021019531250001 0.16662424375 0.1086411078125 0.1628522609375 0.11160784374999999 0.16263970781249998 0.1263718046875 0.1467015625 0.1266856234375 0.14226165 0.135629421875
6 0.22566747031249998 0.1359766515625 0.22430133749999998 0.1430375484375 0.225553628125 0.151667534375 0.237051859375 0.1535504421875 0.2425163609375 0.15637479999999998 0.2441101765625 0.152452078125 0.28475244375000003 0.1530797109375 0.28475244375000003 0.14366518125 0.28224788125 0.13848719062499998 0.283955540625 0.1216979453125 0.281450978125 0.1187166765625 0.2783771953125 0.11965813125 0.2784910296875 0.102398159375 0.2400117984375 0.102398159375 0.23773492031250001 0.0997307109375 0.23318116562500002 0.0997307109375 0.22988898125 0.10494117656249999 0.230676603125 0.119030503125 0.22543977656249997 0.1231101265625 0.22566747031249998 0.1359766515625
6 0.258226821875 0.2118984015625 0.25856835624999996 0.2021700578125 0.2548115046875 0.1969920625 0.2509535984375 0.196117646875 0.25003006562499996 0.203111509375 0.2516238734375 0.20876022343749998 0.258226821875 0.2118984015625
6 0.2567468484375 0.4222956265625 0.25742991875 0.41837290625 0.25686069843750003 0.4102136515625 0.2542422859375 0.40754619999999997 0.25024195625 0.40945098125 0.2496885296875 0.4155485484375 0.2507131265625 0.4215110828125 0.2567468484375 0.4222956265625
6 0.25777144375 0.5350478734374999 0.2578852875 0.529242240625 0.2542422859375 0.529399159375 0.25390075 0.52547644375 0.248961 0.5265098046875 0.2501439078125 0.5394413140625 0.253673065625 0.5395982328125 0.25777144375 0.5350478734374999
6 0.2570883828125 0.7631840859375 0.25777144375 0.754397190625 0.2560637859375 0.7492192015625 0.2517377234375 0.749376109375 0.248961 0.752196078125 0.24980237187499998 0.760202825 0.25412844375 0.7634979046875 0.2570883828125 0.7631840859375
6 0.287847371875 0.849998665625 0.389958015625 0.8485370187499999 0.39071551250000003 0.8305794499999999 0.41843992031250005 0.8266120812500001 0.41843992031250005 0.8101161843750001 0.421469909375 0.8067752468749999 0.421469909375 0.7936202906250001 0.416773415625 0.7906969687500001 0.4134404328125 0.7906969687500001 0.4105619296875 0.7923674421875 0.39889647500000003 0.792993875 0.39177600468749996 0.7902793546875 0.389049009375 0.792993875 0.3463261640625 0.7934114859375 0.344962665625 0.7902793546875 0.3405691796875 0.791532203125 0.328752228125 0.7925762468750001 0.32420724375 0.7902793546875 0.32011675156249997 0.7927850578125 0.2866088203125 0.7932924984375 0.286938365625 0.8101161843750001 0.2866353703125 0.8378877578124999 0.287847371875 0.849998665625
6 0.3614761109375 0.7627960093749999 0.364051596875 0.74462964375 0.41586441093750004 0.74254155625 0.4170764109375 0.7283425609374999 0.3882915125 0.7281337546875 0.3549616296875 0.7287601796875001 0.35193163906249997 0.724792809375 0.338751190625 0.7237487671875 0.33405470937500004 0.72750733125 0.322843746875 0.72750733125 0.3151172765625 0.7250016234375 0.312541778125 0.7287601796875001 0.3067848046875 0.7281337546875 0.28698763125000004 0.7293635921875 0.28648387343750004 0.75381725 0.28799886875 0.764884096875 0.3614761109375 0.7627960093749999
6 0.287847371875 0.699561303125 0.327085725 0.698517259375 0.328297725 0.6807685125 0.3979874921875 0.678471603125 0.3995024859375 0.6644814218749999 0.384655534375 0.6636461828125 0.38450402499999997 0.6600964406250001 0.38132255000000004 0.6590523968750001 0.384049521875 0.6381715109375 0.42343938437500006 0.6362922359375001 0.42343938437500006 0.621466809375 0.4014719609375 0.6216756218749999 0.3966239828125 0.619587534375 0.3851100375 0.619587534375 0.3819285390625 0.622093240625 0.3720810734375 0.621884428125 0.365263596875 0.619587534375 0.3629911046875 0.619587534375 0.36071861250000004 0.6216756218749999 0.31905625937500004 0.622093240625 0.313753778125 0.619587534375 0.3114812859375 0.619796340625 0.30920879375 0.622510853125 0.28679822499999996 0.6213367859375001 0.28678686875000003 0.6379627218749999 0.286938365625 0.68849443125 0.287847371875 0.699561303125
6 0.33238820625 0.584779634375 0.41616742812499996 0.587076528125 0.41934890312500006 0.56786611875 0.41556141562500004 0.5661956499999999 0.41540992968749996 0.5609754312499999 0.41662190781249997 0.5499085671875 0.4132889234375 0.545314771875 0.4069259515625 0.54260025625 0.4020779734375 0.546358815625 0.3669301 0.546358815625 0.3614761109375 0.542809065625 0.35571912656250004 0.546358815625 0.2871770375 0.5454049015625 0.287241371875 0.6035724250000001 0.3320852109375 0.6039900359375 0.33238820625 0.584779634375
6 0.4187429140625 0.5084880765625 0.420560903125 0.4919921890625 0.41510691250000004 0.49053052499999994 0.4163189140625 0.47319939843750003 0.41162244374999996 0.46839679843750004 0.4063199625 0.46735275468750004 0.40101748125 0.4717377359375 0.36677859218750003 0.47152892968750004 0.364354590625 0.468187984375 0.358749115625 0.46839679843750004 0.3545071265625 0.472364159375 0.2873664421875 0.47129955625 0.28739286875 0.49345385156250005 0.28799886875 0.509740934375 0.4187429140625 0.5084880765625
6 0.287241371875 0.409374740625 0.287847371875 0.4221120734375 0.399956965625 0.4223208875 0.40086597187499995 0.40415452187499995 0.4082894375 0.4016488140625 0.40874394062499997 0.38744981875 0.40071446406250005 0.38744981875 0.39738147968750004 0.384526496875 0.36102160781250003 0.384526496875 0.3570826359375 0.38724101875 0.28963931249999997 0.3864959046875 0.2896653609375 0.3964285953125 0.291937853125 0.40833069687499995 0.287241371875 0.409374740625
6 0.2889078625 0.35854651875 0.414349415625 0.3581289 0.4176824234375 0.35729366093750003 0.4176824234375 0.33870968437500004 0.4219243890625 0.338292065625 0.4223788921875 0.3232578328125 0.38617052812499997 0.3222137875 0.37920154375 0.32033450937499997 0.343750665625 0.32033450937499997 0.338448184375 0.320543315625 0.333751703125 0.32242259687499997 0.2871770375 0.3228279328125 0.2870898734375 0.33870968437500004 0.2870898734375 0.347479646875 0.2889078625 0.35854651875
6 0.2895138640625 0.2962331921875 0.41540992968749996 0.29706843125 0.4181369015625 0.28600156718749997 0.416470421875 0.28015491406250004 0.4064714484375 0.281198959375 0.40738045312500004 0.2607357 0.39919946875 0.25802118749999997 0.39859347968750003 0.2392283953125 0.3901095015625 0.2396460140625 0.385867534375 0.23714030937500002 0.369960090625 0.23588745625000002 0.36677859218750003 0.23734912187499999 0.3499621421875 0.2381843515625 0.3461746671875 0.234634603125 0.3339032 0.234634603125 0.3272372328125 0.23797554375000002 0.2873664421875 0.2385461484375 0.28739286875 0.25760356875 0.28739286875 0.284331090625 0.2895138640625 0.2962331921875
6 0.35980960781250004 0.209358625 0.36071861250000004 0.2035119875 0.359052109375 0.19829177656250002 0.3549616296875 0.1976653359375 0.3504385671875 0.2001888046875 0.35132565 0.2074793421875 0.35481014375000003 0.21082029531250002 0.35980960781250004 0.209358625
6 0.32360124375 0.12813201875 0.32314674062500004 0.1389900640625 0.32466173593750003 0.1458807609375 0.3869280265625 0.145671946875 0.389352003125 0.137319596875 0.38738252968750003 0.1279232015625 0.371475084375 0.1262527328125 0.37086907343750003 0.10975684062499999 0.359961115625 0.1110096890625 0.3605671046875 0.10620708906250001 0.3564766234375 0.10620708906250001 0.35193163906249997 0.1110096890625 0.3390742203125 0.1104274015625 0.3411751796875 0.12228536718750001 0.33814519062500004 0.1279232015625 0.32360124375 0.12813201875
6 0.47375985312499996 0.1250121484375 0.4439144625 0.1250121484375 0.43997546718749997 0.1362878171875 0.4416419703125 0.14568421250000002 0.4498229328125 0.14610184843750001 0.4498229328125 0.165312240625 0.510877234375 0.1659386734375 0.5166341953125 0.163015346875 0.516482709375 0.14735468125 0.5237546890625 0.1463106375 0.526330175 0.14046399375000002 0.52542116875 0.12981474843750002 0.49239428125 0.1283530859375 0.4958787734375 0.108307446875 0.505877746875 0.1064281640625 0.5067867296874999 0.092020359375 0.478456334375 0.092020359375 0.478456334375 0.08826179843750001 0.47572935000000005 0.0870089453125 0.47057836562500005 0.09076750624999999 0.4577009109375 0.0905587046875 0.46027639843749996 0.1043400765625 0.47300235625 0.11123076406250001 0.47375985312499996 0.1250121484375
6 0.48678880468749997 0.21049066718749998 0.4876978109375 0.202138315625 0.48572831406250006 0.19691809531249999 0.4811833296875 0.19691809531249999 0.4782874671875 0.2012325421875 0.47860783125 0.20735853437500001 0.4808803234375 0.21195232968750002 0.48678880468749997 0.21049066718749998
6 0.42755251562499996 0.297768746875 0.47421435624999997 0.3021537453125 0.4822438203125 0.2944278109375 0.4822438203125 0.279393584375 0.4864858109375 0.276261453125 0.490273296875 0.256215821875 0.534056634375 0.25266605468750003 0.5345111375 0.23888467812499997 0.501787265625 0.23742301562499998 0.4989087625 0.23512612187499998 0.4951212765625 0.23512612187499998 0.48981879375000004 0.238258253125 0.4267690953125 0.23750241249999998 0.4267950171875 0.25913913125 0.42664352031249997 0.2758438265625 0.42755251562499996 0.297768746875
6 0.46573037656249994 0.3800105859375 0.467699875 0.382307478125 0.47239635625 0.382307478125 0.47330534999999996 0.37729608125 0.47633533906250003 0.3777136921875 0.48209232343749997 0.376878453125 0.4833043234375 0.368526103125 0.48027433437499994 0.363097078125 0.4869403140625 0.3610089890625 0.4905762921875 0.3386664484375 0.5248151812499999 0.3359519359375 0.5261786671875 0.32321459531249996 0.489061296875 0.322588171875 0.48481931874999995 0.320917703125 0.47709283750000003 0.32029127812499997 0.46360939375 0.32029127812499997 0.46073090156249996 0.320917703125 0.4563374140625 0.322588171875 0.42639028437500004 0.322566996875 0.426340515625 0.36602039531249997 0.4283100125 0.380219390625 0.46573037656249994 0.3800105859375
6 0.42785550937499994 0.4343857984375 0.4880008046875 0.43229771093749997 0.49224279531250004 0.4289567890625 0.49239428125 0.4124608765625 0.519361190625 0.411834453125 0.520573190625 0.3972178375 0.5122407203125 0.39617379375 0.5049687406250001 0.39345928125 0.5001207625 0.39345928125 0.491182303125 0.39158 0.474062846875 0.3942945203125 0.468911875 0.3974266515625 0.42620087812499996 0.3971942109375 0.42664352031249997 0.41642826250000003 0.42664352031249997 0.426033446875 0.42785550937499994 0.4343857984375
6 0.42861300625 0.5093797296875 0.5010297687499999 0.5087533125 0.5066352453125 0.51105020625 0.5117862171875001 0.5108414 0.5120892109375 0.5054123828125 0.5207246999999999 0.5075004625 0.521785190625 0.499774528125 0.5207246999999999 0.493510265625 0.5122407203125 0.49183981250000003 0.5122407203125 0.48724600156250003 0.5129982171874999 0.4734646265625 0.5105742171875 0.469914875 0.5131497265625 0.45195732343749995 0.479971328125 0.450704465625 0.47830483749999997 0.4498692359375 0.4720933609375 0.449033996875 0.4661848796875 0.45195732343749995 0.45421641875 0.451330890625 0.42649202343750003 0.4525837484375 0.42664352031249997 0.47242058125 0.4258860234375 0.49580716718750006 0.42861300625 0.5093797296875
6 0.428158515625 0.5925724078125 0.47512334999999994 0.594451675 0.477547340625 0.5971661953125 0.48239531874999997 0.597375 0.484667809375 0.5923635875000001 0.49087928593749997 0.5934076312500001 0.49193980000000004 0.5904843203125 0.49269729843750004 0.5838024296875 0.491485296875 0.5783734046875 0.48951580000000006 0.5731531859375 0.5192097046875 0.572526753125 0.520573190625 0.5706474859374999 0.51981569375 0.5566572890625 0.521785190625 0.5531075375000001 0.5269361640625 0.5508106609375 0.527087671875 0.53702926875 0.5054232437499999 0.5372380734375 0.5039082500000001 0.5353587921875 0.49815126562499995 0.5341059421875001 0.4925457890625 0.5361940296875 0.427716125 0.53679406875 0.426340515625 0.5535251578125 0.4267950171875 0.5875609953125001 0.428158515625 0.5925724078125
6 0.42785550937499994 0.6793384265625 0.5051202499999999 0.6793384265625 0.5067867296874999 0.6716125 0.5067867296874999 0.662842528125 0.499363265625 0.662842528125 0.495575778125 0.659710396875 0.495575778125 0.6461378265625 0.49451528749999996 0.6394559484375 0.49754527656249997 0.6382030953125 0.539510625 0.6356973875 0.53981361875 0.622542434375 0.5363291265625 0.619410303125 0.5095137249999999 0.6192014953125 0.5076957359375001 0.6210807734375 0.465881884375 0.621916009375 0.4617913921875 0.6196191171875001 0.459367403125 0.6196191171875001 0.4554284203125 0.621916009375 0.42563266093749996 0.6221195890625 0.426340515625 0.6375766703125 0.42603752031250003 0.6707772609375 0.42785550937499994 0.6793384265625
6 0.4661848796875 0.7838761953125 0.46966937187499996 0.78053525 0.46845737187500003 0.7655010156250001 0.52951165 0.764456971875 0.5332991375 0.763412928125 0.5332991375 0.754434153125 0.5329961421875 0.7492139328125 0.5278451703125 0.7456641828125 0.5279966546875 0.7245744984375 0.5331476515625 0.7218599859375 0.5346626453125001 0.71016669375 0.532087159375 0.706825753125 0.5275421765625 0.7072433671875 0.46815437812500005 0.7066169421875 0.4639123875 0.70599051875 0.4599734046875 0.7049464734375 0.4567919171875 0.7076609875 0.42563266093749996 0.7074451093749999 0.4255830171875 0.7728093234375 0.4270980125 0.7849202390625 0.4661848796875 0.7838761953125
6 0.499363265625 0.8606365640625 0.509665234375 0.865021553125 0.5134527203125 0.860427759375 0.5196641843750001 0.8581308578125 0.520573190625 0.8512401687500001 0.52102769375 0.8426790125 0.5326931484374999 0.8405909250000001 0.535268634375 0.8374587921875 0.5364806343749999 0.826183115625 0.535268634375 0.8236774125 0.515270709375 0.8240950281250001 0.5145132125 0.818874809375 0.494363778125 0.819292428125 0.48997030312499995 0.822424559375 0.4439144625 0.8240950281250001 0.4258220671875 0.825126484375 0.4257345265625 0.8487344625000001 0.42724952031249996 0.8618894218750001 0.499363265625 0.8606365640625
6 0.5439117718750001 0.8530734546875 0.54588126875 0.8626786640624999 0.5726966703125 0.8624698499999999 0.5743631734375 0.8587113093750001 0.5740601796875 0.8468091921875001 0.5719391734375 0.8426330171874999 0.5736056765625 0.827389978125 0.5726966703125 0.8230049968750001 0.565121696875 0.8230049968750001 0.5451477062500001 0.824082746875 0.5487597734375 0.8434682546875001 0.5439117718750001 0.8451387234375 0.5439117718750001 0.8530734546875
6 0.5719391734375 0.754218596875 0.5733026828125001 0.7485807624999999 0.5729996890625 0.7383491328125 0.5457159234375 0.7384962921875 0.5460327781250001 0.7473279171875 0.5478507671874999 0.752965746875 0.5719391734375 0.754218596875
6 0.5740601796875 0.65950343125 0.573908671875 0.65323916875 0.5663336984375 0.6509422671875 0.5605767140625 0.6478101390625 0.5560317296874999 0.6521951234375 0.5451477062500001 0.6529098375 0.5472447781249999 0.66764696875 0.5736056765625 0.66702054375 0.5740601796875 0.65950343125
6 0.5751206718749999 0.5722465078125001 0.5731511734375 0.56660866875 0.5661822125 0.56660866875 0.560728221875 0.56368534375 0.5549712375 0.5674439 0.5449583 0.5673233828125 0.5454267671874999 0.583313371875 0.5736056765625 0.583939796875 0.5751206718749999 0.5722465078125001
6 0.57466616875 0.488543928125 0.5736056765625 0.4812356203125 0.56648520625 0.4829060890625 0.5633037078124999 0.4787299140625 0.55588024375 0.48102681406250003 0.5447688953125 0.48225879687499995 0.5475477734374999 0.496478659375 0.5733026828125001 0.497313896875 0.57466616875 0.488543928125
6 0.57466616875 0.41819897812500006 0.5737571859374999 0.40692330937500004 0.5675456984375 0.40692330937500004 0.5620917078125001 0.40232951406249995 0.55466824375 0.40650569062499997 0.5451477062500001 0.4076315828125 0.5470932703125 0.4213311109375 0.5717876875 0.4219575421875 0.57466616875 0.41819897812500006
6 0.5654247140625001 0.357151396875 0.566030703125 0.35109593906250003 0.564515709375 0.343370028125 0.557849740625 0.34190835 0.55291334375 0.34631202031249997 0.5548197515625 0.35923948437500003 0.56087973125 0.359448290625 0.5654247140625001 0.357151396875
6 0.5663336984375 0.27260192499999997 0.5663336984375 0.26529361875 0.5655762 0.2584029296875 0.5564862328125 0.2577765046875 0.5523451265625 0.2635958421875 0.556637740625 0.2761516765625 0.5626977203125 0.2761516765625 0.5663336984375 0.27260192499999997
6 0.5637582109375 0.208034634375 0.56527320625 0.20197918593750003 0.56148571875 0.1965501515625 0.5551862125 0.2001888046875 0.556637740625 0.2122108109375 0.5630007140625 0.2128372359375 0.5637582109375 0.208034634375
6 0.5425482859375 0.14128205625 0.5436087781250001 0.15172249843750002 0.5449722859375 0.15527225 0.5717876875 0.15589867500000001 0.5770901687500001 0.15485463125 0.5778476671874999 0.145667040625 0.576332671875 0.138149928125 0.5720906828125 0.13397375312499998 0.5729996890625 0.1262478265625 0.5719391734375 0.11914832812500001 0.5539107453125001 0.1199835625 0.5477993875 0.1232131828125 0.550426253125 0.134600178125 0.545729784375 0.134600178125 0.5425482859375 0.14128205625
6 0.592939278125 0.11801444375 0.587333790625 0.1219818140625 0.5868793 0.133883915625 0.58036481875 0.1343015265625 0.5808193203124999 0.1518414828125 0.5853643046875 0.15372075000000002 0.5859703046875 0.1723047265625 0.6423281140625 0.17293115781249999 0.647327578125 0.1700078328125 0.6483880937500001 0.15434717343749998 0.6517210765625 0.1524678921875 0.65278156875 0.1482917171875 0.6515695671875 0.14056579062500002 0.6449036 0.137016046875 0.6455095890625 0.12010253125 0.6397526046875 0.1190584875 0.6411161140625 0.1065299609375 0.6389951078125 0.10277140468749998 0.6397526046875 0.08481385625 0.610816209375 0.0854402765625 0.6099072140625 0.0802200578125 0.6032412359375 0.08314337968749999 0.5924991515625 0.0835511671875 0.5955147640625 0.100265696875 0.59218178125 0.10402425312500001 0.592939278125 0.11801444375
6 0.621875675 0.2071558625 0.6203606796875001 0.200056359375 0.6170276953125 0.1965066171875 0.608977453125 0.2022762796875 0.612028209375 0.21237608125000002 0.6200576859375 0.21279370000000003 0.621875675 0.2071558625
6 0.6215726796875 0.2735401859375 0.6215726796875 0.2656054546875 0.6165731937500001 0.259341190625 0.6112503234375 0.25994276250000004 0.6117252140625 0.274375425 0.61839118125 0.2764635125 0.6215726796875 0.2735401859375
6 0.6191486796875 0.3584496203125 0.6202091828125 0.3521853578125 0.618845684375 0.3465475265625 0.6165731937500001 0.3425801578125 0.6118185406250001 0.3439636109375 0.6106647109375001 0.35093250781249996 0.612937203125 0.359284875 0.6191486796875 0.3584496203125
6 0.6212696734375001 0.41642856874999995 0.6203606796875001 0.40974667187499997 0.6164216953125 0.4076585828125 0.6110609171875 0.41050186093749996 0.6138461984375 0.4237368765625 0.6193001890625001 0.4237368765625 0.6212696734375001 0.41642856874999995
6 0.6191486796875 0.4966555828125 0.6202091828125 0.4889296640625 0.6186941874999999 0.4826654 0.6127857062500001 0.4826654 0.6108715109375 0.4869556140625 0.612331203125 0.497073209375 0.6143007015624999 0.49811725312500005 0.6191486796875 0.4966555828125
6 0.6193001890625001 0.5803152421875 0.6199061765625 0.575303828125 0.61778519375 0.5679955203125 0.6136947 0.5682043265625001 0.61068210625 0.5709764640625 0.612028209375 0.5813592859375001 0.6156641984375 0.5824033296875 0.6193001890625001 0.5803152421875
6 0.6206636734375001 0.6608783234375 0.6174821875000001 0.6529435828125 0.6112707125 0.65336121875 0.61068210625 0.6594331953125 0.6124827125000001 0.667977825 0.6205121765625 0.6686042421875 0.6206636734375001 0.6608783234375
6 0.6197546796875 0.7409403875 0.6141492046875 0.7373906453125 0.6114397281249999 0.7408447015624999 0.613240209375 0.7528424828125 0.6196031828125 0.7526336765625 0.6197546796875 0.7409403875
6 0.6203520375 0.8404140343750001 0.6170544859375 0.834732853125 0.61340363125 0.8352198124999999 0.6103242125 0.8412170390625 0.6168189500000001 0.8499908828124999 0.6203520375 0.848205371875 0.6203520375 0.8404140343750001
6 0.6909339906249999 0.84958004375 0.735507503125 0.8511651875 0.8251586734374999 0.8497561656249999 0.925089 0.8504606828125001 0.9264946765625 0.8326717578125 0.9224054421875 0.832143375 0.9139714359375001 0.828973071875 0.9116712453125 0.833376271875 0.8869378156250001 0.8335523968749999 0.886043303125 0.8302059671875 0.8828486 0.8293253281249999 0.879653896875 0.8339046546875 0.84549635 0.8326717578125 0.8423016453125 0.8284446890625 0.8379568374999999 0.8316149890625001 0.824155715625 0.832143375 0.81968313125 0.8277401781249999 0.8171273687499999 0.83179111875 0.753451071875 0.8328478921875 0.74936185625 0.8293253281249999 0.745783784375 0.8293253281249999 0.7401611046875 0.8310866078125001 0.6986299609375 0.8312627359375 0.691473828125 0.82809243125 0.684956634375 0.8323195046875 0.6767824671875 0.8337647203125 0.6812220953125 0.8525742093750001 0.6879948640625 0.85345485 0.6909339906249999 0.84958004375
6 0.6848892890625 0.745351115625 0.6799055593750001 0.739715021875 0.6737469953125 0.7452864406249999 0.6779887375 0.7550381500000001 0.6836114078125 0.7515155921875001 0.6848892890625 0.745351115625
6 0.7049169796875 0.666122009375 0.7049169796875 0.6597814 0.7032557296874999 0.6536169234375 0.6595521921875 0.6536169234375 0.6545755921875 0.6554875906250001 0.6549518203125 0.6680594125 0.6994220859375 0.6689400531249999 0.7049169796875 0.666122009375
6 0.7045943890624999 0.58207976875 0.7049777374999999 0.5753869093749999 0.702549771875 0.5690463046875001 0.6547353546875 0.569650453125 0.655779315625 0.5833126656250001 0.684148278125 0.58489781875 0.7045943890624999 0.58207976875
6 0.6679191890625 0.5092298015625001 0.6897709578125 0.5092298015625001 0.6933490203125 0.5035937140625 0.691815565625 0.492145403125 0.6959047828125 0.47875967499999994 0.689515375 0.4734758375 0.667408034375 0.473299709375 0.6630429624999999 0.476109984375 0.66293545 0.48791832812499997 0.667408034375 0.489151221875 0.6679191890625 0.5092298015625001
6 0.7022941890625 0.420978084375 0.7029331296875 0.41498973906250003 0.7013996765625 0.40917751874999997 0.65910180625 0.40706398281249995 0.6568122562500001 0.41074170312499997 0.6575683421875 0.42133034062499997 0.6955214234375 0.4241483921875 0.7022941890625 0.420978084375
6 0.6881097078125 0.353983271875 0.6886208625 0.34693815625 0.6702322374999999 0.34515332656250003 0.6697082156249999 0.356449065625 0.68440385 0.3576819625 0.6881097078125 0.353983271875
6 0.689259803125 0.26959473125 0.6878541359375 0.2634302546875 0.67584205 0.260259953125 0.67151033125 0.2619573328125 0.670986096875 0.2734695453125 0.6865762546874999 0.27258890625 0.689259803125 0.26959473125
6 0.68389270625 0.20087277499999998 0.6801868484375 0.195588940625 0.6769921453125 0.19805473125 0.6755043734374999 0.2025316234375 0.6773755031250001 0.20932692031250003 0.6835093375 0.210383684375 0.68389270625 0.20087277499999998
6 0.694371328125 0.1853735203125 0.6933490203125 0.17392520625000002 0.668046975 0.17498197499999998 0.6644808171875 0.1792015296875 0.6672802484375 0.18748705625 0.6902821125 0.18924833593749998 0.694371328125 0.1853735203125
6 0.6990994859375 0.1314189015625 0.6633188078125001 0.132123409375 0.6639577484375 0.1435717234375 0.698588340625 0.1448046328125 0.6990994859375 0.1314189015625
6 0.7544317625 0.1409298046875 0.7537928203125001 0.13124276875000002 0.7412695796875 0.1305382625 0.73500795 0.12860085000000002 0.7309187328125 0.1307143875 0.7302797921875 0.1275440859375 0.7261905765625001 0.1264873140625 0.7203123140625001 0.13106664375 0.7136874171875001 0.1314408671875 0.7152007890625 0.14392399375 0.75072589375 0.1451568765625 0.7544317625 0.1409298046875
6 0.7325799828124999 0.188419425 0.7429308296875 0.188419425 0.7457421640625 0.18295945625 0.7438253421875001 0.1741530609375 0.7392249625 0.173624678125 0.727979603125 0.17468144375 0.7210364546875 0.174139340625 0.7217179921875 0.18137430937500001 0.723379240625 0.189652315625 0.7325799828124999 0.188419425
6 0.7329633515625 0.211139921875 0.7351357453125 0.20832187812499997 0.7389693890625 0.20180514375 0.733985659375 0.197930328125 0.7306631609375 0.1968735640625 0.727746446875 0.199450290625 0.7284907671874999 0.20620834062500001 0.729896425 0.211139921875 0.7329633515625 0.211139921875
6 0.7393527578125 0.27264503281249997 0.740758415625 0.26630443125 0.7376915078125 0.259611565625 0.7274684578125 0.259611565625 0.725030496875 0.265919046875 0.7261905765625001 0.2751108265625 0.7346246 0.2745824375 0.7393527578125 0.27264503281249997
6 0.7399916984375 0.3556584421875 0.7408862125 0.34896556875 0.7373081406249999 0.3459714078125 0.73373006875 0.3459714078125 0.7293852796875 0.3426249609375 0.7243914515625 0.348014565625 0.726701721875 0.356891325 0.73500795 0.3583003609375 0.7399916984375 0.3556584421875
6 0.75660415625 0.42022883125000005 0.75660415625 0.413535971875 0.7545595390625001 0.4093088984375 0.7103448546875 0.40842825937500005 0.70841528125 0.41580389375 0.7118783093750001 0.4232230203125 0.7527705124999999 0.424632028125 0.75660415625 0.42022883125000005
6 0.71980116875 0.47785756875 0.7240181812500001 0.4850788234375 0.7444642828125 0.4824369046875 0.7454865921875 0.47768144218749997 0.7442087109375 0.471164709375 0.74817013125 0.46235831406249994 0.748809071875 0.456017725 0.743697546875 0.45108613125 0.7228680765625 0.4517906390625 0.7181399203125001 0.45231902812499997 0.7175216984375 0.4596028421875 0.721206846875 0.4641195921875 0.7222291359375 0.46852279062499996 0.71980116875 0.47785756875
6 0.750853690625 0.5832774953125 0.7558374203125 0.5825729953125001 0.756859728125 0.575703990625 0.75238714375 0.5684827484375 0.7281073984375 0.5683066234374999 0.7228680765625 0.570067903125 0.7093738515625 0.5716313109375 0.7100892640625001 0.5788742984375 0.7134117625 0.5832774953125 0.750853690625 0.5832774953125
6 0.7493202359375 0.6685495218749999 0.7580098140625 0.6674927578125 0.7583931828125 0.6590386125000001 0.756348584375 0.65357865 0.73079095625 0.6528741359375 0.71213388125 0.6544592890625001 0.7079359968750001 0.6550474000000001 0.708044665625 0.6627372953124999 0.7094503234375 0.6680211328125 0.7493202359375 0.6685495218749999
6 0.7369247718749999 0.7546476140625 0.7383304484375001 0.7505966734375 0.7371803640625 0.74355155625 0.7341134375 0.7398528734375 0.7300242203125 0.739676740625 0.7279062078125 0.7459467265625 0.729896425 0.7513011875 0.731813246875 0.755176003125 0.7369247718749999 0.7546476140625
6 0.788335434375 0.753942846875 0.7903800515625 0.7500680453124999 0.7903800515625 0.745664846875 0.7879520656250001 0.7409093796875 0.7841184218749999 0.73861973125 0.7815861359375 0.7439658687499999 0.7823293953125 0.7490112671875 0.7836072765625001 0.7548234875000001 0.788335434375 0.753942846875
6 0.7753010484375 0.6789314953125001 0.796002721875 0.6789314953125001 0.798558484375 0.6729431499999999 0.7983029125 0.663608371875 0.803670009375 0.6511032875 0.8000919375000001 0.6451149421875 0.79114676875 0.64300140625 0.7695505812500001 0.6458194500000001 0.7700832937500001 0.6530665421874999 0.7755566203125001 0.6618470921874999 0.7733842265625 0.66713093125 0.7753010484375 0.6789314953125001
6 0.8101872125 0.5811114546875 0.8101872125 0.5744185953125001 0.8067369171875001 0.568606371875 0.7630537796875 0.568549978125 0.7639278921875 0.5821682265625 0.80635356875 0.583577246875 0.8101872125 0.5811114546875
6 0.7943414718749999 0.48316494218750006 0.7990696296875 0.478585615625 0.798558484375 0.47030760625 0.798175115625 0.4641431296875 0.802008759375 0.455688990625 0.7966416625 0.45058127968750006 0.773128653125 0.45022902656249997 0.7697637703125 0.46378465156250004 0.7735120015625 0.475415321875 0.7770900734375 0.4847500921875 0.7943414718749999 0.48316494218750006
6 0.81069835625 0.419700965625 0.8109539296875001 0.41406487187499996 0.8068647125 0.4080765265625 0.7713396078125 0.40737201250000005 0.7628940171874999 0.4100814171875 0.76443905625 0.4230473984375 0.8069925093749999 0.422695140625 0.81069835625 0.419700965625
6 0.7940859 0.35111763749999997 0.793063590625 0.34583379999999997 0.78054035 0.344248653125 0.7785506640625 0.34955523125 0.7807959421875 0.357810496875 0.791402340625 0.3571059890625 0.7940859 0.35111763749999997
6 0.7907634 0.2733329875 0.79446926875 0.2691059140625 0.79280801875 0.264174334375 0.7865464078125 0.26382207812499997 0.785651875 0.2610040328125 0.7796458359375 0.2604756515625 0.7796689953125 0.2720817140625 0.7852685265625 0.27368524375000003 0.7887188015625 0.27368524375000003 0.7907634 0.2733329875
6 0.7916579328125 0.2073954578125 0.7912745640625001 0.20264000312500002 0.7882076375 0.197003915625 0.7832239078125001 0.1966516578125 0.780627565625 0.2034120046875 0.782840540625 0.20933286875 0.787568696875 0.20986125156250002 0.7916579328125 0.2073954578125
6 0.7974083984375 0.1883736453125 0.800603103125 0.1799195078125 0.796002721875 0.1732266515625 0.7782401796875 0.17428341249999998 0.7742787390625 0.17551630625 0.774396859375 0.18360343437499999 0.777345646875 0.18882755 0.7855240984375 0.19031104999999998 0.7974083984375 0.1883736453125
6 0.797791746875 0.1324666140625 0.7843739937499999 0.128063415625 0.7777290140625001 0.1275350296875 0.774556621875 0.13716334218749998 0.7782401796875 0.1433865453125 0.7966416625 0.14532395 0.797791746875 0.1324666140625
6 0.707832409375 0.0827219890625 0.6939035015624999 0.08395488281249999 0.6898142796875 0.0906477453125 0.68968649375 0.099630265625 0.6935201328125 0.1036812125 0.713071721875 0.10209605937499999 0.7160108515625 0.1042095953125 0.7230392 0.104914103125 0.728150725 0.101743803125 0.9037457328125 0.10350508124999999 0.914863296875 0.1038573375 0.91678011875 0.0973406046875 0.91678011875 0.0878297046875 0.9117963890624999 0.08307424375 0.86278459375 0.0811368390625 0.8631679609375 0.072682696875 0.8580174484375 0.0679272453125 0.8483055625 0.0682795 0.8003475109375 0.0677511171875 0.800603103125 0.0647569421875 0.785396303125 0.06422855937500001 0.7806681453125 0.0677511171875 0.746676503125 0.06757498906250001 0.742444521875 0.0706945859375 0.7470633640625 0.082017478125 0.7404183843750001 0.084307146875 0.707832409375 0.0827219890625
6 0.8583463078125 0.139611303125 0.8583463078125 0.131157178125 0.8398170390624999 0.1308049078125 0.8386669437500001 0.1279868625 0.832916478125 0.12745848125 0.8284438921874999 0.13045265 0.8177096875000001 0.1297481421875 0.8172129921875 0.1360628671875 0.8193709374999999 0.14612805 0.85694065 0.14542352187500002 0.8583463078125 0.139611303125
6 0.8478676843749999 0.188927115625 0.848506625 0.1799445953125 0.847356540625 0.1730756046875 0.8290828328125001 0.17378011875 0.8255205999999999 0.1792015296875 0.828060525 0.1855806828125 0.8407115515625 0.1892793796875 0.8478676843749999 0.188927115625
6 0.844034040625 0.2082843734375 0.8446729812499999 0.2030005359375 0.8439062640625 0.1975405734375 0.831510809375 0.196307690625 0.8288755953125 0.203191909375 0.8317663828124999 0.21039791718749998 0.8385391578125001 0.21057404218750003 0.844034040625 0.2082843734375
6 0.84543971875 0.26444719375000003 0.84122270625 0.260748503125 0.8326608953125 0.260043996875 0.8298341656250001 0.267679809375 0.8379002171875 0.2748387359375 0.84288395625 0.27254907500000003 0.84543971875 0.26444719375000003
6 0.8442896140625 0.3471592859375 0.8341943593750001 0.343108359375 0.8303607140624999 0.346454778125 0.8296744046875 0.350875803125 0.8330442640625 0.35755083593750003 0.8430117312500001 0.356846321875 0.8442896140625 0.3471592859375
6 0.8275493703125001 0.4327377890625 0.848251053125 0.4313287734375 0.84888999375 0.42586881875 0.8474843171875 0.41582951250000005 0.852851434375 0.4022676625 0.8483788499999999 0.3976883390625 0.8244824625 0.3998018765625 0.823603459375 0.4096412265625 0.8297217734375 0.41600564531249995 0.825121403125 0.42322689999999996 0.8275493703125001 0.4327377890625
6 0.8403281828125 0.4857372984375 0.8483788499999999 0.482214740625 0.8509346125 0.4728799546875 0.8474843171875 0.4707664328125 0.8527236374999999 0.4642496859375 0.8538737234375 0.455443290625 0.8494011390624999 0.4512162234375 0.8219267 0.451568475 0.8211599625 0.46055100312499997 0.8248815531250001 0.464885128125 0.8242268796875001 0.4776354109375 0.8284438921874999 0.48538503437499997 0.8403281828125 0.4857372984375
6 0.8249936078125 0.5809474859375 0.8252491890625 0.59010613125 0.8352166578125001 0.594509328125 0.8481232578125001 0.5922196734375 0.8497845078124999 0.5860228671875001 0.8459508625 0.57633583125 0.8511901843749999 0.5699952296874999 0.8499123031250001 0.56013206875 0.8279327375 0.5592514296875 0.8221656046874999 0.5641480734375001 0.8256325484374999 0.572141090625 0.82933840625 0.5760159046875 0.8249936078125 0.5809474859375
6 0.855023828125 0.6535331281250001 0.8180930562500001 0.6545899000000001 0.8161762328125001 0.6602259875 0.8184910859375 0.66803301875 0.8570684265624999 0.667975625 0.8577073671875001 0.6600498765625 0.855023828125 0.6535331281250001
6 0.834066571875 0.742969634375 0.832550115625 0.747047203125 0.8358555984375 0.7515999046874999 0.8408393375 0.7496625 0.8408393375 0.7450831703125 0.834066571875 0.742969634375
6 0.8830492484375 0.74420253125 0.87856148125 0.7490280593749999 0.88764961875 0.7501908828125 0.8894386640624999 0.7470205812499999 0.8886719281250001 0.7436741484375 0.8830492484375 0.74420253125
6 0.9077123515625001 0.663868809375 0.9060511218749999 0.65453403125 0.863224359375 0.6532866375 0.8641365999999999 0.6677436250000001 0.9057955296875001 0.6677436250000001 0.9077123515625001 0.663868809375
6 0.90375093125 0.583106278125 0.9080957203125 0.5809927421875 0.9084790890625 0.5739476265625 0.9050288125 0.5686637890624999 0.8627450734375 0.5681097875 0.8627309328124999 0.57658954375 0.863497659375 0.583282403125 0.90375093125 0.583106278125
6 0.872826196875 0.4772805671875 0.8753819593750001 0.48414955156249995 0.8962114203124999 0.48256440468750006 0.89774489375 0.4763999265625 0.895955846875 0.47217285468750003 0.895828071875 0.46759353125 0.9023452546874999 0.45667359999999996 0.8974893015625 0.45103750624999994 0.8757653281250001 0.45103750624999994 0.8692953031249999 0.454760746875 0.8705260062500001 0.4626619515625 0.8738485062500001 0.46565612187500005 0.872826196875 0.4772805671875
6 0.87308176875 0.4239751046875 0.87640426875 0.43295762499999996 0.8951891312500001 0.43260537499999996 0.8968503609375 0.42908281718749997 0.8964670124999999 0.4239751046875 0.8934000843750001 0.4169299890625 0.89352788125 0.4137597015625 0.899278346875 0.41147002656250004 0.9000450640625001 0.40407265312499996 0.89352788125 0.398612690625 0.87308176875 0.40072622031250005 0.871691728125 0.40810056093749997 0.8762764734375 0.411998421875 0.8757653281250001 0.417282259375 0.87308176875 0.4239751046875
6 0.892888940625 0.3420983890625 0.8923777765625 0.3364622953125 0.8813879984374999 0.3368145515625 0.8779224343750001 0.341411709375 0.8816435796875 0.350904784375 0.8914832625000001 0.3487912484375 0.892888940625 0.3420983890625
6 0.8934000843750001 0.2589877421875 0.8899498093749999 0.2508858609375 0.8812602125 0.2510619859375 0.8780821968750001 0.2582157140625 0.8807490578125 0.266385115625 0.8917388359375 0.2640954671875 0.8934000843750001 0.2589877421875
6 0.892505571875 0.20784185625 0.8932723078125001 0.20062061406249998 0.89020538125 0.19692192343749998 0.883177034375 0.1958651734375 0.8782419578124999 0.1990101 0.8811324265625 0.21154054531250002 0.8871384640625 0.21118828750000002 0.892505571875 0.20784185625
6 0.8962114203124999 0.1882916609375 0.8982560375 0.1810704125 0.8957002749999999 0.1736730453125 0.88151579375 0.1734969140625 0.87435965 0.176843346875 0.8736088687500001 0.18272305312499998 0.8781932953125 0.18811552812500001 0.8852216421874999 0.1882916609375 0.8962114203124999 0.1882916609375
6 0.9075845749999999 0.15532599687499998 0.908606884375 0.1438776828125 0.9078401484375 0.1398267421875 0.8981282421874999 0.1384177203125 0.8991505515625 0.1227423328125 0.8949335390625001 0.12203782656249999 0.894039025 0.1183391359375 0.8895664406250001 0.1181630109375 0.8859883796875 0.12203782656249999 0.8734651375 0.1223900828125 0.8736088687500001 0.1380437234375 0.86362545625 0.14264479218749998 0.86451996875 0.15497374531250002 0.9075845749999999 0.15532599687499998
6 0.945482078125 0.1306680890625 0.9381981578125 0.12996358125000002 0.9390926703125 0.1260887671875 0.9352590265625 0.1245036125 0.9295085609375 0.1294352 0.9187743562499999 0.12890680937500001 0.9163463890625 0.13383839687500002 0.9196202359375001 0.145306865625 0.93743143125 0.1468718578125 0.94445976875 0.1456389609375 0.945482078125 0.1306680890625
6 0.9466321828125001 0.253000690625 0.9408817171875 0.2485974921875 0.9343645140625 0.2526484328125 0.914812925 0.2508871546875 0.9146676234375001 0.26812 0.9447153609375001 0.269380596875 0.9473988999999999 0.2619832109375 0.9466321828125001 0.253000690625
6 0.946759959375 0.337960290625 0.9439486234375 0.33338096250000004 0.9146851390625 0.33390935 0.9143017703125 0.3427157453125 0.9146676234375001 0.3521963734375 0.9434374796875 0.35275503750000003 0.9470155312499999 0.3478234515625 0.946759959375 0.337960290625
6 0.9181354140625 0.43537764531249995 0.9410094921875001 0.4369627921875 0.9449709328125 0.42903703593750003 0.9458654453124999 0.4191738765625 0.9509769718750001 0.39997593125 0.9489323531249999 0.3952204765625 0.912896103125 0.3966295046875 0.9114904359375 0.40420300468750003 0.916105478125 0.4149235125 0.9178798421875 0.41899774375 0.915835234375 0.424986109375 0.9181354140625 0.43537764531249995
6 0.9186465687500001 0.5144469140625 0.9421595984375 0.513214025 0.945098709375 0.5077540625 0.9436930515625 0.5005328078125 0.9470155312499999 0.49560123437500003 0.9491879453125 0.474113628125 0.9139184124999999 0.474113628125 0.9139184124999999 0.48380065625 0.9154664312499999 0.49151665 0.9178798421875 0.4968341234375 0.9159630203125 0.503526990625 0.9186465687500001 0.5144469140625
6 0.9157074484375001 0.5962739703125 0.9427985390625 0.5946888296874999 0.9447153609375001 0.58464953125 0.9436930515625 0.5784850546875 0.9489323531249999 0.5626335421875 0.9481656359375 0.5555884265625 0.9130238890625 0.5543555296875 0.9129102453125 0.5707509296875 0.9187743562499999 0.5768999 0.9157074484375001 0.5876437140624999 0.9157074484375001 0.5962739703125
6 0.9272083796875 0.6828647640625001 0.9433096828125 0.6798705953125 0.9457376500000001 0.6703596859375 0.9433096828125 0.6633145687499999 0.950593603125 0.64658241875 0.9470155312499999 0.6402418234375 0.913279471875 0.6421792140625 0.9123849484375001 0.6543320484375 0.9172238109374999 0.6614301609375 0.9160908062500001 0.669655171875 0.9160908062500001 0.680398971875 0.9272083796875 0.6828647640625001
6 0.9348756687499999 0.7388049031249999 0.9255471312499999 0.7393332781249999 0.9251637625000001 0.7469067828125 0.9282473671875 0.7525495828125 0.9341089312499999 0.7557131781249999 0.936792490625 0.7462022687500001 0.9348756687499999 0.7388049031249999
6 0.9686515531250001 0.8221309828125 0.9690349218750001 0.8289999734375 0.9793857593749999 0.8277670828125 0.9795135453125001 0.8217787328125 0.9686515531250001 0.8221309828125
6 0.9797691265624999 0.744570571875 0.9788746046875 0.736292553125 0.9752965421875001 0.7292474359375001 0.9696738625 0.7292474359375001 0.9678682656250001 0.739563965625 0.9706961625 0.7456273375 0.9764466281249999 0.74862150625 0.9797691265624999 0.744570571875
6 0.9788746046875 0.65661058125 0.97861903125 0.64815644375 0.9699294343749999 0.6455145250000001 0.9685073125000001 0.6521861624999999 0.9706961625 0.6611899109375 0.9758076875 0.6610137796875 0.9788746046875 0.65661058125
6 0.9790023906249999 0.5609550234375 0.9689071359374999 0.5598982593749999 0.9689865984375 0.5716313109375 0.973890865625 0.5764542859375 0.97836345 0.5709943171874999 0.9790023906249999 0.5609550234375
6 0.9792579734375 0.4833946078125 0.9765744234374999 0.4738837046875 0.9695460765625 0.47317919062499997 0.969306121875 0.48601426875 0.9729963515625 0.4890307015625 0.976829996875 0.489382959375 0.9792579734375 0.4833946078125
6 0.9775967234375 0.40046267812499997 0.97836345 0.3916562828125 0.975424328125 0.38795759375 0.96978540625 0.38851208593750003 0.9682681953125 0.39940590781249996 0.9732519249999999 0.40187169999999994 0.9775967234375 0.40046267812499997
6 0.9793857593749999 0.332233159375 0.9775967234375 0.32536416875 0.9713351031249999 0.3228983828125 0.969146359375 0.3315074234375 0.972868565625 0.337693121875 0.9790023906249999 0.3408634234375 0.9793857593749999 0.332233159375
6 0.9800247000000001 0.2545020421875 0.9740186609375 0.250803359375 0.9690349218750001 0.25203625625 0.9689865984375 0.2586559046875 0.971590684375 0.26841615 0.9795135453125001 0.27123419375 0.9800247000000001 0.2545020421875
6 0.9690349218750001 0.1308889609375 0.9650734921874999 0.133178628125 0.9618787890625 0.1405759953125 0.96328445625 0.1504391625 0.9852640109375 0.1504391625 0.9869252609375 0.1363489296875 0.985136225 0.133530878125 0.985136225 0.1282470421875 0.9897365953125 0.12719027656249998 0.9903755375 0.1123955296875 0.9810470078125 0.1123955296875 0.9813025812499999 0.108872971875 0.9772133640625 0.108872971875 0.9717184703124999 0.1094013609375 0.966095790625 0.1108103828125 0.95748375625 0.11185239218750001 0.9599619671875 0.12560512343750002 0.966479159375 0.1270141515625 0.9690349218750001 0.1308889609375