5 0.1700762921875 0.1473909625 0.170666628125 0.8480972359375001 0.8292591312500001 0.8482770296875 0.8307899593749999 0.1485041921875 0.1700762921875 0.1473909625
6 0.21702330781249998 0.1638312015625 0.21503327031250002 0.1525669765625 0.1782698390625 0.1521964453125 0.17429255 0.15326940625000002 0.174394496875 0.163238346875 0.18759162499999998 0.164868696875 0.2122053125 0.16494280156250002 0.21702330781249998 0.1638312015625
6 0.2763027375 0.1539750078125 0.27316056875 0.15078841406250001 0.2617766140625 0.150500934375 0.2496456640625 0.1505465875 0.2450630484375 0.1513647359375 0.24414785625 0.16168210624999999 0.247813721875 0.165165128125 0.277245390625 0.1639794140625 0.2763027375 0.1539750078125
6 0.49850470781249995 0.152372040625 0.4593803375 0.15247533124999998 0.4507685375 0.1503731875 0.4451648671875 0.1503731875 0.4399322328125 0.1514958203125 0.43938018906250004 0.1597056828125 0.44346781562500004 0.16518010156250001 0.49719082812500004 0.1663162921875 0.49850470781249995 0.152372040625
6 0.785358884375 0.16364249687500002 0.7869237359375 0.15315328125 0.774569578125 0.151871265625 0.7695455609375 0.15035615625 0.7067041046875 0.1502978828125 0.678371915625 0.1505309765625 0.675907671875 0.1513409515625 0.676632303125 0.1634094046875 0.6865156328124999 0.16504106093749998 0.7776993015625 0.1643417796875 0.785358884375 0.16364249687500002
6 0.1847966796875 0.3736621890625 0.179695028125 0.37714675 0.182066196875 0.38663360468749997 0.19883914375 0.384011721875 0.19357321875 0.375456103125 0.1847966796875 0.3736621890625
6 0.18635694687499998 0.5228880734375 0.1775804125 0.5237160375000001 0.178378759375 0.52489460625 0.1826513046875 0.5348935453125 0.199034184375 0.5337895890625 0.1968887953125 0.5271658859375 0.18635694687499998 0.5228880734375
6 0.24823405312500002 0.574117790625 0.24919143125 0.5979840484375 0.2306421796875 0.599169465625 0.232078253125 0.608060109375 0.24967011874999998 0.610176928125 0.28904241875 0.6097535625 0.291435878125 0.599677503125 0.27228823750000003 0.5968833015625 0.272527590625 0.5738033609375 0.2861702546875 0.5738033609375 0.2874866609375 0.563811975 0.288085025 0.534824703125 0.284494853125 0.52288585 0.25712004843749997 0.520730640625 0.2388362703125 0.5206784765625 0.23268632031249997 0.5215129140625 0.23351431875 0.553457646875 0.23159955625 0.5640417359375001 0.23650613437499998 0.574202465625 0.24823405312500002 0.574117790625
6 0.2325416609375 0.41233364687499996 0.232130959375 0.4158206328125 0.23901010312499998 0.42388427812499996 0.24332240781249997 0.44531526875000005 0.244041125 0.4503278046875 0.2339790875 0.45076368125000005 0.2362379109375 0.45860939375000004 0.241782296875 0.46064346875 0.26775878125 0.4607887546875 0.2846999546875 0.4607887546875 0.28665077499999997 0.45061839062500003 0.276383390625 0.44705875937500006 0.27576732812500004 0.423515846875 0.2869587765625 0.42271674375 0.289012259375 0.41352005937499997 0.2851106625 0.40199891093750006 0.2842892609375 0.3880993484375 0.285275746875 0.37689104375000004 0.2754343171875 0.3731015625 0.2564209359375 0.37172787500000004 0.23546604843750002 0.3717752421875 0.23353237343750002 0.37265223125 0.2389074328125 0.40728083593750003 0.23849674062499998 0.4101866546875 0.23428711249999998 0.4097507828125 0.2325416609375 0.41233364687499996
6 0.24659663593749998 0.300471125 0.24760820312499998 0.3085229578125 0.23673389843749998 0.3121015453125 0.2283885078125 0.31406975625 0.2283885078125 0.32122693281250003 0.2286413890625 0.324268740625 0.2364810078125 0.32623696406249997 0.29135831562500003 0.32587910625 0.29363433125 0.3126383140625 0.2713799421875 0.31228045625 0.27239150156249997 0.28901962812500004 0.28680628124999996 0.2888406984375 0.28705916249999996 0.2555598203125 0.2845302640625 0.2364143625 0.2572150875 0.23568264062500002 0.2395731640625 0.23545568593750002 0.23271677031250002 0.2354688640625 0.231676084375 0.255917678125 0.23142319531250002 0.28597783125 0.2453321875 0.289377484375 0.24659663593749998 0.300471125
6 0.3667361765625 0.221942209375 0.3771386984375 0.21569495156250001 0.37530397031249996 0.20449857031250002 0.4469920140625 0.20344384531249998 0.5136763453125 0.20263250937500002 0.5739982515625 0.20287590625 0.6243703 0.20328157343750003 0.6297597968749999 0.1955739171875 0.6284984203125 0.1722886859375 0.61921015 0.17009808906249999 0.6060231093749999 0.1703414875 0.5518988671875 0.17001695625 0.469922825 0.170179221875 0.40064335156249997 0.1705037546875 0.33340148593749996 0.1705848875 0.3078965359375 0.1731075203125 0.3090571765625 0.2127741609375 0.3088278375 0.21983275 0.3200655 0.2221856109375 0.3667361765625 0.221942209375
6 0.42251033906249996 0.2669573125 0.4244135578125 0.2626931296875 0.417435125 0.2506860578125 0.5160115843749999 0.2515837828125 0.6240218468750001 0.24956390156250002 0.6286212671875 0.2446264203125 0.627004146875 0.23821589687500003 0.5825904078125 0.2355709609375 0.57262179375 0.23588583437500002 0.56897256875 0.237397225 0.49417438437500005 0.2359488109375 0.49008013593750005 0.2357598859375 0.43855267343750004 0.2357598859375 0.4238893765625 0.2359488109375 0.39763935625 0.2356339375 0.33364222187500003 0.235696909375 0.3130168515625 0.2355709609375 0.3070403734375 0.2369013609375 0.30879388125 0.2669573125 0.3183099109375 0.2692016234375 0.4077605125 0.269650484375 0.42251033906249996 0.2669573125
6 0.3459741140625 0.3539033625 0.347647575 0.361599559375 0.46423172968750004 0.36209290781250003 0.4862240671875 0.3608102078125 0.48957098749999994 0.35577806875 0.49417298125000003 0.353113996875 0.49487025625000003 0.3441350921875 0.5948256875 0.3441350921875 0.6262204031249999 0.34492444375 0.6284516703125 0.3338734828125 0.6276149546875 0.288607559375 0.6273360359375 0.28219405000000003 0.6220367671875 0.2814046953125 0.5131226156250001 0.280418003125 0.4092252328125 0.2798259890625 0.3516532984375 0.27933264062499996 0.3090340640625 0.2807671046875 0.30915806875 0.291076121875 0.32310353593749996 0.296996284375 0.34499793125 0.29709495 0.3459741140625 0.3539033625
6 0.538898571875 0.4052468671875 0.5734385875 0.40319960468750005 0.5715428328125001 0.3870332390625 0.60576615 0.38886871875 0.627500165625 0.384562396875 0.6285977 0.373478909375 0.557257565625 0.37213759375 0.55246829375 0.371361046875 0.5447855078125 0.371996403125 0.4445483078125 0.3718552125 0.41166437968749997 0.3719258078125 0.385476040625 0.371714021875 0.3104440375 0.3717846171875 0.307903628125 0.3739464296875 0.309737790625 0.400544496875 0.31512571718750004 0.4038624890625 0.4001937265625 0.40567044374999994 0.538898571875 0.4052468671875
6 0.3610163125 0.491806228125 0.3610163125 0.5026138453125 0.3645556453125 0.5068314515625 0.40497847187499997 0.5089402546875 0.42844979375000003 0.506699646875 0.429567484375 0.5023502453125 0.43552848437499997 0.4991870453125 0.434038221875 0.48824762499999996 0.5694244625 0.48857883593749996 0.627103284375 0.489184246875 0.62898574375 0.47332250625 0.62890154375 0.4193192859375 0.5732837015625 0.41689764531250006 0.4377379046875 0.41689764531250006 0.36381989375 0.4161711515625 0.30870055 0.41713980937499995 0.3077401359375 0.41890116875 0.31127947968749997 0.42984058437500006 0.32264256874999997 0.4327401953125 0.3610163125 0.4326083859375 0.3610163125 0.491806228125
6 0.3273554171875 0.601571165625 0.3576414234375 0.600195025 0.3555575265625 0.58407453125 0.45804365625 0.58466430625 0.5186696703125 0.586531925 0.62599563125 0.5841728265625 0.6278016765625 0.572770528125 0.6278016765625 0.5385980531250001 0.6276627453125 0.5217057953124999 0.592289825 0.5207855515625 0.5314592499999999 0.5207855515625 0.505220515625 0.52084681875 0.483565115625 0.520969359375 0.422256575 0.520717290625 0.39326082812499996 0.5208398296875 0.3112028140625 0.5206560203125 0.30787946875 0.522376659375 0.3094338875 0.5642448796874999 0.3090170953125 0.589032078125 0.3099895828125 0.5998018375 0.3273554171875 0.601571165625
6 0.64308746875 0.778250403125 0.6429177203124999 0.8014820359374999 0.6704178421875 0.8020825640625 0.688921015625 0.802322778125 0.6911278125 0.7910327171875 0.687562965625 0.7831056578125 0.8092232750000001 0.7834659734375 0.819747984375 0.782024690625 0.82059675625 0.7695335562500001 0.82059675625 0.7125441968749999 0.8201727296874999 0.6536500109375 0.8208517421874999 0.6073479546875 0.8215307781250001 0.57784080625 0.8215307781250001 0.5336697671875 0.819833234375 0.5221394890625 0.7864035546875 0.5206974484375 0.7764173999999999 0.520918246875 0.767367446875 0.5223902390624999 0.6860962265625 0.5217278453125 0.678502603125 0.5206238515625 0.6723652734375001 0.5206974484375 0.6682043796875 0.5218750437499999 0.6413961609375 0.52237169375 0.64308746875 0.5952885046875 0.642238696875 0.6661481625000001 0.642238696875 0.728360415625 0.64308746875 0.778250403125
6 0.6550222640625 0.4430827671875 0.7741303390625001 0.4432994078125 0.7719870046875 0.4241266875 0.8194856109374999 0.42369340468749994 0.8207103890624999 0.41058663281249996 0.8202510890625 0.3734321375 0.7326806234375 0.373215496875 0.6661762140625 0.3715906890625 0.658934159375 0.3713920953125 0.6551903765625 0.3725178609375 0.6421900109374999 0.373510603125 0.641549884375 0.40129146875000005 0.641856084375 0.4323590484375 0.6443055984375 0.4403747546875 0.6550222640625 0.4430827671875
6 0.7198614609375 0.2866419796875 0.71873255 0.2677913828125 0.7783447421874999 0.26851026093749997 0.820048171875 0.2678712578125 0.8208384265625 0.257088078125 0.8207255312499999 0.2379770890625 0.7839226499999999 0.23669908281250002 0.7689079765625 0.23574057812500002 0.7628117921875 0.23574057812500002 0.6994459749999999 0.23566070625000002 0.65272153125 0.2373380859375 0.642295671875 0.2378887109375 0.6429818218750001 0.27024506875 0.6437720687499999 0.28584322812499996 0.6928802203125 0.287520609375 0.7198614609375 0.2866419796875