4 0.1483213171875 0.8577034578125 0.14937329531250002 0.8707623859375 0.1609450640625 0.871340953125 0.165620528125 0.8685307953124999 0.265909159375 0.8686960984375001 0.3118375953125 0.8702664796875 0.3211885171875 0.8700185234375001 0.3270328453125 0.8676216359375 0.39091600312499997 0.8668777656250001 0.4574417234375 0.8671257234375 0.5285851015625 0.8657206437499999 0.5959902687499999 0.865555346875 0.6954332296875 0.8657090265624999 0.6951994499999999 0.84959199375 0.7332673 0.8492613828125 0.7805690281250001 0.8503358515624999 0.8541687515625 0.852399696875 0.871451040625 0.8485952187500001 0.8686793328125001 0.8353371656249999 0.7276493046875 0.833723140625 0.5876121703125 0.8359136046875 0.47924890312499996 0.8353371656249999 0.430934490625 0.8354524484375 0.3068003078125 0.8355677359374999 0.27857394687500003 0.8346454359375001 0.207366415625 0.8374123359375 0.2052277453125 0.8400651484375 0.20857317968750003 0.8558965234375 0.1691824265625 0.8545741 0.1576562921875 0.8545741 0.1483213171875 0.8577034578125
7 0.258163578125 0.8332619921875001 0.2589787828125 0.8208109546875001 0.23973999375 0.81873578125 0.222946840625 0.8190816421875 0.17452380781250001 0.8197733671874999 0.14893387656249998 0.8223188265625 0.14941556875 0.8355677359374999 0.172078203125 0.8354524484375 0.2405551984375 0.8344148625000001 0.258163578125 0.8332619921875001
4 0.147212978125 0.8014046374999999 0.1508087296875 0.806150796875 0.198272703125 0.8066593187500001 0.3483356078125 0.8056422859374999 0.354568246875 0.8041167187499999 0.35289020937500004 0.7908952484375 0.40513430625 0.7881831499999999 0.49453482343750005 0.7881831499999999 0.5472249406249999 0.7895392 0.697363984375 0.7883526562500001 0.8446967687500001 0.7903867328125 0.869867078125 0.78682710625 0.870993846875 0.7142354 0.868208659375 0.707232978125 0.7728934015625 0.7054823781249999 0.760205321875 0.704607075 0.67157746875 0.7054304296875 0.5941119296874999 0.7047739484375 0.4850966453125 0.7060869000000001 0.4266874609375 0.7052116015625 0.3440768875 0.7058680749999999 0.2228577296875 0.7066339625 0.20279790156250002 0.7093857109374999 0.20594365468750003 0.7251597171874999 0.16495202656250002 0.7249902125000001 0.144576075 0.7273632937500001 0.147212978125 0.8014046374999999
7 0.46288203437500003 0.6858873890625 0.4637432453125 0.6743170140625 0.4461746171875 0.6709067953125001 0.39553562656249996 0.6709067953125001 0.2898518375 0.6709067953125001 0.220315275 0.6722465234375 0.14641918125 0.675900328125 0.14532684375 0.676409109375 0.147127159375 0.6878360875 0.16865734375000002 0.689662990625 0.2704520546875 0.6867399453125 0.46288203437500003 0.6858873890625
4 0.1427331578125 0.37964355781250003 0.1632735125 0.3813102953125 0.26765901406250003 0.37702444375 0.38592019375 0.380357871875 0.5360240765625 0.37823356406249997 0.608698265625 0.3761089890625 0.608235975 0.359112375 0.6633521984375 0.3582952265625 0.7075462765625 0.35878551718749996 0.8656684296874999 0.35943923125 0.8661306578125 0.329695175 0.8115857109375 0.32691688750000003 0.6625115687500001 0.32626316875 0.51995851875 0.3277340296875 0.37850540312500003 0.3272437390625 0.28638639375 0.32871459999999997 0.199471859375 0.32904145625000003 0.19783190625 0.3312012015625 0.20132371718750003 0.347261575 0.1484575375 0.3451186484375 0.141049515625 0.34940450156249997 0.1427331578125 0.37964355781250003
4 0.59090916875 0.31318538125 0.5897535515625 0.2991304921875 0.6835165609375 0.29831335000000003 0.793122725 0.3010916421875 0.8638462812500001 0.29700591875 0.8668508734374999 0.2852390421875 0.86477076875 0.2090811703125 0.8656952562500001 0.1314528625 0.8555258625000001 0.12900143125000002 0.6972068 0.13063572031249998 0.49734504843750005 0.1304722921875 0.2269409125 0.1325968703125 0.19695600156249998 0.13423115937500002 0.1976493921875 0.1507374734375 0.1676034390625 0.14828604375 0.13848197499999998 0.1513911921875 0.140099828125 0.25135028125000003 0.14241105468749998 0.3064704828125 0.1419337234375 0.31171452187500004 0.149098525 0.31596366875 0.234382796875 0.3175979625 0.42747454687499997 0.314329384375 0.59090916875 0.31318538125
7 0.20090484375 0.106248978125 0.13743820625 0.11077612343750001 0.14030683593749999 0.12310708125 0.170841675 0.12416074218749999 0.2128744140625 0.1221924171875 0.2153796765625 0.10998880312499999 0.20090484375 0.106248978125
7 0.774716059375 0.0869593921875 0.7827886265624999 0.0802670875 0.7786131765625 0.07357477812499999 0.6411021125 0.069244465625 0.61103898125 0.068260303125 0.5946155703125 0.0700317984375 0.4932694296875 0.0698349625 0.437536340625 0.069047634375 0.34116679687499996 0.069047634375 0.2348432296875 0.07259061875 0.21858364843750003 0.0741840078125 0.2295761765625 0.08912455 0.371262671875 0.0877467234375 0.5173403234375 0.089321390625 0.774716059375 0.0869593921875
3 0.5143927453125 0.8794904593749999 0.5038923671875 0.8810281968749999 0.5041768640625001 0.8874029453125001 0.512472878125 0.888653946875 0.5171525453125 0.8865327687500001 0.5143927453125 0.8794904593749999
7 0.5035528499999999 0.40420929375 0.5035528499999999 0.3914468625 0.48383572656249996 0.38940916406250004 0.40936565468749997 0.3891946703125 0.3195269453125 0.38855118593750004 0.1813941546875 0.3901598953125 0.1425665953125 0.393591809375 0.1419599171875 0.4005628859375 0.1469067859375 0.406495021875 0.22875376875 0.4056035109375 0.38625501562500003 0.40399480312499997 0.41515861718749997 0.40667598437499997 0.5035528499999999 0.40420929375
4 0.1392953484375 0.449651971875 0.4205069328125 0.4475669390625 0.4205069328125 0.43130367812500003 0.8697379906249999 0.43005266249999996 0.8697379906249999 0.41045335312500003 0.47533432031249995 0.41087036875000005 0.23539070468749998 0.41087036875000005 0.196939740625 0.4133405265625 0.19648091406249998 0.430469678125 0.13870579375 0.4325547109375 0.1392953484375 0.449651971875
4 0.757070075 0.46961459687499996 0.7580780234375 0.4517916515625 0.5993359609375 0.452148125 0.3428289015625 0.4532174859375 0.19669641875 0.4553316109375 0.19769330624999998 0.47175335937499996 0.6411631734375 0.47175335937499996 0.757070075 0.46961459687499996
4 0.7696686515625 0.4970619375 0.784283046875 0.49456672187499995 0.7832751765625 0.47745669687500003 0.39675083125 0.476387321875 0.25816649062499997 0.476387321875 0.19858651875 0.4816127359375 0.195677525 0.496349015625 0.49804337656250003 0.4959925625 0.7696686515625 0.4970619375
4 0.6245331140625 0.5227269812500001 0.751022775 0.5209446875 0.7545503609375 0.5049040359375 0.640155303125 0.5009829796874999 0.3015055859375 0.501339446875 0.1992165515625 0.505221203125 0.2012209109375 0.5230834359375 0.31158444687500003 0.5209446875 0.6245331140625 0.5227269812500001
4 0.4617594546875 0.5458968109375 0.4617594546875 0.526648025 0.264717728125 0.526648025 0.1992165515625 0.5301659984375 0.1987011953125 0.5458968109375 0.24254424531250002 0.5491049343750001 0.4617594546875 0.5458968109375
4 0.61697396875 0.5776216609375 0.7364084562500001 0.5740570578125 0.7716844703125 0.574769978125 0.7701726265625 0.5551647375 0.26421379218749996 0.5558776859375001 0.1992165515625 0.559565221875 0.1997090859375 0.57619581875 0.3745773296875 0.5765522734374999 0.61697396875 0.5776216609375
4 0.8256063625 0.604614121875 0.8240945171874999 0.58786055 0.6527538796875 0.5871476421875 0.42144400937500004 0.5860782546875 0.2687492875 0.5889299375 0.19858651875 0.590300775 0.20273273593750002 0.6081787109375 0.8059526140625 0.6056834953125 0.8256063625 0.604614121875
4 0.5445539390625 0.6542962921875 0.54529994375 0.6374116062499999 0.8735217687500001 0.637939265625 0.8727758796874999 0.6194716453125 0.1991750375 0.6168334140625 0.1438074203125 0.61993415625 0.143974071875 0.6585174578124999 0.4050596625 0.6585174578124999 0.5445539390625 0.6542962921875