5 0.08721911875 0.1566429125 0.0873024359375 0.3227412078125 0.481463890625 0.3227412078125 0.48131067656250004 0.1563875953125 0.08721911875 0.1566429125
6 0.18516631875 0.2071198859375 0.1859094546875 0.202385928125 0.1868755265625 0.2015293078125 0.1852406390625 0.1963444953125 0.24278323125 0.1953977046875 0.2446410625 0.1878906453125 0.2395877515625 0.1841485640625 0.2597031515625 0.183066515625 0.2614123609375 0.17688982656250002 0.261783928125 0.1644500578125 0.25635905000000003 0.161474425 0.2284475375 0.16237613125 0.17949175781249999 0.161925278125 0.1461933296875 0.1615195109375 0.1229899796875 0.16201545 0.12191849218749999 0.163512525 0.1223275328125 0.191227809375 0.12353775 0.20753209843749998 0.176307078125 0.2073281453125 0.18516631875 0.2071198859375
6 0.27753685156249996 0.1708413234375 0.27753685156249996 0.1650250359375 0.275730628125 0.16451927187499998 0.2715499421875 0.16496449375 0.2711455921875 0.1699562375 0.2728823484375 0.17159997031250002 0.276147446875 0.1713892359375 0.27753685156249996 0.1708413234375
6 0.3219868984375 0.18365401718750002 0.3508409265625 0.1847498375 0.41426641875000003 0.182516046875 0.4766320015625 0.18201028125000002 0.478368753125 0.1787649625 0.4786466328125 0.1732437046875 0.475867825 0.1704198546875 0.44363365000000005 0.169281884375 0.3984405078125 0.1697876484375 0.3953240375 0.164116559375 0.3370001125 0.1642429984375 0.335332828125 0.1630628828125 0.32719998125 0.1621356484375 0.32483799687500003 0.1628100015625 0.32344858906249996 0.1635265 0.29002999375 0.1639058234375 0.2883503375 0.16387330625000002 0.28767950625 0.17400235 0.28781844687499997 0.1819681359375 0.289138378125 0.18319040312499998 0.3219868984375 0.18365401718750002
6 0.393827640625 0.2395041171875 0.39767727812500003 0.2353390578125 0.44963507500000005 0.23452161718750003 0.45213733906250003 0.23039548281250002 0.4504691625 0.224945871875 0.446362875 0.2238559484375 0.41107448125 0.223116359375 0.395936 0.22327206249999998 0.3940111765625 0.21926270625000002 0.3380355640625 0.219690890625 0.335789940625 0.21805600625000002 0.3267461671875 0.21714828281249998 0.32149681874999997 0.21866638749999998 0.31687724687499996 0.2189388703125 0.288454046875 0.219444903125 0.2871690953125 0.2200099671875 0.28743529687499997 0.23872560156249997 0.302448909375 0.23973767031249998 0.35041225468750004 0.2407886671875 0.393827640625 0.2395041171875
6 0.3487496046875 0.28603293281250003 0.3759579515625 0.284763828125 0.390334640625 0.2841610078125 0.392478778125 0.2796239625 0.4119851953125 0.2796556890625 0.469388990625 0.278672134375 0.4710624640625 0.2780693109375 0.473154303125 0.2766098421875 0.4740956328125 0.27438409375 0.4720037921875 0.269085590625 0.469545875 0.26841931093750004 0.43916188749999996 0.2674357578125 0.391237253125 0.2691807734375 0.392230875 0.26657911093750003 0.387918315625 0.2642631640625 0.348276415625 0.2642948921875 0.29338905625 0.264390075 0.287594771875 0.2661825390625 0.28777243124999996 0.284069809375 0.2925836640625 0.284954196875 0.34702382656249997 0.28539837968750004 0.3487496046875 0.28603293281250003
6 0.2773313734375 0.2702802734375 0.277279075 0.2646644921875 0.2752395328125 0.263934759375 0.271535946875 0.26450396875000004 0.27178799374999996 0.26993127031249997 0.27314768906250003 0.2708513703125 0.276023971875 0.2706610078125 0.2773313734375 0.2702802734375
6 0.113526321875 0.2642592734375 0.10947646562499999 0.2616384578125 0.0955252484375 0.262356909375 0.092825346875 0.26690238125 0.0954429859375 0.27252341874999997 0.10664157031249999 0.2735549703125 0.1117713875 0.272531215625 0.1141338 0.2688456953125 0.113526321875 0.2642592734375
6 0.1133445953125 0.2270728375 0.1144245625 0.22383776875 0.1134120953125 0.219742746875 0.10983472812499999 0.21806379062499998 0.09836014374999999 0.2176952375 0.09369676875 0.21965154999999997 0.0929603421875 0.224452021875 0.096740209375 0.2287108421875 0.11037470625000001 0.2287108421875 0.1133445953125 0.2270728375
6 0.159407046875 0.2451802734375 0.15783816875 0.2402625 0.191283634375 0.240230771875 0.22331596718750002 0.240230771875 0.24883832187500002 0.2401038625 0.251139353125 0.23549705156249998 0.251243940625 0.2316897421875 0.2499365359375 0.2191556890625 0.24083702968749998 0.21658575624999998 0.23566025468750001 0.21706167031249998 0.2333069328125 0.218330771875 0.1907869328125 0.218616321875 0.1856619203125 0.21674439375 0.1493886765625 0.2164905734375 0.1245382 0.217125125 0.12247712343749999 0.21875396875000003 0.1218585046875 0.2502884140625 0.133782 0.25298525625 0.15778587187499998 0.25200170312500003 0.159407046875 0.2451802734375
6 0.1385948921875 0.2846130515625 0.157840953125 0.284355140625 0.1603916 0.2722334046875 0.20079308281250002 0.2724590765625 0.23085863906249998 0.2721366890625 0.25615415625 0.27175829687499997 0.25657926875000003 0.26463355312500003 0.2542943125 0.26411773437499997 0.243507203125 0.2637308703125 0.2028954 0.263569678125 0.15708621250000002 0.263956540625 0.1507220859375 0.26157620000000004 0.1333094859375 0.2618009671875 0.12497366562500001 0.2642734125 0.122716703125 0.264736621875 0.1220688375 0.27759113125 0.1234504359375 0.281395296875 0.12817975625 0.284355140625 0.1385948921875 0.2846130515625
6 0.2265022890625 0.3035402359375 0.2281512421875 0.296719275 0.22327932499999997 0.29476393437500004 0.2076892125 0.29421825468749996 0.1393380734375 0.294354675 0.12326759843749999 0.29653182031249997 0.12364406562500001 0.30358570937499996 0.1278414046875 0.304176859375 0.18165730468750002 0.304631590625 0.2265022890625 0.3035402359375
6 0.11380604218749998 0.304631590625 0.1143307109375 0.296628328125 0.1090840359375 0.293808996875 0.0940127375 0.2947402765625 0.09281933906249999 0.3005844859375 0.0969417296875 0.3054501078125 0.109233940625 0.305677471875 0.11380604218749998 0.304631590625
6 0.27762161875 0.30005332500000004 0.2773525 0.29623270625 0.273315665625 0.29606943281250003 0.2717829796875 0.2969358359375 0.271485634375 0.302143234375 0.2736386125 0.303090225 0.276921903125 0.302731021875 0.27762161875 0.30005332500000004
6 0.3437566875 0.317172671875 0.359273825 0.318478865625 0.398906028125 0.3168461234375 0.40072548281250003 0.31018009375 0.45465476875000005 0.31018009375 0.45904760156249996 0.3055303296875 0.4581129625 0.29902268125 0.4196054125 0.297434959375 0.385303765625 0.2963575734375 0.329720621875 0.2963575734375 0.2893410625 0.296022096875 0.2877662578125 0.29656825468750003 0.287197990625 0.312100740625 0.28865124999999997 0.3159317875 0.3008155734375 0.31668284999999996 0.3437566875 0.317172671875
3 0.10019924218750001 0.07342953125 0.08585765 0.07331938906249999 0.0866028671875 0.082087 0.10927619531249999 0.08411294531249999 0.11889777500000001 0.0818000421875 0.115811615625 0.0738700828125 0.10019924218750001 0.07342953125
7 0.5995977875 0.0843217125 0.618888715625 0.082721215625 0.6192184625 0.0760191234375 0.6121286671874999 0.0734183140625 0.5252370375 0.0715177203125 0.4135660828125 0.0722179375 0.3789148578125 0.0746666796875 0.3799267890625 0.082721215625 0.47374335156249997 0.08482186875 0.5269995078124999 0.0849219 0.5995977875 0.0843217125
6 0.913768621875 0.0745649921875 0.9081652015625 0.0734076953125 0.883605490625 0.0711654359375 0.8597492093750001 0.0723911390625 0.8572574390625001 0.07926650468749999 0.859999553125 0.0844020015625 0.9142455249999999 0.0822320734375 0.913768621875 0.0745649921875
4 0.517233909375 0.254001153125 0.5224662671875 0.2569034796875 0.5863009531250001 0.25862674218750004 0.609771784375 0.2598058125 0.6706495328125001 0.25717558125 0.6712166984375 0.2424022796875 0.7259724984375 0.24257321874999999 0.8024572421875 0.2439336875 0.9107214421875 0.24474996875000002 0.912814384375 0.23876390781249998 0.9140103671875 0.2076830359375 0.9137113671874999 0.1279007265625 0.9138608671874999 0.0987078890625 0.8059249203125001 0.09843579375 0.713513128125 0.09843579375 0.6074609921875 0.096594771875 0.5938568734375 0.0957784875 0.55130375625 0.0984994234375 0.5475900234375 0.09951988125 0.548548696875 0.113227009375 0.5188090859375001 0.11474419375 0.5167854281250001 0.170680678125 0.517233909375 0.254001153125
4 0.0852133359375 0.4784594859375 0.09023355625 0.48314521718750003 0.1873554921875 0.48373093437500003 0.3695145421875 0.48373093437500003 0.6040277453125 0.4824423515625 0.6034484984375 0.46662800000000004 0.701450359375 0.46856178281250005 0.8210721921875 0.467507496875 0.91330335 0.46703892187499996 0.913915578125 0.4389604078125 0.9101502328125 0.4256697625 0.8982517859374999 0.42503012812499996 0.746576928125 0.4226543546875 0.6415200750000001 0.422928484375 0.4923583390625 0.42280216406250004 0.4266875234375 0.42215320156249997 0.256342434375 0.42414086093750003 0.1250281375 0.423491896875 0.12351316718750001 0.42541808437500006 0.1246716890625 0.4417010046875 0.1013083578125 0.43912385781249996 0.0863718515625 0.4413250421875 0.0852133359375 0.4784594859375
4 0.44912592812499996 0.3734705875 0.4550391328125 0.378657315625 0.46855881562499996 0.3868596 0.47350799062500004 0.39140015156249996 0.47568079843750005 0.3964533453125 0.5244875 0.39601393906250004 0.5264189109374999 0.38502873125 0.5218318484375 0.378364371875 0.5501230296874999 0.37793416875 0.5478295078125 0.3680459484375 0.540948971875 0.35984365937499996 0.6030773625 0.35946619218750003 0.6003735453125 0.3481261046875 0.576593359375 0.3460755328125 0.45732546406249996 0.34548965625 0.3960115359375 0.348199340625 0.3963082109375 0.3487956203125 0.3955801734375 0.3589545078125 0.4412034875 0.3593962 0.45066788593749996 0.3688189375 0.44912592812499996 0.3734705875
6 0.5809326687499999 0.4041312828125 0.5669131265625 0.40305463281250004 0.5083504249999999 0.401654984375 0.4355907125 0.401439653125 0.41553742343750005 0.4033776265625 0.41881090781249997 0.4132843125 0.475342365625 0.4143594765625 0.569042671875 0.414574809375 0.5841269984374999 0.4143594765625 0.5809326687499999 0.4041312828125
5 0.08994686562500001 0.48972635468750003 0.089984815625 0.6031861828125 0.9131156078125 0.6030992515625 0.9127868359375 0.48996647656250003 0.08994686562500001 0.48972635468750003
6 0.1200192671875 0.5202831609375 0.11665139375 0.50658973125 0.1213782328125 0.5060520328125 0.12120097656249999 0.49846942812500006 0.0980364984375 0.4985810296875 0.1015845984375 0.5068048125 0.1010528296875 0.5152646265625 0.1091475421875 0.519279453125 0.1200192671875 0.5202831609375
6 0.11368248593750001 0.5508356046875 0.110799890625 0.5497513203125 0.10629294375000001 0.5501880078125 0.1069948640625 0.557761040625 0.11276005468750001 0.5575162015624999 0.11518143750000001 0.5559422390625001 0.11368248593750001 0.5508356046875
6 0.11731455625000001 0.583215096875 0.12077366875 0.581081503125 0.12215731406250001 0.575974871875 0.11840994062500002 0.5719175453124999 0.114893178125 0.5714628453125 0.1049770484375 0.5713579125 0.1031802421875 0.5721181843750001 0.09961542031250001 0.5752753328125 0.1006531546875 0.5812214124999999 0.106706603125 0.5833550046875 0.11731455625000001 0.583215096875
6 0.1416887421875 0.5719232359374999 0.1424405640625 0.580838365625 0.1726500421875 0.5815847484375001 0.18693461875 0.5810042281250001 0.18789148125 0.57310924375 0.1783912125 0.5720311359375 0.1551488140625 0.5718803890624999 0.153922903125 0.570928059375 0.14585792656250002 0.5698499499999999 0.1416887421875 0.5719232359374999
6 0.169711109375 0.552588271875 0.16820747187500001 0.55014179375 0.16369655624999999 0.54981006875 0.16091468281250002 0.5498959609375 0.16055258125 0.5558640625 0.169506071875 0.5588495953125 0.171488140625 0.5584349375000001 0.169711109375 0.552588271875
6 0.154606378125 0.5140308 0.157682003125 0.5177627140625 0.16588366875 0.5200433265625 0.1796898109375 0.5190481499999999 0.1810567546875 0.5120819125 0.179279725 0.5066913671875 0.1993738125 0.5066499015625 0.20012563593750002 0.49781770312500007 0.14859181562499998 0.497651840625 0.1422355203125 0.49607614375000003 0.139638325 0.49549562343750003 0.136631046875 0.4965322671875 0.13485296093750002 0.4985989609375 0.140321796875 0.5052815328125 0.1511206609375 0.506276709375 0.1564517484375 0.5067742984375 0.154606378125 0.5140308
6 0.21307463750000002 0.5193996125 0.226107921875 0.5198647390625 0.3050773 0.5193036640625001 0.3071472921875 0.5115360140625 0.29955731874999997 0.510140628125 0.2990973171875 0.49741485 0.2464275125 0.49760090156250003 0.2461975109375 0.4957869 0.24090753281250002 0.49508920625 0.221917528125 0.49606597812500003 0.22016948125 0.4971919390625 0.2207412734375 0.5096319078125 0.21430129999999997 0.508143496875 0.212537971875 0.5089807296875 0.21307463750000002 0.5193996125
6 0.3631891296875 0.5176072671874999 0.3691846390625 0.5193600140625 0.384296440625 0.5191914796875 0.3865187625 0.5116411921874999 0.3820185578125 0.5074278624999999 0.4289127125 0.5064503703125001 0.4295238546875 0.5048324515625 0.430912803125 0.4989999671875 0.4292460625 0.4980898890625 0.3931333125 0.49788765 0.385855203125 0.49579783906249997 0.35459286093750003 0.495494478125 0.31887644375 0.495494478125 0.316032765625 0.49734827968750006 0.3167425765625 0.5040713171875 0.3192426875 0.5075093953125001 0.357744446875 0.5072397421875 0.3631891296875 0.5176072671874999
6 0.478504759375 0.5066243203125 0.479706353125 0.5167087640625 0.48721629687499995 0.5195032546875 0.5103469453125 0.519564003125 0.514752778125 0.5116058 0.5116486671875 0.5071710671874999 0.5506002750000001 0.5062598234375 0.5531035984375 0.49939511249999996 0.5524026625 0.49799786875 0.513851584375 0.4973903703125 0.5059411109374999 0.49538563281250003 0.4649868515625 0.49538563281250003 0.43985355937500004 0.49550713281250003 0.437922015625 0.49749489999999996 0.4377507703125 0.49957735937500003 0.4394530234375 0.5061383296875 0.45066788593749996 0.5067458234375 0.478504759375 0.5066243203125
6 0.77241009375 0.49820681718750004 0.7441917171875 0.49711737031250003 0.7305955796875 0.4975842765625 0.7268758937500001 0.49524974843749997 0.6564582125 0.49548320312499994 0.651327590625 0.4960279234375 0.6504087625 0.497640759375 0.653661328125 0.5066889296875 0.6925257375 0.5075449203125 0.770101334375 0.506611109375 0.77241009375 0.49820681718750004
6 0.907458021875 0.5041987671875 0.907458021875 0.49836245156250003 0.8691300078124999 0.49807873750000003 0.87295464375 0.50521039375 0.881163621875 0.5070001984375 0.9036100671874999 0.5063776578125 0.907458021875 0.5041987671875
6 0.8576502218750001 0.5382829671875 0.8595508531249999 0.5287920859375 0.8615976906249999 0.5222282921875 0.8626211187499999 0.516374103125 0.8364508640625001 0.5159306046875 0.8260231625 0.5160426203124999 0.8273744234375 0.5288003812500001 0.8304565593750001 0.536863775 0.8352812390625 0.5386377765625 0.8576502218750001 0.5382829671875
6 0.8901071859374999 0.5488382578125 0.881312584375 0.5507583703125001 0.8814812546875 0.5569099421875 0.8902533921875 0.5592161421874999 0.8934698453125 0.5572647468749999 0.8901071859374999 0.5488382578125
6 0.8586736515625001 0.5602805375 0.862036290625 0.5510557546875 0.8545799671875001 0.54777385625 0.8276787078125001 0.5483947625 0.8277014734374999 0.54916084375 0.827093909375 0.553095846875 0.8304565593750001 0.558506540625 0.8431761734375 0.5609014359375 0.8586736515625001 0.5602805375
6 0.781917321875 0.5568212453125 0.7905432828125 0.560191840625 0.812181240625 0.5604579359375 0.8149590921875 0.555402046875 0.81291225625 0.5480399578124999 0.804432521875 0.5480399578124999 0.7819840234375001 0.5481623890625 0.7801628984375 0.5491930546875 0.7801628984375 0.5534506453125 0.781917321875 0.5568212453125
6 0.8130584624999999 0.533227075 0.8082337734375 0.5318078796875 0.7813262171875001 0.5327861953124999 0.78367175625 0.5405004640625 0.79595276875 0.5421857703125 0.8118888375 0.5414761625 0.8130584624999999 0.533227075
6 0.7745066453125 0.5249924890625 0.7760301484375 0.516442715625 0.7154706984375 0.5155184109375 0.71248234375 0.5175047125 0.711852346875 0.5226817390625 0.7154706984375 0.5249924890625 0.7659369093749999 0.5252235671875 0.7745066453125 0.5249924890625
6 0.741179909375 0.53284904375 0.72537349375 0.5318092062499999 0.7228977828125001 0.53030721875 0.7133758625 0.530191678125 0.710519275 0.5319247421875 0.6974877265625 0.5325911343749999 0.705567878125 0.5416298953124999 0.7139471703125 0.5423231265624999 0.7392755171875 0.541167746875 0.741179909375 0.53284904375
6 0.73718068125 0.5542234921875 0.73756155625 0.548099996875 0.7185177046875 0.5478689234375 0.701771903125 0.5485879437500001 0.7046156828125001 0.5586139171875 0.720802959375 0.560346978125 0.7347049828125 0.560346978125 0.73718068125 0.5542234921875
6 0.7724118234375 0.58055395625 0.7727926984375 0.575123684375 0.7678412875 0.5718886375000001 0.681191740625 0.5725818687500001 0.67242529375 0.5742088484375001 0.6716698078125 0.58078503125 0.7078531453125 0.58286470625 0.768793484375 0.5822870171875 0.7724118234375 0.58055395625
6 0.6641266390625 0.58159379375 0.664317109375 0.574546003125 0.66355533125 0.5726974015625 0.6142317359375 0.571773096875 0.5662412109375 0.5716575640625 0.559751453125 0.5742088484375001 0.5601471859375 0.5796296515625 0.5652890140625 0.581478253125 0.631752084375 0.5822870171875 0.6641266390625 0.58159379375
6 0.628514634375 0.5577930546875 0.62718155 0.5482034437500001 0.619564009375 0.548087903125 0.5980444578124999 0.548087903125 0.5901691062500001 0.549888496875 0.5944261187500001 0.5582552078125 0.60585244375 0.5601038046875 0.6235632359375 0.5601038046875 0.628514634375 0.5577930546875
6 0.6549855953125 0.5235939421875 0.6551760390625 0.5151597 0.6149934874999999 0.5158529265625 0.608137696875 0.5134266375000001 0.5999488375 0.5134266375000001 0.5980444578124999 0.514350940625 0.5715734968749999 0.5164306140625 0.5706213140624999 0.516661690625 0.5700334765624999 0.5175047125 0.571383053125 0.5240560921874999 0.5770962140625 0.5259046953125 0.652700340625 0.5253270078125001 0.6549855953125 0.5235939421875
6 0.498698 0.5500520421874999 0.4901282625 0.5495898890625 0.486277828125 0.550798884375 0.48555772812500003 0.5580241328125 0.4952701046875 0.55848628125 0.4977458046875 0.5568687578125 0.498698 0.5500520421874999
6 0.5080294875 0.5980001265625 0.5400231796875 0.5980001265625 0.5463076359375 0.5930320109375 0.5444032703125 0.5718886375000001 0.5230741375 0.5693468140625 0.445946509375 0.5696934296875 0.44042380468750003 0.57027111875 0.44022293125 0.5719979078125 0.44099509843750007 0.5797451921875 0.439852471875 0.5916455671875 0.45051703125 0.5966136734374999 0.5080294875 0.5980001265625
6 0.419883321875 0.5814724515624999 0.4241362515625 0.5731886078125 0.41048213125000005 0.5702688921875 0.3980591171875 0.5702688921875 0.33214223593750003 0.5724417015625 0.325656234375 0.5725818687500001 0.3262275421875 0.580438415625 0.33270245468750004 0.5821714765625 0.4035431546875 0.5811329484375001 0.419883321875 0.5814724515624999
6 0.37553393125 0.555045759375 0.3746266265625 0.549954071875 0.36948525 0.5495412328125 0.36494098125 0.5507441203125001 0.3653267859375 0.556421890625 0.368502340625 0.5576604078125 0.37364371875 0.5576145375 0.37553393125 0.555045759375
4 0.11512706718750002 0.8740969640625 0.19813374687500002 0.8750352484375 0.31209946718750003 0.8754617484375 0.5160786546875 0.8753362734374999 0.5286194703125 0.8749276734375 0.7202529828124999 0.8748572156250001 0.7846407703125 0.8746023296875001 0.7854810015625 0.870524184375 0.7824001359375 0.8578649421875 0.8634295875 0.8593942468750001 0.9120854703125 0.8596491359374999 0.914746234375 0.8362249343749999 0.9092846765625 0.8311272453124999 0.8473868234375 0.830532515625 0.784568128125 0.8301926703125 0.7491379125 0.8299377859374999 0.5971993609374999 0.8301077109375001 0.517299021875 0.8296829046875001 0.5025947859375 0.8299377859374999 0.42318846718750003 0.8298528265625 0.376743475 0.8299377859374999 0.2568565828125 0.83002275 0.2009329546875 0.8297678656249999 0.10866054843749999 0.830617475 0.1051222875 0.8325834343749999 0.1061288671875 0.8476773937500001 0.08517988125 0.8487009875 0.087570025 0.87239098125 0.11512706718750002 0.8740969640625
6 0.721555403125 0.6504259421875 0.8444052624999999 0.6508846 0.8673520921875 0.652260578125 0.9028840953125 0.65168725625 0.9104440828125 0.6498526171875 0.9108220421875 0.6419407609375 0.900427075 0.6398767984375 0.8981590859375 0.6242824078125 0.8777470859375001 0.622447778125 0.7936421921875 0.622447778125 0.7293822703124999 0.6241677453125 0.7286929421874999 0.626616765625 0.731761390625 0.64016255625 0.7190983953125001 0.6410798734375 0.7166414015625 0.646642009375 0.721555403125 0.6504259421875
6 0.262526771875 0.555239628125 0.262303315625 0.5507658578125 0.2539237203125 0.5499524421875 0.25073279843749996 0.551365496875 0.2505718875 0.5542228609375 0.254929271875 0.5574765140625 0.260180490625 0.5576798671875001 0.262526771875 0.555239628125
6 0.247778690625 0.58319378125 0.2757106671875 0.5833293484375 0.2824143390625 0.580617971875 0.2830847046875 0.5730939 0.26811316875 0.571805996875 0.2512422609375 0.5699758218750001 0.2450774859375 0.5720432921875 0.230125678125 0.5728227640625 0.23247196718750002 0.580075696875 0.2373879921875 0.583464915625 0.247778690625 0.58319378125
6 0.6846410281249999 0.2893604484375 0.6928110234375 0.29146966875 0.757301834375 0.292524275 0.7847669265625 0.2928953171875 0.7878958609375 0.3088199375 0.7639073484375001 0.3091363203125 0.759213946875 0.310296390625 0.7571280234375 0.31367114687500003 0.7600830984375 0.3212643421875 0.8479236046875 0.32231895 0.86704485625 0.32179165 0.8686093234375001 0.3131438390625 0.8265425687500001 0.3093472421875 0.820632346875 0.30565610468750004 0.8166342609375 0.2925789359375 0.8428825328125 0.2934226203125 0.9140597921875001 0.292073225 0.91365715 0.2824250921875 0.9011751968749999 0.2809594125 0.9017791671875001 0.2681957390625 0.8800363921875001 0.2667911234375 0.8145806312499999 0.2653865109375 0.7243878328125 0.2657529296875 0.7240858546875 0.266668984375 0.7246386203124999 0.266686978125 0.7245323359375 0.281014271875 0.7176524921875 0.2796229484375 0.681585390625 0.28164669062500003 0.6846410281249999 0.2893604484375
4 0.1104882515625 0.150157109375 0.19581211406250001 0.1512017578125 0.314893403125 0.14958730468749998 0.3173979453125 0.134487428125 0.3490177671875 0.135152203125 0.4811768140625 0.1342974921875 0.48276671562500006 0.11781890937499999 0.48241277499999996 0.098571934375 0.463212059375 0.09476053749999999 0.386305065625 0.0954047171875 0.32990535468750004 0.095082628125 0.264591240625 0.0963709875 0.23637251093749997 0.0957844234375 0.1710902546875 0.0967506921875 0.1486746375 0.09556970000000001 0.14584319375000002 0.0954623328125 0.102327640625 0.09514024374999999 0.0863096046875 0.09707278281250001 0.08572865156250001 0.097329890625 0.08601172968750001 0.144303415625 0.0892989421875 0.1481021328125 0.09399496093750001 0.1491467734375 0.1104882515625 0.150157109375
6 0.5313725484375 0.8047619046875001 0.5568627453125 0.784523809375 0.5568627453125 0.765476190625 0.5254901953125 0.74404761875 0.7431372546875 0.7428571421875 0.7333333328125 0.7297619046875 0.7333333328125 0.7238095234374999 0.5647058828125 0.7107142859375 0.6156862750000001 0.6928571421874999 0.61176470625 0.6821428578125001 0.384313725 0.677380953125 0.38823529375 0.7047619046875 0.4450980390625 0.7011904765625 0.4490196078125 0.71904761875 0.2509803921875 0.722619046875 0.2568627453125 0.7416666671875001 0.4568627453125 0.7416666671875001 0.4450980390625 0.7666666671875 0.4588235296875 0.796428571875 0.41176470624999995 0.8107142859375 0.40980392187500003 0.8261904765624999 0.584313725 0.822619046875 0.584313725 0.80595238125 0.5313725484375 0.8047619046875001