5 0.7785176468749999 0.25334543125 0.29616470625 0.25334543125 0.29616470625 0.9251345000000001 0.7785176468749999 0.9251345000000001 0.7785176468749999 0.25334543125
6 0.4184064796875 0.359375 0.42244255468749997 0.3564453125 0.42244255468749997 0.3505859375 0.4184064796875 0.34765625 0.38880859375 0.34765625 0.3861178765625 0.345703125 0.337684971875 0.345703125 0.3349942546875 0.34765625 0.321540671875 0.34765625 0.3175045953125 0.3505859375 0.3175045953125 0.3583984375 0.3323035390625 0.36328125 0.333648896875 0.3701171875 0.3457571234375 0.375 0.40091682031250003 0.3740234375 0.40360753593750004 0.3701171875 0.40091682031250003 0.3642578125 0.410334328125 0.359375 0.4184064796875 0.359375
6 0.3672828578125 0.255859375 0.356519990625 0.255859375 0.35382927343750004 0.25390625 0.348447840625 0.25390625 0.3457571234375 0.255859375 0.32961282187499996 0.255859375 0.325576746875 0.2587890625 0.325576746875 0.2626953125 0.32961282187499996 0.265625 0.3349942546875 0.265625 0.337684971875 0.267578125 0.3672828578125 0.267578125 0.37266429218749997 0.263671875 0.375355009375 0.265625 0.3861178765625 0.265625 0.3914993109375 0.263671875 0.39957146093749996 0.267578125 0.4143704046875 0.2666015625 0.41706112187500005 0.2646484375 0.4157157625 0.255859375 0.369973575 0.2578125 0.3672828578125 0.255859375
6 0.657880284375 0.25390625 0.6202102484375 0.25390625 0.6175195312499999 0.255859375 0.6094473812500001 0.25390625 0.6067566640625001 0.255859375 0.5650505515625001 0.2568359375 0.5650505515625001 0.2646484375 0.57177734375 0.267578125 0.6646070765625 0.2666015625 0.6699885109375 0.2646484375 0.6699885109375 0.2568359375 0.6605710015625 0.255859375 0.657880284375 0.25390625
6 0.6740245859375 0.279296875 0.5906123625 0.279296875 0.5879216453125 0.27734375 0.5744680609375 0.27734375 0.57177734375 0.279296875 0.5421794578125 0.279296875 0.539488740625 0.27734375 0.5341073078125 0.27734375 0.531416590625 0.279296875 0.5072001375 0.279296875 0.5018187046875 0.27734375 0.4991279875 0.279296875 0.48298368593749996 0.279296875 0.47760225156249997 0.28515625 0.47625689375 0.2822265625 0.46953010156249997 0.279296875 0.4587672328125 0.279296875 0.4547311578125 0.2822265625 0.45607651718750003 0.291015625 0.47222081875 0.291015625 0.474911534375 0.2890625 0.485674403125 0.2890625 0.48836511875 0.291015625 0.558323759375 0.291015625 0.5610144765625 0.2890625 0.5798494953125 0.2890625 0.5825402109375 0.291015625 0.5879216453125 0.291015625 0.5906123625 0.2890625 0.593303078125 0.291015625 0.600029871875 0.2900390625 0.6740245859375 0.2890625 0.6780606625 0.2861328125 0.6780606625 0.2822265625 0.6740245859375 0.279296875
6 0.62559168125 0.294921875 0.5367980234374999 0.294921875 0.5341073078125 0.29296875 0.5287258734375 0.29296875 0.5260351562500001 0.294921875 0.4964372703125 0.294921875 0.493746553125 0.29296875 0.4910558359375 0.294921875 0.48029296875 0.294921875 0.47760225156249997 0.296875 0.47222081875 0.294921875 0.46953010156249997 0.296875 0.45607651718750003 0.296875 0.452040440625 0.2998046875 0.452040440625 0.3037109375 0.45607651718750003 0.30859375 0.544870175 0.30859375 0.5475608921874999 0.306640625 0.558323759375 0.306640625 0.5610144765625 0.30859375 0.5744680609375 0.30859375 0.577158778125 0.306640625 0.5825402109375 0.30859375 0.61348345625 0.3076171875 0.62559168125 0.306640625 0.6296277578125 0.3037109375 0.6296277578125 0.2978515625 0.62559168125 0.294921875
6 0.4587672328125 0.314453125 0.452040440625 0.3193359375 0.45607651718750003 0.326171875 0.48029296875 0.326171875 0.48298368593749996 0.32421875 0.493746553125 0.32421875 0.4964372703125 0.326171875 0.5421794578125 0.326171875 0.544870175 0.32421875 0.5690866265625 0.32421875 0.57177734375 0.326171875 0.5758134187499999 0.3251953125 0.604065946875 0.32421875 0.608102021875 0.3212890625 0.608102021875 0.3154296875 0.4587672328125 0.314453125
6 0.5421794578125 0.330078125 0.5367980234374999 0.33203125 0.5072001375 0.33203125 0.504509421875 0.330078125 0.48298368593749996 0.330078125 0.48029296875 0.33203125 0.4547311578125 0.3330078125 0.45607651718750003 0.34375 0.47222081875 0.34375 0.474911534375 0.341796875 0.48029296875 0.341796875 0.48298368593749996 0.34375 0.5004733453125 0.3427734375 0.5637051921875 0.341796875 0.5650505515625001 0.3330078125 0.544870175 0.33203125 0.5421794578125 0.330078125
6 0.6376999078125001 0.3505859375 0.6282823984375 0.34765625 0.6202102484375 0.349609375 0.6175195312499999 0.34765625 0.544870175 0.34765625 0.539488740625 0.345703125 0.5367980234374999 0.34765625 0.48298368593749996 0.34765625 0.48029296875 0.349609375 0.4587672328125 0.349609375 0.452040440625 0.3544921875 0.452040440625 0.3583984375 0.46145794999999995 0.36328125 0.47222081875 0.36328125 0.474911534375 0.361328125 0.48029296875 0.361328125 0.48298368593749996 0.36328125 0.5650505515625001 0.3623046875 0.622900965625 0.361328125 0.62559168125 0.359375 0.63635455 0.359375 0.6376999078125001 0.3505859375
6 0.7184214156250001 0.3759765625 0.7184214156250001 0.3701171875 0.7116946234375 0.3671875 0.6767153031250001 0.3671875 0.6740245859375 0.369140625 0.67133386875 0.3671875 0.6282823984375 0.3671875 0.62559168125 0.369140625 0.622900965625 0.3671875 0.48836511875 0.3671875 0.47760225156249997 0.373046875 0.46953010156249997 0.369140625 0.4587672328125 0.369140625 0.4547311578125 0.3720703125 0.45607651718750003 0.380859375 0.47222081875 0.380859375 0.474911534375 0.37890625 0.48298368593749996 0.37890625 0.485674403125 0.380859375 0.539488740625 0.380859375 0.5421794578125 0.37890625 0.5906123625 0.37890625 0.593303078125 0.380859375 0.6161741734375 0.3798828125 0.62559168125 0.376953125 0.630973115625 0.37890625 0.714385340625 0.37890625 0.7184214156250001 0.3759765625
6 0.5825402109375 0.400390625 0.585230928125 0.3984375 0.6794060203125001 0.3984375 0.680751378125 0.3896484375 0.6767153031250001 0.38671875 0.65518956875 0.38671875 0.6524988515625 0.384765625 0.6471174171875 0.384765625 0.6444267 0.38671875 0.6148288140625 0.38671875 0.612138096875 0.384765625 0.5986845125 0.384765625 0.5879216453125 0.388671875 0.5825402109375 0.38671875 0.5690866265625 0.38671875 0.566395909375 0.384765625 0.5610144765625 0.384765625 0.558323759375 0.38671875 0.5475608921874999 0.38671875 0.544870175 0.388671875 0.45607651718750003 0.388671875 0.452040440625 0.3916015625 0.452040440625 0.3974609375 0.4587672328125 0.40234375 0.4641486671875 0.400390625 0.46953010156249997 0.40234375 0.493746553125 0.40234375 0.4964372703125 0.400390625 0.531416590625 0.400390625 0.5341073078125 0.3984375 0.539488740625 0.40234375 0.5435248171875 0.4013671875 0.5690866265625 0.400390625 0.57177734375 0.3984375 0.5798494953125 0.3984375 0.5825402109375 0.400390625
6 0.6847874546875 0.41796875 0.691514246875 0.4150390625 0.691514246875 0.4091796875 0.687478171875 0.40625 0.63635455 0.40625 0.6336638328124999 0.408203125 0.630973115625 0.40625 0.6013752296875 0.40625 0.5986845125 0.408203125 0.593303078125 0.408203125 0.5906123625 0.40625 0.520653721875 0.40625 0.5179630046875 0.408203125 0.5152722890625 0.40625 0.48298368593749996 0.40625 0.48029296875 0.408203125 0.474911534375 0.408203125 0.47222081875 0.40625 0.46145794999999995 0.40625 0.452040440625 0.4091796875 0.452040440625 0.4169921875 0.45607651718750003 0.419921875 0.474911534375 0.419921875 0.47760225156249997 0.41796875 0.493746553125 0.41796875 0.4964372703125 0.419921875 0.544870175 0.419921875 0.5475608921874999 0.41796875 0.5879216453125 0.41796875 0.5906123625 0.419921875 0.5973391546875 0.4189453125 0.630973115625 0.41796875 0.6336638328124999 0.416015625 0.6390452671875 0.41796875 0.6847874546875 0.41796875
6 0.5367980234374999 0.4375 0.577158778125 0.4375 0.5838855703125 0.4326171875 0.5838855703125 0.4287109375 0.577158778125 0.42578125 0.5367980234374999 0.42578125 0.5341073078125 0.427734375 0.5233444390625 0.427734375 0.520653721875 0.42578125 0.504509421875 0.42578125 0.5018187046875 0.423828125 0.4964372703125 0.423828125 0.493746553125 0.42578125 0.48298368593749996 0.42578125 0.48029296875 0.427734375 0.46683938437499994 0.427734375 0.4641486671875 0.42578125 0.4587672328125 0.42578125 0.452040440625 0.4287109375 0.452040440625 0.4345703125 0.4587672328125 0.439453125 0.470875459375 0.4384765625 0.5233444390625 0.4375 0.5260351562500001 0.435546875 0.5341073078125 0.435546875 0.5367980234374999 0.4375
6 0.604065946875 0.455078125 0.6390452671875 0.455078125 0.6430813421875 0.4521484375 0.6430813421875 0.4462890625 0.6175195312499999 0.4453125 0.6148288140625 0.443359375 0.593303078125 0.443359375 0.5367980234374999 0.4453125 0.5341073078125 0.443359375 0.5072001375 0.443359375 0.504509421875 0.4453125 0.4910558359375 0.4453125 0.45405936249999995 0.44524721874999995 0.45607651718750003 0.45703125 0.46683938437499994 0.45703125 0.47760225156249997 0.45703125 0.493746553125 0.455078125 0.5098908546875001 0.45703125 0.5179630046875 0.45703125 0.5233444390625 0.45703125 0.5273805140625 0.4560546875 0.552942325 0.455078125 0.5610144765625 0.455078125 0.5959937953125001 0.455078125 0.604065946875 0.455078125
6 0.6511534921875 0.4912109375 0.6511534921875 0.4853515625 0.6471174171875 0.482421875 0.612138096875 0.482421875 0.6094473812500001 0.484375 0.6067566640625001 0.482421875 0.5556330421875 0.482421875 0.552942325 0.484375 0.5367980234374999 0.484375 0.5341073078125 0.482421875 0.5287258734375 0.482421875 0.5260351562500001 0.484375 0.47760225156249997 0.484375 0.474911534375 0.482421875 0.46145794999999995 0.482421875 0.4587672328125 0.484375 0.4493497234375 0.4853515625 0.4493497234375 0.4951171875 0.4587672328125 0.498046875 0.4641486671875 0.49609375 0.47222081875 0.49609375 0.474911534375 0.498046875 0.5556330421875 0.498046875 0.558323759375 0.49609375 0.566395909375 0.49609375 0.5690866265625 0.498046875 0.5838855703125 0.4970703125 0.6067566640625001 0.49609375 0.6094473812500001 0.494140625 0.6471174171875 0.494140625 0.6511534921875 0.4912109375
6 0.6175195312499999 0.513671875 0.6740245859375 0.513671875 0.6767153031250001 0.51171875 0.687478171875 0.51171875 0.6901688874999999 0.513671875 0.695550321875 0.513671875 0.6982410390625 0.51171875 0.7036224718749999 0.513671875 0.70900390625 0.51171875 0.714385340625 0.513671875 0.7184214156250001 0.5107421875 0.7184214156250001 0.5029296875 0.6794060203125001 0.5 0.6767153031250001 0.501953125 0.6202102484375 0.501953125 0.6175195312499999 0.50390625 0.612138096875 0.50390625 0.6094473812500001 0.501953125 0.5825402109375 0.501953125 0.577158778125 0.50390625 0.5744680609375 0.501953125 0.5152722890625 0.501953125 0.512581571875 0.5 0.4964372703125 0.5 0.4910558359375 0.50390625 0.4587672328125 0.501953125 0.452040440625 0.5048828125 0.452040440625 0.5126953125 0.45607651718750003 0.515625 0.4641486671875 0.515625 0.46683938437499994 0.513671875 0.46953010156249997 0.515625 0.48029296875 0.515625 0.48298368593749996 0.513671875 0.516617646875 0.5146484375 0.6067566640625001 0.513671875 0.6094473812500001 0.51171875 0.6148288140625 0.51171875 0.6175195312499999 0.513671875
6 0.6067566640625001 0.552734375 0.6161741734375 0.5478515625 0.6161741734375 0.5439453125 0.612138096875 0.541015625 0.566395909375 0.541015625 0.5637051921875 0.54296875 0.558323759375 0.54296875 0.5556330421875 0.541015625 0.531416590625 0.541015625 0.5287258734375 0.5390625 0.5152722890625 0.5390625 0.512581571875 0.541015625 0.5018187046875 0.5390625 0.485674403125 0.544921875 0.48298368593749996 0.544921875 0.47760225156249997 0.541015625 0.47222081875 0.541015625 0.46953010156249997 0.54296875 0.45338580000000006 0.54296875 0.452040440625 0.5517578125 0.4587672328125 0.5546875 0.462803309375 0.5537109375 0.5556330421875 0.552734375 0.5610144765625 0.548828125 0.5690866265625 0.552734375 0.6067566640625001 0.552734375
6 0.7708903953124999 0.58984375 0.7749264703125001 0.5849609375 0.7749264703125001 0.5810546875 0.7655089609375 0.580078125 0.7628182453125001 0.578125 0.7332203578125001 0.578125 0.7305296421875 0.580078125 0.714385340625 0.580078125 0.7116946234375 0.578125 0.70900390625 0.580078125 0.7036224718749999 0.578125 0.65518956875 0.578125 0.6524988515625 0.580078125 0.649808134375 0.578125 0.62559168125 0.578125 0.6202102484375 0.576171875 0.6175195312499999 0.578125 0.5744680609375 0.578125 0.57177734375 0.580078125 0.5637051921875 0.580078125 0.5610144765625 0.578125 0.493746553125 0.578125 0.4910558359375 0.580078125 0.45607651718750003 0.580078125 0.452040440625 0.5830078125 0.452040440625 0.5888671875 0.45607651718750003 0.591796875 0.48029296875 0.591796875 0.48298368593749996 0.58984375 0.4910558359375 0.58984375 0.493746553125 0.591796875 0.5260351562500001 0.591796875 0.5287258734375 0.58984375 0.539488740625 0.58984375 0.5421794578125 0.591796875 0.5556330421875 0.591796875 0.558323759375 0.58984375 0.6282823984375 0.591796875 0.630973115625 0.58984375 0.6444267 0.58984375 0.6471174171875 0.587890625 0.649808134375 0.58984375 0.6901688874999999 0.58984375 0.6928596046875 0.591796875 0.7022771140625 0.5908203125 0.7170760578125 0.58984375 0.7197667734375 0.587890625 0.722457490625 0.58984375 0.7708903953124999 0.58984375
6 0.657880284375 0.609375 0.66729779375 0.6083984375 0.66729779375 0.6005859375 0.6605710015625 0.59765625 0.57177734375 0.59765625 0.5690866265625 0.595703125 0.552942325 0.595703125 0.5502516078124999 0.59765625 0.4493497234375 0.5986328125 0.4490196078125 0.6177056640624999 0.5072001375 0.61328125 0.5098908546875001 0.615234375 0.520653721875 0.615234375 0.5233444390625 0.61328125 0.5287258734375 0.615234375 0.5341073078125 0.61328125 0.5475608921874999 0.61328125 0.5502516078124999 0.615234375 0.5542876828125001 0.6142578125 0.6067566640625001 0.61328125 0.6094473812500001 0.611328125 0.65518956875 0.611328125 0.657880284375 0.609375
6 0.66729779375 0.6650390625 0.6699885109375 0.6572265625 0.6659524359375 0.654296875 0.4910558359375 0.654296875 0.48836511875 0.65625 0.45338580000000006 0.65625 0.4493497234375 0.6591796875 0.452040440625 0.6689453125 0.45607651718750003 0.671875 0.48298368593749996 0.671875 0.485674403125 0.673828125 0.4964372703125 0.673828125 0.4991279875 0.671875 0.5018187046875 0.673828125 0.558323759375 0.673828125 0.5610144765625 0.671875 0.5798494953125 0.671875 0.5825402109375 0.673828125 0.5946484375 0.6728515625 0.6013752296875 0.671875 0.6094473812500001 0.66796875 0.6632617187500001 0.66796875 0.66729779375 0.6650390625
6 0.566395909375 0.673828125 0.5502516078124999 0.673828125 0.5475608921874999 0.67578125 0.5152722890625 0.67578125 0.512581571875 0.673828125 0.4964372703125 0.673828125 0.485674403125 0.677734375 0.48029296875 0.677734375 0.47760225156249997 0.67578125 0.4587672328125 0.67578125 0.452040440625 0.6787109375 0.45338580000000006 0.6875 0.48029296875 0.6875 0.48298368593749996 0.685546875 0.493746553125 0.685546875 0.4964372703125 0.6875 0.5408341 0.6865234375 0.5906123625 0.685546875 0.5919577203124999 0.6767578125 0.5690866265625 0.67578125 0.566395909375 0.673828125
6 0.6013752296875 0.693359375 0.5072001375 0.693359375 0.504509421875 0.6953125 0.4910558359375 0.6953125 0.48836511875 0.697265625 0.48298368593749996 0.697265625 0.48029296875 0.6953125 0.46953010156249997 0.6953125 0.46683938437499994 0.697265625 0.4641486671875 0.6953125 0.4587672328125 0.6953125 0.452040440625 0.6982421875 0.452040440625 0.7041015625 0.45607651718750003 0.70703125 0.48029296875 0.70703125 0.48298368593749996 0.705078125 0.493746553125 0.705078125 0.4964372703125 0.70703125 0.5569784 0.7060546875 0.604065946875 0.705078125 0.608102021875 0.7021484375 0.608102021875 0.6982421875 0.6013752296875 0.693359375
6 0.485674403125 0.732421875 0.48029296875 0.734375 0.474911534375 0.732421875 0.47222081875 0.734375 0.45338580000000006 0.734375 0.4493497234375 0.7373046875 0.4493497234375 0.7412109375 0.45338580000000006 0.74609375 0.47222081875 0.74609375 0.474911534375 0.748046875 0.5260351562500001 0.748046875 0.5287258734375 0.74609375 0.558323759375 0.74609375 0.5610144765625 0.748046875 0.5650505515625001 0.7470703125 0.5959937953125001 0.74609375 0.6027205875 0.7431640625 0.6027205875 0.7333984375 0.485674403125 0.732421875
6 0.6471174171875 0.763671875 0.6740245859375 0.763671875 0.6794060203125001 0.76171875 0.6820967375 0.7578125 0.6847874546875 0.76171875 0.6901688874999999 0.76171875 0.6928596046875 0.763671875 0.695550321875 0.76171875 0.7009317546875 0.763671875 0.7063131890625 0.76171875 0.714385340625 0.763671875 0.72380285 0.7587890625 0.72380285 0.7548828125 0.7197667734375 0.751953125 0.6982410390625 0.751953125 0.695550321875 0.75 0.687478171875 0.75 0.6820967375 0.75390625 0.6767153031250001 0.751953125 0.62559168125 0.75390625 0.622900965625 0.751953125 0.6094473812500001 0.751953125 0.6067566640625001 0.75 0.5986845125 0.75 0.5959937953125001 0.751953125 0.5825402109375 0.75390625 0.5798494953125 0.751953125 0.5475608921874999 0.751953125 0.544870175 0.75 0.5341073078125 0.75 0.531416590625 0.751953125 0.4991279875 0.751953125 0.4964372703125 0.75390625 0.45338580000000006 0.75390625 0.4493497234375 0.7587890625 0.4493497234375 0.7607421875 0.45607651718750003 0.765625 0.48029296875 0.765625 0.48298368593749996 0.763671875 0.4991279875 0.763671875 0.5018187046875 0.765625 0.508545496875 0.7646484375 0.630973115625 0.763671875 0.6336638328124999 0.76171875 0.6444267 0.76171875 0.6471174171875 0.763671875
6 0.7493646593750001 0.78125 0.7655089609375 0.78125 0.7695450359375 0.7783203125 0.7628182453125001 0.771484375 0.7009317546875 0.771484375 0.6982410390625 0.76953125 0.6847874546875 0.76953125 0.6820967375 0.771484375 0.6471174171875 0.771484375 0.6444267 0.76953125 0.6390452671875 0.771484375 0.6336638328124999 0.771484375 0.630973115625 0.76953125 0.6067566640625001 0.76953125 0.604065946875 0.771484375 0.6013752296875 0.76953125 0.5959937953125001 0.771484375 0.57177734375 0.771484375 0.5690866265625 0.76953125 0.5556330421875 0.76953125 0.552942325 0.771484375 0.539488740625 0.771484375 0.5367980234374999 0.76953125 0.5233444390625 0.76953125 0.520653721875 0.771484375 0.48836511875 0.771484375 0.485674403125 0.7734375 0.48029296875 0.7734375 0.47760225156249997 0.771484375 0.46953010156249997 0.771484375 0.46683938437499994 0.7734375 0.45607651718750003 0.771484375 0.4493497234375 0.7744140625 0.4493497234375 0.7822265625 0.45338580000000006 0.78515625 0.6565349265625 0.7841796875 0.7063131890625 0.783203125 0.70900390625 0.78125 0.7466739421875 0.783203125 0.7493646593750001 0.78125
6 0.539488740625 0.802734375 0.5825402109375 0.802734375 0.585230928125 0.80078125 0.6013752296875 0.80078125 0.604065946875 0.802734375 0.6094473812500001 0.802734375 0.612138096875 0.80078125 0.622900965625 0.80078125 0.6282823984375 0.802734375 0.630973115625 0.80078125 0.6659524359375 0.80078125 0.6699885109375 0.7978515625 0.6699885109375 0.7919921875 0.6605710015625 0.791015625 0.657880284375 0.7890625 0.544870175 0.7890625 0.5421794578125 0.791015625 0.5072001375 0.791015625 0.5018187046875 0.7890625 0.4991279875 0.791015625 0.45338580000000006 0.791015625 0.4493497234375 0.7939453125 0.4493497234375 0.7998046875 0.45338580000000006 0.802734375 0.48836511875 0.802734375 0.4910558359375 0.8046875 0.49509191250000006 0.8037109375 0.5233444390625 0.802734375 0.5260351562500001 0.80078125 0.5367980234374999 0.80078125 0.539488740625 0.802734375
6 0.622900965625 0.8203125 0.668643153125 0.8203125 0.6699885109375 0.8115234375 0.593303078125 0.810546875 0.5906123625 0.80859375 0.577158778125 0.80859375 0.5744680609375 0.810546875 0.5637051921875 0.810546875 0.5610144765625 0.8125 0.539488740625 0.8125 0.5367980234374999 0.810546875 0.5260351562500001 0.810546875 0.5233444390625 0.80859375 0.5098908546875001 0.80859375 0.5072001375 0.810546875 0.48836511875 0.810546875 0.485674403125 0.8125 0.48029296875 0.8125 0.47760225156249997 0.810546875 0.45607651718750003 0.810546875 0.452040440625 0.8134765625 0.45338580000000006 0.822265625 0.48029296875 0.822265625 0.48298368593749996 0.8203125 0.48836511875 0.822265625 0.531416590625 0.822265625 0.539488740625 0.818359375 0.544870175 0.818359375 0.5475608921874999 0.8203125 0.558323759375 0.818359375 0.5610144765625 0.8203125 0.589267003125 0.8212890625 0.612138096875 0.8203125 0.6148288140625 0.818359375 0.6202102484375 0.818359375 0.622900965625 0.8203125
6 0.5502516078124999 0.84375 0.552942325 0.841796875 0.585230928125 0.841796875 0.5879216453125 0.83984375 0.593303078125 0.841796875 0.5959937953125001 0.83984375 0.6202102484375 0.83984375 0.6242463234375 0.8369140625 0.6242463234375 0.8310546875 0.6175195312499999 0.828125 0.493746553125 0.828125 0.4910558359375 0.830078125 0.45338580000000006 0.830078125 0.4493497234375 0.8330078125 0.4493497234375 0.8408203125 0.45607651718750003 0.84375 0.48298368593749996 0.84375 0.48836511875 0.845703125 0.493746553125 0.841796875 0.512581571875 0.841796875 0.5152722890625 0.84375 0.5233444390625 0.84375 0.5260351562500001 0.845703125 0.5273805140625 0.8447265625 0.531416590625 0.841796875 0.5367980234374999 0.841796875 0.539488740625 0.84375 0.5502516078124999 0.84375
6 0.6417359828125 0.876953125 0.6471174171875 0.876953125 0.649808134375 0.87890625 0.6928596046875 0.87890625 0.6968956796875 0.8759765625 0.6968956796875 0.8701171875 0.6820967375 0.869140625 0.6794060203125001 0.8671875 0.6659524359375 0.8671875 0.6632617187500001 0.869140625 0.6605710015625 0.8671875 0.65518956875 0.869140625 0.6390452671875 0.869140625 0.63635455 0.8671875 0.6282823984375 0.8671875 0.62559168125 0.869140625 0.6013752296875 0.869140625 0.5986845125 0.8671875 0.5959937953125001 0.869140625 0.593303078125 0.8671875 0.4964372703125 0.8671875 0.485674403125 0.87109375 0.48029296875 0.869140625 0.45338580000000006 0.869140625 0.4493497234375 0.8720703125 0.4493497234375 0.8759765625 0.45338580000000006 0.880859375 0.46683938437499994 0.880859375 0.46953010156249997 0.87890625 0.47222081875 0.880859375 0.48836511875 0.880859375 0.4910558359375 0.8828125 0.5058547796874999 0.8818359375 0.5825402109375 0.880859375 0.585230928125 0.87890625 0.6390452671875 0.87890625 0.6417359828125 0.876953125
6 0.552942325 0.90234375 0.5098908546875001 0.90234375 0.5072001375 0.900390625 0.504509421875 0.90234375 0.4910558359375 0.90234375 0.48836511875 0.904296875 0.48298368593749996 0.90234375 0.474911534375 0.90234375 0.47222081875 0.904296875 0.4587672328125 0.904296875 0.45607651718750003 0.90625 0.45069508281250004 0.904296875 0.443968290625 0.9111328125 0.4466590078125 0.9189453125 0.45069508281250004 0.921875 0.48836511875 0.921875 0.4910558359375 0.923828125 0.508545496875 0.9228515625 0.5556330421875 0.921875 0.5596691171875 0.9189453125 0.5596691171875 0.9052734375 0.552942325 0.90234375
6 0.41706112187500005 0.8408203125 0.41975183749999995 0.8369140625 0.4184064796875 0.826171875 0.38880859375 0.826171875 0.3861178765625 0.82421875 0.3457571234375 0.82421875 0.34306640625 0.826171875 0.32423138749999997 0.826171875 0.321540671875 0.828125 0.3161592375 0.828125 0.3121231625 0.8310546875 0.3134685203125 0.8359375 0.3188499546875 0.8359375 0.32423138749999997 0.837890625 0.32961282187499996 0.84375 0.3403756890625 0.845703125 0.3457571234375 0.853515625 0.390153953125 0.8525390625 0.390153953125 0.8486328125 0.3968807453125 0.845703125 0.39957146093749996 0.841796875 0.41706112187500005 0.8408203125
6 0.37266429218749997 0.681640625 0.375355009375 0.6796875 0.4049528953125 0.6796875 0.40898897031250003 0.6748046875 0.40898897031250003 0.6669921875 0.4184064796875 0.6640625 0.42244255468749997 0.6611328125 0.42244255468749997 0.6572265625 0.4130250453125 0.65234375 0.402262178125 0.65234375 0.39957146093749996 0.654296875 0.3914993109375 0.654296875 0.38880859375 0.65234375 0.3457571234375 0.65234375 0.34306640625 0.654296875 0.32423138749999997 0.654296875 0.321540671875 0.65625 0.3161592375 0.65625 0.314813878125 0.6611328125 0.32826746406249996 0.6650390625 0.32826746406249996 0.6767578125 0.33095817968749996 0.6806640625 0.3349942546875 0.68359375 0.341721046875 0.6826171875 0.356519990625 0.681640625 0.35921070781250003 0.6796875 0.36459214218749997 0.681640625 0.37266429218749997 0.681640625
6 0.402262178125 0.53125 0.4130250453125 0.53125 0.4184064796875 0.529296875 0.42244255468749997 0.5244140625 0.42244255468749997 0.5166015625 0.4184064796875 0.513671875 0.4130250453125 0.513671875 0.410334328125 0.51171875 0.3457571234375 0.51171875 0.34306640625 0.513671875 0.3269221046875 0.513671875 0.3175045953125 0.5166015625 0.3175045953125 0.5224609375 0.3269221046875 0.529296875 0.3349942546875 0.53125 0.341721046875 0.5361328125 0.34306640625 0.54296875 0.348447840625 0.544921875 0.379391084375 0.5439453125 0.39419002812500004 0.54296875 0.398226103125 0.5400390625 0.398226103125 0.5341796875 0.402262178125 0.53125
6 0.612138096875 0.126953125 0.6430813421875 0.1083984375 0.6336638328124999 0.06640625 0.504509421875 0.064453125 0.45338580000000006 0.06640625 0.4493497234375 0.0693359375 0.44127757343749996 0.1064453125 0.47760225156249997 0.12890625 0.5744680609375 0.12890625 0.612138096875 0.126953125
6 0.3349942546875 0.154296875 0.43455078125 0.15625 0.7386017921875 0.154296875 0.7574368109375 0.15234375 0.7614728859375 0.1494140625 0.7614728859375 0.1435546875 0.7493646593750001 0.140625 0.3780457265625 0.140625 0.32423138749999997 0.142578125 0.3201953125 0.1455078125 0.3201953125 0.1494140625 0.32423138749999997 0.15234375 0.3349942546875 0.154296875
6 0.653844209375 0.1650390625 0.653844209375 0.1591796875 0.649808134375 0.15625 0.5421794578125 0.15625 0.439932215625 0.158203125 0.429169346875 0.16015625 0.42782398906249997 0.1650390625 0.43455078125 0.173828125 0.6444267 0.171875 0.653844209375 0.1650390625
6 0.512581571875 0.19140625 0.7574368109375 0.189453125 0.7991429234375 0.1845703125 0.7977975640625 0.17578125 0.612138096875 0.171875 0.32961282187499996 0.173828125 0.28387063437500004 0.177734375 0.28252527656250004 0.1845703125 0.2865613515625 0.1875 0.29732421875 0.189453125 0.512581571875 0.19140625
6 0.4157157625 0.23828125 0.6632617187500001 0.240234375 0.67133386875 0.23828125 0.7360795921875 0.22252886562500002 0.7399444734375 0.2096298703125 0.7009317546875 0.208984375 0.57177734375 0.19140625 0.48836511875 0.193359375 0.4049528953125 0.208984375 0.40360753593750004 0.2197265625 0.406298253125 0.2314453125 0.40898897031250003 0.2353515625 0.4157157625 0.23828125
6 0.44910427343750003 0.9018106765624999 0.6216709578125 0.8994532843749999 0.6212205609375 0.8862309609375 0.449764990625 0.8876690843749999 0.44910427343750003 0.9018106765624999
6 0.47222081875 0.849609375 0.45338580000000006 0.8515625 0.45338580000000006 0.861328125 0.573122703125 0.8583984375 0.57177734375 0.849609375 0.47222081875 0.849609375
6 0.45108641406250005 0.728103790625 0.5568275203125 0.7240715859375 0.5568008359375 0.7115653234375 0.45141677812500003 0.713003446875 0.45108641406250005 0.728103790625
6 0.4504256953125 0.651266140625 0.701382953125 0.649421940625 0.699845671875 0.63520705625 0.4507560609375 0.636165803125 0.4504256953125 0.651266140625
6 0.4524078484375 0.6191479625 0.45141677812500003 0.6323308 0.6580163234375 0.6287358937499999 0.6568991875 0.6172304609375 0.5511847671875 0.6153129500000001 0.4524078484375 0.6191479625
6 0.4527382015625 0.5728881984374999 0.494693628125 0.5748056953125 0.575000203125 0.57147451875 0.5769526421875 0.5587466015625 0.4527382015625 0.5587466015625 0.4527382015625 0.5728881984374999
6 0.45141677812500003 0.5366134046875 0.5667398921875 0.5366979765625 0.5703454906250001 0.5207940046874999 0.4547203546875 0.5205543109375 0.45141677812500003 0.5366134046875
6 0.449443484375 0.476438625 0.67209563125 0.4744463375 0.67209563125 0.462461940625 0.4550507078125 0.461503175 0.449443484375 0.476438625