6 0.5542100765625 0.126357890625 0.5240522125 0.124462203125 0.504617134375 0.12509409062500002 0.4902653640625 0.12973853125 0.49032008125 0.148158503125 0.5162335140625001 0.1475265921875 0.553986678125 0.145314940625 0.5542100765625 0.126357890625
7 0.6940194671875 0.20218825156250003 0.6950451375 0.17723729531250002 0.5959657453125 0.1749162640625 0.5188356125 0.1711446125 0.409367084375 0.172014990625 0.35496479999999997 0.1714347484375 0.34983646562500004 0.184200346875 0.3495933015625 0.198424946875 0.45178085625 0.199286978125 0.5221415796875 0.1995771046875 0.575899596875 0.20305862968750002 0.6940194671875 0.20218825156250003
6 0.047144171875 0.2911615453125 0.048226521875 0.29784148125 0.0704640640625 0.2999289625 0.093095203125 0.2990939640625 0.093291975 0.2825333046875 0.0914224578125 0.28072415 0.09004490937500001 0.265572115625 0.08561708125 0.26404129374999996 0.085223496875 0.2416356875 0.0921112390625 0.239269878125 0.09280000625 0.22549251250000002 0.065544253125 0.2236833640625 0.056885387499999995 0.2231267046875 0.05403190625 0.22382253125 0.0505880421875 0.2259100109375 0.0500386828125 0.22743339218749997 0.05098161875 0.241362521875 0.054819071875 0.24692913593750002 0.049997653125 0.2720235484375 0.047144171875 0.2911615453125
6 0.1344797546875 0.287789046875 0.12232883593749999 0.2900997015625 0.123554134375 0.333217984375 0.13693035781250001 0.33798370312500003 0.1544930359375 0.3355286296875 0.1643975609375 0.33726162187500003 0.16654185 0.32845225624999996 0.164601784375 0.3067898796875 0.168686125 0.29798051718749996 0.16827770625 0.2898932265625 0.16470390937499998 0.28888231875 0.1557183328125 0.290037646875 0.1552077890625 0.2661488984375 0.1654186484375 0.26138317031249997 0.1658270828125 0.2444865234375 0.16684817031250002 0.2238093875 0.1354471234375 0.22386275156250002 0.1315103984375 0.2232895921875 0.128442071875 0.22558223593750001 0.12462891093749999 0.22659384062500001 0.12416679687500001 0.24299639062499997 0.12620896718750002 0.25758238906250003 0.1344797546875 0.2658140890625 0.1344797546875 0.287789046875
6 0.1830569 0.26475374375 0.187808125 0.266609559375 0.24073455625 0.2673909375 0.2421709859375 0.25051322656249997 0.2400447140625 0.24713651875 0.22999449843750003 0.24776362500000002 0.230142290625 0.2258590078125 0.2156256015625 0.223204109375 0.2141959109375 0.2228249734375 0.21276622031249998 0.22295135156249998 0.2047688921875 0.224910225 0.1948930640625 0.22780145937500001 0.1949902015625 0.2485442375 0.1890235546875 0.247294046875 0.18360936875 0.24979443906249998 0.1830569 0.26475374375
6 0.256466396875 0.2677185203125 0.256652196875 0.2826868765625 0.2630932265625 0.2843511609375 0.2630312921875 0.2991956765625 0.305331503125 0.2988453 0.3066940359375 0.2840419109375 0.3073133671875 0.2807133359375 0.3117858375 0.28000770468749997 0.3122193640625 0.27159868125000003 0.3096181859375 0.26905845156249997 0.29487813281249997 0.2689555234375 0.2963645265625 0.244779575 0.295869065625 0.24118822031249998 0.30918465 0.240152659375 0.308874984375 0.22499889374999998 0.28127475 0.2247877671875 0.2762954421875 0.2231119671875 0.2741984859375 0.2231119671875 0.272567521875 0.223990721875 0.25959747499999997 0.22657206406250002 0.2588766859375 0.2260025890625 0.26117330625 0.23934084531250002 0.27325023125 0.24091753749999997 0.27380762812500004 0.2683316796875 0.256466396875 0.2677185203125
6 0.333314375 0.263645828125 0.3333802265625 0.2747698046875 0.3521475078125 0.2776569625 0.369125928125 0.27672561875 0.367808921875 0.260147740625 0.3768962421875 0.2586575921875 0.37643528593750003 0.2246744921875 0.36951068125000003 0.22322430781249997 0.36481385 0.2236189328125 0.3626282046875 0.22526321093749999 0.32914590625 0.225197440625 0.327378784375 0.22598669375 0.3270424125 0.22573689687499998 0.32803641093749997 0.2405452828125 0.32679521562499997 0.2534942046875 0.32877071562500004 0.26299389375 0.333314375 0.263645828125
6 0.3971957203125 0.290877321875 0.42029054375 0.28994109687499997 0.42198220312499995 0.2777701734375 0.4195550375 0.2663274265625 0.41837824531249995 0.251971978125 0.4182311296875 0.24874720312499998 0.39373885625 0.24853915624999998 0.3923121671875 0.25153983593749996 0.3938124 0.26629376250000003 0.3893258296875 0.2697265875 0.3886638765625 0.289108896875 0.3971957203125 0.290877321875
6 0.483052634375 0.31630478125 0.48592900937500005 0.30144032656249997 0.48869476718750005 0.294242803125 0.486592809375 0.28203830625 0.48504397343749994 0.27890894843749997 0.486260909375 0.2647234921875 0.48836288124999994 0.24923316718750002 0.48703531250000004 0.2268582609375 0.46731048125 0.2241555515625 0.4533577390625 0.2231330703125 0.451261196875 0.2232353203125 0.44894778593750007 0.22548477656250002 0.43521191718749996 0.22671175156249998 0.435645684375 0.2269162515625 0.43604666875 0.22685072499999998 0.43747310156249997 0.2664832359375 0.4354817625 0.3026920703125 0.4430046015625 0.3152095046875 0.483052634375 0.31630478125
6 0.5743329921875 0.2248684828125 0.566205896875 0.2230144375 0.5612560421875 0.2230144375 0.524885284375 0.2262104484375 0.5228697890625 0.22880435625 0.5221100171875 0.24526812812499998 0.5501280703125 0.24526812812499998 0.5721777828125 0.24175095 0.5743329921875 0.2248684828125
6 0.639017503125 0.259996784375 0.6505313265625 0.262279646875 0.694864903125 0.2621274578125 0.7787978703125 0.2624318375 0.7913877484375 0.2619752734375 0.7934322609375 0.24523428749999998 0.7848238015625 0.24310361406249997 0.7739556109375 0.24462552187500003 0.77374040625 0.2262104484375 0.7486886421875 0.22564489999999998 0.7189248078125 0.22314521250000002 0.71416183125 0.22295455937500003 0.695320446875 0.22384428125000003 0.667954890625 0.22556016875 0.6589386734375 0.2262979859375 0.658709365625 0.24751715000000002 0.6417076500000001 0.24508209062500003 0.64084680625 0.25223506093750003 0.639017503125 0.259996784375
6 0.8459127484375 0.26217016718749997 0.8513743015624999 0.2681329140625 0.8513743015624999 0.274231171875 0.8586563593750001 0.2792452890625 0.8863473390625 0.27897425625 0.8929586875 0.2774835625 0.8889343999999999 0.25959534375 0.8988035046875 0.259188790625 0.900144925 0.24672124687500002 0.89602481875 0.24319780937500002 0.8874971593750001 0.24482400937499998 0.88989256875 0.22585165 0.8768614984375 0.22408993437500002 0.8536738906249999 0.22612268750000003 0.85340291875 0.22721079687499998 0.8535878359375 0.2431720140625 0.8456253031250001 0.2430622921875 0.843613159375 0.249838140625 0.8459127484375 0.26217016718749997
6 0.9103747437499999 0.26032069999999996 0.9182304234374999 0.2587703984375 0.916951590625 0.2741566546875 0.9247159234375 0.27764485625 0.9571434375000001 0.278290821875 0.9586963140625 0.2757069703125 0.9555905734374999 0.2587827265625 0.96445105625 0.2574908 0.9656385406249999 0.24444233906249999 0.9598837984375 0.2427628328125 0.9542204046875 0.242892025 0.9550352296875 0.2249679359375 0.9521238171874999 0.2227443734375 0.9229514671875 0.2234032046875 0.9209314421875 0.22530920000000002 0.92176156875 0.24272495468750002 0.9105546890625 0.24213790937500002 0.910192059375 0.2524399484375 0.9103747437499999 0.26032069999999996
6 0.5277976109375 0.3290348953125 0.52621938125 0.314972315625 0.5247989703125 0.30749459687499997 0.536872471875 0.30381153906249997 0.5341105515625 0.29194321875 0.5157241078125 0.29015749999999996 0.5046572968749999 0.2908643015625 0.5090737484375001 0.31040799375 0.5150139031250001 0.31627727031249997 0.5150139031250001 0.328700078125 0.5277976109375 0.3290348953125
6 0.5632324359374999 0.3313247765625 0.57222838125 0.330208703125 0.5765685328125 0.3228425875 0.574437903125 0.3057665984375 0.5838284093749999 0.3039808765625 0.5831971078125 0.2914423171875 0.5664678078125001 0.289879809375 0.5548575015625 0.2914754328125 0.5546310484375 0.3022111375 0.5633113390625 0.3062290171875 0.56212766875 0.3240702765625 0.5632324359374999 0.3313247765625
6 0.6441166078125 0.2701102859375 0.6211418140625 0.2696173109375 0.6050513921875 0.270666034375 0.6047268109374999 0.272850234375 0.6070355140625 0.285234896875 0.6410612390625 0.2860205953125 0.6446721265625001 0.28228854375 0.6441166078125 0.2701102859375
6 0.6333764796875 0.3521144578125 0.6381961859375 0.3500170078125 0.637454690625 0.3362787515625 0.61053115625 0.337104059375 0.60883300625 0.3443539125 0.6102418515625 0.3508559890625 0.6333764796875 0.3521144578125
6 0.6846433015625 0.3520095890625 0.6878317218750001 0.34980726406249996 0.688350775 0.33575439218750003 0.6634365671875 0.3379567078125 0.6632141171875 0.3464513578125 0.668775325 0.3515900953125 0.6846433015625 0.3520095890625
6 0.732596246875 0.3361299296875 0.709090865625 0.3356055703125 0.709449046875 0.33899120312500003 0.7115378 0.3522802484375 0.734153371875 0.3515461421875 0.734375815625 0.34189790000000003 0.732596246875 0.3361299296875
6 0.7791834796875 0.35049742031250003 0.779702521875 0.3374932671875 0.7736222765625 0.3360250546875 0.757976740625 0.33633967343750004 0.7574067078125 0.3367502203125 0.7564196046875 0.34441483125 0.761239321875 0.35102177968750004 0.7759209171875 0.3507071640625 0.7791834796875 0.35049742031250003
6 0.8253865203125 0.3364445453125 0.8069233109375 0.33717865156250004 0.80084305625 0.33843711718749997 0.8017779703125001 0.3385194171875 0.8038090421874999 0.3498681859375 0.81945456875 0.3522802484375 0.827314403125 0.3492389546875 0.8253865203125 0.3364445453125
6 0.8291681437499999 0.2970554390625 0.8282041921875001 0.2803807578125 0.8276109984375 0.27104713125 0.8211600062500001 0.268005840625 0.8171559374999999 0.26790096874999997 0.811446440625 0.27125687656249997 0.800546459375 0.27041789843749997 0.8016587046874999 0.29600672031249997 0.805292025 0.3255806796875 0.8113722796875 0.329670696875 0.825608965625 0.32820247812500003 0.8291681437499999 0.2970554390625
6 0.768552009375 0.2707391953125 0.7566139546875 0.2701099578125 0.7555758625 0.2840537890625 0.75861599375 0.2868853375 0.759505784375 0.29443614375 0.7618044140625 0.30565746250000003 0.7731492765625 0.3067061875 0.7783397359374999 0.3046087359375 0.778488034375 0.290765615625 0.7813798578125 0.2707350234375 0.7772274921875 0.26769790000000004 0.7693676578125 0.26832713125 0.768552009375 0.2707391953125
6 0.7338881921875 0.270638746875 0.71626725 0.2690971859375 0.7151772984375 0.2676840875 0.71018166875 0.2681979390625 0.711495390625 0.27351133125 0.7129065578125 0.2837420296875 0.7327982421875 0.285668984375 0.733979025 0.2734649484375 0.7338881921875 0.270638746875
6 0.687139303125 0.3057093125 0.6875026203125 0.290422140625 0.6865034953125 0.2719233828125 0.6857768609375 0.2690971859375 0.6808900578125 0.2682232890625 0.6761174796875 0.268069878125 0.6720499390625 0.2696039765625 0.6670583546875 0.27048059062499996 0.6659760046875001 0.28823825468750003 0.66570351875 0.30095614843749996 0.6698816843750001 0.30789318125 0.687139303125 0.3057093125
6 0.0678606875 0.372455484375 0.0719645953125 0.3726591359375 0.07441253125 0.3704188828125 0.0727565703125 0.3609487140625 0.067064559375 0.3598493453125 0.06663671875 0.3604395640625 0.0667807140625 0.365531053125 0.0678606875 0.372455484375
6 0.1496341 0.3701133921875 0.14797813906249999 0.36054139687500003 0.1443782234375 0.3593194375 0.14246157343750002 0.3601929203125 0.1415702953125 0.3661420296875 0.1430822546875 0.371437184375 0.14833813125 0.3735756046875 0.1496341 0.3701133921875
6 0.2170149609375 0.3704188828125 0.21643898749999999 0.3630871421875 0.2142790328125 0.3614578640625 0.20862629843749997 0.361681740625 0.2086631640625 0.37031705000000004 0.213487046875 0.372455484375 0.2170149609375 0.3704188828125
6 0.2880498625 0.3651237359375 0.28689789375 0.3593194375 0.2821606578125 0.36042196875 0.28113803437499996 0.364105434375 0.28135402656249997 0.37123351875 0.28675389375 0.37225181875 0.2880498625 0.3651237359375
6 0.3523326046875 0.373066453125 0.3539885765625 0.37092803281250003 0.35550052656250003 0.360134071875 0.34913523281250003 0.35904767187500003 0.347004728125 0.363392625 0.3476527125 0.371539009375 0.3523326046875 0.373066453125
6 0.40479372812500003 0.35942127031250004 0.39910586875 0.36135603125000004 0.40148181562499996 0.3738810875 0.40860964375000003 0.371437184375 0.40868164374999993 0.36288347656250003 0.40479372812500003 0.35942127031250004
6 0.465813246875 0.36929875 0.46437328750000006 0.35942127031250004 0.45904542031249995 0.3598285875 0.4588698765625 0.3607655421875 0.45882941875 0.3671603296875 0.462069340625 0.3681786234375 0.46343731093749996 0.3733719453125 0.465813246875 0.36929875
6 0.523688878125 0.361050540625 0.5169930421875 0.3597267625 0.517353034375 0.371029859375 0.5221769078125 0.37225181875 0.5254888296875 0.3649200765625 0.523688878125 0.361050540625
6 0.5689601078125001 0.359495275 0.5652031515625 0.3598493453125 0.5650722 0.37161301406249997 0.5720560390625 0.3728349796875 0.5729200046875 0.3640776125 0.5689601078125001 0.359495275
6 0.630527078125 0.361022725 0.6217432875 0.36000442499999996 0.6189353671875 0.359291615625 0.6181673265625001 0.3611091171875 0.6171742734375 0.37079838593750003 0.623366125 0.3728349796875 0.6304939546874999 0.37028923593749996 0.630527078125 0.361022725
6 0.6834724453125001 0.365197746875 0.6795845390624999 0.3591897859375 0.6715364265625 0.35973482031250004 0.670080775 0.36611420781250004 0.6718807265625 0.3721221640625 0.6815284921875 0.37252948125 0.6834724453125001 0.365197746875
6 0.7166473359375 0.37079838593750003 0.7193112828125 0.37242765625 0.7295350234375 0.37446425 0.729895015625 0.3687617921875 0.7276630703125 0.359495275 0.7175113203125 0.3595971109375 0.71635934375 0.36000442499999996 0.716503334375 0.3635684625 0.7166473359375 0.37079838593750003
6 0.763087884375 0.3723258296875 0.7708637078125 0.3728349796875 0.7753275875 0.37079838593750003 0.7759035812499999 0.3621428578125 0.7635198671875 0.359291615625 0.7622239078125 0.36000442499999996 0.7614319218750001 0.36682701562500003 0.763087884375 0.3723258296875
6 0.811444490625 0.3718166796875 0.82087625625 0.37222399687499996 0.8212362484375 0.3595971109375 0.8099325203125 0.359495275 0.8085645515625 0.361226384375 0.8075565750000001 0.36967825312499997 0.811444490625 0.3718166796875
6 0.8750284515625 0.373981578125 0.8777644 0.37082485 0.8776203890625001 0.360132721875 0.8659813546875 0.3599638703125 0.865812678125 0.36278030625 0.8649486921875 0.3729632765625 0.8750284515625 0.373981578125
6 0.9303307406249999 0.359980925 0.9319147015624999 0.36395228749999997 0.9314827093750001 0.3687382921875 0.9329946796874999 0.37199683906250003 0.9445143984375 0.372200496875 0.9453063937499999 0.362221178125 0.9421384625 0.3580461625 0.9303307406249999 0.359980925
7 0.22281218749999998 0.4896767765625 0.11609906875 0.48482945156249996 0.0640666984375 0.48703278125000005 0.051292289062499996 0.49033778124999994 0.058146848437499996 0.5112694234374999 0.120305278125 0.5112694234374999 0.2184501875 0.5154557515625 0.2270183984375 0.5079644234375 0.22281218749999998 0.4896767765625
5 0.065697140625 0.5340671609375 0.065640521875 0.6792566859375 0.9346479078125001 0.6791523828125 0.9347595640625 0.5342670968750001 0.065697140625 0.5340671609375
5 0.013156190625 0.502219825 0.0130736859375 0.7366769890625 0.959448028125 0.7369927140625 0.9590904078125 0.5024568953124999 0.013156190625 0.502219825
6 0.0779814 0.57432834375 0.15987287187500002 0.57432834375 0.1604630796875 0.5597201609375 0.1522001671875 0.5559637703125 0.1563316328125 0.5388513203125 0.12875068125 0.5356209140625 0.12065595312499999 0.5358619421874999 0.08486870468749999 0.5363439890625 0.07935183125 0.5367970140625 0.07812894687500001 0.5551290125 0.0737023875 0.5603462234375 0.07429259375 0.570780640625 0.0779814 0.57432834375
6 0.20288547656249997 0.5708105234375 0.2015221578125 0.5792227343749999 0.17493734375 0.57886119375 0.17255152499999998 0.58428425 0.174617409375 0.5956379921875 0.19080687968750001 0.5962405515625 0.1908920890625 0.6093763937500001 0.2020847265625 0.6138353624999999 0.236447184375 0.6128712515625 0.2385773734375 0.5957585 0.253829540625 0.5956379921875 0.2546816203125 0.5806944546875 0.247183346875 0.57948933125 0.221621028125 0.580573946875 0.22349559531250002 0.5599724078125 0.223836425 0.554669859375 0.25791951874999997 0.5539467890625 0.25800471875 0.5392199843750001 0.2223026859375 0.5358456390625 0.21488961718750002 0.5358456390625 0.17825029375 0.5362071734375 0.1718575296875 0.53795919375 0.17229590625 0.55189008125 0.18618476718750002 0.558156725 0.20424881875 0.556590075 0.20288547656249997 0.5708105234375
6 0.30783934999999996 0.57375723125 0.34976855625000003 0.57351801875 0.3517875640625 0.5634708984375 0.3476155125 0.5531845671875 0.3472208546875 0.5378746734375001 0.3314346984375 0.5359609359374999 0.32737540625 0.5359609359374999 0.3114764921875 0.5393897125 0.31214559999999997 0.5566415874999999 0.308008484375 0.5595636875000001 0.307613834375 0.5661022874999999 0.30783934999999996 0.57375723125
6 0.4382337609375 0.5735478765625001 0.49960154375 0.5725437765625 0.5298051140625 0.5722462078125 0.530577325 0.5622118140625 0.528646775 0.557706575 0.51648430625 0.557706575 0.5210210984375 0.5443922031249999 0.519380134375 0.5387947890625 0.477274240625 0.5374978234375 0.46308324843750004 0.5357288859375 0.46030858593749996 0.5357288859375 0.45635564375 0.5384705249999999 0.44636770468750003 0.538752290625 0.4472419140625 0.559986553125 0.4352310421875 0.5574061875 0.43454688125 0.57198890625 0.4382337609375 0.5735478765625001
6 0.622384440625 0.5530443734375 0.622456703125 0.5393477437499999 0.6137120781250001 0.538632246875 0.5973791078125 0.539654384375 0.5946476703125 0.5414578609375 0.596511875 0.5701140625 0.598390884375 0.5758380265625 0.6218785484375 0.5726694046875 0.622384440625 0.5530443734375
6 0.6596983515625 0.624676096875 0.6664917046875 0.6284580140625 0.698507196875 0.628049153125 0.701397984375 0.6152724390625 0.7008198296875 0.6116949609375 0.70551735625 0.6107750375000001 0.70508374375 0.5905798390625 0.705011471875 0.5555056359375 0.7047946671875 0.5387425984374999 0.68123473125 0.536289465625 0.66894888125 0.5358806125 0.665624471875 0.536289465625 0.6591924687499999 0.5387425984374999 0.655208953125 0.5391587296875 0.6541335875 0.561001315625 0.653121809375 0.608988875 0.658325234375 0.6164990031250001 0.6596983515625 0.624676096875
6 0.75288809375 0.5824769187500001 0.7394165484374999 0.582276359375 0.7266540375 0.5808724328125 0.7130406875 0.582276359375 0.71403603125 0.594375146875 0.7243142406249999 0.5973184296875 0.750831915625 0.5973184296875 0.7531007984375 0.591803003125 0.75288809375 0.5824769187500001
6 0.7984533125 0.5959145046875001 0.799304153125 0.5825772031249999 0.7835637046875 0.579769346875 0.775622590625 0.5800701921875 0.7666888296875001 0.57946850625 0.7608747984375 0.58057159375 0.7571823171875 0.581405184375 0.7570713640625 0.5877917859374999 0.757638584375 0.5948114171875 0.76735228125 0.5977195531249999 0.7984533125 0.5959145046875001
6 0.83016941875 0.5823766390625 0.815279821875 0.5808724328125 0.8098202999999999 0.5799699078125 0.80783501875 0.5810729968749999 0.8081895328125 0.5952125406250001 0.8214483640625 0.596817028125 0.8304530390625 0.596917309375 0.83016941875 0.5823766390625
6 0.8830222953125 0.587089825 0.8828095906250001 0.582878040625 0.8618932515625 0.5812735546875001 0.8584190109375 0.579769346875 0.8547320578125 0.5796690671875 0.8511869140625 0.581373834375 0.8400455171875001 0.581969096875 0.8395588500000001 0.589897675 0.8412605125000001 0.596014784375 0.8816751484375001 0.596817028125 0.8830222953125 0.587089825
6 0.9333446249999999 0.582275846875 0.9195554578125 0.5813347734375001 0.9040469296874999 0.58024891875 0.8990309734374999 0.5801765328124999 0.8966765499999999 0.5824206281250001 0.8919165031249999 0.5829273609375 0.884494934375 0.5829273609375 0.8843414140625001 0.5948565218749999 0.8968697062500001 0.5989798578125 0.89852439375 0.6180363796874999 0.9116830437500001 0.6187050265625 0.9190109109375 0.618927909375 0.919538590625 0.5978612640625001 0.9322697718749999 0.5968263031250001 0.9331910718750001 0.590166390625 0.9333446249999999 0.582275846875
6 0.9028704140625001 0.64868255625 0.920990390625 0.6491801796875001 0.9216940828125001 0.63250970625 0.9160645703125001 0.63064360625 0.896211828125 0.6332758921874999 0.8960974015625001 0.6417157859375 0.897416821875 0.6479361109374999 0.9028704140625001 0.64868255625
6 0.8726102671874999 0.6317591015625 0.8635856328125 0.6302574625 0.8586751749999999 0.63063286875 0.8479252546874999 0.6349500609375001 0.8477804453125 0.635659478125 0.8487215328125 0.6494032562500001 0.8699559640625001 0.651092590625 0.8735392750000001 0.6465876953125 0.8726102671874999 0.6317591015625
6 0.831922765625 0.6343869453125001 0.8290030343750001 0.6304451656250001 0.8132099187499999 0.631195978125 0.8064297515625001 0.6337595375 0.8048488609375 0.6480893265625001 0.8259505828125 0.65128029375 0.831790046875 0.649966365625 0.831922765625 0.6343869453125001
6 0.7868059640625 0.6302574625 0.76596968125 0.6343869453125001 0.7649079640625 0.637765615625 0.7641833765625 0.6428370359375 0.7683585546875 0.6509048875000001 0.7895929875000001 0.648840146875 0.7893275484375 0.6336361390625 0.7868059640625 0.6302574625
6 0.7373738999999999 0.649966365625 0.7462658156249999 0.649215553125 0.7481238203125 0.639642653125 0.7437442234375 0.628380425 0.7165629015625 0.6320707 0.716803046875 0.6435844390625001 0.71892648125 0.6494032562500001 0.7373738999999999 0.649966365625
3 0.5065959015625 0.9221108484375 0.4935662328125 0.9221108484375 0.4920232453125 0.925748021875 0.4930518984375 0.9373869671874999 0.503681375 0.9390843156249999 0.50676735 0.9330223625 0.5065959015625 0.9221108484375