7 0.3156611078125 0.11917873125 0.062467520312500004 0.116974790625 0.05544458125 0.1420215359375 0.31721930625 0.13664675937499998 0.3156611078125 0.11917873125
7 0.0618181703125 0.20689075781250002 0.2539602921875 0.20651892656249998 0.25292151875 0.186363496875 0.0602262484375 0.188379034375 0.0618181703125 0.20689075781250002
4 0.0910389484375 0.1564705890625 0.4804162296875 0.160833265625 0.4798968046875 0.1393341609375 0.09035109375 0.1433652359375 0.0910389484375 0.1564705890625
4 0.088441546875 0.2262184875 0.8200218765624999 0.22600249374999998 0.8184636781249999 0.20853446406249998 0.0867235421875 0.20853446406249998 0.088441546875 0.2262184875
5 0.1607545375 0.24989040624999997 0.159006209375 0.544633871875 0.8028758843749999 0.5433946109375001 0.8019176859374999 0.245944803125 0.1607545375 0.24989040624999997
5 0.1588837703125 0.6121573671875 0.1596992625 0.7709872171875001 0.47911765468749995 0.76878356875 0.47996948906250003 0.6112264328125 0.1588837703125 0.6121573671875
7 0.0651721515625 0.5680577812500001 0.0591889484375 0.5900400453125 0.2312489953125 0.588938221875 0.23210076562499998 0.5669022453125 0.0651721515625 0.5680577812500001
6 0.061977437499999996 0.8106055 0.8734929859375 0.8115015874999999 0.876048228125 0.7883638296875 0.0574854109375 0.7850583999999999 0.061977437499999996 0.8106055
6 0.189453125 0.3096277578125 0.189453125 0.3020450359375 0.1865234375 0.2982536765625 0.1787109375 0.2982536765625 0.17578125 0.3020450359375 0.17578125 0.3096277578125 0.1787109375 0.3134191171875 0.189453125 0.3096277578125
6 0.189453125 0.43347885937499997 0.1748046875 0.4322150734375 0.173828125 0.44358915468750004 0.1845703125 0.4524356625 0.19140625 0.44106158124999995 0.189453125 0.43347885937499997
6 0.2236328125 0.4701286765625 0.3349609375 0.4701286765625 0.3427734375 0.467601103125 0.375 0.44106158124999995 0.373046875 0.43347885937499997 0.3681640625 0.4296875 0.2255859375 0.4296875 0.2138671875 0.4322150734375 0.2109375 0.43600643437500003 0.2109375 0.4638097421875 0.2138671875 0.467601103125 0.2236328125 0.4701286765625
6 0.3720703125 0.29319852968750004 0.208450675 0.2974064953125 0.2100936 0.33990949375 0.3720703125 0.3260569859375 0.37890625 0.31215533125 0.37890625 0.2995174640625 0.3720703125 0.29319852968750004
6 0.3515625 0.264131434375 0.3505859375 0.2552849265625 0.3369140625 0.252757353125 0.2607421875 0.252757353125 0.2490234375 0.2552849265625 0.248046875 0.2590762875 0.2529296875 0.26792279375 0.3486328125 0.26792279375 0.3515625 0.264131434375
6 0.5263671875 0.25022977968750004 0.4658203125 0.2552849265625 0.4658203125 0.26792279375 0.55078125 0.2666590078125 0.5498046875 0.2552849265625 0.5263671875 0.25022977968750004
6 0.19211778906250002 0.274561128125 0.2021484375 0.252757353125 0.1845703125 0.25022977968750004 0.1650390625 0.252757353125 0.170759865625 0.278280140625 0.1699383890625 0.29421876875 0.1943359375 0.295726103125 0.19211778906250002 0.274561128125
6 0.7509765625 0.2552849265625 0.7373046875 0.25022977968750004 0.6748046875 0.25022977968750004 0.6708984375 0.252757353125 0.6708984375 0.26792279375 0.7490234375 0.26792279375 0.751953125 0.26160385937499997 0.7509765625 0.2552849265625
6 0.4013671875 0.424632353125 0.4267578125 0.4296875 0.5537109375 0.4296875 0.6171875 0.42589614062500003 0.619140625 0.413258271875 0.619140625 0.337431065625 0.6142578125 0.3033088234375 0.6064453125 0.30078125 0.5322265625 0.295726103125 0.4072265625 0.2982536765625 0.40234375 0.3020450359375 0.3984375 0.322265625 0.396484375 0.3450137875 0.396484375 0.4056755515625 0.3984375 0.4208409921875 0.4013671875 0.424632353125
6 0.4306640625 0.5409007359375 0.4404296875 0.5434283093750001 0.5849609375 0.5409007359375 0.587890625 0.537109375 0.5859375 0.45875459531249996 0.5478515625 0.4296875 0.4189453125 0.4296875 0.4052734375 0.4322150734375 0.40234375 0.43600643437500003 0.40234375 0.44358915468750004 0.40625 0.511833640625 0.4306640625 0.5409007359375