5 0.802928184375 0.3492098859375 0.8046087734375 0.114799659375 0.2054109 0.11022080000000001 0.19453628125 0.1113333125 0.1894943953125 0.3483432859375 0.802928184375 0.3492098859375
3 0.25504117656249997 0.0919204546875 0.2028294125 0.0919204546875 0.2028294125 0.1044977265625 0.25504117656249997 0.1044977265625 0.25504117656249997 0.0919204546875
6 0.641417646875 0.0906613640625 0.35750000000000004 0.0906613640625 0.35750000000000004 0.106665909375 0.641417646875 0.106665909375 0.641417646875 0.0906613640625
6 0.27612647031250004 0.1315113640625 0.25172058750000004 0.1315113640625 0.25172058750000004 0.14788863593749998 0.27612647031250004 0.14788863593749998 0.27612647031250004 0.1315113640625
6 0.3843558828125 0.130925 0.35514999999999997 0.130925 0.35514999999999997 0.14855681874999999 0.3843558828125 0.14855681874999999 0.3843558828125 0.130925
6 0.480517646875 0.130340909375 0.4525411765625 0.130340909375 0.4525411765625 0.1478863640625 0.480517646875 0.1478863640625 0.480517646875 0.130340909375
6 0.571067646875 0.13150681875 0.54841470625 0.13150681875 0.54841470625 0.1492204546875 0.571067646875 0.1492204546875 0.571067646875 0.13150681875
6 0.7116411765625 0.1291727265625 0.685817646875 0.1291727265625 0.685817646875 0.1485545453125 0.7116411765625 0.1485545453125 0.7116411765625 0.1291727265625
6 0.31450588281249997 0.1600954546875 0.2102 0.1600954546875 0.2102 0.1759045453125 0.31450588281249997 0.1759045453125 0.31450588281249997 0.1600954546875
6 0.7892588234375 0.37069090937500004 0.6035294125 0.37069090937500004 0.6035294125 0.388909090625 0.7892588234375 0.388909090625 0.7892588234375 0.37069090937500004
6 0.7625264703125 0.404525 0.6307088234375 0.404525 0.6307088234375 0.42225681875000004 0.7625264703125 0.42225681875000004 0.7625264703125 0.404525
6 0.7086264703125 0.42552500000000004 0.6737382359375 0.42552500000000004 0.6737382359375 0.440265909375 0.7086264703125 0.440265909375 0.7086264703125 0.42552500000000004
6 0.3567609 0.2022223671875 0.3869452296875 0.2028893765625 0.3878075203125 0.181544709375 0.415404746875 0.1748745015625 0.418854371875 0.15986655 0.32268677343749996 0.15950994375 0.32528294999999996 0.175875028125 0.351155134375 0.181544709375 0.3567609 0.2022223671875
6 0.4447265546875 0.1998877953125 0.48353508281249996 0.1998877953125 0.48914061875000003 0.1795436546875 0.5085448375 0.1728734375 0.5076825453125 0.15986655 0.4246048921875 0.158343203125 0.42661595781250006 0.1768755640625 0.4460202671875 0.1825452625 0.4447265546875 0.1998877953125
6 0.5809872265625 0.19755322343749998 0.5818497484375 0.183545790625 0.5917674765625 0.17554152812499998 0.5926297671875 0.16086707656250002 0.5219933171875 0.1600933125 0.5374356828125 0.18321228125 0.5404541171874999 0.1985537328125 0.5809872265625 0.19755322343749998
6 0.70689911875 0.3352930125 0.7064678343749999 0.31895100625 0.71034865 0.29760630312499997 0.7336337312500001 0.29360417656250004 0.7332025390625 0.2825983875 0.7163855171875 0.2729265796875 0.723716140625 0.25158187656250003 0.7500194703124999 0.24624573125000002 0.747432228125 0.22590158124999998 0.7056055437500001 0.22223299062500002 0.7133670828125 0.201555340625 0.7909839562500001 0.206558003125 0.791415146875 0.16086707656250002 0.60730255625 0.15717646406250002 0.6072908328125 0.24657925 0.6081531234375 0.3369605484375 0.70689911875 0.3352930125
4 0.2278305765625 0.7992933125 0.29941067499999996 0.7999603296875 0.2989793453125 0.8136342984375 0.6982749187499999 0.8156353171875 0.6991373015625 0.7989598484375 0.7668364921874999 0.79729229375 0.76597429375 0.7849524140625 0.792708721875 0.779949715625 0.79227753125 0.7652752640625 0.20189492968749997 0.7662144328125 0.20152708593750002 0.7846188609375 0.2338674421875 0.7836183250000001 0.2278305765625 0.7992933125