5 0.044807560937500004 0.096223828125 0.044406889062499996 0.828958709375 0.966042225 0.8235034671875001 0.9661514890625 0.089570540625 0.044807560937500004 0.096223828125
6 0.0628120234375 0.10394708281250001 0.0623942953125 0.10141462500000001 0.0477490078125 0.10112451250000001 0.0466041875 0.10935733437499999 0.0497789171875 0.1135013453125 0.06180948125 0.11384668281250002 0.0628120234375 0.10394708281250001
6 0.0965644234375 0.1323872765625 0.1359143796875 0.133538396875 0.13992454999999998 0.12996994687500002 0.1392562 0.1191494453125 0.1316535421875 0.1171925515625 0.132489 0.10096180937499999 0.1072604609375 0.09835891875 0.10197174843750001 0.09840580156249999 0.10232905781249999 0.115918690625 0.09497705625 0.1177604703125 0.09405805 0.128358375 0.0965644234375 0.1323872765625
6 0.1754989359375 0.13394176093750002 0.17295621875 0.1387427765625 0.1728620421875 0.149066553125 0.1856698265625 0.15373780937499998 0.1879300296875 0.1676218140625 0.1742746625 0.1676218140625 0.17182611875 0.1721633171875 0.1721086390625 0.183237409375 0.199231015625 0.18596232031249998 0.215617459375 0.184924259375 0.217030075 0.17739834062499998 0.2158999796875 0.1690939 0.199231015625 0.1692236421875 0.202527134375 0.1532635234375 0.21533492656250003 0.151057653125 0.2166533765625 0.136654615625 0.20893104375 0.13328093593749998 0.203845584375 0.13224287343750002 0.20337470937500002 0.11524469374999999 0.20996696093749997 0.1129090671875 0.21068655937499997 0.09928389843749999 0.185750184375 0.09789495000000001 0.18139958437499998 0.09789495000000001 0.17924478593749998 0.0988133359375 0.18058438125 0.11266159687499999 0.1851989578125 0.11668407031250001 0.18670575 0.1338120078125 0.1754989359375 0.13394176093750002
6 0.26467656562499997 0.1293465828125 0.265119071875 0.131480490625 0.3225334421875 0.13102322500000002 0.3238609375 0.1166955109375 0.309811559375 0.11684793281250001 0.309811559375 0.09825238281250001 0.29551153281250003 0.09631224375 0.2765040109375 0.098245453125 0.277840946875 0.1156285578125 0.2693228140625 0.11547612968750001 0.26445531718750004 0.1188294234375 0.26467656562499997 0.1293465828125
6 0.393117115625 0.1318237921875 0.3919705875 0.143583940625 0.3940088515625 0.14551471093749999 0.42623904062499995 0.147972059375 0.4506983046875 0.1463923375 0.4524817953125 0.136211903125 0.45082570000000005 0.13024407031250002 0.45923358593749997 0.126207 0.45745007812500005 0.11462237500000001 0.4535009453125 0.11251607500000001 0.4554602046875 0.09819690156250001 0.40347934218750003 0.0957631796875 0.388339675 0.09714619687500001 0.3875118609375 0.11304265312499999 0.38483662500000004 0.12076573906250002 0.38636533281249996 0.13164826875 0.393117115625 0.1318237921875
6 0.48340803125000004 0.120207096875 0.48488302968749997 0.13063952343750002 0.5150712109375 0.1302330671875 0.5152678828125 0.11424571718750001 0.5098595734375 0.112890853125 0.5117279 0.097038990625 0.48920967187500003 0.09852933750000001 0.48832467656249995 0.1066584953125 0.4894063375 0.113161828125 0.48576802499999994 0.1156005765625 0.48340803125000004 0.120207096875
6 0.5269360843750001 0.1510210046875 0.527231078125 0.180150509375 0.5427676765625 0.1820473078125 0.5936057671875 0.1815053734375 0.5958674109375 0.1751375234375 0.5940974328124999 0.1672793359375 0.5950807640625 0.1502080921875 0.5890824390625 0.12988519062499998 0.5859358 0.1242080828125 0.5846574609374999 0.09738183593750001 0.55337664375 0.0946048046875 0.546819265625 0.095994796875 0.5383345984375 0.09769049375 0.5383426984375 0.1183102953125 0.538047690625 0.1314524453125 0.5326393875 0.13524605 0.5269360843750001 0.1510210046875
6 0.6482908546874999 0.1302803625 0.6531542890625001 0.127408515625 0.649978165625 0.0971856734375 0.6431169328124999 0.094318278125 0.6374197265625 0.0953595734375 0.6062310578125001 0.0967597625 0.6045199359375 0.1152373234375 0.6042221796875 0.12563070468749998 0.6091848703125 0.130553871875 0.6482908546874999 0.1302803625
6 0.7272770375000001 0.1277291765625 0.73178121875 0.129502325 0.76070246875 0.13033818125000002 0.8381959374999999 0.1290541984375 0.900736671875 0.1277920953125 0.9037059375000001 0.118609746875 0.8973715015625 0.1090637453125 0.8743432015625 0.10951831406250001 0.8720997515625 0.0955175078125 0.815160928125 0.0950593203125 0.81113591875 0.09278646093750001 0.7961576234375001 0.09387743125 0.7561371484375 0.09578663125 0.7564736484375 0.096072390625 0.7589135671875 0.11383954999999998 0.738966471875 0.1125096921875 0.7256683953125 0.11443059687499998 0.7272770375000001 0.1277291765625
6 0.937020915625 0.175040225 0.943384971875 0.1760924515625 0.9547130015624999 0.1753909671875 0.9566222062499999 0.1664470046875 0.95624036875 0.1596075125 0.9587859796875 0.1496113171875 0.9587859796875 0.139615121875 0.9613316093750001 0.13189876875 0.9613316093750001 0.12295480624999999 0.9337116125 0.12225331875 0.9293200015625 0.1258579109375 0.9297658999999999 0.137279015625 0.9320569593749999 0.143417034375 0.9319296749999999 0.1696036953125 0.937020915625 0.175040225
6 0.9490883 0.21035032656250002 0.938711221875 0.2114608359375 0.9383395906249999 0.21224688593750002 0.9398194453125001 0.22339886718750002 0.9502972749999999 0.2229824125 0.9517077671875 0.213126609375 0.9490883 0.21035032656250002
6 0.9068747328125 0.2129878 0.8941357421875 0.2106231125 0.89397894375 0.221594275 0.8962961578125 0.22339886718750002 0.90778146875 0.222565965625 0.9068747328125 0.2129878
6 0.9104009281250001 0.1906387140625 0.9026433109375 0.191610409375 0.8906542515625 0.192582109375 0.8889228578124999 0.194855 0.8916617375 0.20438131249999997 0.9067739874999999 0.2052141984375 0.911408409375 0.2032708078125 0.9104009281250001 0.1906387140625
6 0.8909076593749999 0.18240449375 0.8935271140625 0.1851807765625 0.9101505937500001 0.1835150125 0.9108558328124999 0.16824544531250002 0.9138782859375001 0.16185999375 0.9127700484375 0.1508936734375 0.910956578125 0.1465904359375 0.9124678078124999 0.134513603125 0.9070580312500001 0.1312814078125 0.9005378625 0.132083521875 0.8892628281249999 0.1325631546875 0.8892956859375 0.14797857812499998 0.8867769765625001 0.15672386562500001 0.89171364375 0.1708829140625 0.8909076593749999 0.18240449375
6 0.11679714999999999 0.21561586406250002 0.112744709375 0.21699675 0.1133403578125 0.2277978359375 0.11865850156249999 0.228988553125 0.12051985000000001 0.22312655 0.11679714999999999 0.21561586406250002
6 0.198597090625 0.2161906265625 0.190638 0.21690154062500003 0.1904598609375 0.225608471875 0.193931746875 0.2287477671875 0.1980546078125 0.2287477671875 0.198597090625 0.2161906265625
6 0.057949065625 0.40636181093749996 0.0475679203125 0.40634183906250004 0.048223224999999995 0.42172780000000004 0.05976455000000001 0.4204770796875 0.061191015625 0.41601022812500005 0.057949065625 0.40636181093749996
6 0.1198054421875 0.442632690625 0.1352371265625 0.440309940625 0.13419970781249999 0.422263821875 0.157412075 0.4192263578125 0.1575417390625 0.40403904687500003 0.1401648796875 0.40171628437500007 0.14137291093749998 0.384615046875 0.1364592078125 0.382891709375 0.091878559375 0.382891709375 0.0744572625 0.38510742656249997 0.065949865625 0.3850182859375 0.0656000578125 0.41136468906249996 0.065340703125 0.42905344218749997 0.0665078046875 0.44173931718750004 0.1198054421875 0.442632690625
6 0.0606768921875 0.5383836828125 0.061280828125 0.5329749359375 0.0596703453125 0.523544303125 0.0490363 0.5225351953125 0.046987796875 0.530339921875 0.0485982765625 0.53671945 0.0606768921875 0.5383836828125
6 0.120365396875 0.5693716734375001 0.119660803125 0.5538388624999999 0.11553395468750001 0.55009435625 0.11553395468750001 0.526656459375 0.144120003125 0.5256856625 0.14522721562500002 0.5111236578125 0.12700863125 0.506824396875 0.12459291718750001 0.4912915953125 0.077285 0.48810181874999997 0.06567945625 0.4924319265625 0.06601161875 0.5498169765625 0.065810309375 0.56410160625 0.0693332359375 0.5682621812499999 0.120365396875 0.5693716734375001
6 0.0607891953125 0.7171813796875 0.0478540125 0.7146000046875 0.0474324328125 0.7259262453125 0.0488533640625 0.728667165625 0.06041028750000001 0.72853665 0.0607891953125 0.7171813796875
6 0.1084378125 0.749525134375 0.10824833593750001 0.7290334515625 0.144245296875 0.7277282484375001 0.14519258906250002 0.7093248859375 0.1504973953125 0.7067144812499999 0.1510657859375 0.691704646875 0.10730105781249999 0.6889637203125 0.06564831875 0.6903793171875 0.065999284375 0.730233403125 0.066094015625 0.7523965875 0.0749037921875 0.754223865625 0.1084378125 0.749525134375
6 0.254153359375 0.9121439578125001 0.2542799171875 0.9020305140625 0.2282098609375 0.8978456421875001 0.0910319140625 0.8976712734375001 0.0463520390625 0.90011244375 0.0467065890625 0.9001572453125 0.0466014671875 0.9142363781249999 0.061787914062500005 0.9159800796875001 0.158407696875 0.9154569671875 0.254153359375 0.9121439578125001
6 0.1951514 0.7139400921875 0.19024676875 0.7154187640624999 0.1903648359375 0.7272595515625 0.196465359375 0.727647490625 0.1993748359375 0.7202765328125 0.1951514 0.7139400921875
6 0.24501407031250003 0.8225517312499999 0.2441693828125 0.8045769453125 0.2630340828125 0.8050941937499999 0.29814013125 0.8047062453124999 0.3450493421875 0.8010854281249999 0.3451431859375 0.7806536421875 0.35255766875 0.7801363796875 0.351619125 0.7666876140625 0.317514771875 0.7637602578125 0.24834997187500002 0.76427683125 0.24212992031249997 0.767204121875 0.22107286875 0.7671941906249999 0.22108128124999998 0.7806536421875 0.220518153125 0.813758303125 0.2219259625 0.8239742046874999 0.24501407031250003 0.8225517312499999
6 0.268117496875 0.7620693859375 0.2932548140625 0.7583672234375001 0.29487947812500004 0.7383927921875 0.33336773124999997 0.738306696875 0.35260070468750004 0.7371013421875 0.352913140625 0.72375635625 0.32885559375 0.721603940625 0.31442107343750003 0.7211734562500001 0.255010878125 0.7211734562500001 0.248845065625 0.72375635625 0.2208939171875 0.7227133765625 0.221018890625 0.7408797765624999 0.22083143593750001 0.754827440625 0.22551796249999997 0.75913226875 0.268117496875 0.7620693859375
6 0.323269065625 0.696975896875 0.36235831093750004 0.6944993078125 0.3618852953125 0.676669115625 0.35195200312499997 0.680318828125 0.3514789875 0.659724040625 0.33757235625000004 0.6586812671875 0.318573965625 0.6569838984375 0.3071415125 0.6568872609375 0.2741219171875 0.6568872609375 0.255605553125 0.6575637249999999 0.2444319796875 0.6592065703125 0.2212163890625 0.6606561390625 0.220374734375 0.6823030359375 0.22098907968749998 0.7153923859375 0.24380211406250002 0.715917909375 0.2453018078125 0.696373959375 0.27647090625000004 0.6988707640625 0.323269065625 0.696975896875
6 0.19150604375 0.52268008125 0.18980054375 0.5235200640625 0.1906302296875 0.5370102328125 0.19827875 0.5383439171875 0.199488165625 0.52317999375 0.19150604375 0.52268008125
6 0.24672358593750002 0.6105843953125001 0.247323946875 0.5878953953125 0.2595885703125 0.5893134546875001 0.3274409015625 0.5893134546875001 0.3602949828125 0.5874227046875 0.3641544796875 0.57383294375 0.3598661484375 0.569578759375 0.360638059375 0.5468897578125 0.365784059375 0.5449990078125 0.36698478125 0.5323916046875 0.35435440625000003 0.5292202453125 0.3480811296875 0.5292202453125 0.345698253125 0.5306943328125 0.2991025828125 0.529890284375 0.2659599921875 0.530761334375 0.25851959999999996 0.529890284375 0.24232848749999997 0.5303593140625 0.2208030015625 0.5324549968750001 0.22090783906250003 0.557195471875 0.221079365625 0.5986490375 0.2215939625 0.60751193125 0.24672358593750002 0.6105843953125001
6 0.311096684375 0.5040105171875 0.33673095625 0.5040105171875 0.3380388328125 0.4830961875 0.348114946875 0.481774703125 0.34907404531249997 0.464355121875 0.365989184375 0.463634309375 0.36790740624999996 0.4482041296875 0.3455863890625 0.44664237343749996 0.33289778281250004 0.4454737921875 0.3269690234375 0.44597908124999996 0.2793672546875 0.4460632953125 0.267631996875 0.4460632953125 0.22058050156250003 0.44818177812500004 0.22107008437500003 0.5222710421875 0.2237730171875 0.526355634375 0.31092230781249997 0.5238327968750001 0.311096684375 0.5040105171875
6 0.192124796875 0.407611359375 0.1895129125 0.4114046171875 0.19106592656250002 0.41996376562500004 0.1983368421875 0.41899113593750004 0.1981250671875 0.408292203125 0.192124796875 0.407611359375
6 0.313203521875 0.41911806562500004 0.3406571171875 0.41843722968749997 0.34341017812499997 0.40170798281250003 0.3437631359375 0.397622934375 0.358304978125 0.3981092515625 0.36042271718749996 0.3842979 0.3342332953125 0.3831307421875 0.3220209796875 0.382060853125 0.285738428125 0.38189212499999997 0.2527971359375 0.38286475468750003 0.220906653125 0.384841453125 0.220313109375 0.41328228281249996 0.2253956859375 0.42407847812500005 0.249467359375 0.4217441671875 0.313203521875 0.41911806562500004
6 0.22810789531250003 0.3602797828125 0.253960653125 0.35615422812499997 0.25417975 0.3351239046875 0.30200924375 0.3350232828125 0.3629442421875 0.333513928125 0.3649890953125 0.33109896562499996 0.3647700078125 0.312614934375 0.3627981859375 0.2985276375 0.3171541859375 0.2977226515625 0.3105517640625 0.2962553625 0.3049951234375 0.2962553625 0.3044153015625 0.297320559375 0.2645586265625 0.2970542625 0.2563444640625 0.2966548109375 0.2501060328125 0.29678796093750004 0.2210880890625 0.2997823984375 0.220950909375 0.33846076406250003 0.22117000625 0.35253177812500003 0.22452940156249998 0.3587704328125 0.22810789531250003 0.3602797828125
6 0.3056078640625 0.2807646328125 0.31297025624999997 0.2807646328125 0.31418155937500003 0.2752361953125 0.3147114984375 0.2597982859375 0.3547267265625 0.26073708125 0.3616916921875 0.25885949375 0.36161598437500003 0.2450905515625 0.30672905625 0.24185693281249998 0.2383747046875 0.24279572656249998 0.22096659062500001 0.24477761875 0.2204366484375 0.2618844890625 0.22172365 0.282642215625 0.25654845625 0.2807646328125 0.3056078640625 0.2807646328125
6 0.29459484062499997 0.2164295171875 0.289889290625 0.2184317609375 0.290235284375 0.22710815312500002 0.29701681406249997 0.22748953125 0.298331603125 0.2187178 0.29459484062499997 0.2164295171875
6 0.424838309375 0.21547085625 0.41820461406250004 0.214933515625 0.417903709375 0.22591734218749998 0.4242835484375 0.22642692343749998 0.42613277031249996 0.2228598328125 0.424838309375 0.21547085625
6 0.453919640625 0.2882116828125 0.45567639687500006 0.276236440625 0.44994379375 0.27585425468749997 0.45068349375 0.25457910156249997 0.43635198906249995 0.2512428109375 0.424239534375 0.2523893765625 0.4229450859375 0.2331525625 0.3701555734375 0.2337029859375 0.370796859375 0.29012262187500004 0.3966860421875 0.2910143921875 0.4443036546875 0.2933075265625 0.453919640625 0.2882116828125
6 0.398720190625 0.3788014703125 0.4647376203125 0.3752343828125 0.4643677640625 0.3602016375 0.4445810359375 0.3594372625 0.4440262625 0.335104603125 0.46714161406250004 0.333193659375 0.46630946093750003 0.317626325 0.4523477859375 0.316479759375 0.45142318281250005 0.298899096875 0.444557303125 0.2954748015625 0.43890155625 0.2954748015625 0.4375875953125 0.29697036250000003 0.38085650625 0.2987020609375 0.3707795859375 0.29731859374999997 0.370796859375 0.3433745375 0.3702420875 0.37306864375000004 0.3809676109375 0.3777823046875 0.398720190625 0.3788014703125
6 0.40667867187500006 0.4178613734375 0.4071356921875 0.399914659375 0.4272849484375 0.4007805125 0.4524445265625 0.39542798281249997 0.4525587875 0.3818892359375 0.432449490625 0.3807872421875 0.3710874984375 0.38275508281250004 0.3704019515625 0.39086258906250004 0.37125888125 0.41762523125 0.3733155140625 0.4206950640625 0.40667867187500006 0.4178613734375
6 0.4372245125 0.524777053125 0.4558369296875 0.5258790453125 0.4721186046875 0.5239899171875 0.474346621875 0.5176928249999999 0.47320404375 0.508719471875 0.45829346718749997 0.5059644921875 0.4457111421875 0.50645055625 0.44668232812499997 0.48519786875 0.4697051890625 0.48101184999999996 0.47096202031249995 0.475659321875 0.469305284375 0.46731567343749997 0.44284061562500004 0.46627861875 0.44626833125000004 0.45352700625000003 0.44472585625 0.44707248593750004 0.4295867578125 0.44416008125 0.4256448828125 0.44557692812500005 0.38714570937500004 0.44793833593750004 0.37057839375 0.4481744765625 0.3707865125 0.44822061875 0.3704437421875 0.4895356796875 0.37101502656249996 0.525328053125 0.3903245203125 0.5243834859375001 0.4372245125 0.524777053125
6 0.406660425 0.5987191734375 0.406898009375 0.5777693046875 0.43920534375000003 0.5783148687499999 0.44641186718750003 0.5764599421875001 0.44831248125 0.5557282906250001 0.4729965265625 0.5554009453125001 0.47442200312500005 0.5416525921875001 0.43538007187499994 0.5383791765625 0.40021858281249995 0.5382700609375 0.3702921953125 0.5420890484374999 0.3704694296875 0.5794060109375 0.37086539375 0.5958822140625 0.387020671875 0.6015561468749999 0.406660425 0.5987191734375
6 0.438840590625 0.651001421875 0.440868496875 0.6480742671875 0.44048221875 0.63117661875 0.46877622499999994 0.630378303125 0.472156053125 0.6239917859374999 0.46887946718749995 0.6128810828125 0.434560878125 0.6129620484375 0.37007990625 0.6153355671875 0.370471453125 0.645147121875 0.374044425 0.6516666812499999 0.4186581703125 0.6517997375 0.438840590625 0.651001421875
6 0.399743953125 0.7104777999999999 0.3990975390625 0.698332621875 0.4248848328125 0.6970371390625 0.4635771734375 0.6938793890625 0.465222578125 0.6802295468749999 0.44641787343750006 0.679257934375 0.45070769843749997 0.6671127640625001 0.44894475156249997 0.657746053125 0.43977746875 0.6558028265625 0.4087496984375 0.6563696015625 0.40287706874999996 0.6586366984375001 0.37049569843749997 0.6587522156250001 0.3709492453125 0.7084536015625 0.37118430468749997 0.7158216671875001 0.39633560156250003 0.7146071515625 0.399743953125 0.7104777999999999
6 0.42384703437500004 0.7573557953125001 0.440210134375 0.7578416 0.439387428125 0.73654706875 0.4506702640625 0.7359802906249999 0.4517280203125 0.720839309375 0.43729958281250003 0.7202681109375 0.4334690078125 0.7202681109375 0.43296086875000006 0.7216683671874999 0.3836811671875 0.7218299375 0.3702974 0.7237704421875 0.37032295937500004 0.7491524859375 0.372614784375 0.75668249375 0.38571931406250004 0.7594609546875 0.42384703437500004 0.7573557953125001
6 0.4343731234375 0.8007192968749999 0.45966482343750004 0.7991250109375 0.459983796875 0.7789963625 0.46604427656249997 0.777853690625 0.4652787359375 0.7648447843749999 0.4270644484375 0.7636278375 0.42343877656249995 0.7629617625 0.4177988390625 0.76323929375 0.41074693125 0.764682459375 0.37915621875 0.7659591 0.3707057859375 0.7663436781249999 0.37027142031250004 0.8002798109375 0.375374978125 0.8048505031250001 0.3871769609375 0.8011587875 0.4343731234375 0.8007192968749999
6 0.5023925796875 0.21461758749999998 0.49772033125000004 0.21375924375 0.4961257359375 0.2160955375 0.4951246359375 0.223916303125 0.49823947031250004 0.2276357796875 0.503742346875 0.2250607546875 0.5023925796875 0.21461758749999998
6 0.504053825 0.2457994796875 0.500938996875 0.24265222187500002 0.4928404265625 0.2436536265625 0.4927389015625 0.243929815625 0.494605503125 0.25681487187499996 0.498031815625 0.25953295625 0.5044691343750001 0.257959334375 0.504053825 0.2457994796875
6 0.5048844515625001 0.3112995046875 0.504203975 0.29733755 0.49389273906250003 0.2955504890625 0.48896410625 0.2955504890625 0.47732296874999997 0.29798945468750004 0.47830453906250003 0.3068647375 0.4839112375 0.3117286796875 0.5002122015625 0.3112995046875 0.5048844515625001 0.3112995046875
6 0.5129641640625 0.39714444375 0.51416653125 0.38381594375 0.505825440625 0.3810967171875 0.49959563749999997 0.3810437328125 0.4928519546875 0.3820086921875 0.48503661249999996 0.3831382234375 0.48738668125 0.3915720734375 0.492086815625 0.3976715546875 0.5129641640625 0.39714444375
6 0.5103512140625 0.4608692875 0.5132837953125 0.4570760671875 0.5119671265625 0.44619117812500003 0.48699186250000004 0.44739569531249995 0.48569358281249997 0.454684690625 0.4904814703125 0.45996220781249997 0.5103512140625 0.4608692875
6 0.5123979984375 0.56148778125 0.49198091093749996 0.5606222015625 0.4855867671875 0.561883396875 0.4868504546875 0.57461571875 0.5000430406249999 0.5766354046875 0.5127121109375 0.576058353125 0.5123979984375 0.56148778125
6 0.5133403265625 0.62406391875 0.4982630921875 0.6227655421875 0.4861756265625 0.6246734328125 0.4866410484375 0.634595115625 0.49239971406249994 0.6393557953125 0.514492059375 0.6396443296875 0.5133403265625 0.62406391875
6 0.499938334375 0.6757453078125 0.4855867671875 0.68097354375 0.48894451562499996 0.6946437765625 0.514596765625 0.693489665625 0.513235628125 0.6784863062500001 0.499938334375 0.6757453078125
6 0.5142826546875 0.73596118125 0.5131309203125001 0.7216791390624999 0.5019159921874999 0.7197705546875001 0.49632904062499994 0.72012448125 0.49406634687500006 0.7213733359375001 0.4859081265625 0.7229775015625 0.48747867031250003 0.7327873953124999 0.4939702640625 0.7374038171875 0.5142826546875 0.73596118125
6 0.513410990625 0.77941471875 0.51392473125 0.7645498515625 0.5035214390625 0.7630456718749999 0.49857666875 0.7626032671874999 0.49719065 0.7645629625 0.48611840468749995 0.7655231484375 0.48663214843749997 0.7734864671875 0.49215488125 0.779503203125 0.513410990625 0.77941471875
6 0.5641269734375001 0.76731279375 0.557922009375 0.765379975 0.5570711109375 0.7759543765625 0.5598586140624999 0.77871488125 0.5650851765625 0.7778747312500001 0.5641269734375001 0.76731279375
6 0.55855196875 0.734786178125 0.5635172078124999 0.7355063171875 0.5663918156250001 0.7309454718749999 0.5643883046875 0.7236241296875 0.557332440625 0.724704328125 0.5572453281249999 0.7245843078124999 0.5561129078125 0.7253044359375 0.55855196875 0.734786178125
6 0.5589791749999999 0.679439778125 0.557334115625 0.6822292125 0.55793133125 0.6923343531249999 0.5648129765625 0.6923343531249999 0.564203209375 0.6798520546875 0.5589791749999999 0.679439778125
6 0.5652512375 0.6276805796875 0.5573145890625 0.6275651437499999 0.55751688125 0.6369750921875 0.5619365109375 0.6393788453125 0.5656583109375 0.6369750921875 0.5652512375 0.6276805796875
6 0.5623435828125001 0.562376284375 0.5596103890624999 0.561975659375 0.5575108234374999 0.5633137359375 0.5580984109375 0.574715546875 0.5621109718749999 0.5755167984375 0.565076778125 0.5724720453125001 0.5623435828125001 0.562376284375
6 0.5581565609375 0.47790677812500004 0.5580984109375 0.49040629375 0.5616457484375 0.491207546875 0.5650186265625 0.48960504687500006 0.56251804375 0.47846766093750004 0.5581565609375 0.47790677812500004
6 0.5632158828125 0.4055385078125 0.5578657953125 0.40625963125000003 0.55692211875 0.40867780781249996 0.5578076484375 0.416916271875 0.5637392593749999 0.41771752187500005 0.5656001546875 0.41026588750000004 0.5632158828125 0.4055385078125
6 0.5573145890625 0.2994594234375 0.5573424171875 0.311306703125 0.5661816875000001 0.3121079578125 0.5625761953125 0.2973649359375 0.5573145890625 0.2994594234375
6 0.5633321875 0.2449737453125 0.5567608890625 0.24633586875 0.557284265625 0.255950884375 0.5633903390625 0.2573931359375 0.5664143 0.25130362812499996 0.5633321875 0.2449737453125
6 0.55966854375 0.21396532812500002 0.5567912953125 0.21763575156249998 0.5593196218750001 0.226705221875 0.565890921875 0.2251027203125 0.5639137171875 0.2154877078125 0.55966854375 0.21396532812500002
6 0.6315118140625 0.2247594765625 0.6309302812500001 0.2143432125 0.626859565625 0.21314133750000003 0.6245334437500001 0.21490408749999998 0.6250568171875 0.21979171874999998 0.626975871875 0.22083334687499998 0.6284296984375 0.22451910000000003 0.6315118140625 0.2247594765625
6 0.6190670500000001 0.2663986078125 0.6299998328124999 0.266318478125 0.6376178828125 0.26495635 0.637385271875 0.25974821875 0.636571128125 0.2558220875 0.6301742890625001 0.25518108906250003 0.619521075 0.2542221078125 0.6190670500000001 0.2543798359375 0.6179039890625 0.26151097343749996 0.6190670500000001 0.2663986078125
6 0.6141821890625 0.3436156125 0.6184273703125001 0.353150503125 0.6344776171875 0.35323063125 0.6409326140625 0.35170825 0.6451196359375 0.3262673578125 0.6425608953124999 0.3186554734375 0.6130772828125 0.3178542234375 0.613135434375 0.31749482812499996 0.61139084375 0.3249464640625 0.6141821890625 0.3436156125
6 0.6145311109375 0.420137428125 0.64727129375 0.4174933 0.6495392703125 0.4106826671875 0.6466316156249999 0.403952159375 0.607158271875 0.40327095625 0.606738596875 0.40379190468750004 0.6098788609375 0.41981692812500004 0.6145311109375 0.420137428125
6 0.625538946875 0.482841775 0.626219878125 0.4879798 0.631628115625 0.4874189234375 0.6308721265624999 0.48333254531250003 0.625538946875 0.482841775
6 0.625538946875 0.5676392156250001 0.625812809375 0.5722348562499999 0.63133735 0.570872728125 0.630523209375 0.5673472234375 0.625538946875 0.5676392156250001
6 0.6313955046874999 0.6352025640625001 0.6306395203124999 0.6311963109375001 0.6262030359375 0.6321489375 0.6266851046874999 0.6359236875 0.6313955046874999 0.6352025640625001
6 0.6261617265625 0.6851228421875 0.625812809375 0.689129096875 0.6310465875 0.689129096875 0.6312210484375 0.684161340625 0.6261617265625 0.6851228421875
6 0.6234285328125 0.7584526171875 0.6403510781249999 0.7546867374999999 0.6415141390625 0.7404244703125 0.6448288703125 0.73177095625 0.642502746875 0.72239631875 0.617613221875 0.7229571953125 0.6128490859375 0.7234466281249999 0.61139084375 0.7306880984374999 0.6154615609375 0.7368577328125 0.616624621875 0.7544463625 0.6234285328125 0.7584526171875
6 0.61825290625 0.809293165625 0.6263943390625 0.81145654375 0.640234771875 0.8088925390625 0.644770715625 0.7806083765625 0.6406999953125 0.77499961875 0.6142984984375001 0.776281621875 0.6112163828125 0.780127625 0.6145892625 0.800960159375 0.61825290625 0.809293165625
6 0.6992544109375001 0.8003863140625 0.7022202125 0.7914123015625 0.7015223875000001 0.78468179375 0.697684278125 0.78476191875 0.662850575 0.7850824171874999 0.6622108921875001 0.7935756796875 0.666572375 0.7987838109375 0.6992544109375001 0.8003863140625
6 0.7022202125 0.7365784625 0.7012316203125 0.7304088281250001 0.6629087296875 0.7326523328125 0.662431121875 0.7330888453125 0.6621527453125 0.74226734375 0.667851740625 0.7453121 0.6999522453125 0.7456326015625 0.7022202125 0.7365784625
6 0.7007663890625 0.69179915625 0.7012897671875 0.6774567625000001 0.6911129781249999 0.676254884375 0.662269046875 0.6785785125 0.662850575 0.68955565 0.6689566515625 0.6913985296875 0.6927412671875001 0.6921196609375 0.7007663890625 0.69179915625
6 0.701929446875 0.6245588890625 0.6972772015625 0.6235172625 0.6622108921875001 0.6258408890625 0.6618424171874999 0.6263035453125 0.6629668843750001 0.6376994125000001 0.6864607328125001 0.639862784375 0.700708234375 0.638981409375 0.701929446875 0.6245588890625
6 0.7016386890625 0.568481946875 0.7011734578125 0.5611104328125001 0.6975679687499999 0.5591073046874999 0.6623657109375001 0.5620521375 0.6629668843750001 0.571927321875 0.6704104796875 0.5752925796875 0.6993125578125 0.5746515765625 0.7016386890625 0.568481946875
6 0.7009408546875 0.48154386718750003 0.70204575625 0.4780183578125 0.6978005796875 0.4751338546875 0.6620945859375 0.47777798281250006 0.6618038203125 0.47873948437499997 0.6634321078125 0.4898768734375 0.6834949234375001 0.4920402515625 0.6997777968750001 0.4900371234375 0.7009408546875 0.48154386718750003
6 0.7016386890625 0.41276591875 0.7016386890625 0.4025099046875 0.6956489140625 0.40146827656250006 0.6653511625 0.4029906546875 0.6620945859375 0.40419253125 0.6626179640625 0.41468891875 0.6712827734375 0.41733305156249995 0.699545178125 0.41645167499999997 0.7016386890625 0.41276591875
6 0.7005919328125 0.3413591453125 0.701929446875 0.327497503125 0.6964630578125 0.3271770015625 0.6618619781249999 0.32853912812499997 0.66174566875 0.3383945171875 0.6677354359375001 0.341759771875 0.6957070765625 0.342240521875 0.7005919328125 0.3413591453125
6 0.7012316203125 0.2661452625 0.701580534375 0.2526842484375 0.6622108921875001 0.253886125 0.66177700625 0.2554837046875 0.6619201296874999 0.263421009375 0.667851740625 0.26662601406249997 0.69198526875 0.26798813906249996 0.7012316203125 0.2661452625
6 0.6802965015625 0.21310010625000003 0.6779703796875001 0.21398148125 0.678202990625 0.225439371875 0.68506505625 0.223676621875 0.685472125 0.2159044828125 0.6802965015625 0.21310010625000003
6 0.7946857671875 0.15360544375000001 0.7754289234375 0.150839821875 0.7638246375 0.1510991046875 0.755583540625 0.1549478734375 0.7563602640625 0.163198690625 0.7640755484375 0.166310009375 0.7945603203125 0.16570503281249999 0.7946857671875 0.15360544375000001
6 0.71050765625 0.15930953750000001 0.7159020796875 0.1657914609375 0.7473904625000001 0.1658778828125 0.7473991359375 0.1541702734375 0.745634140625 0.15351901875 0.7114485453125 0.1542104234375 0.71050765625 0.15930953750000001
6 0.7387342968749999 0.1922097359375 0.71703114375 0.1927282859375 0.7153670734375 0.19431394375 0.7159648062499999 0.20577855312499999 0.74243511875 0.20508715 0.7416824109375 0.19350611874999998 0.7387342968749999 0.1922097359375
6 0.7851514374999999 0.1932468375 0.7805097187500001 0.19160475 0.7650164312500001 0.19307399218750002 0.7630623921875 0.1935363421875 0.7631973859375 0.2043957421875 0.7830814796875 0.205173578125 0.7855905140624999 0.202321528125 0.7851514374999999 0.1932468375
6 0.7272554609374999 0.21205965937500001 0.7254564671875 0.2127819765625 0.7263772984375 0.2251099265625 0.7332144203125 0.22372712187500002 0.73308896875 0.21387459375 0.7272554609374999 0.21205965937500001
6 0.7813251546875 0.21275106250000003 0.768706809375 0.2128791765625 0.769281790625 0.22320856406249998 0.7744253140625 0.2247642265625 0.7810115328125 0.221480046875 0.7813251546875 0.21275106250000003
6 0.720669246875 0.26646585 0.7376679546875 0.26560159687499996 0.7392361015625 0.261453159375 0.7382952140625 0.255403365625 0.7209828734375 0.253502009375 0.7207946984375 0.25367485312500004 0.7194147265625 0.2590332453125 0.720669246875 0.26646585
6 0.7800706421875 0.2531563015625 0.7673662593749999 0.2535088484375 0.7686545296875 0.2658608703125 0.7793806625 0.2668979796875 0.783018753125 0.25972464687499996 0.7800706421875 0.2531563015625
6 0.724307346875 0.3540620046875 0.7419960375 0.35259276562499997 0.74212149375 0.3355669171875 0.7455714140625 0.3289985703125 0.7449441578125 0.318541071875 0.735284371875 0.316812559375 0.7143966578125001 0.31897319999999996 0.7124521546875 0.3210753796875 0.7135184953125 0.33015006874999997 0.71728205 0.3317921578125 0.7171565953125 0.350691403125 0.724307346875 0.3540620046875
6 0.7700344984374999 0.3544077046875 0.78596688125 0.3524199140625 0.789291340625 0.3417031359375 0.791424025 0.32502299218749997 0.7877859265625 0.31577544999999996 0.7584763046874999 0.3174665625 0.75962200625 0.3340112546875 0.7636364625 0.336258325 0.763009203125 0.350777825 0.7700344984374999 0.3544077046875
6 0.7423096671875 0.41740052031249997 0.742497846875 0.3960533921875 0.7354725515625 0.3914728375 0.7161529828125001 0.39331574062499997 0.7157766265625 0.42166334375 0.7217983125 0.4282037265625 0.7410551515625 0.42664806562499996 0.7423096671875 0.41740052031249997
6 0.788413178125 0.39570768749999996 0.781952415625 0.391559259375 0.76156650625 0.3922506640625 0.7631973859375 0.425351678125 0.7712890203125 0.42872228593750006 0.7863432312499999 0.425697384375 0.7889149921875 0.41627698906250005 0.788413178125 0.39570768749999996
6 0.7354725515625 0.48137199218750004 0.7333398703125 0.47679143125 0.7230575906250001 0.4780412453125 0.7228019265625 0.49061953125 0.7351589203125 0.4892367203125 0.736037084375 0.48292765312499997 0.7354725515625 0.48137199218750004
6 0.7728571625 0.477050715625 0.7707244875 0.477828540625 0.771790825 0.4900145578125 0.7788788484375 0.48785391562499997 0.77944338125 0.47886564375 0.7728571625 0.477050715625
6 0.7329635125 0.5682767375 0.732838065625 0.5613626875 0.72857270625 0.5617948171875 0.7265853515625 0.563480196875 0.7255618625 0.568103890625 0.72694183125 0.5740672531250001 0.7318971796875 0.5745858109374999 0.7329635125 0.5682767375
6 0.77781251875 0.56041200625 0.77188179375 0.5615361937500001 0.7718535609375 0.572165890625 0.7766207171875 0.5735487015625 0.7793806625 0.5714744875 0.77781251875 0.56041200625
6 0.736476165625 0.6511754171875 0.7429996515624999 0.6454713234375 0.7428742046875 0.627494796875 0.745822315625 0.6241241953125 0.7416196890625 0.612975290625 0.7123332 0.6145102875 0.7154629984375 0.6342359937500001 0.7170938703124999 0.6436563953125 0.7202928890625 0.64884193125 0.736476165625 0.6511754171875
6 0.7888522640625 0.6171237203125 0.7791297515625 0.6137531234375 0.762507396875 0.61418525 0.761862953125 0.6154822890625 0.7636364625 0.648150521875 0.7756798265625 0.650829715625 0.7887268093750001 0.6466812890625 0.7888522640625 0.6171237203125
6 0.7446174921875001 0.687252353125 0.742921975 0.6701206578125001 0.7286795984375 0.6657598578125 0.716584890625 0.6679402578125 0.7154504937499999 0.6682504453125 0.717376134375 0.701424928125 0.72438428125 0.7037610640625 0.7419046546875 0.7037610640625 0.7446174921875001 0.687252353125
6 0.8288283203125 0.6497183734374999 0.830636884375 0.6322751906249999 0.8290544125 0.614364784375 0.8030523515624999 0.6146518390625 0.8015869703125 0.6288488515624999 0.8033955171875 0.6480052 0.812777403125 0.649562625 0.8288283203125 0.6497183734374999
6 0.8287152828125001 0.6989330546875 0.8292804578125 0.6676287734375 0.8145859515625 0.6643581734375 0.8015869703125 0.6694976828125 0.8019080609374999 0.669826875 0.8015869703125 0.6950394875 0.8042997921874999 0.7042282953125001 0.8240808749999999 0.7026708640625 0.8287152828125001 0.6989330546875
6 0.8287152828125001 0.7460726734375001 0.8283761843749999 0.7228670171875 0.818881290625 0.7199079125 0.801926084375 0.7199079125 0.8019080609374999 0.7241261156250001 0.801926084375 0.749654746875 0.8055431796875 0.757753365625 0.8265676359375 0.7552614828124999 0.8287152828125001 0.7460726734375001
6 0.7890401109375 0.7552614828124999 0.7903965375 0.7239572171875001 0.7797712781249999 0.7203751328125 0.7633812468750001 0.7213095859374999 0.761222146875 0.7225496859375 0.760894478125 0.7515236625 0.7691460125 0.7558844609375 0.7814667890625 0.7557287234375 0.7890401109375 0.7552614828124999
6 0.7194107578125 0.7561959453125 0.7286795984375 0.75635168125 0.7416785859374999 0.756663165625 0.7464260406250001 0.7280065203125 0.7439392796875001 0.7208423640625 0.7299229859375 0.7197521640625 0.7116361890625 0.7225496859375 0.7113852921875 0.7230227640625 0.713872053125 0.7480973265624999 0.7194107578125 0.7561959453125
6 0.743600171875 0.8029988843750001 0.7433741046875 0.776055396875 0.732070640625 0.7737192609375 0.7148147765624999 0.7749221796875 0.7183934468750001 0.8086056203125 0.7277753234375 0.8117204828125001 0.73987003125 0.8087613578124999 0.743600171875 0.8029988843750001
6 0.7890401109375 0.8040890734374999 0.78881405 0.7765226281250001 0.780223415625 0.7744979765625 0.7614764328125 0.7750973390625 0.761798759375 0.808294125 0.7753629234375 0.8096958093750001 0.7838405265625 0.8106302718749999 0.7890401109375 0.8040890734374999
6 0.8293934953125 0.8084498734375 0.8304108078124999 0.775432428125 0.8148120265625 0.7730962921875 0.802289490625 0.7750973390625 0.8026042828125 0.7922526453125001 0.80396069375 0.8084498734375 0.8148120265625 0.8110974921875 0.8293934953125 0.8084498734375
6 0.8219516312499999 0.1500277109375 0.805308271875 0.149621840625 0.803519746875 0.1522583125 0.8061919921875 0.1682919265625 0.82386635 0.16727724375 0.8265175046875 0.153071746875 0.8219516312499999 0.1500277109375
6 0.8662848171875 0.167074303125 0.867315821875 0.1500277109375 0.867315821875 0.140286809375 0.8546492046875 0.13846038125 0.84377765 0.1415312515625 0.844044578125 0.1542893578125 0.848905034375 0.17437998593749998 0.864075525 0.1758005375 0.8662848171875 0.167074303125
6 0.8661375359375001 0.20482034218749998 0.8659902453124999 0.1898030921875 0.8545019140625 0.190411903125 0.8434554343749999 0.1920353953125 0.8433081546875 0.201776296875 0.84919960625 0.2033998046875 0.8587732171875 0.20482034218749998 0.8661375359375001 0.20482034218749998
6 0.8262229328125 0.1920353953125 0.8159128890625 0.1908177734375 0.8038510890625 0.19174302031249998 0.8033935515625 0.20015281875 0.805160990625 0.20563208125000002 0.826075653125 0.20502326875 0.8262229328125 0.1920353953125
6 0.8188586140625 0.2110785 0.8079928484375 0.211827728125 0.8094322890625 0.22406638750000002 0.8182694703125 0.22568987968749998 0.821067915625 0.2214282265625 0.8188586140625 0.2110785
6 0.8472567281250001 0.2113712578125 0.848757753125 0.22426931562500002 0.8620135234375 0.22508106875 0.861277090625 0.2114843828125 0.8472567281250001 0.2113712578125
6 0.8232772078125 0.2518028953125 0.8074958375 0.2524536125 0.8084012875000001 0.26580545 0.8153237453125 0.268240696875 0.8231299171875 0.26377610156250003 0.8232772078125 0.2518028953125
6 0.8617189421875 0.25220876406250003 0.8497417828125 0.252225378125 0.848757753125 0.2603261875 0.8534709093749999 0.26722601562500004 0.862897228125 0.2662113328125 0.8617189421875 0.25220876406250003
6 0.9070831343749999 0.253223446875 0.8929436484375 0.2528175765625 0.8930909296875 0.265602521875 0.903400984375 0.26682013125 0.9092924359375001 0.2625584921875 0.9070831343749999 0.253223446875
6 0.9372768453125 0.25099116875 0.934399346875 0.252225378125 0.9340365265624999 0.2674289421875 0.9548039078125001 0.264587840625 0.9558349234374999 0.252614634375 0.9372768453125 0.25099116875
6 0.8291686593750001 0.352360478125 0.8318198234375 0.3204995703125 0.8231299171875 0.3158320625 0.7986803859375 0.31806433749999996 0.799858678125 0.33571974843749997 0.8020679749999999 0.3515487234375 0.8131144484374999 0.35702798593749996 0.8291686593750001 0.352360478125
6 0.8696724046875 0.3474900125 0.8720289875 0.3207025125 0.8626026578125 0.3152232421875 0.8383105265624999 0.3163595 0.8384477078125 0.335313878125 0.8434554343749999 0.3527663328125 0.8606879375 0.3558103765625 0.8696724046875 0.3474900125
6 0.916804025 0.33409626875 0.9165094640625 0.31765846875000003 0.8988351 0.3150203078125 0.8838118906249999 0.31562911250000003 0.8849901859375 0.33571974843749997 0.888377775 0.3547956953125 0.9117963 0.35317221718749997 0.916804025 0.33409626875
6 0.9586333484375 0.3521575359375 0.9627573703125 0.3211083828125 0.95347833125 0.3131938875 0.92694418125 0.3143053828125 0.92799780625 0.326181775 0.9337419859375 0.35317221718749997 0.9490597468749999 0.35337515937499997 0.9586333484375 0.3521575359375
6 0.8294632312499999 0.3915658125 0.7997093296875 0.3905359765625 0.803835409375 0.42910890156250003 0.8228353453125001 0.4303265109375 0.828874096875 0.41916505156249995 0.8294632312499999 0.3915658125
6 0.8686414093750001 0.4260648640625 0.87099798125 0.40435075 0.8651065296875 0.3879129625 0.841623934375 0.390307740625 0.8416879953124999 0.4059742359375 0.8421298687500001 0.423426696875 0.8461065890624999 0.42890595937500003 0.8686414093750001 0.4260648640625
6 0.9157730296875 0.4232237625 0.9193079093750001 0.3937980953125 0.9000133859374999 0.390145253125 0.880718884375 0.3929863484375 0.8869049062500001 0.40942413593750004 0.8885250546875 0.42444137812499994 0.8988351 0.42910890156250003 0.9157730296875 0.4232237625
6 0.952741896875 0.428094228125 0.9584860781250001 0.42444137812499994 0.9634938046875 0.3962333203125 0.9602535265625001 0.38852177499999996 0.9277725328124999 0.39076421093749997 0.9277032234375 0.405162490625 0.9313853734374999 0.41165643281250003 0.93271095 0.42768834375000003 0.952741896875 0.428094228125
6 0.9362217218750001 0.473157159375 0.9378659875 0.4908013390625 0.953331040625 0.4908013390625 0.9509744687499999 0.47294301406250006 0.9362217218750001 0.473157159375
6 0.9056102656249999 0.47476942187500004 0.8979513859375 0.47618997343749997 0.895005659375 0.4861338296875 0.90325369375 0.4910042671875 0.90693584375 0.48755436718749995 0.9056102656249999 0.47476942187500004
6 0.8587732171875 0.47476942187500004 0.8512328171875 0.47589598281249995 0.851850759375 0.48917785937499997 0.8583313640625001 0.49120722343749995 0.8611298 0.48288684374999996 0.8587732171875 0.47476942187500004
6 0.809152540625 0.4779501 0.8131144484374999 0.491613078125 0.821215196875 0.48856903437500004 0.8188586140625 0.47558116093749997 0.809152540625 0.4779501
6 0.8128198765624999 0.562476371875 0.810643575 0.5644512828125 0.8129671625 0.5758701281249999 0.8216570593749999 0.5756671859375 0.8187113328125 0.5608528859375 0.8128198765624999 0.562476371875
6 0.8573003484375 0.5594323343750001 0.851067146875 0.5610277531250001 0.8500833203125 0.5718114171875001 0.8587732171875 0.5766818671875 0.8608352281249999 0.56917325625 0.8573003484375 0.5594323343750001
6 0.8969578421875 0.5585171640625 0.8969203796875 0.5726231562499999 0.903695546875 0.5740437078125 0.9044319796875 0.562476371875 0.8969578421875 0.5585171640625
6 0.9452303078125001 0.5594323343750001 0.9400321406250001 0.5621689296875 0.941695428125 0.5730290265625 0.948470625 0.573840765625 0.950532615625 0.563896921875 0.9452303078125001 0.5594323343750001
6 0.8698196953125 0.6386816640624999 0.8692305421875 0.615952875 0.8590677984375 0.61351765 0.8412925937500001 0.613750109375 0.8424244296875001 0.6486255140625 0.8584786453125 0.6492343265625 0.8658429640625 0.648219659375 0.8698196953125 0.6386816640624999
6 0.90664128125 0.649031384375 0.9141528718749999 0.6486255140625 0.915036596875 0.625693790625 0.9100288703125001 0.6137205781249999 0.8929436484375 0.6137205781249999 0.8906623671875 0.6146630515625 0.8913235 0.6329994671875 0.8864630437500001 0.6390875484375 0.8885250546875 0.6480167031249999 0.90664128125 0.649031384375
6 0.9584860781250001 0.6486255140625 0.9571605015625 0.62894075625 0.9614317937499999 0.6232585578125 0.9611372328125001 0.6118941578125 0.934331109375 0.6116912218749999 0.92959490625 0.614434815625 0.9287342187500001 0.626099653125 0.9322691187500001 0.641319825 0.9334473843750001 0.6502490078125 0.9584860781250001 0.6486255140625
6 0.9123854421875001 0.7030122828125001 0.9143001625 0.691241990625 0.91459474375 0.6674985343750001 0.8871994781250001 0.6656721 0.8855793296875 0.687386221875 0.8889669171874999 0.7030122828125001 0.9050211234375001 0.7030122828125001 0.9123854421875001 0.7030122828125001
6 0.95951709375 0.6906331921875 0.9611372328125001 0.6652662296875 0.9281038734375 0.66624423125 0.9310908124999999 0.6853568578125 0.9338892578125 0.7013887765625 0.9565713578124999 0.702200515625 0.95951709375 0.6906331921875
6 0.8564166343749999 0.704229878125 0.87099798125 0.6991564859375 0.8659902453124999 0.668513215625 0.8494941875 0.6664838671875 0.8436027359375 0.6670926500000001 0.844771671875 0.6671571734375 0.8471375953125 0.6881979609375 0.8418352859375 0.6888067859375 0.844486440625 0.7026063984375 0.8564166343749999 0.704229878125
6 0.8707034109375 0.7414387078125 0.8692305421875 0.7235803546875 0.860393365625 0.718709896875 0.8421209468749999 0.7201077640625 0.8405097093749999 0.7325095234375001 0.8436027359375 0.756658878125 0.8665793875000001 0.756050053125 0.8707034109375 0.7414387078125
6 0.9131218765625 0.7503678625 0.9143001625 0.740626946875 0.911354446875 0.7201304484375 0.890587065625 0.7201304484375 0.8888196265625 0.7201304484375 0.8871994781250001 0.7475267734375 0.888230484375 0.7544265734375 0.9087032921875 0.756658878125 0.9131218765625 0.7503678625
6 0.9589279296875001 0.755644196875 0.9589279296875001 0.7347418140624999 0.9627573703125 0.719318709375 0.9300598156250001 0.71952164375 0.9291760921875 0.7323065890625 0.9321218078125 0.7404240265625 0.9333001140625001 0.756658878125 0.9589279296875001 0.755644196875
6 0.8690832625 0.8036742625000001 0.8664321171875 0.7736397968750001 0.848757753125 0.7724221734375 0.8457656953124999 0.7737430625 0.8434554343749999 0.7921069468749999 0.8436027359375 0.8085447125 0.8627499578125001 0.8105740750000001 0.8690832625 0.8036742625000001
6 0.9163621734375 0.79718033125 0.9151838874999999 0.774451528125 0.89824595625 0.7707986874999999 0.8865206078125001 0.7730583578125 0.887641340625 0.8012390437500001 0.8899979234375 0.8111828859375001 0.9120908812499999 0.8077329734375001 0.9163621734375 0.79718033125
6 0.9573077921875001 0.8087476546874999 0.9618736453125001 0.7787131828125 0.9620209375 0.7714074921875 0.9287665546874999 0.7726018859375 0.92961794375 0.7961656578125 0.934625690625 0.8093564796875 0.9472922984375 0.8101682046875001 0.9573077921875001 0.8087476546874999
6 0.4905343703125 0.9010489703125 0.4958606453125 0.8706455109375 0.4833057296875 0.8643551078125 0.43194478125 0.8821778531250001 0.40872910156250003 0.899716709375 0.3992259484375 0.9293556468749999 0.412161328125 0.9377427781250001 0.48140346562499997 0.9178233062500001 0.4905343703125 0.9010489703125