7 0.3119283 0.0152226140625 0.2465694515625 0.0144319171875 0.09002204999999999 0.014657832812499999 0.0644813359375 0.014318962499999999 0.060198109374999996 0.016803996874999998 0.05829445625 0.025275706250000002 0.06015374999999999 0.0291313765625 0.111738425 0.0308016890625 0.20041709531250002 0.031027598437499998 0.310183271875 0.030010990625 0.3119283 0.0152226140625
7 0.085839 0.192815634375 0.29947516093750004 0.2091958 0.46960124375 0.199469575 0.680173759375 0.2083514546875 0.93590263125 0.1975377796875 0.936882465625 0.1291674109375 0.78697241875 0.12567912812499998 0.7941013328125 0.1001253953125 0.7944474984375 0.0720234015625 0.52994925625 0.0666002265625 0.459445215625 0.062409571875 0.2949993109375 0.059451471874999995 0.27284239062500004 0.0626560796875 0.26967331250000004 0.0684757484375 0.216079159375 0.06990012031250001 0.21689453749999998 0.08426948437500001 0.061634840625 0.13189174374999998 0.085839 0.192815634375
6 0.4545253265625 0.2426463140625 0.4897735640625 0.244248321875 0.540621025 0.2428599140625 0.56446984375 0.241791915625 0.5683696453125 0.22513107968749999 0.5382211546875 0.221820275 0.43698889531249996 0.22374303593749997 0.436076240625 0.2250242796875 0.435476271875 0.23175269375 0.4545253265625 0.2426463140625
4 0.125436715625 0.330344771875 0.2780662125 0.3291526265625 0.2785228453125 0.31387156875 0.3437632953125 0.3126794375 0.3448287484375 0.26781163750000003 0.32488975625 0.2639100875 0.196368459375 0.264668721875 0.0782594828125 0.26358495937500004 0.0733888875 0.265752484375 0.059690345312500004 0.2655357328125 0.056345184375 0.2680349921875 0.059646374999999995 0.2805739421875 0.058466054687500005 0.308104359375 0.0592270875 0.3279604875 0.125436715625 0.330344771875
4 0.0573538640625 0.485078928125 0.060564082812499996 0.49552822812499997 0.0972520796875 0.497650725 0.25042442187499997 0.49585475468749995 0.30362203125 0.496834371875 0.3095838234375 0.48083392343750003 0.3414291921875 0.479854296875 0.34372219843749996 0.4151993546875 0.3432636 0.332982203125 0.2228811140625 0.333145471875 0.21508491406250002 0.330369884375 0.20637151718750002 0.3298800703125 0.2049957140625 0.3316760484375 0.083871128125 0.3324924 0.0786945046875 0.3334075921875 0.082576859375 0.3488954765625 0.0573538640625 0.3495485546875 0.056895265625000004 0.42022226093750004 0.0573538640625 0.485078928125
4 0.056149971875 0.5372178796875 0.0556711296875 0.608695884375 0.05710770625 0.63049809375 0.16269647812500002 0.63288485625 0.324632665625 0.6311800234375 0.34115336875 0.6308390593750001 0.34139280625 0.5742056078125 0.34163224375 0.5140544796875 0.34091396406249996 0.5005666640624999 0.2511275828125 0.4995437625 0.1895939703125 0.49732748281249994 0.180974478125 0.4976684484375 0.17115783125 0.5007371515625 0.0933429859375 0.49835037812499994 0.0779381390625 0.500887990625 0.080811325 0.5160609984375 0.063093465625 0.5160609984375 0.058783720312499996 0.5194706625000001 0.056149971875 0.5372178796875
1 0.43285347031250004 0.6483233640625 0.518985865625 0.6484144234375 0.6076279296875 0.6481412468750001 0.726735671875 0.6483233640625 0.80209360625 0.64768594375 0.8038840281249999 0.6363034062499999 0.7393010609374999 0.63466431875 0.6753051937500001 0.635210678125 0.5740349859375 0.6351196203125 0.45443257812500004 0.6334805328125 0.36865006093749997 0.6348464375 0.2626482234375 0.6359391609375 0.21195094062500003 0.6342090171875 0.13479979687500002 0.6344821953124999 0.059283884375 0.636576584375 0.0587723390625 0.64295080625 0.0590028140625 0.64773593125 0.1717325203125 0.647913053125 0.192349884375 0.6486876078125 0.28903250156250004 0.6478680640625 0.43285347031250004 0.6483233640625
1 0.690664240625 0.6492236609375001 0.5056738671875001 0.6497658703125 0.0577933359375 0.6490985484375 0.057101429687500004 0.9833102625000001 0.9427736765624999 0.985755859375 0.9420981625 0.6478681453124999 0.690664240625 0.6492236609375001
4 0.65734151875 0.5230628203125 0.6625673203125 0.5290643671875 0.7023507828125 0.5300246109375 0.766746046875 0.528944334375 0.8345803343749999 0.5301717734375 0.841347734375 0.5308142625000001 0.8556720765625 0.5286458796875 0.8810498421874999 0.5286458796875 0.9421291703125 0.529529290625 0.9458512328124999 0.5173220656249999 0.9439338046874999 0.4833224734375 0.895208496875 0.48091315 0.8230186093749999 0.48195718750000005 0.74839318125 0.48115408125 0.733730475 0.48123439218749997 0.7335049031249999 0.482679984375 0.6836744515625 0.48412557968750003 0.681308215625 0.4845314140625 0.6804361546875 0.5000168828125 0.671333159375 0.49677605312499995 0.6590272640625 0.49797636093750003 0.65734151875 0.5230628203125
4 0.6590854890625 0.5754829671875 0.6580867796875001 0.6281524046875 0.665876784375 0.6309969093750001 0.770143115625 0.63057023125 0.9053993 0.63170803125 0.93316373125 0.6304280109375 0.9339626765625001 0.6140721296875 0.943750153125 0.614356578125 0.944149653125 0.5606863515625 0.9434034859375 0.5322363218749999 0.8780065718750001 0.5303814 0.8658156453125001 0.5304453609374999 0.8294952796875 0.5308931015625 0.8289181031249999 0.5331957671875001 0.749838340625 0.53262010625 0.734926409375 0.5309570625 0.7303450312499999 0.5313408484375 0.7243919546875001 0.5335795484375 0.6887290765625 0.5329399171875 0.68109345 0.5342191796875 0.6792194203124999 0.5356998953125001 0.6820560421875 0.550593584375 0.6578870296875 0.550593584375 0.6604836984375 0.5628249359375 0.6590854890625 0.5754829671875
4 0.66069401875 0.434011775 0.6595342609375 0.45217915 0.6600312921875 0.47847101875 0.6905163484375 0.47917884375 0.767060328125 0.479650721875 0.772362078125 0.462898990625 0.8821898484374999 0.46337086406249994 0.9439556015624999 0.46254507343749995 0.9456124031250001 0.41583512968749997 0.93302075625 0.4139476109375 0.84793261875 0.41387966875000004 0.7785027796875 0.41376170312499994 0.6878366015624999 0.41352575937499997 0.6816139046874999 0.4162952953125 0.6850489140625 0.43200628593749996 0.6749424562499999 0.4308265859375 0.6628478515625 0.43035470781249996 0.66069401875 0.434011775
4 0.659319625 0.41142491562499994 0.676953309375 0.41279464062500004 0.764640765625 0.413137075 0.8249100593750001 0.4123380671875 0.828757390625 0.397385215625 0.9446845375 0.3955589140625 0.94628758125 0.3495517546875 0.907172903125 0.34601329999999997 0.8909819734375001 0.34829617343749997 0.784986825 0.3469264484375 0.7035597 0.347383021875 0.684322959375 0.3485244609375 0.683595259375 0.3503971625 0.6881747296875 0.36443707812500004 0.6570753484375 0.3661492328125 0.660121159375 0.3715139984375 0.659319625 0.41142491562499994
4 0.7649016875 0.34480450625 0.78661223125 0.344691665625 0.79846975 0.3425477609375 0.8002129218749999 0.32923295 0.898531290625 0.3302484859375 0.935628490625 0.3313768625 0.9443444124999999 0.3269762046875 0.9451367703125 0.31377423437499996 0.9459291296875 0.264938109375 0.9242185656249999 0.26200433749999996 0.9166119546875 0.264261084375 0.798675346875 0.2652766203125 0.787899303125 0.2625685265625 0.7117294281250001 0.2629070359375 0.690177328125 0.2629070359375 0.6649804109375 0.265615134375 0.659750859375 0.26843606875 0.6613322 0.2682716203125 0.660469165625 0.3365673765625 0.660944571875 0.3440146515625 0.6772671156250001 0.3460457171875 0.7649016875 0.34480450625
4 0.3583536078125 0.353238728125 0.356225184375 0.3959958125 0.35736724999999997 0.41426626093749996 0.414279734375 0.41345306718749997 0.485848628125 0.4145373171875 0.544652928125 0.4153505046875 0.5869988203125 0.41236881875 0.5869988203125 0.39664720937500003 0.6334424953125 0.39664720937500003 0.641863115625 0.3955629625 0.64300520625 0.38241644531249996 0.6431955296874999 0.3152788828125 0.6443375953125 0.2669262046875 0.5031032265625 0.2661130203125 0.45143275312500003 0.26315758906250003 0.39528163125 0.2643773671875 0.37894433125 0.268832728125 0.3831733921875 0.2822754796875 0.3583536078125 0.2828796796875 0.357505071875 0.29133835937499997 0.3583536078125 0.353238728125
4 0.3579458859375 0.529443790625 0.3557139078125 0.5788504171875 0.3737292203125 0.581007265625 0.42458662656249996 0.5813478234375 0.44834134375 0.5815748593750001 0.5346756593750001 0.5814613375000001 0.555401246875 0.5802126359375 0.5738948453125 0.581007265625 0.5914318921875 0.581234309375 0.63610493125 0.5802126359375 0.6415254609375001 0.564093034375 0.64168489375 0.5206351234375 0.6423226015625 0.46428365937500005 0.6437574500000001 0.4346613140625 0.642960309375 0.41661189531250004 0.6239884359375 0.412638753125 0.5763195703124999 0.4145685640625 0.572971596875 0.4171794859375 0.42057246875 0.41683893125000004 0.3856578171875 0.41683893125000004 0.38055613125 0.4185417078125 0.38037271875 0.41952393125 0.38409201406250004 0.4325823234375 0.3737292203125 0.42963084531250006 0.35667045937499997 0.4348526890625 0.3579458859375 0.529443790625
4 0.3552249765625 0.6023535515625 0.355707403125 0.6304307640625 0.3915277578125 0.6312895328125 0.49451845156249996 0.6307742734375 0.5753417468750001 0.6307742734375 0.6315818203125 0.6309460265625 0.6400243203125 0.62940025 0.6429189156249999 0.5864461015625 0.6388789874999999 0.5820483984375 0.608727184375 0.5817048984375 0.5621727937500001 0.5815331390625 0.5296643375000001 0.5820483984375 0.5250565796875 0.58453883125 0.459928678125 0.583250675 0.3899866359375 0.58385181875 0.37686940468749996 0.5848336765625 0.378005159375 0.596350421875 0.3698452296875 0.6001207484375 0.36260879375 0.6013230218750001 0.3552249765625 0.6023535515625