6 0.1765574328125 0.04176215625 0.059793918749999994 0.04176215625 0.059793918749999994 0.059720751562499994 0.1765574328125 0.059720751562499994 0.1765574328125 0.04176215625
7 0.23672297343749998 0.1105247953125 0.0743445953125 0.1105247953125 0.0743445953125 0.1322291765625 0.23672297343749998 0.1322291765625 0.23672297343749998 0.1105247953125
4 0.26722254375 0.33598028125 0.26722254375 0.317610328125 0.28722278125 0.3150765796875 0.2916672890625 0.301140709375 0.270333646875 0.2834042 0.2770004078125 0.24824789218749999 0.25833357343749996 0.24032981874999998 0.25477800156249997 0.22639399375 0.28944495 0.2210096546875 0.28677835625000003 0.2023229640625 0.21477765468749999 0.19820560468749998 0.21788880000000002 0.17825202499999998 0.2805560640625 0.1785687015625 0.28455601875 0.1548144859375 0.07024474375 0.1522703484375 0.06810978437500001 0.23114481250000002 0.0698876125 0.336613725 0.26722254375 0.33598028125
2 0.298333878125 0.27960151875 0.298333878125 0.3062062890625 0.287667121875 0.3393825828125 0.066332 0.3393825828125 0.06499868125 0.461637871875 0.486779965625 0.46227128593750005 0.48722439062499995 0.10097144843750001 0.306061825 0.0979206578125 0.2956672 0.0987543859375 0.2965562203125 0.173975221875 0.298333878125 0.27960151875
2 0.46500202812499997 0.692051190625 0.056109667187500004 0.7101044437499999 0.07833207343750001 0.9356116078125 0.482779884375 0.9178751 0.46500202812499997 0.692051190625
7 0.24366891875 0.4758762640625 0.059750000000000004 0.4758762640625 0.059750000000000004 0.493233028125 0.24366891875 0.493233028125 0.24366891875 0.4758762640625
4 0.056110296875 0.64729480625 0.0577979015625 0.698557465625 0.177619790625 0.698106484375 0.24153875937499997 0.6944985531250001 0.24301544062499997 0.6848774015625 0.23288973125 0.6772105734375 0.2349992421875 0.668942403125 0.2516645484375 0.667288746875 0.2516645484375 0.654285653125 0.23731973593750003 0.6524816796875 0.234788259375 0.6389519515625001 0.217068115625 0.6363963375 0.2195996140625 0.623918896875 0.20799716093749998 0.6197096484375 0.20989568906249997 0.6070818921875001 0.24807835625000002 0.6057289375 0.251453646875 0.598288040625 0.24934413593750002 0.5785947671875 0.25588369218749996 0.5755881421875 0.25567275 0.5631107375 0.24259359531250002 0.5589014890625 0.24301544062499997 0.5465743921875 0.259469925 0.5402605171875 0.2603137390625 0.532894328125 0.25482885624999996 0.5279334140625 0.25482885624999996 0.5132010328125001 0.237741621875 0.5135017000000001 0.24048404375 0.49756666562499996 0.05625830625 0.496854003125 0.055899314062500004 0.5043693484375 0.056110296875 0.5861859875000001 0.056110296875 0.64729480625
4 0.28316499687499996 0.684614596875 0.28991551718749997 0.6918304281250001 0.4652183 0.690928478125 0.470703059375 0.690327159375 0.471968759375 0.6781503625 0.48272741874999997 0.6784510234375001 0.4867355375 0.6733397796875 0.486102709375 0.66371865625 0.47049207656250003 0.661914684375 0.47049207656250003 0.65274454375 0.46374165781250004 0.6443260359375 0.466905884375 0.6316982796875 0.4523500875 0.6296692859374999 0.4563582484375 0.618093853125 0.46985924843750004 0.6128322875000001 0.46838256562499997 0.6047144484375 0.466062071875 0.5979495703125 0.4664839578125 0.589380740625 0.4588896046875 0.583066865625 0.45910058749999993 0.5713410734375 0.477664584375 0.5671318249999999 0.4795631109375 0.5631485421875 0.4787193 0.5556320218749999 0.42745751875 0.553527390625 0.4280903875 0.5390956828125 0.4842041 0.5381937109375 0.48589180625 0.5350367703125001 0.48631365156250006 0.525866615625 0.46555802812499997 0.51925208125 0.46619102031250004 0.5126375390625 0.4685113921875 0.5058726765625 0.4687223359375 0.49565018906249997 0.44593939843749997 0.49309456875 0.438977834375 0.49114028125000003 0.438766890625 0.47791120468750004 0.38117645625 0.4767085671875 0.2860942796875 0.47815733437499996 0.283797865625 0.5267307609375 0.28274313125 0.6247830796875 0.28316499687499996 0.684614596875
2 0.937832178125 0.31111863125 0.7624888890625 0.298676071875 0.738411278125 0.4744007234375 0.9169736500000001 0.48588676406250003 0.937832178125 0.31111863125
4 0.74030756875 0.29653760625 0.9059122046875 0.2972132640625 0.9220302031250001 0.294285490625 0.9204500875000001 0.279646365625 0.901803753125 0.27806984375 0.9068603046874999 0.26613337187499997 0.9346718546874999 0.264782078125 0.9406766281250001 0.2620794875 0.9387803078125 0.249917746875 0.928351059375 0.2469899296875 0.924874653125 0.2334769375 0.9097047546875 0.23167523281250002 0.9128651375000001 0.220864796875 0.928351059375 0.2206396140625 0.9362520625 0.2195135234375 0.934987909375 0.20622571406249998 0.946997425 0.2008205453125 0.94636525625 0.1895597109375 0.932459603125 0.1882084046875 0.924874653125 0.1717675859375 0.894534765625 0.1710919171875 0.8980112015625 0.1584797875 0.9274029593750001 0.1584797875 0.9457332703124999 0.1548763234375 0.9466812796875 0.1413633203125 0.919185934375 0.1413633203125 0.9220302031250001 0.12852597500000001 0.932459603125 0.12559814687499998 0.9318274953125 0.11456252812500001 0.9220302031250001 0.11050862187499999 0.9198179203124999 0.09586955 0.7400976484374999 0.094803540625 0.7399914546875 0.1487954640625 0.7406235609375 0.24518820312499998 0.74030756875 0.29653760625
4 0.9128651375000001 0.566512946875 0.9172897046875 0.5370095671875 0.9059122046875 0.5356582390625 0.9059122046875 0.523271346875 0.941624728125 0.5243974375 0.9451011640625 0.5176409296875 0.9409925906250001 0.50525400625 0.921714240625 0.5032270421875 0.9267707921874999 0.48971405468749996 0.739600065625 0.48872072656250004 0.7368310703125001 0.5358834875 0.74283584375 0.567413821875 0.9128651375000001 0.566512946875
4 0.8540818046875 0.6963496484375 0.8660912296875001 0.696574896875 0.86735544375 0.6846383828125 0.9207661406250001 0.6835123140625 0.9213982171874999 0.6718010265625 0.9274029593750001 0.6684228 0.928983075 0.663918440625 0.92613880625 0.6535585015625001 0.9270869062499999 0.6386941703125 0.9438370109375 0.63666725 0.940360575 0.6215777250000001 0.919185934375 0.6188751234375001 0.9232943562499999 0.6067134265624999 0.73711215 0.6043075875 0.738411278125 0.6321629109375 0.7396754609375 0.6992774859375 0.8540818046875 0.6963496484375
4 0.809440084375 0.598787590625 0.9379546109374999 0.59755414375 0.9415605265625 0.593956640625 0.9441567546874999 0.5818279000000001 0.943724096875 0.56939079375 0.9268233171875 0.567643440625 0.8825427984375 0.5680545828125 0.7429002625 0.5694959078124999 0.7403508624999999 0.5799777484375 0.7410720484375 0.5962179421875 0.809440084375 0.598787590625
4 0.7465530421875 0.728219678125 0.842758671875 0.7266778890625 0.84708573125 0.714857490625 0.9164634375 0.7124934171875 0.929588925 0.7108488375 0.9301658953124999 0.6998507468749999 0.8700193328125 0.698103384375 0.7929971390625 0.6997479609374999 0.744267346875 0.700567659375 0.740062390625 0.714137996875 0.7419374624999999 0.7241082390625 0.7465530421875 0.728219678125
4 0.7433798281249999 0.82530003125 0.791122040625 0.8244777421875 0.9083861796875 0.8292059125 0.9127132390625 0.812940521875 0.91963658125 0.8069789296875 0.9176172671874999 0.796289178125 0.9372334671875 0.7960836109375 0.9398296703125 0.7873726671875 0.9376661546875 0.7797664953125001 0.9205020375 0.7777107890625 0.92425218125 0.7654792640625 0.9342044953125 0.76239568125 0.9333390671874999 0.7509864296875 0.9007416640624999 0.748211215625 0.8978569500000001 0.7347462546875 0.7392713578125 0.735034675 0.7391969765625 0.7660442515625 0.7389085046874999 0.802173190625 0.7433798281249999 0.82530003125
4 0.8438168484374999 0.8532980484375001 0.8463599468749999 0.8426507937500001 0.893725925 0.8406119671875001 0.8915006859375 0.82973818125 0.8249022203124999 0.8269064625 0.740336565625 0.8272941625 0.7385944125 0.8549970765625 0.8401610453125 0.8545439953124999 0.8438168484374999 0.8532980484375001
4 0.9124815999999999 0.9296973546875 0.9242436203125 0.9199562562500001 0.9234489 0.9121407109374999 0.91661423125 0.90279641875 0.9172500140625001 0.8820682625 0.9066006203124999 0.8775375140625 0.9094616546875001 0.8639452890625 0.7385848140625 0.864563015625 0.7382765140624999 0.9392119171875001 0.9127995062500001 0.9420436203125 0.9124815999999999 0.9296973546875
4 0.511417165625 0.1722819984375 0.5759708453125 0.1730455296875 0.65231034375 0.17113668906249999 0.6582031374999999 0.157584146875 0.5965958921875 0.15548443437499998 0.5990066656249999 0.14250450625 0.699721075 0.14116834218750002 0.7080246671875 0.1396412984375 0.7066854218749999 0.125897853125 0.654988909375 0.12704314218749999 0.6614174421875 0.11158174843749999 0.7048104390625001 0.1098638296875 0.705881865625 0.094593321875 0.5150872859375 0.095075046875 0.511417165625 0.10757324531250001 0.5122207484375 0.124179915625 0.511417165625 0.1722819984375
4 0.5109421843749999 0.34192810625000003 0.5101378375000001 0.4292817765625 0.5117465218749999 0.45851455 0.707040715625 0.455877878125 0.706718965625 0.4448725875 0.7157275875 0.44389854218749997 0.7155667593749999 0.4291101859375 0.7052711328125 0.42452464843750004 0.7007668359375 0.4129750296875 0.70221466875 0.400307878125 0.6885408890625 0.3961808703125 0.68902346875 0.38368529375 0.6695583593750001 0.381163259375 0.6682714484375001 0.371533640625 0.6756713484375 0.36752130312500003 0.677601821875 0.35367889531249996 0.705753775 0.351959315625 0.714762396875 0.3486348171875 0.7150841171875 0.336597796875 0.70028425625 0.3331586328125 0.698514671875 0.32158018125 0.6996407546875 0.31114809062500004 0.7046276921875 0.308282121875 0.7055928828125 0.291029415625 0.68049745625 0.2878195390625 0.6824278390625 0.27612644375 0.6885408890625 0.272916571875 0.6911147421875 0.2608795453125 0.7065581359374999 0.2544598 0.708971128125 0.2448020640625 0.68130175625 0.2419361125 0.6838756703125 0.2278355984375 0.7035016093750001 0.22577209531250003 0.70301896875 0.2136204484375 0.68902346875 0.212474053125 0.6898278 0.2075446015625 0.693527796875 0.19608077343750002 0.693849484375 0.181521709375 0.5142487499999999 0.1818087046875 0.5119074140625 0.18507549375000001 0.511585678125 0.2606502640625 0.5109421843749999 0.34192810625000003
4 0.7028581093749999 0.459288175 0.6433368671874999 0.45825643437499997 0.5150085796874999 0.45956167187499997 0.5202725421875 0.47487900312500003 0.6994798640625 0.47212766562499997 0.7028581093749999 0.459288175
4 0.5119074140625 0.6023841875 0.513516075 0.6750929984375 0.5111030671875 0.6968742875 0.5165725765625 0.711662621875 0.582046025 0.709369853125 0.5862285703125 0.69675964375 0.6573324125 0.6977913796874999 0.6702018296875 0.6919736765625 0.6705236109375 0.6768414218750001 0.6689148890625 0.6674410843749999 0.6771192109374999 0.662167725 0.6772800718750001 0.6531112953125 0.685806053125 0.6524234515625 0.693045215625 0.6460613875 0.6914364625 0.6355146703125001 0.7083276265625 0.6335658203125 0.712510234375 0.62084095625 0.6854843640625 0.6168286140625 0.683393090625 0.5996617234375 0.683393090625 0.58951659375 0.6882190765625 0.5863067234375 0.6883799671874999 0.575989259375 0.6787279046875 0.5736965015625 0.6788887640625 0.5589081499999999 0.7015711671875 0.5566153984375 0.70301896875 0.55205870625 0.7006059453125 0.5397065953125 0.7018928875 0.527211028125 0.6658584249999999 0.526867109375 0.6586193546875 0.5234279515625 0.6618367093749999 0.512078775 0.6973885906249999 0.5087542593750001 0.6999625046875 0.49820752031250004 0.672293134375 0.4951122921875 0.669880140625 0.4812410609375 0.5086766671875 0.4808578703125 0.5109421843749999 0.48571195468750006 0.5122291484375 0.5473008421875 0.5119074140625 0.6023841875
4 0.570463471875 0.729001125 0.6508976421875 0.7270522875000001 0.684197390625 0.7255619734375001 0.6874148078125 0.723842415625 0.688058215625 0.711576103125 0.5854242546874999 0.711346821875 0.549550590625 0.7121492921875 0.5165725765625 0.7126078609375 0.51238999375 0.7187983171875 0.5122291484375 0.7257912546874999 0.570463471875 0.729001125
7 0.551963615625 0.756370853125 0.65170201875 0.7557976531249999 0.6568498015625 0.737340884375 0.51298236875 0.7344270171875 0.5120682578125 0.7499511109375 0.5176986515625 0.7530463328125 0.551963615625 0.756370853125
4 0.51238999375 0.8799783390625 0.5136769421875 0.9095550375 0.672293134375 0.9113892484375 0.674545296875 0.8963716328125001 0.6861278343749999 0.892875509375 0.686288725 0.8832458953125 0.67824529375 0.8796921046874999 0.68130175625 0.8661647984374999 0.7113841515625 0.8645598624999999 0.7121885453125001 0.852465871875 0.7055928828125 0.8518926765625 0.7073624359374999 0.8375628828125 0.6866104453124999 0.8354994124999999 0.687093025 0.8200232390625001 0.6951364265625 0.8161255234375 0.693045215625 0.8039169062499999 0.6825886984375 0.8024266078125001 0.686932134375 0.7898164046875 0.6949755671875 0.7814477906249999 0.6933669046875 0.7738816625 0.686932134375 0.7738816625 0.6840365625 0.7572591109375 0.62837606875 0.7576030296875 0.6053719 0.75978115 0.5117465218749999 0.758749409375 0.5117465218749999 0.7735089203125 0.5119074140625 0.8181601703125001 0.51238999375 0.8799783390625
4 0.68130175625 0.9409370796875001 0.6866104453124999 0.927409771875 0.6941712671875 0.9282122359375 0.703179921875 0.9237413374999999 0.7038233296875 0.9136531671875 0.6597454359375 0.91250678125 0.6068197468750001 0.91204823125 0.5096897734375 0.9111132765625 0.51078133125 0.922709590625 0.5101378375000001 0.94288595 0.68130175625 0.9409370796875001