0 0.47527821562500006 0.08597945625 0.06153416874999999 0.086293965625 0.057417520312500005 0.912497053125 0.47575684999999995 0.9107772328125 0.47527821562500006 0.08597945625
4 0.5050864703125 0.1105985375 0.5100612078125 0.1244512890625 0.5666489 0.1222169765625 0.5753547625000001 0.11908894218749999 0.5825058671875001 0.10747050312499999 0.9318449140625 0.1050127890625 0.9309121125 0.086691421875 0.9434284875 0.0674337296875 0.5190898796875001 0.0676427796875 0.5312038578125 0.0891491703125 0.5057083109375 0.0918303328125 0.5050864703125 0.1105985375
4 0.5103721703125 0.1402782453125 0.5041537015625 0.1469811734375 0.507884759375 0.159493309375 0.5622960015625 0.1592698984375 0.6589925953125 0.15792929375 0.670496596875 0.142512553125 0.9061751171875001 0.1418422625 0.9248302234375 0.142512553125 0.929183121875 0.136479903125 0.9273175859375 0.12285061093750001 0.7062525515625 0.125308365625 0.5663379546875 0.12441462656249999 0.531559353125 0.125621075 0.5246745109375001 0.1324581609375 0.5277837625 0.1411719546875 0.5103721703125 0.1402782453125
4 0.504775590625 0.2151093015625 0.507884759375 0.22985575156250002 0.6107997046875 0.22940889062499997 0.61670729375 0.2244934046875 0.629144065625 0.2211419703125 0.627900384375 0.2137687203125 0.93042696875 0.2128750234375 0.9288722109374999 0.1596984265625 0.77931905 0.1588046890625 0.696924996875 0.15858125781250001 0.651841325 0.16126244375 0.529381921875 0.16157661875 0.5265400812500001 0.1775728921875 0.5066411125 0.18226494375 0.504775590625 0.2151093015625
4 0.5062875796874999 0.2499465484375 0.5079460203124999 0.3176791578125 0.704000653125 0.32105585937500003 0.7346819375 0.3178778140625 0.742974246875 0.3133093390625 0.7457382406249999 0.3029805890625 0.9135179390625 0.301590184375 0.931207978125 0.300795690625 0.9295495218750001 0.23067951718750002 0.8782115640624999 0.229487734375 0.7270164234375 0.2318712765625 0.625574721875 0.233063059375 0.5689111484375 0.23107677343750002 0.5320489640625 0.2315429796875 0.5250832734374999 0.2374329 0.5281238015625 0.249747946875 0.5062875796874999 0.2499465484375
4 0.5966729187500001 0.336715015625 0.6044123406249999 0.3327424546875 0.606070796875 0.3216192109375 0.548854365625 0.32003015 0.52622241875 0.3215295671875 0.5278473578125 0.3297629890625 0.5364160359375 0.336317759375 0.5966729187500001 0.336715015625
4 0.5085067734375001 0.3742278625 0.526310540625 0.3758271125 0.5304832921875 0.389820509375 0.5062813687500001 0.3948181484375 0.5079503921875 0.44439478125000004 0.69095815625 0.44179601249999995 0.700416421875 0.4262033640625 0.9343691625 0.4292019546875 0.93297834375 0.40303069375 0.9318655828125 0.373444628125 0.8982052749999999 0.3744441796875 0.89013800625 0.37164549999999996 0.89848345 0.35565303125000003 0.929640059375 0.3542536921875 0.93270005 0.3382612234375 0.6828091640625 0.338129221875 0.6339003187500001 0.337280278125 0.5908983359375 0.34016668437500003 0.5682160078125 0.338978159375 0.5280168015625 0.3392920703125 0.52491969375 0.35443721093749997 0.5073941 0.3546371046875 0.5085067734375001 0.3742278625
4 0.5044277265625 0.5058349890625 0.5102931046875 0.5319796859375 0.6416202453125 0.5316379 0.6423336281250001 0.525998878125 0.6532720953125 0.5242900546875 0.6544610625 0.5157460671874999 0.6632593953125 0.51625869375 0.9224536984375 0.51454990625 0.9322031109375001 0.5136954953124999 0.9317275390624999 0.46977928750000003 0.9274473484374999 0.4622605609375 0.9281607046874999 0.4451725140625 0.721521278125 0.44431812031250006 0.6375804734375 0.44465988437500004 0.5641024125 0.4448307546875 0.52932804375 0.4472829640625 0.528206971875 0.46277317656249994 0.5082323718749999 0.46277317656249994 0.5044277265625 0.5058349890625
4 0.5103922765625 0.5853236390625 0.52638961875 0.586250725 0.56741508125 0.584396553125 0.5767038984374999 0.569563178125 0.8971078921875 0.5690069249999999 0.9319407578125001 0.56678195 0.9355530625 0.5356318921875001 0.8801153265625 0.5335922984375 0.6567818359375 0.5345193953125 0.5282800015625 0.535603853125 0.5291323953125 0.548425653125 0.511070871875 0.5521339875 0.5103922765625 0.5853236390625
4 0.603184640625 0.60329385625 0.6057649171875 0.596804265625 0.617117803125 0.5960626203125 0.6173759000000001 0.5877188359375001 0.5265362765625 0.588793578125 0.5353249765625 0.60329385625 0.54977419375 0.604591775 0.603184640625 0.60329385625
4 0.5015240546874999 0.6416599828125 0.610318109375 0.638878725 0.6229611765625 0.6333162203125 0.6307018140625 0.6244161828125 0.8474401203124999 0.6244161828125 0.930781140625 0.624601625 0.9343934453125 0.615887009375 0.9312971687499999 0.604391165625 0.7858640390625 0.604391165625 0.7456127140625 0.606245328125 0.6258905515625 0.6064307484375 0.527891503125 0.606631596875 0.5301645046875 0.623118265625 0.5090067328125001 0.6240453515625 0.5015240546874999 0.6416599828125
4 0.50582690625 0.6740927421875 0.5512387015625 0.67483440625 0.55175475625 0.65851769375 0.6463748125000001 0.6594447796875 0.920135965625 0.657776028125 0.93277903125 0.6549948 0.933036990625 0.6396051828125 0.7920565921875 0.641088521875 0.7432904796875001 0.6416447546875 0.6547889875 0.64220101875 0.5879613515625 0.6407177 0.5639653171875 0.6412739234375 0.5292467296875001 0.6436049421875001 0.5262106234374999 0.6575906375 0.5063429484374999 0.657776028125 0.50582690625 0.6740927421875
4 0.52940264375 0.7093067296875 0.5546887765624999 0.71097548125 0.576104590625 0.709863003125 0.5846192968749999 0.6954004609375 0.7574421484375 0.695029628125 0.8841307687500001 0.6935462890624999 0.900386140625 0.6918775390625 0.906320625 0.6887254781250001 0.9104490125 0.6742629359375 0.84718980625 0.6757462953125 0.7659128140625 0.6742629359375 0.7008913296875 0.675190021875 0.5979406468749999 0.6750046015625 0.5551090750000001 0.6757462953125 0.524304671875 0.6773350109375 0.5216620203125 0.6770442140624999 0.5226940765625 0.688354615625 0.52940264375 0.7093067296875
4 0.506546725 0.7461895171874999 0.7580588625 0.7448915984375 0.767605678125 0.7298728031249999 0.9193224734375001 0.7293165796875 0.9332556640625 0.7278332203125 0.9337716921875 0.7122582109375 0.7861342875 0.7102186171875 0.6390619625 0.712999865625 0.5866835453125 0.711331115625 0.5265362765625 0.71268671875 0.5277045125 0.72672074375 0.5086109046875 0.73042905625 0.506546725 0.7461895171874999
4 0.5081491 0.7828868640625 0.777943728125 0.7834431171875 0.792134934375 0.7799201953125 0.7936831265625 0.76564309375 0.9188236375000001 0.7665701796875 0.93198273125 0.7650868203125001 0.9345630359375001 0.7478430703125001 0.7310257375 0.74710140625 0.5780187625 0.7476576296874999 0.5278643984375 0.749011409375 0.5287908453125 0.7637889015625 0.5089231703125 0.765457653125 0.5081491 0.7828868640625
4 0.7081159390625 0.7997598015625 0.71172824375 0.7845555937500001 0.6296773203125 0.783072284375 0.5333395125 0.7853361 0.52904883125 0.7917868515625 0.5295648734375 0.7995743609375 0.7081159390625 0.7997598015625
0 0.5066747359375 0.8281875609375 0.50577285625 0.9318543265624999 0.9149428796875 0.9309139171874999 0.9249759453124999 0.82997705625 0.5066747359375 0.8281875609375
6 0.885210625 0.8172976953125 0.935120221875 0.8162830968750001 0.9300337093750001 0.80061788125 0.882801796875 0.8007919296875 0.885210625 0.8172976953125
6 0.5318767609374999 0.8039761078125001 0.5226950359375 0.8072286906249999 0.511185475 0.809087303125 0.5136019625 0.8191742390625001 0.531100834375 0.8194955703125 0.5354977359374999 0.8162429859375001 0.5362736906250001 0.808622653125 0.5318767609374999 0.8039761078125001
6 0.6040376453125 0.8196814453125001 0.616581696875 0.8185662734375001 0.6187801484375 0.812897475 0.616840371875 0.8056488578125001 0.6090811421875 0.8040690359375 0.6002873125 0.8058347187500001 0.5468846890625 0.8068202124999999 0.54519676875 0.81391971875 0.5485591375000001 0.8208895359374999 0.6040376453125 0.8196814453125001