6 0.7564048578125 0.881290203125 0.2457205609375 0.8791968765625 0.2397995828125 0.88966350625 0.30937106718749996 0.9210633953125 0.698675328125 0.9200167328125 0.7578851015625 0.8875701812499999 0.7564048578125 0.881290203125
6 0.1509849234375 0.8708235734375 0.8437434187499999 0.8718702359374999 0.8422631734375001 0.8572169546874999 0.15190237812500001 0.85826361875 0.1509849234375 0.8708235734375
6 0.31913949218750004 0.6560717328125001 0.1417179953125 0.6560717328125001 0.1417179953125 0.6679077718750001 0.31913949218750004 0.6679077718750001 0.31913949218750004 0.6560717328125001
6 0.24493493281249998 0.5949233203125 0.3169089796875 0.5933452734375 0.3146772265625 0.5771703031250001 0.1406004625 0.5803263953125 0.1406004625 0.6197775437499999 0.21034275624999998 0.6189885203125 0.21090069374999998 0.6071531765625 0.24493493281249998 0.6051806187500001 0.24493493281249998 0.5949233203125
6 0.3626599234375 0.5937397859375 0.5876823718749999 0.5909782046875 0.5865664953125 0.5783538375 0.3672967265625 0.57598676875 0.3626599234375 0.5937397859375
2 0.6470078453125 0.5937397859375 0.8065782125000001 0.5945288078125001 0.8065782125000001 0.5799318828125 0.6492395984375 0.5783538375 0.6470078453125 0.5937397859375
2 0.6112997906250001 0.5306179484375 0.8372648203124999 0.5318014828125001 0.8372648203124999 0.426466915625 0.6112997906250001 0.426466915625 0.6112997906250001 0.5306179484375
4 0.45963541093750004 0.4489540703125 0.5819883890625001 0.44974309375 0.5808725124999999 0.43988030624999996 0.5909154015625 0.43948579531250004 0.5923298875 0.4268614265625 0.148118125 0.426466915625 0.148118125 0.4596058796875 0.46019334843750004 0.46197294843750003 0.45963541093750004 0.4489540703125
2 0.2316780734375 0.332248109375 0.7646464125 0.332248109375 0.7625280265625001 0.050760128125000005 0.2347347015625 0.050760128125000005 0.2316780734375 0.332248109375
1 0.5400119359375 0.333984375 0.5262008890625001 0.333984375 0.5234386796875 0.33203125 0.4074258859375 0.33203125 0.403282571875 0.3349609375 0.403282571875 0.3447265625 0.412950303125 0.345703125 0.41571251406250004 0.34765625 0.5331064125 0.3466796875 0.5400119359375 0.345703125 0.54415525 0.3427734375 0.54415525 0.3369140625 0.5400119359375 0.333984375
6 0.4930543765625 0.37890625 0.4820055390625 0.37890625 0.4792433296875 0.376953125 0.41018809375 0.376953125 0.4074258859375 0.375 0.3977581515625 0.3798828125 0.39913925625 0.388671875 0.60492385625 0.3876953125 0.6035427515625 0.376953125 0.5068654234375 0.376953125 0.5013410046875 0.375 0.4930543765625 0.37890625