4 0.48973364999999996 0.0825514859375 0.064695996875 0.0820154375 0.0631914390625 0.11310625781250001 0.09854855312500001 0.11364230625 0.096291715625 0.097560846875 0.4919904875 0.09970504218750001 0.48973364999999996 0.0825514859375
4 0.085759809375 0.1297237640625 0.0631914390625 0.1297237640625 0.065448275 0.2985790765625 0.4874768125 0.2975069796875 0.49349504531250005 0.11739464687500001 0.0872643671875 0.11739464687500001 0.085759809375 0.1297237640625
4 0.48973364999999996 0.299651175 0.0850075296875 0.30125932031249997 0.0910257625 0.3184128765625 0.0631914390625 0.3178768265625 0.065448275 0.331814090625 0.406230678125 0.3323501390625 0.40773523437500003 0.31519658437500003 0.4919904875 0.31519658437500003 0.48973364999999996 0.299651175
4 0.085759809375 0.3505757921875 0.0631914390625 0.3505757921875 0.06441655625 0.41650098281250003 0.28737059062500003 0.41490162656249996 0.29790249687500003 0.4009643625 0.49349504531250005 0.396139925 0.4919904875 0.33556643125 0.085759809375 0.3339582859375 0.085759809375 0.3505757921875
4 0.08801664687500001 0.433127278125 0.448358303125 0.433127278125 0.44986286093750005 0.41758186875 0.0895212046875 0.41811791718749997 0.08801664687500001 0.433127278125
4 0.09177804218749999 0.4486726890625 0.44309234999999997 0.4508168828125 0.44083551249999997 0.43473542500000006 0.0895212046875 0.43473542500000006 0.09177804218749999 0.4486726890625
4 0.0863584734375 0.4497447859375 0.08861530937499999 0.46582624375000004 0.061533265625 0.4690425359375 0.061533265625 0.4974531125 0.08801664687500001 0.5001333546875 0.48897956562499995 0.49798916093749995 0.491236403125 0.45242502812499996 0.0863584734375 0.4497447859375
4 0.3189645046875 0.666308425 0.3227259 0.6512990640625 0.49198868124999995 0.64969091875 0.4882272859375 0.501205453125 0.0857580046875 0.50227755 0.085005725 0.5183590078125 0.0629716234375 0.5194311046875 0.060932795312499996 0.6657723765625 0.3189645046875 0.666308425
4 0.48818530937500004 0.6679165703125001 0.0857160265625 0.6695247171875 0.08646830625 0.685606175 0.06239537656250001 0.686678271875 0.06447618125 0.718305140625 0.16076789687499998 0.7177690921875 0.1697952453125 0.701151584375 0.48893758906249996 0.6995434390625 0.48818530937500004 0.6679165703125001
4 0.48743302968749996 0.7177690921875 0.08646830625 0.7188411890624999 0.0857160265625 0.735458696875 0.0669090515625 0.7359947453125 0.0646522140625 0.7483238625 0.4656169390625 0.752076203125 0.47464428593749997 0.7333145015625 0.48893758906249996 0.732778453125 0.48743302968749996 0.7177690921875
4 0.48442391406249996 0.7531483 0.08421146874999999 0.7531483 0.063899934375 0.7676216124999999 0.06540449375 0.8019287234375 0.3557842 0.79924848125 0.36556382656249997 0.78477516875 0.49119442500000005 0.7863833140625001 0.48442391406249996 0.7531483
4 0.4896898671875 0.803000821875 0.0849637484375 0.80407291875 0.0857160265625 0.8212264734374999 0.06314765624999999 0.8212264734374999 0.06314765624999999 0.8662545578125 0.06540449375 0.867862703125 0.19178737031249998 0.8673266546875 0.19253965 0.8533893906250001 0.4934512625 0.8528533421875 0.4896898671875 0.803000821875
4 0.0645077765625 0.887160453125 0.06615677187499999 0.938085071875 0.49119442500000005 0.938085071875 0.4896898671875 0.8700068984374999 0.08632386875 0.8705429468749999 0.0645077765625 0.887160453125
3 0.0479576375 0.9509502390625 0.0720305671875 0.9520223359375001 0.0720305671875 0.9423734609375 0.047205359375 0.9413013625 0.0479576375 0.9509502390625
4 0.5123020203124999 0.9241478078125 0.5153111375 0.933260634375 0.938091953125 0.9343327312499999 0.9388442328125001 0.899489571875 0.5378795078125 0.9027058625000001 0.5123020203124999 0.9241478078125
4 0.9388442328125001 0.8164020359374999 0.5356226703125 0.819618328125 0.5153111375 0.8346276890625 0.5130543000000001 0.90056166875 0.6424462937500001 0.90056166875 0.643198571875 0.8839441625 0.9395965109375 0.8855523078124999 0.9388442328125001 0.8164020359374999
4 0.940256259375 0.7199132859375 0.9387517015625001 0.7177690921875 0.5354293343750001 0.720449334375 0.53467705625 0.7392110359374999 0.5151178015625 0.739747084375 0.5151178015625 0.81854623125 0.51815415 0.81854623125 0.8544964500000001 0.8153299390625 0.8544964500000001 0.8019287234375 0.9425130968750001 0.7997845296875 0.940256259375 0.7199132859375
4 0.9403235140625 0.701151584375 0.9388189546874999 0.6164559046875 0.53694638125 0.6196721953125001 0.5376986593749999 0.6378978484375 0.514378009375 0.6378978484375 0.512108684375 0.718305140625 0.661059934375 0.7172330437500001 0.6633167703125 0.7043678765625 0.6633167703125 0.701151584375 0.9403235140625 0.701151584375
4 0.9388877140625 0.56713943125 0.5384759156250001 0.568747578125 0.5377236359374999 0.5875092796875 0.515155265625 0.58697323125 0.51362573125 0.6164559046875 0.870430321875 0.6148477578125 0.8711826015625 0.5987663000000001 0.9418968296875001 0.599838396875 0.9388877140625 0.56713943125
4 0.9388949359375 0.48351584843750006 0.53698339375 0.48512399375 0.5384879515625001 0.5028135984375 0.51140590625 0.5017415015625 0.512898428125 0.56713943125 0.6859226046875 0.5655312859375 0.6964545109375 0.5510579734375 0.9411517734375 0.549449828125 0.9388949359375 0.48351584843750006
4 0.9410908390625 0.382738709375 0.5378692765624999 0.3854189515625 0.5386215562500001 0.40310855625 0.5137963484375 0.40364460468749996 0.51366274375 0.4824437515625 0.7047416171875 0.4824437515625 0.7047416171875 0.46636229218749997 0.9418419140625 0.46636229218749997 0.9410908390625 0.382738709375
4 0.5378298578125 0.336638528125 0.5158523265625 0.3361024796875 0.5151593265625001 0.3822026609375 0.9412227874999999 0.3811305640625 0.940470509375 0.31573263281249997 0.5385821359375 0.3178768265625 0.5378298578125 0.336638528125
4 0.9403442765625 0.08308753437500001 0.5143656734375 0.08308753437500001 0.51361339375 0.31519658437500003 0.515100046875 0.31519658437500003 0.5594845109375 0.31519658437500003 0.56098906875 0.3001872234375 0.9426011140625 0.3001872234375 0.9403442765625 0.08308753437500001