2 0.1325204578125 0.0342091171875 0.05686725 0.033620528125 0.055337567187500006 0.48552202031249997 0.1325204578125 0.48632928125 0.1325204578125 0.0342091171875
4 0.2091516796875 0.0887702453125 0.2091516796875 0.0756873546875 0.7418330453124999 0.076190540625 0.8420808796875001 0.0749325703125 0.8527455312500001 0.0729198578125 0.8513236187500001 0.0517859953125 0.84919075 0.033419671875 0.51412903125 0.0333805953125 0.25795007187499996 0.033191521875000005 0.1526677265625 0.0338729984375 0.1472966171875 0.0341744484375 0.14871853125 0.08902180312499999 0.2091516796875 0.0887702453125
4 0.1452666703125 0.23829446718749997 0.2819147671875 0.23814918281250003 0.2825306296875 0.22725251875 0.39800267968749997 0.226380796875 0.6780693234374999 0.22579964375 0.843119384375 0.22463732812499998 0.85194668125 0.22405616718750002 0.8529730578124999 0.17104950937500002 0.8525625421875 0.1359015109375 0.8531784046875 0.125585978125 0.85153605625 0.1027756125 0.739027875 0.10175858906249999 0.3865483421875 0.10190388125000001 0.2520859421875 0.10190388125000001 0.1508798875 0.1014680125 0.1467036734375 0.10945892500000001 0.147319534375 0.20110050156249998 0.1452666703125 0.23829446718749997
4 0.1481838046875 0.41485388125 0.14838910624999999 0.44333053749999995 0.5259663906250001 0.44245878281250006 0.5263770156249999 0.43100957656250005 0.815511365625 0.43086424531249995 0.85307871875 0.42999255468750003 0.8526682015624999 0.3374672921875 0.8528734375000001 0.2724016640625 0.8514364359375 0.25264235 0.6190843328125 0.2506083046875 0.3716973125 0.25220648125 0.27685512968750003 0.2504630359375 0.15140937031249999 0.2519582484375 0.146952103125 0.2584491453125 0.14715740625 0.3070971203125 0.1481838046875 0.41485388125
4 0.2783684125 0.4967886703125 0.280565753125 0.48528027187499995 0.7036664890625 0.4863689046875 0.8522112328125001 0.4838806 0.8533099500000001 0.4568202640625 0.6910599125 0.4571313265625 0.3644963671875 0.456975803125 0.2789609015625 0.45586028437500004 0.1494510140625 0.45646157656249997 0.146678871875 0.49772177187500005 0.2243121234375 0.49741074375 0.2783684125 0.4967886703125
4 0.3171311390625 0.5949045125 0.837905340625 0.5947854515625 0.8531136531250001 0.59426674375 0.852747159375 0.4994700484375 0.689850253125 0.49791388437500006 0.4864361953125 0.4981732375 0.30196518906250003 0.5002985515625 0.2355991703125 0.49859219218749995 0.1510693171875 0.49914189374999995 0.14880850625 0.500399071875 0.147525878125 0.5648185515625 0.144960621875 0.6070944984375 0.2572140265625 0.6068351437499999 0.318413765625 0.607224203125 0.3171311390625 0.5949045125
4 0.8520407828125001 0.617883246875 0.8447932734375 0.60792635 0.6951509312499999 0.60792635 0.4569332046875 0.6082280765625 0.2907659890625 0.60868066875 0.23257317031250002 0.6085298078125 0.18311987031250002 0.6092841109375 0.147522125 0.60988755625 0.143191759375 0.6347352625 0.27259547500000003 0.6339643296874999 0.2734143375 0.6230125578125 0.8452195828125 0.622258246875 0.8520407828125001 0.617883246875
4 0.8531865828124999 0.6356037796875 0.705358321875 0.6337428765625 0.455513565625 0.63455701875 0.3121471484375 0.6358363921875 0.24033239375 0.6353711671875 0.16933936249999998 0.63502224375 0.148468665625 0.63455701875 0.1450529359375 0.7000406890625 0.1459764015625 0.745133671875 0.1966893515625 0.7449158609375 0.25301640625 0.743390978125 0.25350905625000003 0.7321456484375 0.592393928125 0.7316010015625001 0.8544590265625001 0.7304146171875 0.8531865828124999 0.6356037796875
4 0.147844334375 0.9215063515624999 0.21777402499999998 0.9221895968749999 0.47735820156250003 0.9217991734375 0.4849434375 0.920920740625 0.482874771875 0.9088174984374999 0.531526375 0.9090127156250001 0.8209534953125001 0.909305546875 0.8518460703124999 0.9077438375 0.853363084375 0.8455924484375 0.852121903125 0.7892974421875001 0.8525356015625001 0.7580633421875 0.8105076875 0.7580633421875 0.6488644156250001 0.7585513749999999 0.52816943125 0.7580633421875 0.3497414734375 0.7578681296875 0.266993540625 0.7585513749999999 0.23072235000000002 0.7579657328125 0.14956551093749998 0.759316184375 0.146327290625 0.8311466624999999 0.1475685015625 0.8888081609375 0.147844334375 0.9215063515624999
4 0.8533170734375 0.9636098828125 0.8538471390625 0.9392271546875 0.8482818765625 0.93510081875 0.530895834375 0.9356635000000001 0.27998494687500003 0.9352884015624999 0.14913685000000002 0.9358122468750001 0.14258225468750002 0.9641725843750001 0.6969597125 0.9643601484375001 0.8533170734375 0.9636098828125
2 0.9466442828125 0.033181803125 0.8693573640625001 0.03384738125 0.869677321875 0.485083290625 0.9466442828125 0.4856658828125 0.9466442828125 0.033181803125