2 0.8260586812499999 0.41974347968750003 0.4444192375 0.41974347968750003 0.4444192375 0.6223172296875 0.8260586812499999 0.6223172296875 0.8260586812499999 0.41974347968750003
2 0.553460375 0.70638093125 0.17485178437499999 0.70638093125 0.17485178437499999 0.9063510046875001 0.553460375 0.9063510046875001 0.553460375 0.70638093125
1 0.4173153453125 0.9111328125 0.39658776093750003 0.908203125 0.29156800625 0.908203125 0.28327697343749997 0.91015625 0.28189513437499997 0.9150390625 0.288804328125 0.921875 0.4145516671875 0.9208984375 0.4173153453125 0.9111328125
1 0.6771010562499999 0.6298828125 0.6771010562499999 0.6259765625 0.6674281843750001 0.623046875 0.5955725625 0.623046875 0.59004520625 0.625 0.5886633671875 0.6298828125 0.592808884375 0.6328125 0.6701918625000001 0.6328125 0.6771010562499999 0.6298828125
4 0.186966315625 0.9492373687500001 0.1464893703125 0.9527400890625 0.15227179062500001 0.9638320390624999 0.8533200984375 0.9626644656250001 0.8533200984375 0.688868446875 0.5738269546875 0.689452234375 0.5713487749999999 0.94982115625 0.186966315625 0.9492373687500001
4 0.8516871437500001 0.662014253125 0.4257342015625 0.6637656140625 0.42242996093749996 0.404257778125 0.1473519421875 0.40367399062500003 0.1473519421875 0.6882846609375 0.4939694109375 0.6900360203125 0.49367715 0.6771927109375 0.8533392640624999 0.6766089234375 0.8516871437500001 0.662014253125
4 0.8546346921874999 0.2519789703125 0.14950779375 0.25373033125 0.14950779375 0.389385809375 0.2954227234375 0.38821823437499997 0.295920340625 0.374574203125 0.8538086312500001 0.374574203125 0.8546346921874999 0.2519789703125
4 0.14777405937500002 0.1579892921875 0.14860011875 0.250811396875 0.26287793593750003 0.250811396875 0.26287793593750003 0.2362167265625 0.8537711281249999 0.2362167265625 0.8562493078125 0.15740550625 0.14777405937500002 0.1579892921875
4 0.8508282062499999 0.115006003125 0.14897895 0.1167573640625 0.14637653125 0.1422270484375 0.3190230953125 0.1428108359375 0.32150127500000003 0.129967525 0.8533063875 0.128216165625 0.8508282062499999 0.115006003125
4 0.851719525 0.0893193828125 0.1490040625 0.0893193828125 0.14237046874999998 0.11208706875 0.46288179375 0.11442221718750001 0.466186034375 0.10274647968749999 0.8525455859375001 0.10099512031249999 0.851719525 0.0893193828125
4 0.8534279828125 0.0332758484375 0.1490040625 0.035027209375 0.148178003125 0.0869842359375 0.1919591890625 0.0858166625 0.1919591890625 0.0758922859375 0.8534279828125 0.0758922859375 0.8534279828125 0.0729733515625 0.8534279828125 0.0332758484375