2 0.34690805468749997 0.3732104515625 0.65024578125 0.373048384375 0.65152694375 0.022745753125 0.3486788796875 0.022745753125 0.34690805468749997 0.3732104515625
4 0.145959434375 0.15650113906250002 0.267554615625 0.15671946406249998 0.3390760859375 0.156391975 0.3403602125 0.11172010624999999 0.33652743281249997 0.10959227499999999 0.2282894765625 0.1077364984375 0.0929327578125 0.10751816875 0.061156571874999996 0.1082823171875 0.05830371250000001 0.1104205671875 0.0574986796875 0.164052278125 0.05872516875 0.1726573359375 0.06087153125 0.1749497640625 0.10548519375000001 0.173530640625 0.145959434375 0.173421478125 0.145959434375 0.15650113906250002
4 0.0578462984375 0.23662421406249998 0.057074009375 0.3126377125 0.0571427453125 0.3762968515625 0.056134325 0.4294380578125 0.055882228125 0.47310758281250004 0.0563864546875 0.5582897015625 0.054541025 0.5880030921875 0.0558522125 0.6230568359374999 0.061424832812499996 0.6280750734375 0.0904352296875 0.6249240859375 0.13927761249999998 0.6258577109375 0.20500171875 0.6253909 0.20650989218750002 0.60846893125 0.29682741875 0.6103361781250001 0.3363274453125 0.6088190375 0.338294265625 0.579962175 0.33780255000000003 0.5286677328125 0.33845815 0.4606786140625 0.339441559375 0.3595683796875 0.33976934999999997 0.26355276562499996 0.33894986562499996 0.1772057953125 0.3051863328125 0.173237884375 0.1870140328125 0.1741715109375 0.106467975 0.1740548125 0.08168007499999999 0.1746233078125 0.080285475 0.176179184375 0.08070596249999999 0.19435475468750002 0.06387013281250001 0.19413479843749998 0.0583096734375 0.195344571875 0.0578462984375 0.23662421406249998
4 0.0518826796875 0.7765186515625 0.053397006250000004 0.8223854749999999 0.0669317546875 0.8252898453125 0.1305264921875 0.826477996875 0.1535170140625 0.8251578296875 0.15500026718749998 0.80733554375 0.16427064062500002 0.8090517703125 0.3311615 0.8098438640625 0.33857781875000004 0.8077316015625 0.33802160468750003 0.7177354515625 0.337094565625 0.6283634421875 0.317997578125 0.6255910828125 0.2805452828125 0.624534946875 0.2432783859375 0.6274393218750001 0.1284076078125 0.6277033546874999 0.111109340625 0.626105715625 0.0791922890625 0.6266526328124999 0.07645278125 0.6282464734375 0.0753119203125 0.643951040625 0.054336515625000005 0.6459598765625 0.054336515625000005 0.6893270390625 0.0518826796875 0.7765186515625
4 0.051874704687499995 0.9213389015625 0.052861153125000004 0.958082953125 0.05525684843749999 0.9599894453125 0.1820869265625 0.9595880796875 0.2624152984375 0.9593873937499999 0.3339510328125 0.957480896875 0.337297984375 0.90522115625 0.335818825 0.8441160968749999 0.3363125609375 0.8286728968749999 0.2294934390625 0.8267664 0.16702559687500002 0.8248599125 0.147692875 0.8285725578124999 0.082163990625 0.8286728968749999 0.0775135515625 0.8305793953125 0.07768850000000001 0.8311008765624999 0.07709980625 0.8466293671875 0.0544113078125 0.84602731875 0.053283923437500005 0.84952720625 0.051874704687499995 0.9213389015625
1 0.55872983125 0.9425060593750001 0.685930934375 0.9438172687499999 0.8650944781250001 0.9434426374999999 0.9090127750000001 0.9434426374999999 0.9058559718750001 0.93051781875 0.807730459375 0.9282700265624999 0.601712325 0.9286446578125 0.40374779062500005 0.9288319796875 0.3724423453125 0.9267714953124999 0.3595518703125 0.9286446578125 0.3521623109375 0.930941134375 0.3511668046875 0.955430884375 0.459025915625 0.9589898984375 0.5568883140625001 0.9593645296875 0.55872983125 0.9425060593750001
2 0.9320867125 0.91801140625 0.9397049656249999 0.5935571046875 0.93765266875 0.537113521875 0.362730871875 0.535165890625 0.350449740625 0.5347359468749999 0.3498862 0.5391116593749999 0.34979466875 0.9027348984374999 0.34844169062499997 0.912623009375 0.7888915640625 0.917870609375 0.9320867125 0.91801140625
2 0.9355787718749999 0.5250250328125 0.9359968390625 0.511728821875 0.869664134375 0.50924818125 0.7677505828125 0.5111334671875001 0.6788934624999999 0.512522621875 0.67661928125 0.52383433125 0.71828625 0.526017290625 0.8070550093750001 0.5254219375 0.8738799890625 0.5246281328125 0.9355787718749999 0.5250250328125
4 0.6537571171875001 0.420890603125 0.653194240625 0.49257493124999996 0.650755059375 0.5024612125 0.6582602109375 0.509007534375 0.6856539671874999 0.51034351875 0.75320025 0.5094083328125001 0.7592043671875001 0.507537953125 0.758829125 0.49310931875 0.8927231546875 0.493910915625 0.9351272156249999 0.4933765140625 0.9383168953125001 0.4628440234375 0.937941653125 0.3772976328125 0.9424447468749999 0.327072303125 0.9398179453125 0.2521739265625 0.9424447468749999 0.179801328125 0.9422571124999999 0.110765896875 0.8906592546875001 0.108227528125 0.754732040625 0.10956351093750001 0.6836072093750001 0.1096971078125 0.6590107234375 0.11187594999999999 0.656946796875 0.20774579218749997 0.6565715546875001 0.2984444640625 0.6537571171875001 0.3548223171875 0.6537571171875001 0.420890603125
4 0.360819578125 0.52458471875 0.389708678125 0.52633359375 0.490516584375 0.5246679984375 0.552725671875 0.5274995109375 0.6373603234375 0.52458471875 0.6404012781249999 0.4913451828125 0.6405333468750001 0.43784075468749994 0.6398315984375 0.3936641015625 0.6226384781250001 0.3910824234375 0.5035593765625 0.39141554375 0.473833575 0.3932477015625 0.4012014609375 0.3921650625 0.37134257187499997 0.391998503125 0.3591787375 0.395163134375 0.35772264531250003 0.3972986015625 0.3556733359375 0.4179377578125 0.35555638125 0.47262075000000003 0.35368502031250004 0.5199210515625 0.360819578125 0.52458471875
1 0.436021409375 0.37642518125 0.4322786890625 0.3742599078125 0.42544019375 0.37364655468749997 0.39651268281249996 0.3734593046875 0.3755020734375 0.37416149062500004 0.3590659890625 0.376455296875 0.35772264531250003 0.37826851562499997 0.359646575 0.38575252031249996 0.393097115625 0.3869184359375 0.432512615625 0.3875013921875 0.436021409375 0.37642518125
3 0.059927443749999997 0.9657390296875 0.05514273125 0.9654866656250001 0.0451302765625 0.9654866656250001 0.041408829687499996 0.9701553703125001 0.0433655296875 0.9761531515625 0.058952781249999996 0.9769691578125 0.06542099999999999 0.97652751875 0.0659526328125 0.9685150140625 0.059927443749999997 0.9657390296875