7 0.795602784375 0.20455288125 0.8060942484375 0.1556660296875 0.8917745484375 0.14666055625000002 0.8917745484375 0.09391421562499999 0.8078428265625 0.08490874375 0.1084118078125 0.0913412234375 0.1119089625 0.1363685875 0.152126246875 0.14666055625000002 0.188846375 0.1543795328125 0.2133264609375 0.1981204 0.2850181390625 0.2135583546875 0.3252354234375 0.22127733125 0.33397831093749997 0.20841237031249998 0.795602784375 0.20455288125
6 0.1500017703125 0.06521396874999999 0.2308468796875 0.06306405781249999 0.22695072968750002 0.047298043750000004 0.15487195781250002 0.04801468125 0.1500017703125 0.06521396874999999
4 0.17824885625 0.364768246875 0.21039209374999998 0.4048999203125 0.1353912078125 0.40704983125 0.106170084375 0.41779938593750005 0.1616902203125 0.486596540625 0.13149505781249998 0.48946308906249997 0.1295469828125 0.5088122875 0.1675344453125 0.5066623781249999 0.18019693125 0.55682696875 0.1480536953125 0.561843428125 0.13928735781249998 0.5840591765625 0.1159104578125 0.5890756359375 0.110066234375 0.6170244796875 0.088637409375 0.617741115625 0.088637409375 0.6342237671875 0.293185278125 0.637090315625 0.28928912812499996 0.2579893296875 0.1529238828125 0.25583941875 0.1412354328125 0.2916712703125 0.21818439375 0.353302053125 0.17824885625 0.364768246875
1 0.071104734375 0.7245200328125 0.21818439375 0.7259533078125 0.22305458125 0.7094706546875 0.0720787734375 0.7123372031249999 0.071104734375 0.7245200328125
1 0.18896326875 0.87788035625 0.18506711874999998 0.8649808890624999 0.0662345484375 0.8656975265625 0.0720787734375 0.8986628296875001 0.20649594375000002 0.8936463703124999 0.20552190625 0.8793136296874999 0.18896326875 0.87788035625
4 0.5980590046875001 0.8219826687499999 0.57663018125 0.8219826687499999 0.56396769375 0.794033825 0.6009811171874999 0.789734003125 0.5756561437500001 0.72738658125 0.313640065625 0.7288198546875 0.29805546562499996 0.741719321875 0.297081428125 0.768951528125 0.3107179515625 0.789734003125 0.290263165625 0.7918839125 0.291237203125 0.8527980609375 0.38377076250000003 0.8513647859375 0.38377076250000003 0.8391819578125 0.5980590046875001 0.8370320453125 0.5980590046875001 0.8219826687499999
4 0.60390323125 0.9323447703125 0.60390323125 0.9151454812500001 0.58539651875 0.9151454812500001 0.58539651875 0.9022460156250001 0.5503311703125 0.9036792890625 0.5493571312500001 0.8900631859375 0.56396769375 0.8699973484375001 0.6000070796875 0.8685640749999999 0.6000070796875 0.8520814234375 0.3340948515625 0.8527980609375 0.311691990625 0.8563812453124999 0.308769878125 0.8671308015625 0.28928912812499996 0.8671308015625 0.29415931562500003 0.948110784375 0.57663018125 0.9445276 0.57760421875 0.9359279562499999 0.60390323125 0.9323447703125
4 0.9392600453125001 0.7668016171875001 0.9304937078125001 0.7481690546875 0.9110129578124999 0.7324030406250001 0.905168734375 0.7295364921874999 0.6207497921875 0.730969765625 0.6253320546875 0.8069332906250001 0.7217617640625 0.8069332906250001 0.7217617640625 0.794033825 0.9353638953125 0.7883007281250001 0.9392600453125001 0.7668016171875001
4 0.9149091078125 0.9294782218750001 0.9100389218749999 0.8886299125000001 0.9256235203125 0.882180178125 0.9256235203125 0.8714306234375 0.9032206593750001 0.8721472609375001 0.9012725843749999 0.8535146984375 0.8769216468750001 0.8527980609375 0.878869721875 0.8370320453125 0.9343898578125 0.8363154093749999 0.9334158203125 0.808366565625 0.6480228421875001 0.808366565625 0.6256199796875 0.8219826687499999 0.6256199796875 0.9466775109375 0.9353638953125 0.9466775109375 0.9382860078125 0.93377804375 0.9149091078125 0.9294782218750001
2 0.2643339953125 0.7324037062500001 0.07123923125 0.7324037062500001 0.07123923125 0.859297903125 0.2643339953125 0.859297903125 0.2643339953125 0.7324037062500001
2 0.937345925 0.230341296875 0.067120609375 0.230341296875 0.067120609375 0.7103315453125 0.937345925 0.7103315453125 0.937345925 0.230341296875
3 0.0941020546875 0.949293028125 0.0689198140625 0.949293028125 0.0689198140625 0.960019503125 0.0941020546875 0.960019503125 0.0941020546875 0.949293028125