7 0.08839890781250001 0.0211541234375 0.073786390625 0.0235989171875 0.0770686828125 0.045988782812500004 0.2259804265625 0.04417791875 0.22881296093749998 0.02011933125 0.08839890781250001 0.0211541234375
7 0.32288435 0.025097562499999997 0.3203139296875 0.0221097671875 0.244369184375 0.0243506109375 0.2342224875 0.0235406015625 0.232364890625 0.034658495312499996 0.2559661609375 0.036451170312499996 0.32101497968750003 0.035256057812500005 0.32288435 0.025097562499999997
6 0.3941647171875 0.034807884375 0.30910661250000004 0.036451170312499996 0.261904025 0.035704225 0.2312924484375 0.0371981203125 0.23343395781249998 0.0374857484375 0.2376468390625 0.044518210937500004 0.40024028906250003 0.043472487500000004 0.40117498906250004 0.037347509375 0.3941647171875 0.034807884375
6 0.049261506249999996 0.026292682812500003 0.038929996875 0.029421084375 0.0424849171875 0.0421279796875 0.058374881249999996 0.0404846953125 0.058141196875 0.029579246875 0.049261506249999996 0.026292682812500003
7 0.090622175 0.05960656875 0.06959132343749999 0.06154863125 0.0662656890625 0.063023846875 0.07333014375 0.07051201562500001 0.10908260624999999 0.0706614 0.1097836234375 0.06154863125 0.090622175 0.05960656875
7 0.12380420156250001 0.088690784375 0.122402134375 0.0795780203125 0.1144571609375 0.07688901249999999 0.0539350265625 0.078084125 0.0434196015625 0.081669471875 0.042084115625 0.0825134484375 0.0424849171875 0.102434640625 0.1275430046875 0.1000444 0.12847770625 0.09108102500000001 0.12380420156250001 0.088690784375
6 0.09856717968749999 0.10275520468749999 0.0784710140625 0.10170947968749999 0.04108285 0.10409971250000001 0.0418212734375 0.1082195625 0.048093121875 0.109477746875 0.0829108671875 0.11052347031250001 0.10020289843750001 0.10932835 0.09856717968749999 0.10275520468749999
4 0.11842964687499999 0.284118584375 0.138525796875 0.28262469375 0.13899313124999998 0.275752765625 0.1350206453125 0.2747070375 0.13315124218750002 0.2714204671875 0.13642274375000002 0.2703747390625 0.137824746875 0.2658930515625 0.1350112015625 0.2640971359375 0.14262038906250002 0.26331533125 0.14262038906250002 0.2582770359375 0.1369134984375 0.2569740265625 0.1272661515625 0.2575820953125 0.1284890546875 0.250980184375 0.137728775 0.2513276578125 0.136641753125 0.24444901562500002 0.135147084375 0.2395844515625 0.13365243437500002 0.2328088109375 0.12685852343749998 0.23072399531249999 0.12685852343749998 0.2270769546875 0.1291684484375 0.22290733125 0.1278096625 0.21925890468749998 0.124412715625 0.21812963437500002 0.12251041874999999 0.212048925 0.11789055 0.207618696875 0.138951678125 0.20631568906250003 0.1371852640625 0.20043798281249997 0.12794554375 0.19991678125 0.126722640625 0.193575471875 0.1415333859375 0.193836075 0.1394952078125 0.1877553703125 0.12142339687499999 0.18723416406249999 0.1211516328125 0.1821958671875 0.140446328125 0.1798870875 0.139766953125 0.17493565625000002 0.12713026875 0.17380638125 0.11340658125 0.17528312968749998 0.11177603124999999 0.168333746875 0.13406008125 0.16781254375000001 0.1327012953125 0.161204875 0.1123195421875 0.16059680781250002 0.1120477953125 0.1554716390625 0.1163959 0.1544292328125 0.11422183906250001 0.14843539375 0.1335165515625 0.14869599687499999 0.1332447875 0.142807 0.1396310703125 0.141764590625 0.138951678125 0.1335990734375 0.1392234234375 0.131514259375 0.130527234375 0.1300375171875 0.12183102500000001 0.1303849859375 0.1212875140625 0.12372271093750001 0.12984784062500002 0.1231146375 0.130527234375 0.11946621406249999 0.1299837234375 0.11738140156250002 0.11327069999999999 0.115817790625 0.10851495781250001 0.11738140156250002 0.1074279359375 0.11086636093749999 0.101856928125 0.11025828906249999 0.06911028125 0.11069262499999999 0.0427499203125 0.11077949375 0.04103274375 0.1115798375 0.04482166875 0.2053133703125 0.0469247390625 0.2835210390625 0.058842246875000004 0.2844173625 0.11842964687499999 0.284118584375
4 0.2073528390625 0.1495706625 0.26860514062499996 0.14861571875 0.2683561953125 0.1427268953125 0.26773380625 0.1166765828125 0.26711141718750003 0.10545598437499999 0.19591030468749998 0.10545598437499999 0.16516438125 0.10394398906249999 0.1557325734375 0.1056767171875 0.15818424375 0.1545841203125 0.1609227546875 0.155141171875 0.2076018015625 0.1555390640625 0.2073528390625 0.1495706625
4 0.1838517015625 0.19977424531250002 0.2516814046875 0.1998226359375 0.2519084609375 0.19358046874999998 0.27076278125000003 0.1932901359375 0.27038432968750004 0.1883426625 0.27038432968750004 0.18819749375 0.2701572625 0.1761341578125 0.2700815796875 0.16126555 0.266978271875 0.15662021718750002 0.2302985390625 0.1547960734375 0.21841517812500003 0.156005796875 0.170841665625 0.1562961265625 0.1663759453125 0.1555702953125 0.1574445078125 0.1556186828125 0.1571336390625 0.156140165625 0.158467415625 0.1950020125 0.1608036703125 0.2001764390625 0.1686379703125 0.19987102343750002 0.1838517015625 0.19977424531250002
4 0.24021404999999998 0.25700146562500004 0.24094670625 0.2558639609375 0.24136536249999999 0.251180121875 0.273765359375 0.249641146875 0.2732420375 0.21833359843750003 0.2718814046875 0.200757746875 0.23797021875 0.2011592171875 0.1929646390625 0.2003562765625 0.1916039984375 0.1998878890625 0.167635909375 0.1999548015625 0.1595394375 0.20148518750000002 0.16061459218750002 0.23325208281249998 0.160167690625 0.25675557968749996 0.1641313828125 0.25747057500000003 0.24021404999999998 0.25700146562500004
4 0.27362798125 0.25809563125 0.27061790625 0.2558505734375 0.2681095390625 0.2556100328125 0.2661028453125 0.2564118375 0.23650399375000003 0.25769472968749996 0.1964953796875 0.2577749078125 0.16325939218750002 0.2577749078125 0.161967940625 0.259177290625 0.16266488125 0.2641091671875 0.228635184375 0.26467043125 0.2746313109375 0.2624253765625 0.27362798125 0.25809563125
4 0.393053246875 0.2564996796875 0.3820855703125 0.255250078125 0.3333282328125 0.25608314375 0.2872831640625 0.256291415625 0.28229086406250004 0.25781960000000004 0.2838479734375 0.2629559640625 0.3571468671875 0.2624005859375 0.394139159375 0.2612204046875 0.393053246875 0.2564996796875
4 0.321710775 0.2559155265625 0.3207879234375 0.2499621125 0.3772230484375 0.250230284375 0.3934843375 0.248889425 0.391554759375 0.219122790625 0.3899607375 0.1932855484375 0.37934029062499997 0.19201561250000002 0.3328766484375 0.191901365625 0.294454778125 0.1930438390625 0.2787188296875 0.19430120312500002 0.28284593125 0.2522346796875 0.2835608046875 0.25570801875 0.28742110625 0.2565306578125 0.321710775 0.2559155265625
4 0.4508742203125 0.2173251703125 0.4518502203125 0.2108775921875 0.5099138015625 0.21046161875 0.5078669015624999 0.192042965625 0.47435755156250003 0.1910723640625 0.40129038906250003 0.1918349828125 0.3997148109375 0.193164178125 0.3980175875 0.211271653125 0.4009527421875 0.21811518749999997 0.42061822812500005 0.21704785312500002 0.4508742203125 0.2173251703125
4 0.5132018296874999 0.26038204375 0.5112857562500001 0.22681852500000002 0.51090253125 0.21726393906250002 0.5024718125 0.2162839828125 0.420690309375 0.2176010140625 0.4085618203125 0.2171982234375 0.40257632499999996 0.2185072984375 0.40046533906250004 0.2194762703125 0.40341111406249996 0.260259553125 0.4060936125 0.261974471875 0.46894063125 0.2618519890625 0.5132018296874999 0.26038204375
4 0.4561494171875 0.1894372015625 0.5079367234375 0.1887555984375 0.5082032546875 0.183302790625 0.49620890937500006 0.182450790625 0.350379078125 0.18202479062500002 0.2789900625 0.1843719421875 0.280642071875 0.1897780015625 0.29157025625 0.18994840156249998 0.441430878125 0.189011203125 0.4561494171875 0.1894372015625
2 0.42791921562499996 0.11395089375 0.2771884390625 0.11502723125 0.28028557187500003 0.1802297515625 0.508745725 0.1791418359375 0.504151053125 0.112862975 0.42791921562499996 0.11395089375
6 0.4461946734375 0.09959035000000001 0.3799973390625 0.0970881328125 0.3343909546875 0.098611221875 0.334803990625 0.1014458328125 0.33731280625000004 0.1085112921875 0.434452746875 0.109599215625 0.4461946734375 0.10698820625000001 0.4461946734375 0.09959035000000001
7 0.61803174375 0.0889282328125 0.617667915625 0.0638085921875 0.5994770359375 0.0568309125 0.332330509375 0.0649715421875 0.2581117234375 0.0649715421875 0.167524346875 0.06659967343749999 0.15952036875 0.0682277921875 0.15964462343750002 0.068826140625 0.159708890625 0.0879978796875 0.17389775624999998 0.0893934171875 0.35429841875 0.091719309375 0.61803174375 0.0889282328125
6 0.211518971875 0.096472390625 0.18347555 0.0953448296875 0.1539715296875 0.097279884375 0.1559612171875 0.10380154374999999 0.18347555 0.1033505140625 0.21169536249999998 0.1034632703125 0.211518971875 0.096472390625
4 0.5881812531249999 0.10885660156250002 0.6208017046875 0.10801494375000001 0.6203628906249999 0.09623177499999999 0.5823300484375 0.09501604999999999 0.5114043609375 0.0978252515625 0.512846940625 0.11409356562499999 0.5184055859375001 0.11502874062499999 0.5883275171875 0.1148417 0.5881812531249999 0.10885660156250002
4 0.573406925 0.20954191249999998 0.575601134375 0.20346329375 0.6251665562500001 0.2024346046875 0.6232648953125 0.138902421875 0.621216990625 0.11473950468750001 0.6131715765625 0.1142719171875 0.5496859671875 0.1151135796875 0.5141398828125 0.11483301875 0.5122382437499999 0.1153941265625 0.512062515625 0.11559997500000001 0.5176741828125 0.2102900546875 0.5286451890625 0.21038356875000003 0.54766163125 0.2098224734375 0.573406925 0.20954191249999998
4 0.6218118328125 0.2588165859375 0.6222127203125 0.2543741828125 0.6286270109375 0.25317815 0.627157078125 0.22507484843749997 0.6264889203124999 0.2098069984375 0.606845121875 0.20955070468749998 0.5394949984374999 0.21006329375 0.51888966875 0.211677603125 0.5195232562500001 0.257107971875 0.5235321859375001 0.2608669140625 0.6074525796875 0.260952353125 0.6218118328125 0.2588165859375
4 0.74493161875 0.2411170875 0.7401700625000001 0.23918918125 0.728160940625 0.23932137187500002 0.6657405359374999 0.2404577953125 0.6604077375 0.241452165625 0.6560748375000001 0.2401026640625 0.6363396765625 0.241490396875 0.63713326875 0.2586943390625 0.6499894312500001 0.25910021250000004 0.7460426359375 0.257781115625 0.74493161875 0.2411170875
4 0.6605518203125 0.241389925 0.6725873671875 0.24009403593749998 0.7307641640625 0.23920311249999998 0.729750646875 0.23296663906249998 0.74393991875 0.23296663906249998 0.7427997093750001 0.20036464375000002 0.7407726609374999 0.1642197859375 0.7349449203125 0.1630858796875 0.668559390625 0.1643817734375 0.6509495000000001 0.1647057421875 0.6325477625 0.16634726093750002 0.6368180515625 0.239467840625 0.6413152984375 0.24084788281249997 0.65561091875 0.240256021875 0.6605518203125 0.241389925
4 0.7242342734375 0.157681515625 0.7402394937500001 0.1577522875 0.7379147625 0.1193592796875 0.7379147625 0.11432831562500001 0.694298565625 0.11397445937499999 0.6348424953125 0.1148237171875 0.628860865625 0.11600895781250001 0.6331903390625 0.16490019843749998 0.647802878125 0.1646878828125 0.6482456796875 0.15909694375 0.7242342734375 0.157681515625
4 0.6833341921875 0.1070715265625 0.6608618859375001 0.10558532812500002 0.6313047187499999 0.10692998437500001 0.6282050953125 0.10834541093750001 0.628980003125 0.10834541093750001 0.6292014109374999 0.10813309687499999 0.6292059453125 0.10833675000000001 0.632125909375 0.11266246718749999 0.6579192421875 0.11301632187499999 0.6826699953124999 0.1123086078125 0.6833341921875 0.1070715265625
7 0.6790454265625 0.104919425 0.806918403125 0.10156422031250001 0.8900570453125001 0.098418709375 0.9297468453125 0.096531403125 0.9300749156249999 0.07346433125 0.9582841578125001 0.07346433125 0.9582841578125001 0.053123371875000006 0.9208904421874999 0.0497681609375 0.8464310812500001 0.054800978125 0.7044006125 0.0598337921875 0.673239190625 0.055220378125000004 0.65454235625 0.0596240953125 0.636501525 0.06255990156249999 0.636861121875 0.0627606234375 0.64657195 0.07921023906249999 0.6665808625 0.0800490453125 0.67215710625 0.1013545203125 0.6790454265625 0.104919425
4 0.873672378125 0.131941878125 0.933733140625 0.13016629531249999 0.9373784625000001 0.12372981406250001 0.9741786781249999 0.12450662500000001 0.9750466109374999 0.117626240625 0.9724428140624999 0.10497521406250002 0.9642843078125001 0.106195925 0.9677560140624999 0.09931554687500001 0.9568200703124999 0.09798385781249999 0.8748874703125 0.10275573593750001 0.8648194828125 0.10275573593750001 0.862648334375 0.102981175 0.866208165625 0.1084154078125 0.8634308 0.11008001406250001 0.8660345984375001 0.13216382499999998 0.873672378125 0.131941878125
4 0.9328197062499999 0.1595709625 0.9322380718750001 0.1548856609375 0.9759780749999999 0.15443944062499998 0.9759780749999999 0.1486385921875 0.974931090625 0.130789821875 0.9593429046875 0.12974864375 0.8989677484374999 0.1307154515625 0.8924532812500001 0.13138478125 0.8850081718749999 0.13227721875 0.8656974312499999 0.1330952875 0.8646609749999999 0.1339150546875 0.8668242265625 0.1637963109375 0.88233259375 0.1632894546875 0.9338666734375 0.1603146609375 0.9328197062499999 0.1595709625
4 0.8757018015625 0.2544175984375 0.8953615265625 0.2526327234375 0.9294461671875001 0.24965792968749997 0.928980834375 0.24296464218749997 0.9802822640625 0.24155161249999998 0.9810965656249999 0.23589950312500002 0.9797006125 0.20801572968749998 0.9791189625 0.18582274062499998 0.9773740109375 0.1617509640625 0.9619021578125 0.160114828125 0.94154445 0.16026356718749998 0.926305246875 0.16056105 0.9189764874999999 0.16160222500000002 0.873258865625 0.1639076953125 0.8668607328125001 0.1647257609375 0.8666331859374999 0.1657029953125 0.8703506203125 0.206849090625 0.8706996124999999 0.23857681875 0.8726772234375 0.2525583515625 0.8757018015625 0.2544175984375
4 0.855130615625 0.0998517890625 0.790505915625 0.10345642968749999 0.7457204421875 0.1051101265625 0.749085328125 0.15045134375 0.80221640625 0.1494808671875 0.8581666796875 0.144628465625 0.855130615625 0.0998517890625
1 0.8588172828125 0.15529712499999998 0.857516075 0.1497515265625 0.8425526828125 0.1494742515625 0.773157003125 0.1533561671875 0.748651621875 0.153217528125 0.7477841796875 0.1537720859375 0.7464522312499999 0.154538046875 0.7497359328125001 0.160149525 0.7753255953125 0.1616745640625 0.8499259296874999 0.1570994515625 0.8588172828125 0.15529712499999998
4 0.8165177781249999 0.1751834375 0.8582953046874999 0.17213239062500002 0.8590588953125 0.15924435625 0.8542864328125 0.158451084375 0.850373025 0.1585731265625 0.84712774375 0.1602817125 0.7746817703125 0.1644311328125 0.754637434375 0.164126028125 0.7486476 0.165764578125 0.750229853125 0.1829644109375 0.7622095140625 0.18256696562500002 0.81661324375 0.18098042187500002 0.8165177781249999 0.1751834375
4 0.826892503125 0.256843159375 0.8638596156249999 0.25452436875 0.8622369937500001 0.224641928125 0.8604234421875001 0.1899474203125 0.8595643984375 0.17876149531250002 0.8232936890625 0.18101926875000002 0.7890067703125 0.18150743593750002 0.783088921875 0.182056625 0.782516221875 0.182361728125 0.757508525 0.1826668328125 0.7501575953125 0.1835882734375 0.75215575 0.2200240859375 0.7539692890625 0.25550069999999997 0.75835995 0.257392346875 0.826892503125 0.256843159375
7 0.6882512671875001 0.29700129375 0.6930686500000001 0.30301417656249996 0.7031622468750001 0.3055073234375 0.785057959375 0.306533915625 0.7910223453125 0.3072671953125 0.8102919125 0.3028675203125 0.8178621125 0.2867353921875 0.8437842859375 0.28424224374999996 0.8453900703125001 0.2706032625 0.8320848890624999 0.267230178125 0.8192385218749999 0.2719231640625 0.7196790265625 0.2729497546875 0.694903871875 0.270016640625 0.684122071875 0.2728030953125 0.6797634703125001 0.273976340625 0.6595610781250001 0.27596139062499997 0.6598056984375 0.28702870156250004 0.668981684375 0.2879086375 0.6873336546875 0.2882019484375 0.6882512671875001 0.29700129375
6 0.640625834375 0.3082962546875 0.6412795390625 0.3120574734375 0.6417568 0.31389737812499996 0.6953363265625 0.31308615156249997 0.6964519984375 0.3070425140625 0.6735724265624999 0.3054544453125 0.640625834375 0.3082962546875
4 0.7337813343749999 0.3578831484375 0.73312763125 0.35194877812500003 0.7522157578125 0.351447290625 0.7502546453125001 0.32020933125 0.7494701796875 0.3135227171875 0.714431753125 0.31394063125 0.6773014703125 0.3159466140625 0.6461852515625 0.3165316921875 0.641782828125 0.3168937046875 0.6446163625 0.358718971875 0.655206346875 0.35880255625 0.6890681078124999 0.35913688593750004 0.7337813343749999 0.3578831484375
4 0.676370371875 0.4148966515625 0.6768008953125 0.4092818875 0.7547383937500001 0.40807086249999996 0.755168915625 0.3894751640625 0.75293021875 0.36970363281249996 0.7522413640625001 0.35870408125000003 0.6997235015625 0.3591444546875 0.646726740625 0.36024538906250003 0.644282834375 0.3610749953125 0.6475795609375 0.4135724578125 0.650063634375 0.4162471015625 0.661388221875 0.416437953125 0.676370371875 0.4148966515625
4 0.7472168515625001 0.4592672109375 0.7483390484375 0.45343813437499997 0.7573166796875 0.45236199375 0.7580180578125 0.4452774171875 0.7563347421875 0.4152054953125 0.7323476984374999 0.4143087140625 0.6988219453125 0.4147571046875 0.6763779249999999 0.41538485312500006 0.648509859375 0.41746335312499994 0.6491645515625 0.4575633296875 0.6529519796875001 0.4606123875 0.6984011156250001 0.46025367656249994 0.7472168515625001 0.4592672109375
4 0.8323539156249999 0.452991075 0.8745416953125 0.45050440625 0.8722976593749999 0.41948303437499995 0.84342446875 0.41890919374999996 0.8094648421875 0.4207263671875 0.790166178125 0.4207263671875 0.7852293078125 0.4207263671875 0.77625320625 0.4202481609375 0.7649968484375 0.4216637125 0.7668282734375 0.4594946421875 0.7886701546875 0.45844259374999996 0.7861269265625 0.45270414687500005 0.8323539156249999 0.452991075
4 0.7786658796875 0.4206960796875 0.78807253125 0.42107193593750003 0.8187281437499999 0.4200517578125 0.8178042828125 0.41441391875000005 0.8544263187500001 0.41371589999999997 0.8717333265624999 0.412480946875 0.86954963125 0.3739310125 0.867869878125 0.3504121796875 0.8633345265625 0.349177225 0.8569514421875001 0.3497141625 0.8561115593749999 0.3503047921875 0.7936046343750001 0.35105650312500003 0.7605485328125 0.3520147109375 0.7633800749999999 0.39657223125 0.7639679859374999 0.41500455 0.7640519765625 0.420749778125 0.7786658796875 0.4206960796875
6 0.7657523046875 0.3277375984375 0.7836376796875 0.3273255578125 0.7846044765625 0.3372145609375 0.80136193125 0.33783262187499996 0.8424499765625001 0.3362874671875 0.8424499765625001 0.3263984640625 0.8629134359374999 0.32464728125 0.8629134359374999 0.3157883828125 0.8514732421875 0.31506730781250003 0.84889515625 0.30744453437499997 0.8303652546875 0.30569335625 0.8000729 0.3064144296875 0.7921775531249999 0.307856575 0.7768702421875 0.30878366874999996 0.7728338906250001 0.3100345109375 0.7757423453125 0.3183636421875 0.7639798812499999 0.3192907359375 0.7609184140624999 0.323308146875 0.7657523046875 0.3277375984375
7 0.8729696609375001 0.29332375 0.8957414312499999 0.2921744359375 0.9009349875 0.3054554546875 0.9099238453125 0.30558315625 0.9584637046875001 0.301368984375 0.9574649390625 0.2883433734375 0.984031996875 0.2892372796875 0.9842317546875 0.2774886890625 0.9686510593750001 0.27391302500000003 0.9694500921874999 0.2628029453125 0.9179139515625 0.26165362187499996 0.9033320203124999 0.26510158125 0.885154559375 0.2689326421875 0.8923456328125001 0.2777440875 0.88315704375 0.28106434375 0.8703728703125 0.2833629828125 0.8729696609375001 0.29332375
6 0.95183845625 0.033978295312500004 0.8586125578124999 0.0361704625 0.8502543859375 0.035759428125 0.7210868765625 0.0387736578125 0.6532615203125001 0.038499632812500004 0.6267892296875 0.0393103796875 0.6286028671875 0.05000851093749999 0.8816152421875 0.043706029687499995 0.9526957015624999 0.04000675 0.95183845625 0.033978295312500004
7 0.13284316406250002 0.3144806640625 0.131767778125 0.308550978125 0.146823253125 0.30709003749999997 0.14521017187500002 0.2982384796875 0.138623384375 0.296347853125 0.078267053125 0.2983244140625 0.0490970609375 0.2977228515625 0.04667743125 0.2990119140625 0.0461807921875 0.2998462125 0.04708070625 0.3181759734375 0.0585067359375 0.318519725 0.13015467812499998 0.31886347656249997 0.13284316406250002 0.3144806640625
6 0.10568952812500002 0.3192931625 0.0824342015625 0.318519725 0.07759493125 0.31877753593749997 0.0769228109375 0.3195509734375 0.048290521875 0.3192931625 0.046408584375 0.3204962859375 0.047215134375 0.3247931609375 0.0833751609375 0.32548065937500004 0.1048829875 0.3241056671875 0.10568952812500002 0.3192931625
4 0.0505757234375 0.47594261875 0.056221543750000005 0.490809803125 0.051919967187500006 0.51127934375 0.052592087499999995 0.5131699609375 0.10555510937499998 0.5131699609375 0.12235809375 0.5123105828125001 0.12329907031250001 0.5062949640625 0.1410430140625 0.5060371499999999 0.1414462984375 0.5005371546874999 0.1532756125 0.500709025 0.153678859375 0.49529496406250006 0.1496461484375 0.49477933749999997 0.14937729375 0.49056840468749996 0.14037089375 0.490138715625 0.1401020546875 0.4855840265625 0.13620375468749998 0.4846387140625 0.132036615625 0.4786230890625 0.130961228125 0.47441215156250005 0.139698771875 0.473724653125 0.138623384375 0.46784329218750004 0.13364969531249998 0.46775735625000003 0.13485951093749998 0.4648354796875 0.1329775921875 0.46174173124999995 0.1415807078125 0.46165579687499997 0.1423872578125 0.45503860625000003 0.14857077968750002 0.4554682921875 0.14615113125 0.4481636078125 0.1421184015625 0.44842141875 0.138488975 0.441509946875 0.1341874078125 0.44022088750000005 0.1305579625 0.4412521359375 0.1319021859375 0.4290490125 0.14521017187500002 0.4278458875 0.146823253125 0.4215957 0.1421184015625 0.42088700156250003 0.1411774609375 0.4163323140625 0.1419839921875 0.40784114374999997 0.1438659296875 0.4059505203125 0.1427905234375 0.4024270828125 0.128003903125 0.4023411484375 0.1278694765625 0.3963255203125 0.12303021562500001 0.395751315625 0.12276135937499999 0.3899075625 0.09641428125 0.3904231890625 0.09789294375 0.383548190625 0.13136449375 0.3827747515625 0.130961228125 0.3771028765625 0.1444036234375 0.3767591265625 0.1441347671875 0.3707403109375 0.12101385 0.37082625 0.11778768906249999 0.3636075 0.10447971250000002 0.3648106265625 0.106092803125 0.3581075046875 0.1437315015625 0.3580215640625 0.1456134375 0.34555515625 0.12773504687499998 0.34650046875 0.129885840625 0.3389379734375 0.14507574375 0.33876609375 0.1437315015625 0.33378172031250003 0.1323054703125 0.3329223453125 0.130961228125 0.326892590625 0.113486121875 0.3262050875 0.10931897343750001 0.3276660265625 0.052592087499999995 0.3260332171875 0.046889570312500004 0.327948196875 0.04519876875 0.38199014375 0.045333196874999995 0.416602896875 0.04708070625 0.45234286093750004 0.0505757234375 0.47594261875
7 0.1299498 0.53355081875 0.1284081375 0.5264874140625 0.080359471875 0.5227093093749999 0.057491381249999994 0.525173296875 0.048498315624999996 0.5274730015625 0.047727484375000004 0.5453779203125 0.047984428125 0.547513371875 0.048498315624999996 0.5481704374999999 0.048297809375 0.5483407359375 0.0626302734375 0.5494845546875 0.1227553390625 0.546527784375 0.1245539734375 0.5361790640625 0.1299498 0.53355081875
6 0.082928909375 0.5484989609375 0.05415110468749999 0.5493202890625 0.0461858125 0.5514557421874999 0.045928868750000004 0.5521128 0.045407648437499996 0.5518508718749999 0.051838601562499996 0.5580263578125 0.10708170937499999 0.556712228125 0.108880325 0.5494845546875 0.082928909375 0.5484989609375
4 0.056720559375 0.7167157875 0.10219977031250001 0.7167157875 0.128665071875 0.7155659296875 0.1314914625 0.7134304828125 0.1314914625 0.7098166484374999 0.13740121249999998 0.7104737078125 0.144338703125 0.7093238484375 0.1481928671875 0.7085025203125 0.1469081578125 0.700453521875 0.1391998109375 0.7017676515625 0.14099842499999998 0.6958540890625 0.1494775953125 0.6953613 0.1471650921875 0.6891192140625 0.140741471875 0.68796935625 0.13997065 0.6825486046875 0.12660952187500002 0.681727275 0.1263525703125 0.677127846875 0.1479359328125 0.6759779890625001 0.1471650921875 0.66858605 0.131234528125 0.6687503203125 0.130720640625 0.663493828125 0.14639427031250002 0.6621797109374999 0.1451095609375 0.6567589484374999 0.142797040625 0.6549520296875 0.142283153125 0.65117393125 0.1363734203125 0.647888621875 0.1384289703125 0.644110525 0.1494775953125 0.6439462546875 0.1492206609375 0.6378684421874999 0.145880365625 0.6370471156249999 0.145880365625 0.6316263578125 0.1497345484375 0.6298194390625 0.1484498203125 0.62423441875 0.1345748046875 0.623905890625 0.13380396562500002 0.6188136625 0.138685940625 0.6142652125 0.13740121249999998 0.611144171875 0.13226232031250001 0.6096657890625 0.1314914625 0.6042450328125 0.1237831328125 0.6026023796875 0.1245539734375 0.5976744203125001 0.1510192578125 0.5973458875000001 0.1479359328125 0.5902824812499999 0.1435678625 0.5901182140625 0.143310928125 0.5750955640625001 0.143053975 0.5704961328125 0.13997065 0.5658967046875001 0.13714424218750002 0.564254053125 0.13200535 0.5640897875 0.13046368749999998 0.5578477093750001 0.12095672500000001 0.556862115625 0.11401921718750001 0.5566978484375 0.104512271875 0.5575191734375 0.094748375 0.557354909375 0.047984428125 0.5592759859374999 0.0513247140625 0.639612184375 0.051838601562499996 0.70998091875 0.05235248906249999 0.7157302109375 0.056720559375 0.7167157875
0 0.530928375 0.47294723125000004 0.537621053125 0.97248169375 1 0.968203025 0.9955709640625001 0.46554091406250003 0.530928375 0.47294723125000004
0 0.043790484375 0.734954875 0.04000245625 0.9861220078124999 0.529987615625 0.971072075 0.5277977453125 0.7258931093750001 0.043790484375 0.734954875
2 0.1632097015625 0.2731167796875 0.164874628125 0.4494745578125 0.6405195078125 0.443255396875 0.62997088125 0.269888684375 0.1632097015625 0.2731167796875
1 0.5751618203125 0.46222576406250004 0.5765073703125 0.45619645000000003 0.59872856875 0.455700890625 0.603767090625 0.46139983124999995 0.6417498546875 0.460821678125 0.6414914421875 0.4482674875 0.5753678890625 0.448116103125 0.44556982187500005 0.44976797187499995 0.2880447796875 0.452080584375 0.1939729859375 0.45274133125000005 0.16437154062499998 0.4553577796875 0.16626831250000002 0.46693358749999997 0.17608697812500002 0.46759433125000005 0.37507795 0.46552949843749997 0.5751618203125 0.46222576406250004
7 0.2594920953125 0.5192708374999999 0.3880415109375 0.5193706390624999 0.45604951875 0.517075184375 0.4580789890625 0.49741409531249997 0.4727534578125 0.493122584375 0.4747829078125 0.48044766875 0.3456786 0.48064727500000004 0.277634125 0.47765319999999994 0.26701853125 0.4787510265625 0.2638963 0.48044766875 0.2629596234375 0.4819447046875 0.2165944765625 0.4819447046875 0.217498075 0.4832593453125 0.2274892125 0.4934391984375 0.2438809390625 0.49952715156250005 0.24200760781250003 0.5176739968749999 0.2594920953125 0.5192708374999999
6 0.305001446875 0.5435620234375 0.3896139453125 0.54595728125 0.39663896875 0.5396697234375 0.39663896875 0.5326835515624999 0.403507896875 0.5319849343749999 0.40444455156250003 0.5232023140625001 0.34996159531250004 0.52190488125 0.3089042390625 0.5216054734375 0.29203768750000003 0.524980984375 0.2942297484375 0.5313861171875 0.30250367031250003 0.5352784171875 0.3021914375 0.542064984375 0.305001446875 0.5435620234375
6 0.203599 0.5216750078125 0.167951815625 0.5232488562500001 0.16604771093749998 0.5235908203124999 0.17021668750000002 0.5294183421875001 0.22467219218749998 0.5287258484375 0.226149290625 0.5235006703125 0.203599 0.5216750078125
4 0.283363390625 0.5585458531249999 0.2829284328125 0.531249953125 0.2733596328125 0.5297669578125 0.245740575 0.5299986750000001 0.24479819374999998 0.531203609375 0.20084028125 0.53041576875 0.18561718124999999 0.5311109218750001 0.1675578 0.5322744125 0.167360975 0.5837495828125 0.1684030578125 0.589676471875 0.19819683593749998 0.589583784375 0.199066725 0.5835591140624999 0.28394330624999997 0.5821224625 0.283363390625 0.5585458531249999
4 0.2171621109375 0.654659590625 0.220305159375 0.6542227734375 0.21955355625 0.6483257499999999 0.2811247875 0.64828206875 0.284951109375 0.646116175 0.28433616562499997 0.617684978125 0.2839945296875 0.5901507031250001 0.23698548281249998 0.5894517968749999 0.18661057812499998 0.5900633390625 0.1779330296875 0.590107021875 0.17786470625 0.59115538125 0.1678070875 0.5919681484375 0.16841453125 0.6317963078125 0.170114421875 0.6545867921874999 0.1801971484375 0.6553148140625 0.2171621109375 0.654659590625
4 0.2854913859375 0.7190809453125 0.285073715625 0.6859006562500001 0.28409910156249996 0.6550330718749999 0.244210028125 0.65468695 0.23188826875 0.6542864109375001 0.2058219578125 0.6549984828125 0.17560829218750001 0.655488034375 0.170039134375 0.6571792140625 0.17073528124999998 0.6571792140625 0.170162428125 0.6572513234375 0.1692443765625 0.7100331609375 0.1713328109375 0.720816625 0.1821230484375 0.721128159375 0.2854913859375 0.7190809453125
4 0.2974899453125 0.55668896875 0.2910484734375 0.5575776984374999 0.29433895468750004 0.5625048359375 0.330321234375 0.5622124171875 0.330016296875 0.55717633125 0.2974899453125 0.55668896875
4 0.351154059375 0.5818056859375 0.40546365156249997 0.5811881125 0.4057687171875 0.5628124 0.371348196875 0.56180478125 0.331833903125 0.5621298203125 0.3278173296875 0.5633324609375 0.29326968125 0.563787515625 0.291953125 0.5644236828125 0.2925054125 0.587758028125 0.313910196875 0.588603128125 0.3515099625 0.588180578125 0.351154059375 0.5818056859375
4 0.3348706078125 0.6793167546875 0.3753425015625 0.6779770093749999 0.3752702375 0.67247943125 0.40327592343749996 0.6732186 0.4065277765625 0.6710010890625 0.4062387140625 0.6495598828125 0.40681681875000003 0.6271361390625 0.40594966093749996 0.5882551921875 0.400891228125 0.5874236265625 0.3640368921875 0.5876546171875 0.3630974703125 0.5885785796875 0.31770652187500004 0.589363946875 0.2938596015625 0.590149315625 0.2927031515625 0.5905489015625001 0.292924384375 0.652212140625 0.2933914078125 0.6789933671874999 0.305098084375 0.679501546875 0.3348706078125 0.6793167546875
4 0.40650839687499996 0.6788063 0.3769398203125 0.6784462359375001 0.3706506328125 0.678686275 0.343710371875 0.6788663078125 0.34023723437500003 0.679706453125 0.3038104078125 0.6795264203125 0.294235825 0.6810266796875 0.29329714375 0.693808878125 0.293907759375 0.7184065890625 0.30094789843749997 0.7197868234375 0.40754094218750003 0.7176264515625 0.40688388125 0.701183621875 0.40650839687499996 0.6788063
7 0.4862545765625 0.6514382984375 0.457796428125 0.65359523125 0.4608092078125 0.663031071875 0.51506340625 0.6617222093749999 0.5156483765625001 0.6516252796875001 0.4862545765625 0.6514382984375
7 0.46304194687500005 0.6695109109375 0.47678315 0.6705520734375 0.5024334078125 0.6702917796875 0.5017209078125 0.6641098953125 0.46477231874999997 0.6631338078125 0.4471632203125 0.6638496046875 0.4348470203125 0.6638496046875 0.4301619578125 0.6649509296875 0.43189520468750003 0.6697712015625 0.434643446875 0.6709425062500001 0.4457381984375 0.6719836640625 0.46304194687500005 0.6695109109375
4 0.46283836718750004 0.6704219265625 0.4615151421875 0.6712678671875 0.43647560937499996 0.6720487375 0.4335237875 0.6704219265625 0.41520217343750004 0.6711377234375 0.41540575312500005 0.7010657140625 0.41489681875000006 0.7166465140625 0.41652540625 0.7178178234375 0.5269640203125 0.7161259359375001 0.5284908109375 0.7093584 0.527340328125 0.67169478125 0.52579714375 0.66369290625 0.5063013109375001 0.6639797515625 0.508438840625 0.6703568546875001 0.4838064390625 0.6713980125 0.467418778125 0.670031490625 0.46283836718750004 0.6704219265625
4 0.4588416015625 0.5292839093749999 0.5243347015625 0.5284391484375 0.525142225 0.5221973125 0.519049190625 0.52074245 0.5025319671874999 0.5220565203125 0.47382870937500005 0.5221034515625 0.4287158390625 0.5221973125 0.42056734531249995 0.523511384375 0.4125417859375 0.5243615109374999 0.413707225 0.5355339140625001 0.4333683671875 0.5352910875 0.45957570312499996 0.5348687078125 0.4588416015625 0.5292839093749999
4 0.464981928125 0.573523903125 0.46437356249999995 0.5667707 0.47289168437500007 0.56765463125 0.5253509046875 0.5672657 0.5262358093749999 0.5506913890625 0.52496376875 0.5362610078125 0.48055325 0.5350588671875001 0.4551597296875 0.5353770828125 0.4514542453125 0.5362963656249999 0.42711723125 0.5353417234375 0.4231905203125 0.5359427953125 0.4197615703125 0.5366145812500001 0.41336852031250004 0.537484134375 0.413860059375 0.5726708656249999 0.4166447 0.5744078312500001 0.44180881875000005 0.573983546875 0.464981928125 0.573523903125
4 0.42015150312499994 0.6452260421875 0.4376966828125 0.64538458125 0.437882675 0.639082634375 0.46212354375000003 0.6398356984375 0.5256631890625 0.637576509375 0.5262211625 0.6215129234375001 0.526159171875 0.5944989656249999 0.5259731750000001 0.5748599328124999 0.5119618359375 0.5733538078125 0.4644305734375 0.5747013937500001 0.448559315625 0.574186140625 0.4211367109375 0.574638525 0.414933878125 0.5765076578125 0.41382779843749995 0.5977891859375 0.41494374843750004 0.6294618703125 0.4159356984375 0.6441559 0.42015150312499994 0.6452260421875
4 0.9067781171875 0.3058837734375 0.900674265625 0.30757473125 0.871681309375 0.309532178125 0.87438248125 0.3157374765625 0.9303797390625 0.311672053125 0.9299728015625 0.305363478125 0.9067781171875 0.3058837734375
4 0.88478030625 0.3608828609375 0.9212879968750001 0.3591275015625 0.919457509375 0.352691184375 0.9657846749999999 0.3500581453125 0.9871659609375 0.34943645624999997 0.9857930874999999 0.320896934375 0.985163859375 0.31239504687499997 0.9447785609375 0.31217562656250003 0.9176576390625 0.3141869734375 0.8838635625 0.316344603125 0.8735631984375001 0.318773640625 0.877284609375 0.359897975 0.8795748343750001 0.3622359484375 0.883922259375 0.3621262390625 0.88478030625 0.3608828609375
4 0.8852124796874999 0.456916515625 0.9742662296875 0.4548155796875 0.993589909375 0.45318735156249995 0.9918646078125001 0.422760415625 0.989399878125 0.3961506890625 0.98907125 0.382848753125 0.9646704968750001 0.3825336125 0.9599875265625 0.3836891265625 0.9405983765625001 0.384582025 0.894245034375 0.38648515781250004 0.8891632656249999 0.3869371640625 0.8862025843750001 0.3878411734375 0.879795134375 0.3880389265625 0.8793739328125 0.3885899015625 0.87898208125 0.39665241875 0.8820154499999999 0.43242020625000005 0.8827477609375001 0.4548155796875 0.8852124796874999 0.456916515625
4 0.9091848671875 0.3862595015625 0.94352414375 0.3839385375 0.9699267578124999 0.38217018125 0.9690191484374999 0.3755112203125 0.9876696015625 0.3754006984375 0.9879721437500001 0.3630090953125 0.986502665625 0.356657440625 0.9821806843750001 0.355690371875 0.9745739859375 0.3561048296875 0.972715534375 0.3570166390625 0.9308681828125 0.359144190625 0.8909275203125 0.36232316875000004 0.888507209375 0.36132847031250004 0.8855250390625 0.361438990625 0.8844445421874999 0.36171529687500004 0.883925903125 0.3625994734375 0.8767026734375 0.362928353125 0.879968246875 0.38733709374999997 0.8845495546875 0.3878897046875 0.891594390625 0.386231871875 0.9091848671875 0.3862595015625