6 0.1277841484375 0.028184078125 0.114555409375 0.027062118750000003 0.10626753281250001 0.0254301765625 0.0654656296875 0.025634168750000002 0.054699178125000004 0.0285760640625 0.0519181265625 0.037567746875 0.05972786249999999 0.039607674999999995 0.12666846874999999 0.04011765625 0.1277841484375 0.028184078125
7 0.3342576765625 0.0319579453125 0.3288386625 0.0222682890625 0.310828446875 0.0279800875 0.1861588125 0.0278780890625 0.1601136171875 0.0285760640625 0.16411222187500002 0.0433815453125 0.20427659999999997 0.0459314546875 0.332185684375 0.044707496875 0.3342576765625 0.0319579453125
6 0.530667275 0.06290095625 0.528977209375 0.057168740625000006 0.5225549921875 0.0564116578125 0.45698063906249997 0.0550056421875 0.32010394375 0.053924092187499995 0.221059059375 0.052950696875 0.160842428125 0.0539330828125 0.16300830625 0.0608846671875 0.261369809375 0.062252028125000004 0.490536553125 0.0625764921875 0.530667275 0.06290095625
6 0.9044955984374999 0.061735771875 0.9490057125 0.061154465625 0.9513415390625 0.05542441875 0.9435555078125001 0.0530991828125 0.9221439437500001 0.0524348328125 0.8588066671875 0.054593978125 0.749802525 0.055590506250000005 0.634085571875 0.055208075 0.62942784375 0.058663142187499996 0.6334506203125 0.0641440546875 0.782618925 0.0644762296875 0.9044955984374999 0.061735771875
6 0.9341992015624999 0.043763140625 0.9482427453125 0.049665146874999996 0.9683648921874999 0.0468482796875 0.9683648921874999 0.030751884375 0.948871609375 0.0283374296875 0.890601215625 0.028203289062499998 0.8778152718750001 0.02981293125 0.876848246875 0.0327532109375 0.8725751296875 0.041214540625000004 0.87844409375 0.045775190625 0.8870379265624999 0.047116556250000004 0.9341992015624999 0.043763140625
7 0.10921125937500001 0.07776560625 0.087228134375 0.07704293125 0.08384032500000001 0.07574211875 0.07156535 0.0783027046875 0.07322518125000001 0.08349881718749999 0.08263576875 0.0855223046875 0.1080067046875 0.0844623828125 0.10921125937500001 0.07776560625
2 0.0342608609375 0.0894159546875 0.033445040625 0.14858857187500002 0.142628915625 0.14821505468750001 0.1436989734375 0.0889780578125 0.0342608609375 0.0894159546875
7 0.12013690937499999 0.18967772968750002 0.12174608437500001 0.1788650453125 0.1346193671875 0.1773203765625 0.13703311093749998 0.1546652328125 0.096535865625 0.1520907828125 0.057245481249999994 0.1546652328125 0.0312395171875 0.155300728125 0.0327057671875 0.19002098750000002 0.0400810875 0.19053588125 0.09251294843749999 0.19096495156249998 0.12013690937499999 0.18967772968750002
6 0.0878195625 0.1957412328125 0.06408442656249999 0.19385329843750002 0.037130959375 0.1951405203125 0.031692021875 0.1959328546875 0.0323034828125 0.20140501249999998 0.050942931250000004 0.2027780515625 0.0879536640625 0.20149082968749998 0.0878195625 0.1957412328125
4 0.020771143750000002 0.3988338046875 0.01943018125 0.4463791515625 0.04048338125 0.4479238203125 0.1106160203125 0.447838009375 0.1308646515625 0.44775219218749995 0.130194165625 0.43385017656249997 0.11665037812500001 0.43307783593750004 0.11450483593750001 0.428443828125 0.13193742343749998 0.4264700859375 0.1327420109375 0.420291409375 0.11665037812500001 0.4196907046875 0.11718676406249999 0.41522832656249997 0.09948599375 0.41454180625000003 0.09881550781250001 0.40819150156250006 0.1273781390625 0.40819150156250006 0.1289872953125 0.40201692187500004 0.1269758359375 0.40030062343750006 0.1261712671875 0.394207759375 0.123355221875 0.392834725 0.12161196406250001 0.3891446796875 0.1059226359375 0.386595725 0.10605673593750001 0.38170427500000004 0.124293909375 0.38144682812499997 0.12576898281249999 0.375353965625 0.12858501093750002 0.3748390765625 0.1283168078125 0.36951855 0.1202709921875 0.3688900765625 0.120941478125 0.36236813749999996 0.1336806796875 0.36253976718750003 0.1348875515625 0.3569617953125 0.1320715234375 0.35645236874999997 0.1315351390625 0.3435801265625 0.13676490937500002 0.342550346875 0.13743539531249999 0.3374872640625 0.1307305515625 0.337058190625 0.10954325000000001 0.33808797031250004 0.1091260765625 0.3312830375 0.11537001093749999 0.33095005624999996 0.11571690625 0.3240684140625 0.1198795375 0.3244013984375 0.1210936265625 0.31896268125 0.134622184375 0.3184077109375 0.13531592812499998 0.3126360125 0.123521825 0.3126360125 0.123521825 0.30664968593749997 0.1356628 0.3057617328125 0.13635659218750001 0.29843611875 0.12785788125 0.2982141265625 0.126817265625 0.294329328125 0.13982545468750002 0.29355236875 0.1387847671875 0.28766967656250003 0.13167361718749998 0.2873366921875 0.1323674078125 0.279601840625 0.13635659218750001 0.28071178125 0.1384378953125 0.2788248796875 0.1384378953125 0.2738301421875 0.130459528125 0.27360815625 0.1290719921875 0.2686134140625 0.12404214531249999 0.2681694359375 0.126296896875 0.255909434375 0.1403457515625 0.2561314234375 0.1391316625 0.24858381562499998 0.1288985453125 0.24858381562499998 0.1321939609375 0.23704660312499998 0.13202053593750002 0.234382740625 0.11883887500000001 0.235603678125 0.11883887500000001 0.2302759578125 0.1328877515625 0.2300539671875 0.13444871249999998 0.22338724999999998 0.12733756093749998 0.22161134218749998 0.1219608421875 0.2226102890625 0.1207467546875 0.2173935609375 0.1334080484375 0.21728256875000002 0.135489375 0.21495169062500002 0.13618314375 0.2113998734375 0.14312084687499999 0.21073390937499997 0.141906734375 0.204629228125 0.0846706796875 0.2038522703125 0.0366270546875 0.2038522703125 0.0321175515625 0.2038522703125 0.0312395171875 0.20539116562499998 0.0305602171875 0.2607830453125 0.028146473437500003 0.3006244 0.0247940515625 0.3402934359375 0.020771143750000002 0.3988338046875
5 0.049997200000000006 0.4570357515625 0.0225063515625 0.4609077734375 0.020784660937499998 0.5512976875 0.13494416250000002 0.55068274375 0.1391722890625 0.4597415359375 0.049997200000000006 0.4570357515625
2 0.0566274734375 0.4663720234375 0.0537059578125 0.46398307812499995 0.052569828124999995 0.45837425 0.0485121828125 0.45889358593749996 0.0472137296875 0.4641908109375 0.0425068640625 0.4665797578125 0.04023458125 0.4631521390625 0.035852325000000004 0.46117866249999995 0.0324439 0.46117866249999995 0.0274124359375 0.4674106953125 0.023753671875 0.472067046875 0.0243286203125 0.47520073749999997 0.0686380875 0.47509686562500003 0.06587889531249999 0.46969577500000004 0.0566274734375 0.4663720234375
6 0.1072668578125 0.47468140312499996 0.1309635 0.47509686562500003 0.1358326875 0.4728117890625 0.1361572859375 0.4600361234375 0.10158616093749999 0.4600361234375 0.0997005078125 0.4607358796875 0.10045002031250001 0.4661642875 0.0907116765625 0.4682416328125 0.091523209375 0.4730195234375 0.1072668578125 0.47468140312499996
6 0.128528928125 0.4774858109375 0.0546797890625 0.47655100624999996 0.0317946796875 0.477693546875 0.0317946796875 0.4849642515625 0.12041363593750001 0.4868338609375 0.1299897015625 0.484548784375 0.128528928125 0.4774858109375
6 0.0290480421875 0.4878372265625 0.0306585484375 0.4930658890625 0.0507844546875 0.49181948750000004 0.0507844546875 0.48672999375000003 0.0290480421875 0.4878372265625
6 0.1199267046875 0.48828799843750004 0.120089015625 0.4927542890625 0.133722715625 0.4924426890625 0.135994975 0.48787253125 0.1199267046875 0.48828799843750004
6 0.121280365625 0.49438580468750004 0.0892943296875 0.49624799062499997 0.089069540625 0.501163403125 0.1326784421875 0.500841565625 0.1341195875 0.49522421562499996 0.121280365625 0.49438580468750004
6 0.028605217187499997 0.49552240625 0.029054478124999998 0.49975163125 0.046348115625000005 0.5005062 0.046741154687499994 0.49522421562499996 0.028605217187499997 0.49552240625
6 0.0283104875 0.504574575 0.0274823265625 0.50939335625 0.04765824375 0.5098125625 0.0480512828125 0.50427905 0.0283104875 0.504574575
6 0.1328163125 0.5033567984375 0.1189290046875 0.5034406390624999 0.0984910546875 0.50427905 0.089909128125 0.5043859890625 0.09128538750000001 0.509644878125 0.10595877499999999 0.510064084375 0.1328163125 0.508722628125 0.1328163125 0.5033567984375
6 0.13347137656250002 0.5175259484375 0.132685296875 0.5124116390625 0.12010811562499998 0.51199243125 0.094036640625 0.5129146828125 0.088140746875 0.5137210375000001 0.088010065625 0.5179451515625 0.10163535937499998 0.5183643578125 0.1253486109375 0.51928660625 0.13347137656250002 0.5175259484375
6 0.0244789921875 0.5130609828125 0.0286614390625 0.518532034375 0.045169003125 0.518615875 0.045169003125 0.5130823640625 0.0244789921875 0.5130609828125
6 0.04988545 0.52305945625 0.04045255625 0.521550315625 0.025510548437500002 0.5228674984375 0.026041190625 0.5275868796875 0.0370462453125 0.52834144375 0.05040950625 0.5279222375 0.04988545 0.52305945625
6 0.131113153125 0.5220533609375 0.12010811562499998 0.521550315625 0.0969189125 0.5223048859375 0.0872239859375 0.5238140312499999 0.087617034375 0.52834144375 0.106220790625 0.5284252875 0.131113153125 0.52775455625 0.131113153125 0.5220533609375
6 0.1313751859375 0.5315274046875 0.1274448015625 0.530018265625 0.11028217343749999 0.5314435609375 0.0857829046875 0.5321082546875 0.088403096875 0.5370609125 0.1134264765625 0.5370609125 0.1300650578125 0.53714475625 0.1313751859375 0.5315274046875
6 0.0395354765625 0.5315274046875 0.024731071875 0.532281975 0.025124103125 0.53672555 0.0378323078125 0.5372286 0.0399285078125 0.535132578125 0.0395354765625 0.5315274046875
6 0.1249555609375 0.5432713875 0.1089720625 0.5416783984375 0.04346584375 0.5427683375 0.029489409374999997 0.543234878125 0.0310196625 0.549475621875 0.04464495625 0.5505655546875 0.1249555609375 0.548888734375 0.1249555609375 0.5432713875
6 0.04739621875 0.564941521875 0.11460560625 0.5637677453125 0.1129024296875 0.5573119859375 0.132685296875 0.5567250984375 0.1328163125 0.5511915843749999 0.11840495625 0.5502693328125 0.1089720625 0.5517784734375 0.078053125 0.5506885406250001 0.0530297546875 0.5523653609375 0.029054478124999998 0.5511915843749999 0.020794864062499998 0.5528528078125 0.023945 0.5578988687499999 0.0397975 0.55764735 0.041369643750000004 0.564186953125 0.04739621875 0.564941521875
0 0.0230068125 0.56594460625 0.021552925 0.5663238390625 0.021552925 0.606986075 0.13544072499999998 0.60801986875 0.1357637984375 0.5651175703125 0.0230068125 0.56594460625
1 0.3442000046875 0.6090208828125 0.45184939531249996 0.609838703125 0.499644884375 0.6088573171875 0.5029675984375 0.6052589 0.50092284375 0.5933186578125 0.4733190234375 0.5936457921875 0.3401561546875 0.59495430625 0.20321026562500002 0.59380935 0.1459578953125 0.5954449984375 0.1406162046875 0.5954865890625001 0.147626840625 0.606894546875 0.1954223640625 0.6044410671875 0.2025789 0.6106565296875 0.3442000046875 0.6090208828125
2 0.14389942656250002 0.4352970703125 0.1436396765625 0.5889966859375 0.5011681343750001 0.5897971296875 0.5017935640625 0.4365142921875 0.14389942656250002 0.4352970703125
0 0.9893791734375 0.9643147640624999 0.991928103125 0.6228903156250001 0.021176815625 0.6215789968750001 0.0155357 0.9566134890625 0.576104078125 0.9544571296875001 0.8184932093749999 0.9559973890625001 0.9893791734375 0.9643147640624999
6 0.1637202375 0.9860359140625 0.284101765625 0.9824705328125001 0.32606714531250003 0.9837540656250001 0.4571201078125 0.9826131468750001 0.5588941281250001 0.9819000750000001 0.6568789921875 0.9826131468750001 0.7711849015625 0.9833262234375001 0.8249137140625 0.9847523703125001 0.9125146609374999 0.9877472796875001 0.9496937390625 0.989886503125 0.9488023265625 0.9830409890625 0.976881915625 0.9854654421875001 0.978441909375 0.9813296125000001 0.97576764375 0.9786199328125 0.9744305093750001 0.9777642421875001 0.947688053125 0.9747693328124999 0.8594401812499999 0.9700630421875 0.8295777515625 0.9690647421874999 0.70170136875 0.9659272187499999 0.6009038234374999 0.9670681328124999 0.4688537015625 0.96635505625 0.3681952484375 0.966497675 0.279703521875 0.9676385890624999 0.20726210156249997 0.9670681328124999 0.1159337390625 0.9679238218749999 0.030816510937500003 0.9677812078124999 0.024844196875 0.968799884375 0.02488226875 0.976052865625 0.0592017578125 0.9764807078125 0.06410455625 0.9836114515625001 0.1637202375 0.9860359140625
7 0.40364362500000006 0.13713729375 0.40669234843749996 0.13362542187499998 0.4995948765625 0.1342107328125 0.5026816859375 0.111383515625 0.5054256078125 0.080557025 0.485913521875 0.075679415625 0.46426740781250003 0.08172765 0.3612194453125 0.076069621875 0.338353771875 0.07665493749999999 0.32676850156250004 0.0793864015625 0.2206717953125 0.07353326875 0.19292813125 0.0788010828125 0.14681198281250002 0.0820903578125 0.1533407765625 0.1287478109375 0.2255962890625 0.13245479375 0.3816925859375 0.135576465625 0.40364362500000006 0.13713729375
6 0.20363610156249998 0.1373425203125 0.1961123921875 0.135679234375 0.1615033578125 0.1370799 0.15384286875 0.1362044875 0.152039771875 0.1371588140625 0.152201321875 0.143382878125 0.16670155312499998 0.14364550468749998 0.204456865625 0.143557959375 0.20363610156249998 0.1373425203125
4 0.1783822765625 0.2420828625 0.194689175 0.2420828625 0.21388927343750003 0.2426580515625 0.245825940625 0.24274022187500002 0.24563334062500003 0.2360023015625 0.2615550296875 0.2366185734375 0.26251803906250004 0.23090777343750002 0.26258224218750004 0.2106850734375 0.26258224218750004 0.19158114531249998 0.2634647390625 0.1468604140625 0.23876632187500002 0.1460696578125 0.22645647812499997 0.14638337031249998 0.1811715671875 0.14544223437499998 0.1622165875 0.14516337968749998 0.1513735234375 0.1468713671875 0.1512704265625 0.1469058640625 0.15206453125 0.2200087640625 0.151399925 0.2422167375 0.1607105875 0.2425591703125 0.1783822765625 0.2420828625
4 0.260835215625 0.26809690625 0.2611500859375 0.2638990046875 0.26146495625 0.24416981249999997 0.2329693765625 0.24373323125000002 0.2001896515625 0.24275931874999998 0.18801475 0.24279290312500001 0.173375740625 0.2422219875 0.1696497984375 0.24336381562499998 0.151707421875 0.24380039843749998 0.15111890781249998 0.24426253281250002 0.1512396828125 0.26759315625 0.15596270625 0.267794659375 0.219646821875 0.2680297390625 0.260835215625 0.26809690625
4 0.3831465125 0.26885976718750004 0.3831465125 0.22426405625 0.3059306609375 0.2238539796875 0.27517248906249997 0.22375146093749998 0.27103272343749996 0.22588501249999998 0.26988591875 0.26783458125 0.2791774609375 0.269064803125 0.3672868484375 0.2700899953125 0.3831465125 0.26885976718750004
6 0.281580440625 0.177336515625 0.2929545546875 0.17959192968749998 0.29215356875 0.18990908281250002 0.300644103125 0.1938047984375 0.302246096875 0.19811059375 0.2892699890625 0.2031340203125 0.2929545546875 0.2093876765625 0.30000330937499997 0.2134884296875 0.3092948515625 0.215231246875 0.3557525078125 0.2135909453125 0.35735450156250004 0.20836249062499998 0.36232066406249996 0.2084649984375 0.36360225 0.201903790625 0.352708725 0.200571046875 0.3522281359375 0.1925745734375 0.36200025625 0.193394728125 0.36216045937499997 0.18898641249999998 0.35959728750000003 0.18375795156250002 0.3607186703125 0.1785294921875 0.37545697499999997 0.17842697031250002 0.3749763640625 0.17196827812499998 0.3794619359375 0.171455684375 0.37798104375 0.16422950625 0.37489269375 0.164167746875 0.37441013437500004 0.1574356640625 0.34371952031249997 0.15644747187500002 0.27953948125 0.1555827984375 0.27806031249999996 0.15682046562500002 0.281580440625 0.1632914375 0.2748520921875 0.16441913749999998 0.27821626093749996 0.170262715625 0.281580440625 0.177336515625
4 0.42707240156250004 0.2641376484375 0.4683155171875 0.2624511671875 0.5009937437499999 0.262957115625 0.5017843531249999 0.228468571875 0.5020478765624999 0.1798596734375 0.5013890390625 0.14187940625 0.4904523796875 0.140445896875 0.4257547265625 0.1402772484375 0.40401315000000004 0.13943400781249998 0.3943941484375 0.14120481406250002 0.3908569546875 0.14217059375000002 0.390968215625 0.2170237671875 0.3901775984375 0.262113871875 0.4091520609375 0.26337873749999996 0.42707240156250004 0.2641376484375
6 0.5012063 0.26373235625 0.474922690625 0.26300456250000004 0.46506633593749996 0.2619533046875 0.45811635156249997 0.2633280265625 0.45609454375 0.26357062343750004 0.45485075625000004 0.26403047812499997 0.45811635156249997 0.27125289375 0.49236085 0.270444234375 0.5020908359375 0.2685843140625 0.5012063 0.26373235625
7 0.214987915625 0.321518446875 0.332323453125 0.32301168750000003 0.35199046875 0.32621148125 0.36865745156249996 0.3249315671875 0.37532426406249997 0.3153321796875 0.3803243265625 0.2986932140625 0.3796576734375 0.28525406875 0.2803224734375 0.28376082812500003 0.276655740625 0.2794944265625 0.2076544515625 0.2794944265625 0.1995131796875 0.28360514062500003 0.14832000625 0.2839741484375 0.15465345625 0.31874527812500003 0.16065356875 0.32045184375 0.214987915625 0.321518446875
6 0.31326061875 0.3505764046875 0.3289095984375 0.3521858828125 0.33687382499999996 0.350934071875 0.3395285484375 0.3490563390625 0.339668275 0.3434231671875 0.3516844796875 0.342439603125 0.3530817140625 0.335733440625 0.3800482421875 0.3354651921875 0.380327696875 0.32929552968750003 0.3585308875 0.3270601421875 0.33687382499999996 0.3282225421875 0.30501695624999997 0.327417803125 0.283359884375 0.327954296875 0.2825215484375 0.32858020625 0.282439475 0.3287507015625 0.28168321406249996 0.3402042109375 0.2822421125 0.347715109375 0.28741185156250004 0.3501293265625 0.31326061875 0.3505764046875
6 0.3602075578125 0.3764779453125 0.3722237421875 0.3764779453125 0.372084034375 0.369950615625 0.3516844796875 0.36914587656250003 0.35028724375000003 0.3611879046875 0.353640584375 0.360383165625 0.3539200203125 0.3542135 0.343580525 0.35287226718750003 0.338690221875 0.3533193453125 0.3365943703125 0.3540346703125 0.29831025625 0.353140515625 0.28433795625 0.3530511 0.28102500625000004 0.35389138125 0.2807051515625 0.3689670453125 0.2809845953125 0.3744213890625 0.2889488046875 0.3762991140625 0.3602075578125 0.3764779453125
7 0.42083550000000003 0.3308902453125 0.4264443296875 0.3408606796875 0.46466746406250004 0.3429877171875 0.480870759375 0.3287632171875 0.4976972203125 0.316532815625 0.500605534375 0.304169475 0.4866873015625 0.29991541875 0.48336356406250003 0.292603765625 0.4976972203125 0.29167319687500004 0.500190053125 0.283298028125 0.480455278125 0.27970866875 0.43059900312500005 0.2821015734375 0.392347 0.282296171875 0.3956996359375 0.2932684609375 0.3884289078125 0.304568290625 0.40317807656250004 0.321052746875 0.42083550000000003 0.3308902453125
6 0.39016594531250004 0.34331798281250003 0.38865158437499997 0.3488419390625 0.3904352546875 0.35009866875 0.4428658921875 0.3505863453125 0.44498600625 0.345062390625 0.41712166718750004 0.3435118078125 0.39016594531250004 0.34331798281250003
4 0.45543514218750003 0.41616768281249994 0.47209318125 0.4159738609375 0.5008661265625001 0.41626459687499995 0.5008661265625001 0.371006915625 0.5020776359375 0.35171638125000004 0.4502863046875 0.3521040296875 0.3912260015625 0.351522559375 0.3878943984375 0.3532669671875 0.38890220625 0.352823503125 0.388348721875 0.3817134625 0.3881972703125 0.4152954796875 0.393649 0.4168460703125 0.45543514218750003 0.41616768281249994
6 0.4673986484375 0.416047121875 0.458741078125 0.41887345781249996 0.46224979062499993 0.42496298125000004 0.5005632656250001 0.42399386562499997 0.5013204499999999 0.41876064375000005 0.4673986484375 0.416047121875
6 0.3792620671875 0.41787291875 0.36315728125 0.41560068125000005 0.3408388328125 0.41568183437500006 0.33264634375 0.4176539734375 0.337288178125 0.42347235781250003 0.34223374375 0.42412156875000007 0.3792620671875 0.4219304828125 0.3792620671875 0.41787291875
6 0.3498297515625 0.38404974531249997 0.30362007343749997 0.3821008875 0.26707602812500003 0.3830329546875 0.26913788906249997 0.3890105203125 0.2996478921875 0.3890489875 0.3262614953125 0.38972684687500003 0.3499621796875 0.3896421234375 0.3498297515625 0.38404974531249997
4 0.380283128125 0.41560274843749995 0.3810775875 0.3906065421875 0.372603584375 0.38992868125 0.31288849375 0.389505015625 0.2878637640625 0.3892508171875 0.267208428125 0.3906065421875 0.2663081671875 0.3912023390625 0.2662815953125 0.415687478125 0.3103727765625 0.41534854687499995 0.3421502078125 0.41551801875 0.380283128125 0.41560274843749995
4 0.2558034734375 0.4218652546875 0.2590178734375 0.41528272343749995 0.2594464421875 0.361525375 0.260089340625 0.333024715625 0.2540891390625 0.331653353125 0.2039446515625 0.3306934 0.15744313593749998 0.3312419453125 0.146097225 0.33254268593749997 0.143942696875 0.38053236562500004 0.142442646875 0.42145384375 0.2133735234375 0.42104244062499996 0.2558034734375 0.4218652546875
6 0.1808877390625 0.3214792875 0.1476784375 0.32307036093749997 0.1472426515625 0.3290140921875 0.1814205125 0.32954831093750003 0.20344167343750003 0.3294346640625 0.20557274531249997 0.32318400937499997 0.1808877390625 0.3214792875
7 0.6978393296875 0.307055928125 0.94287533125 0.3024963421875 0.9438046999999999 0.285645690625 0.936060175 0.27712123593750004 0.9063213203125 0.28168083125 0.7851973078125 0.285050953125 0.7487799953125001 0.27910366875000003 0.6883728515625 0.2848527109375 0.6437645265625 0.2781124546875 0.630753771875 0.28287028125 0.552674509375 0.2838498546875 0.5494007671875 0.301901609375 0.6944317515625 0.31082254374999996 0.6978393296875 0.307055928125
2 0.9703196734375 0.1223174015625 0.956578503125 0.07615079218750001 0.784759928125 0.076831284375 0.524451496875 0.0758233265625 0.5236732078124999 0.2520457046875 0.97341140625 0.2494076078125 0.9704914234375 0.1364971578125 0.9703196734375 0.1223174015625
7 0.79888735 0.0798614234375 0.7874498421875 0.07769886718749999 0.7805613234375001 0.080194121875 0.7318218984375 0.0786969703125 0.687423478125 0.0814876078125 0.693610196875 0.091505940625 0.7144056828124999 0.092337690625 0.8014867765625 0.0910068890625 0.79888735 0.0798614234375
1 0.8453071796874999 0.268393246875 0.8458488359375 0.2611833390625 0.9117200640625001 0.2602127765625 0.9516460328124999 0.26072084218749997 0.974175778125 0.2599372453125 0.9735384281250001 0.2541759578125 0.9043845656249999 0.2529523234375 0.8657244609375001 0.2541759578125 0.8112979625 0.255960428125 0.7507686359375 0.255246640625 0.6967773703125 0.25560353281250003 0.6564814234374999 0.256317321875 0.5989589843750001 0.25590944531250004 0.559519059375 0.25590944531250004 0.5284408125 0.2558074734375 0.52179341875 0.2578936859375 0.5243522421875 0.2699645765625 0.5803592484375 0.270935140625 0.7284812046875 0.2694099703125 0.8453071796874999 0.268393246875
6 0.9732485000000001 0.2618449703125 0.925943284375 0.2613991875 0.91555766875 0.261561290625 0.9108714718750001 0.2624933859375 0.9114835375 0.26239888125 0.9141011484374999 0.2670322890625 0.9515273625 0.2675996515625 0.9737551140624999 0.2667486078125 0.9732485000000001 0.2618449703125
6 0.5672114203125 0.31206805000000004 0.5669422484375 0.3064983421875 0.535717740625 0.3058093046875 0.5227017078125 0.30668855 0.5245020390625 0.31178095 0.5454081046875 0.3131590234375 0.5564443484375 0.3132738625 0.5672114203125 0.31206805000000004
4 0.526190571875 0.4163286046875 0.5551502578124999 0.41665955 0.5572926875 0.40989889843749994 0.6081418515625 0.4102298390625 0.6285458734375 0.4110808296875 0.6276503515625 0.3833874015625 0.6283152515625 0.3576166609375 0.62750259375 0.31529010625 0.6031232703125 0.31396634218749997 0.5789655781249999 0.31391906718749996 0.5372524640624999 0.314108175 0.5235852703125 0.3153846609375 0.5235091078125 0.315342015625 0.52243835 0.3543996015625 0.522502415625 0.390038071875 0.52286611875 0.41543033593749995 0.526190571875 0.4163286046875
2 0.6371621390625 0.3112752921875 0.637711675 0.3843197671875 0.743002171875 0.38425804375 0.74204985 0.3112923453125 0.6371621390625 0.3112752921875
2 0.782397546875 0.3111549703125 0.7523830874999999 0.3112585109375 0.7532387968750001 0.3842687609375 0.8597257578124999 0.3840132078125 0.8585945562499999 0.3100750625 0.782397546875 0.3111549703125
1 0.7974151171875 0.38776235312499996 0.79180013125 0.3858519921875 0.7542010125 0.38644329375 0.752633665625 0.38791652656250003 0.7534902578125 0.3921288953125 0.7578969625 0.3938118359375 0.7957093046875 0.393447953125 0.7974151171875 0.38776235312499996
1 0.690136646875 0.387398475 0.648983746875 0.3862613546875 0.6371896265625 0.3877119046875 0.638393446875 0.39312956250000003 0.641947240625 0.3947670125 0.6909184859375 0.39317504375 0.690136646875 0.387398475
4 0.742739796875 0.39932982031250003 0.7216682328124999 0.3975145703125 0.6806394296875 0.39790355312500003 0.6399145609375 0.3988111765625 0.6375654578125001 0.3989129546875 0.63798975 0.416380190625 0.7025214515625 0.41767679687500003 0.7421319578125 0.4176119671875 0.742739796875 0.39932982031250003
4 0.8584930015625 0.4177416265625 0.8604178125 0.406137003125 0.85899953125 0.3990056703125 0.830633953125 0.39719041875 0.7926443359374999 0.39874634531250003 0.764879984375 0.39732007812500003 0.754040275 0.39855185625 0.7535670203125 0.3994962546875 0.7528150484375 0.416445021875 0.758285559375 0.41787129062500006 0.8044809265625 0.4185844203125 0.8584930015625 0.4177416265625
6 0.9746163718749999 0.4117786 0.9413446999999999 0.41124295 0.938415115625 0.41050642968749995 0.9341253703125 0.4106403421875 0.9304633953125 0.412113384375 0.9291550546874999 0.4127481109375 0.9310911687500001 0.4188090203125 0.948145521875 0.4188090203125 0.9751395125 0.4179385875 0.9746163718749999 0.4117786
4 0.9755090453124999 0.378265421875 0.9750002453125 0.3464073765625 0.964451315625 0.34632554843749996 0.9343389312499999 0.34542544999999997 0.929096434375 0.3444026078125 0.9266881484375 0.3459164125 0.8855114828125 0.34530270625 0.8755379515625 0.3455481890625 0.873747834375 0.35270808593749997 0.86984559375 0.35310881875 0.8696222718750001 0.40645426562500003 0.8685460468749999 0.4104136953125 0.9147162375000001 0.4111060078125 0.9559653593749999 0.41079458906250005 0.9760898890625 0.41083589062500003 0.9755090453124999 0.378265421875
7 0.8909037921875 0.34508682031250004 0.93309955625 0.344656428125 0.9750644203125001 0.345360709375 0.974819859375 0.3389439328125 0.9476123671875 0.3390613125 0.9215003453125 0.3385917921875 0.9134928140625 0.3394525796875 0.892211296875 0.3383230546875 0.88773353125 0.338823828125 0.8877770046875 0.3395749890625 0.8708068359375 0.3398810171875 0.8691548453125 0.340465253125 0.8690779187500001 0.34090803593749996 0.8696269187500001 0.3515035953125 0.8747015734374999 0.3511514546875 0.8743347281249999 0.3454780875 0.8909037921875 0.34508682031250004
4 0.9334817703124999 0.3380340296875 0.9550498 0.3380340296875 0.9542370921875 0.3319129625 0.974837971875 0.331872953125 0.9744628734375 0.31294466718749997 0.9745879093750001 0.3069027640625 0.9420795765625 0.3054225078125 0.9134277390625 0.3055825359375 0.872781809375 0.305822578125 0.8677487312500001 0.3062635828125 0.8690955484374999 0.3387941609375 0.8845995171875 0.3386741390625 0.909168321875 0.3386341328125 0.9334817703124999 0.3380340296875
7 0.5427288046875 0.46757233125 0.5397506187500001 0.47586854062499995 0.5360716734375 0.479792425 0.5236333515625 0.4824830875 0.5259108015625 0.48887341093750003 0.5812700953125 0.4910035234375 0.6043948796875 0.48898552500000003 0.602467828125 0.4800166453125 0.5881024312500001 0.47654120781250003 0.5888031796875 0.46633911093749997 0.602467828125 0.46544222656249995 0.6042197109375 0.45075568906249996 0.620687328125 0.4501951328125 0.62349036875 0.4381992640625 0.600891115625 0.43483593593750003 0.5180273546875 0.43584493125 0.51119501875 0.43932037187499995 0.507436821875 0.43955555312500005 0.5138228296875 0.450593321875 0.5269619109375 0.4516023203125 0.5315167984375 0.466451221875 0.5427288046875 0.46757233125
6 0.590499628125 0.49201450468749997 0.5702678921875 0.49129186718750006 0.533474365625 0.4907498875 0.5084220937499999 0.49125148906250005 0.50932864375 0.49721903906250003 0.53064378125 0.49795142343750004 0.590499628125 0.49701274843750004 0.590499628125 0.49201450468749997
4 0.5159666015625 0.56256238125 0.530181140625 0.5616124234375001 0.5521477234375001 0.561727571875 0.553497203125 0.5556536000000001 0.5919078718749999 0.5554233078124999 0.6226146859374999 0.555193015625 0.62234478125 0.535979534375 0.6217600062499999 0.5210583859375 0.6206831375 0.4998389484375 0.6007726812499999 0.498250859375 0.5543275328124999 0.49850938593749994 0.54318921875 0.4993218953125 0.5134298015625001 0.49843552031250005 0.508393246875 0.4994962703125 0.5095065328125 0.5587932484375 0.510279746875 0.5615379625 0.5122780171875 0.5621017953125 0.5159666015625 0.56256238125
4 0.5798378390625001 0.6015496203125 0.5963155953125 0.6017017078125 0.6218016421875 0.6018030999999999 0.6224353875 0.5737598140625 0.6218808421875 0.5631046515625 0.57252684375 0.5615837546875 0.5341995765625 0.5620400234375 0.5158940796875 0.5624428171875 0.5137127390625 0.5619891359375 0.5103316625 0.5621287296874999 0.5088900703125 0.5624666406250001 0.5086987859375001 0.6001944203125 0.511151665625 0.6020152921874999 0.5278631359375 0.6033746984375 0.5798378390625001 0.6015496203125
6 0.6186849109375 0.6082099359375001 0.6221998265625001 0.6076043390625 0.6211183078125 0.6033940062500001 0.6087710687500001 0.6030767874999999 0.604625284375 0.6025577046875 0.584301903125 0.6015772171875 0.5802913046875 0.6020386234374999 0.5758150421875 0.6026853359375 0.577049328125 0.607690853125 0.5791222234375 0.6092481000000001 0.583042696875 0.60970950625 0.6186849109375 0.6082099359375001
4 0.7428533078124999 0.608400165625 0.7435149984375 0.601933 0.7441165359374999 0.5759978625 0.7445376046875001 0.557963296875 0.7440563796874999 0.55052385 0.7041145125 0.5495999703125001 0.6869707875 0.5490610390625 0.683542046875 0.5497154546874999 0.6595535015625 0.5493305046875 0.6359726703125 0.5488685640625001 0.6295362531250001 0.548522109375 0.63071904375 0.5492710765625 0.6301356171875 0.60739951875 0.637782234375 0.60855849375 0.708484540625 0.60920236875 0.7428533078124999 0.608400165625
4 0.6755158234375 0.5487139437499999 0.7036917953125 0.549155071875 0.7124806343750001 0.549044790625 0.7093786921875 0.542868984375 0.7435862249999999 0.5422624328125 0.7437585484375 0.528931734375 0.74057045 0.49646253281249997 0.74186291875 0.48857735 0.6888590437500001 0.4881913625 0.6556854859375 0.4881913625 0.6289743171875 0.488168546875 0.63052529375 0.5002620046875 0.6308699468750001 0.528712925 0.6303787562500001 0.5427044171875 0.63003668125 0.5478316859375 0.64304760625 0.5486036609375 0.6755158234375 0.5487139437499999
6 0.8284681468749999 0.49051751250000003 0.8294986234374999 0.48370319687499996 0.8262697984375 0.48176880781250003 0.8065533828125 0.480669725 0.8004392359375 0.4816808828125 0.7951494640625001 0.4826041109375 0.7897222968750001 0.48339545156249997 0.78973996875 0.48391553125 0.7861499828125 0.48726422343750003 0.7874552484375 0.4902097671875 0.792401528125 0.4912648875 0.8284681468749999 0.49051751250000003
6 0.7573653874999999 0.5090607046875 0.7585332609375001 0.5161374015625 0.772959909375 0.5158736203125 0.7734407937500001 0.5226370921875 0.7910962625 0.5235163578125 0.8491482234375001 0.5235986890625 0.8462628999999999 0.5156413265625 0.8602773593749999 0.5154215093750001 0.8602773593749999 0.5095743890625 0.8470185765625 0.509046828125 0.84743076875 0.5025147171875 0.8582164140625 0.501547525 0.8558806656250001 0.4964045140625 0.8207758203125 0.4967122578125 0.7882510171875 0.4960528078125 0.755419103125 0.49592091875 0.7542512343750001 0.49666829375 0.7548125140625 0.4966721265625 0.7548235515624999 0.5005056984375 0.7672579453124999 0.5012530749999999 0.7682656890625 0.5068677859374999 0.7573653874999999 0.5090607046875
4 0.8456761078125 0.602119625 0.8685823125000001 0.6034786609375 0.8651659593750001 0.5969198328124999 0.862949953125 0.5959153234375 0.862303625 0.5897701125 0.8690439812499999 0.5892974046874999 0.8686171484375 0.5620578875 0.8678784703125 0.5359341578125 0.8672321546875 0.5307343625 0.84904245625 0.5296707671875 0.78995495 0.529611678125 0.75500064375 0.529198059375 0.75350391875 0.5293883109374999 0.7538670468750001 0.5762411828125 0.7535900453125 0.6017889171874999 0.7607920578125 0.6022616296875001 0.8456761078125 0.602119625
7 0.69885970625 0.4818032484375 0.702830696875 0.480141678125 0.7038998015625 0.47632983281249996 0.7797982718750001 0.47691627187499996 0.8505583828125 0.4780891515625 0.854987578125 0.475156965625 0.8594167531249999 0.4611802 0.8578894437500001 0.4556090453125 0.8647623187500001 0.458150271875 0.86567873125 0.440948109375 0.789007959375 0.43576791249999997 0.698225278125 0.43899331718749995 0.6524061125 0.4381136625 0.630331840625 0.4398205671875 0.63883659375 0.4723225125 0.64738949375 0.476036615625 0.6964160046875 0.48082585624999996 0.69885970625 0.4818032484375
6 0.8681721343750001 0.6047890171875 0.8626741656249999 0.6035972921874999 0.8282674171875 0.60240556875 0.8237448921875 0.603427046875 0.8201091265624999 0.6047322671875001 0.8248090124999999 0.6106341359375 0.8292428718749999 0.6112583703125 0.8680834546874999 0.60995315 0.8681721343750001 0.6047890171875
4 0.9759959546875001 0.6029965984375 0.99141045625 0.603053471875 0.9910549625 0.5592590953125 0.9900773562499999 0.5312980406250001 0.9731024359375 0.5299330515625 0.89955574375 0.5297624265625 0.881869846875 0.5300467984375 0.8759588078125 0.5310815703125 0.877798159375 0.6006647375 0.8809087437500001 0.6029965984375 0.9166360499999999 0.603224096875 0.9759959546875001 0.6029965984375
4 0.8777079562500001 0.529976134375 0.9035194953125 0.5293881109374999 0.9036865546874999 0.52372173125 0.958966865625 0.5240424671875 0.9882867781250001 0.523775184375 0.9889550234375 0.51206823125 0.985613725 0.5034912421875 0.9840266062499999 0.49568660624999994 0.987367915625 0.4848447375 0.9648976796875001 0.48281339531249995 0.9568785578125001 0.48436363125000004 0.885800178125 0.48436363125000004 0.8787834531250001 0.48270647968749997 0.873687971875 0.4834548703125 0.8727943671875 0.4843393625 0.871108890625 0.49992979843749996 0.8750349156249999 0.5123316859375 0.87587024375 0.5289604578125 0.8777079562500001 0.529976134375
6 0.9044279218750001 0.4744741921875 0.8994159749999999 0.47527603906250004 0.87727986875 0.4743672796875 0.872512490625 0.4753212515625 0.8731032437499999 0.4802474859375 0.9287358828125001 0.481583896875 0.9296547328125 0.47581060312499995 0.9044279218750001 0.4744741921875
7 0.8869015156250001 0.4656148765625 0.8924279046875 0.473456909375 0.8979542921875 0.47437950000000007 0.904561940625 0.47399508749999997 0.973281440625 0.4733800296875 0.9737619937499999 0.4645385234375 0.9695571328125 0.4596180296875 0.9695571328125 0.44814089843750005 0.9855356109375 0.44798713125 0.9866168609375 0.4367622640625 0.8960320765625 0.436454734375 0.877770946875 0.436096015625 0.877770946875 0.4462445265625 0.89266818125 0.44878165625 0.895070959375 0.46361592968750004 0.8869015156250001 0.4656148765625
6 0.720529359375 0.48638510625000003 0.7201382015625 0.482128534375 0.6829805875 0.480375828125 0.628948646875 0.4790988734375 0.6305687453125 0.48588433125 0.6825894296875 0.4871362640625 0.720529359375 0.48638510625000003
6 0.9552453968749999 0.6099270828125001 0.98905046875 0.610642471875 0.9917045874999999 0.60867515625 0.9910061359375 0.6049193515625 0.9555247734375 0.6030414546875 0.9472930453125 0.6051314140625 0.9489593296875001 0.6114472828124999 0.9546866328125001 0.611983828125 0.9552453968749999 0.6099270828125001