4 0.2867970046875 0.07113873281250001 0.2879230578125 0.057390757812500005 0.23969115 0.052441482812499995 0.09781052343749999 0.0514791265625 0.07960626093749999 0.052441482812499995 0.0770576703125 0.052709240625 0.0758606171875 0.06893905312500001 0.155809253125 0.0701763703125 0.27253387500000004 0.073338409375 0.2867970046875 0.07113873281250001
4 0.12428737812499999 0.08103727031249999 0.1233489984375 0.07553807812499999 0.0858144375 0.073338409375 0.080054728125 0.0746612625 0.07980889062499999 0.08103727031249999 0.08938022031250001 0.0822745859375 0.11922018906250001 0.083649384375 0.12428737812499999 0.08103727031249999
4 0.07159195 0.146936075 0.10143192031249999 0.14666112343749999 0.13258560156250002 0.1458362390625 0.13258560156250002 0.1399246078125 0.179316159375 0.14006208281250002 0.17987918593750002 0.136075178125 0.18175586875 0.09084434218750001 0.0943003546875 0.090156946875 0.0776570828125 0.08980815625 0.0783481828125 0.096297525 0.072530309375 0.0980847671875 0.071779625 0.1378624140625 0.07159195 0.146936075
4 0.150809853125 0.1979246796875 0.15137288124999998 0.191600609375 0.178773121875 0.19063825 0.180462165625 0.1504941671875 0.1609441921875 0.149806765625 0.08155858437499999 0.149119365625 0.08155858437499999 0.1514565234375 0.0802448921875 0.1548935125 0.07179961562500001 0.1564057921875 0.07166296875 0.1565422984375 0.0710489125 0.195175090625 0.071611921875 0.19764972187500002 0.11064787031250001 0.19874955 0.150809853125 0.1979246796875
4 0.0703574609375 0.22795469062499998 0.0756122875 0.23042932500000002 0.08555896874999999 0.227817215625 0.145989609375 0.22987941093750003 0.1542471921875 0.22341786562500002 0.176955615625 0.22259298125 0.17826930937500002 0.20114613750000002 0.1326647859375 0.20032126093749997 0.08368221249999999 0.20059621875000003 0.08275207968750001 0.2035196234375 0.0831192046875 0.2074702078125 0.0726095328125 0.207607690625 0.071483478125 0.20994484687499998 0.0703574609375 0.22795469062499998
4 0.0925028203125 0.248272371875 0.096256315625 0.24318561718749998 0.17095006875000002 0.2438730125 0.174891184375 0.24332310000000001 0.1763925890625 0.240298553125 0.1760172375 0.2357617140625 0.161754071875 0.2347993671875 0.1095810671875 0.235349275 0.097007 0.235349275 0.0809538453125 0.23622813437499998 0.08105480781249999 0.240436021875 0.0684807234375 0.24084846718750003 0.069794434375 0.2489597671875 0.0925028203125 0.248272371875
4 0.069794434375 0.27470354218750004 0.06960675937500001 0.28102761875 0.071671171875 0.28281485625 0.17451583125 0.2836397265625 0.175641921875 0.2707166296875 0.165507584375 0.2694793203125 0.11370985781250001 0.268241996875 0.0833068796875 0.26920435625 0.0809538453125 0.2704732859375 0.08105480781249999 0.2736037140625 0.08086713125 0.274428584375 0.071483478125 0.27401614687500003 0.069794434375 0.27470354218750004
4 0.071671171875 0.2689293921875 0.0769259984375 0.270441678125 0.09550563125 0.26810451562500004 0.09569328906249999 0.2628803 0.1668212765625 0.26425509062499997 0.1775186421875 0.262467846875 0.17582959843749998 0.2496822328125 0.1549978578125 0.24720759218750002 0.1003850875 0.24748255624999999 0.07825649375 0.2509359890625 0.08030410624999999 0.25504394375 0.069794434375 0.25573134531249997 0.06960675937500001 0.2672796375 0.071671171875 0.2689293921875
4 0.139921909375 0.23420383125000002 0.1406984796875 0.23270408125 0.1404160765625 0.229497728125 0.11076558437499999 0.22960115625 0.0955873578125 0.22810140781250002 0.0852096796875 0.22810140781250002 0.08280940625 0.22903228593749997 0.0826506328125 0.22899348593750002 0.083374171875 0.23534156718750002 0.10363534999999999 0.2351347046875 0.135756725 0.23523813750000003 0.139921909375 0.23420383125000002
4 0.2599066734375 0.12560215 0.2598166046875 0.119598084375 0.2928713015625 0.11999395156249999 0.294132246875 0.09294263124999999 0.271435271875 0.09182099375 0.2021735171875 0.09122718125 0.1885820828125 0.0924049046875 0.186038103125 0.11201051718749999 0.187118909375 0.126064003125 0.2123377546875 0.12599802499999999 0.2599066734375 0.12560215
4 0.1928374515625 0.1478254359375 0.1937713015625 0.14787805468749998 0.222217784375 0.147562325 0.25965344687499997 0.1472992109375 0.28601673125 0.14787805468749998 0.28601673125 0.1425631921875 0.2916198296875 0.1418790984375 0.29226635 0.13977420000000002 0.292841021875 0.1256713921875 0.2607309703125 0.1288813578125 0.2506741296875 0.12703957187499998 0.22028809843750002 0.12703957187499998 0.20441266093750002 0.1269869515625 0.1971573625 0.1268290828125 0.198702346875 0.1278948578125 0.1991588921875 0.133396890625 0.187449853125 0.13455458125 0.186587840625 0.1451416875 0.1928374515625 0.1478254359375
4 0.18546630625 0.17631039531249998 0.1851839234375 0.20219851093750002 0.1842661625 0.2262782734375 0.1826340609375 0.27282341875 0.18217069375 0.28116588125 0.187646390625 0.283557184375 0.2334526703125 0.283634325 0.2802067109375 0.2842514296875 0.2866300953125 0.2840200171875 0.2889467296875 0.27214063125 0.28957855 0.253318746875 0.29052628125 0.22674487812500002 0.2922110953125 0.18540038125 0.2930535015625 0.14855965 0.27230905625 0.14855965 0.239349578125 0.1478653984375 0.2270292640625 0.1478653984375 0.1990189859375 0.1484825078125 0.197870475 0.149472428125 0.19760888906250001 0.154254084375 0.1882901578125 0.1537369265625 0.18567809062500001 0.15549525625 0.18546630625 0.17631039531249998
0 0.07151153906249999 0.289097415625 0.0698636640625 0.6266929218749999 0.39341097187499996 0.62754055 0.39591801875 0.2904750546875 0.07151153906249999 0.289097415625
2 0.06969502968749999 0.6384560125000001 0.0658913640625 0.7946091171874999 0.3866409140625 0.7968160203125 0.390399859375 0.640314125 0.06969502968749999 0.6384560125000001
7 0.15504137499999998 0.8214591890625 0.161693571875 0.8407942515625001 0.1799334359375 0.840951453125 0.209761 0.8434665718750001 0.29082655625 0.8433093828124999 0.2880369140625 0.82004443125 0.3446878 0.8283757953125 0.385459325 0.8219307812500001 0.38653224062499997 0.8046392703125 0.35906517656250003 0.799137428125 0.341469021875 0.7977226640625 0.16529328906250002 0.796936684375 0.155851503125 0.7964650984375 0.067490009375 0.8002377921875 0.0670608359375 0.8107698937500001 0.0801506078125 0.817843696875 0.12135125312499999 0.82004443125 0.15504137499999998 0.8214591890625
4 0.27979304531250004 0.9209699265625 0.27936838124999996 0.9139184078125 0.33757032656249997 0.9139184078125 0.37727866250000003 0.9133999109375001 0.37685397656249997 0.9037559328125001 0.37529684531249996 0.90354853125 0.3730319125 0.8992968875 0.367511128125 0.89701551875 0.366661778125 0.8903788 0.2755170984375 0.887396659375 0.1823884109375 0.8868269671875 0.180444165625 0.8807026984374999 0.366701590625 0.8832663484375001 0.3649517703125 0.8720147890625001 0.182777240625 0.8701632671875 0.1305640390625 0.8714450906250001 0.1321194359375 0.8638965796875 0.2767703015625 0.8660329484375 0.37634326093750003 0.8667450734375001 0.3773153609375 0.8570601874999999 0.3677886546875 0.85577836875 0.3619559375 0.849654103125 0.29166098125 0.8480844125000001 0.22050209375000002 0.845520765625 0.074151921875 0.845520765625 0.0739575 0.8479419890625 0.07189198125 0.848248271875 0.07112634375 0.9189996453125 0.07905362031249999 0.919829234375 0.18281601249999999 0.9203477265625001 0.27979304531250004 0.9209699265625
6 0.0773848203125 0.9605325125 0.07860381093749999 0.9396114609374999 0.068851884375 0.9392287593749999 0.0670747109375 0.9409431937500001 0.06536904375 0.953261175 0.0685036015625 0.9624460312500001 0.07529512499999999 0.9621908906250001 0.0773848203125 0.9605325125
0 0.3426420953125 0.943693621875 0.2345002015625 0.9406319984374999 0.2104686625 0.93948389375 0.21299250781249998 0.9401108109375 0.21246282343749998 0.9653800765625 0.31120108750000003 0.9667833265624999 0.34455766250000003 0.9536438765625 0.3426420953125 0.943693621875
0 0.6179941906249999 0.483462034375 0.406097425 0.48149299531249995 0.3991682765625 0.945807734375 0.397972940625 0.9702877015625001 0.6099781359375 0.97164379375 0.6111495984374999 0.9010575953125001 0.6179941906249999 0.483462034375
0 0.9368375484374999 0.6070006593749999 0.6278323218749999 0.6038460999999999 0.621542809375 0.969593928125 0.6356005921875 0.9751106999999999 0.9303107984375 0.9791563312499999 0.9368375484374999 0.6070006593749999
0 0.6349089046875 0.24874621874999997 0.6277167390625 0.6040793015625 0.9563520375 0.6076954671875 0.963946471875 0.2518681265625 0.6349089046875 0.24874621874999997
0 0.636979859375 0.22741951562499998 0.640723421875 0.23451735624999998 0.648871209375 0.24016337812500002 0.896715778125 0.2420991640625 0.9467034671875 0.2420991640625 0.9555118484375 0.2383889171875 0.9596958484375 0.22887134687500002 0.9627787812499999 0.1167127953125 0.9526491421875001 0.109292321875 0.9266643468750001 0.10832442812500001 0.6524612578125 0.10633445625 0.646228678125 0.1097618171875 0.6440265828125 0.1125041671875 0.6427053078125 0.1162144078125 0.636979859375 0.22741951562499998
6 0.94952246875 0.245634015625 0.947279771875 0.2422113234375 0.9349449078125 0.2416636890625 0.8992486 0.241595234375 0.8970571390625001 0.24228014375 0.89737965625 0.2462500921875 0.9104620859375 0.24761916562500003 0.9444763859374999 0.248098346875 0.94952246875 0.245634015625
6 0.965813925 0.0670655625 0.96961475625 0.06462929687499999 0.969139653125 0.057059470312500006 0.8380107515624999 0.05766853749999999 0.7667681078124999 0.058603406250000004 0.7666806187499999 0.06454228749999999 0.87089311875 0.06471630625 0.91580914375 0.0670655625 0.965813925 0.0670655625
4 0.7510187765625 0.100527384375 0.854710375 0.10096243593750001 0.8558981343750001 0.099831303125 0.8581548874999999 0.0732063953125 0.8140889250000001 0.0716402234375 0.751137553125 0.07251031718749999 0.7518502078125 0.0759036890625 0.7500685687499999 0.086344828125 0.7493559125 0.09400167499999999 0.7510187765625 0.100527384375
4 0.942039546875 0.095219803125 0.9715351562500001 0.09365362968749999 0.97046618125 0.07372845156249999 0.9306761640625 0.0717272359375 0.863750034375 0.07224929218750001 0.8630382843750001 0.07336465156250001 0.8618656250000001 0.09878719375 0.8666166828125 0.10026635312500001 0.9378823765625001 0.10087541874999999 0.942039546875 0.095219803125
4 0.7447345453125 0.0583463375 0.7340691359375 0.05670150625 0.6807420578125 0.056783746875 0.65233836875 0.0565370234375 0.639315328125 0.05655711875 0.638978534375 0.09836192656250001 0.742040128125 0.100006759375 0.7437241296875 0.09795071718750001 0.7447345453125 0.0583463375
4 0.581717925 0.0689756671875 0.632270009375 0.0694186015625 0.6332201796875 0.056700009375000006 0.6192268453125 0.055371204687499995 0.5434031640625 0.05435877812499999 0.5272955031250001 0.055500504687499994 0.52695396875 0.07378468906249999 0.5335187359375 0.0756829859375 0.5820634375 0.0752400484375 0.581717925 0.0689756671875
4 0.5663410343749999 0.166221103125 0.6308039890625 0.1661416 0.6328658984375 0.136886740625 0.6322753859375 0.088347678125 0.631407221875 0.076840778125 0.6204466156249999 0.07509184375 0.5612480390625 0.0758868140625 0.5396523921874999 0.0754893296875 0.53867570625 0.07866920468750001 0.5381331078125 0.0816900890625 0.5272955031250001 0.0834938984375 0.5250588875 0.1686911015625 0.5274905984375 0.17122940625 0.5650387796875 0.17114990937500002 0.5663410343749999 0.166221103125
4 0.523463859375 0.23291645781249998 0.54614821875 0.23225834375 0.5440145453125 0.22567718593750002 0.6281745890625 0.22781606718749997 0.629859059375 0.2167926140625 0.6300836734375 0.1708616921875 0.6120035484375 0.1719311328125 0.567084034375 0.17226019374999998 0.5383355390625 0.17201339375 0.5344115671874999 0.1732841546875 0.53469375 0.17768877656249998 0.5241376515625 0.17727745156250002 0.523463859375 0.219273665625 0.523463859375 0.23291645781249998
4 0.5818894875 0.2737297328125 0.61320705 0.2739510328125 0.6126028609375 0.2679021046875 0.62831199375 0.26782832968750003 0.6296210875 0.24348505625 0.6288154921875 0.23411658124999998 0.6067622734375 0.2336739765625 0.5609439625 0.2325674640625 0.5344599640625 0.234190346875 0.5353662671875 0.23891146874999997 0.5227478734375001 0.240189946875 0.5230809140625 0.2720330796875 0.5371788515625 0.273213359375 0.5537942874999999 0.2729182859375 0.5818894875 0.2737297328125
4 0.6271035890625 0.3167299265625 0.6268014953125001 0.29858311875 0.62831199375 0.275999696875 0.5943762312499999 0.2751882546875 0.5887370484375001 0.2740079734375 0.5423145359375 0.2734178328125 0.5350641656249999 0.27467188125 0.53415786875 0.2788028609375 0.5227478734375001 0.28125711875000003 0.52136901875 0.313484153125 0.5325466750000001 0.314221828125 0.611797253125 0.31554964375 0.6271035890625 0.3167299265625
0 0.510270303125 0.3708839796875 0.405037059375 0.3696951609375 0.404312990625 0.45515905468750006 0.404312990625 0.456238978125 0.5075062171875 0.45664394062499997 0.510270303125 0.3708839796875
7 0.49465000000000003 0.07053415468749999 0.49514008125000003 0.0638328578125 0.5011842125 0.0628755296875 0.5002040734375 0.0533022484375 0.4283303703125 0.053983378125 0.4301246109375 0.061439539062500007 0.43616875468750005 0.06395252343749999 0.43976258125 0.0690981671875 0.49465000000000003 0.07053415468749999
4 0.37110828125 0.10535696562500001 0.37306853906250004 0.0980573375 0.40622968750000005 0.0985360171875 0.40720982812499995 0.0613198765625 0.40312592968749994 0.0560545640625 0.3304327921875 0.0552169046875 0.29906855 0.0549775703125 0.29823879999999997 0.055329225 0.2975983515625 0.09398870000000001 0.2997219703125 0.1047586421875 0.3015188765625 0.105715975 0.37110828125 0.10535696562500001
4 0.29955862031249997 0.1671328859375 0.3397440421875 0.1672525546875 0.341214240625 0.1607905890625 0.4044328140625 0.161508590625 0.406556409375 0.120941803125 0.40671976875000004 0.10654188906249999 0.355589515625 0.10655680468749999 0.3521590609375 0.10476181250000001 0.3111009609375 0.1063367875 0.31213697812499996 0.111257425 0.2987418515625 0.11161642187500001 0.29710829375 0.160072596875 0.29955862031249997 0.1671328859375
4 0.38058289218749997 0.190786453125 0.40459612968750003 0.189948790625 0.40459612968750003 0.1694858953125 0.3653908484375 0.1673319109375 0.33288311875 0.1670925765625 0.3069096140625 0.1688875640625 0.307236321875 0.17283654375 0.2985784796875 0.1734348765625 0.2959647921875 0.17475120156249999 0.29710829375 0.17702485625 0.297320075 0.1760516109375 0.2967815734375 0.1953337609375 0.308543171875 0.1958124234375 0.38025619375 0.1960517546875 0.38058289218749997 0.190786453125
4 0.296523953125 0.25667551875 0.295317896875 0.28306178125 0.29622244375 0.2841661546875 0.38406385625 0.2851232828125 0.40106132031249997 0.2846079078125 0.40246839375 0.25707215781250004 0.402769903125 0.2172892765625 0.403875465625 0.19780579843749999 0.390407778125 0.196922296875 0.3164360640625 0.196848671875 0.3093171671875 0.1979100546875 0.30888607968750004 0.2043925984375 0.2981320421875 0.20387722187500001 0.29662446875000004 0.22883277500000002 0.296523953125 0.25667551875
4 0.4376615609375 0.1418764890625 0.49371012812500004 0.143307584375 0.5188061187499999 0.14253699375 0.519707778125 0.0822306796875 0.52045915625 0.0723242625 0.4489280796875 0.0723242625 0.413641334375 0.0728130296875 0.41316667812499996 0.14694036093750001 0.4166230046875 0.1478210390625 0.4376615609375 0.14848154375 0.4376615609375 0.1418764890625
4 0.5146296859375 0.23883222656249997 0.51693598125 0.236955015625 0.5175766265624999 0.203540640625 0.5188579171875001 0.15017379375 0.4849038390625 0.1485781609375 0.460303159375 0.1478272796875 0.42045517187500003 0.1482965828125 0.41148617187500003 0.149704490625 0.4127796078125 0.1532878375 0.410723546875 0.2353593890625 0.41777061406250005 0.23733045625 0.45544041875 0.23733045625 0.5146296859375 0.23883222656249997
4 0.43990924531250003 0.2729436640625 0.5151643671875 0.27163628125 0.5163541687500001 0.24723172343750002 0.516502896875 0.2393874015625 0.46831581875 0.2375352703125 0.42191345937499997 0.23731737343749998 0.42221090937500005 0.24439905468749998 0.41238645468749996 0.24495386875 0.40897433281250006 0.25747292499999996 0.4095692421875 0.270546796875 0.4125437515625 0.27185417031250003 0.43990924531250003 0.2729436640625
4 0.44774637500000003 0.30248923906249997 0.5145944874999999 0.3039817875 0.515160453125 0.283583625 0.5073501484375 0.2819252375 0.4120418609375 0.28059852812499997 0.408970103125 0.2820189046875 0.4091476421875 0.3074644046875 0.416165596875 0.30995198125 0.4458220921875 0.30862527812499996 0.44774637500000003 0.30248923906249997
4 0.443090028125 0.31016357499999997 0.43697762031250004 0.30925145781249996 0.43165756093749996 0.30908561875 0.418187625 0.3102464921875 0.4206778640625 0.31563624843750004 0.41094328593749996 0.3140607828125 0.4069815359375 0.31422662031250004 0.406415578125 0.33404435 0.40856624375 0.3360344140625 0.42837497343750003 0.334707703125 0.426158475 0.3287405578125 0.4930080296875 0.330147140625 0.5125903671875001 0.330147140625 0.513948690625 0.30974897968750004 0.443090028125 0.31016357499999997
4 0.51236400625 0.3572947625 0.51236400625 0.33814038750000003 0.5003655499999999 0.3359844875 0.4257715375 0.3348236140625 0.4167161140625 0.3378087125 0.41637654062499996 0.341623003125 0.408000278125 0.3420376 0.4069329609375 0.343102103125 0.40675515156250003 0.362850359375 0.4760291125 0.3635966328125 0.47727425625000003 0.3576264390625 0.51236400625 0.3572947625
4 0.5444225078125 0.344858825 0.6005700578125001 0.345190528125 0.59921165 0.3391093453125 0.6210970984374999 0.33977275156250003 0.61988965 0.326504721875 0.56494956875 0.3238511140625 0.5261594671875 0.324846215625 0.5247890749999999 0.3253163046875 0.5229898546875 0.3349078046875 0.53053656875 0.3382248140625 0.5401963546874999 0.338556509375 0.5444225078125 0.344858825
4 0.6179274859375 0.35253633125 0.6016265890625 0.35021442812500003 0.5367248640625 0.348334790625 0.5224122437500001 0.3503108765625 0.5213295687499999 0.3769716265625 0.5721944046874999 0.3769716265625 0.618380303125 0.37763501875 0.6179274859375 0.35253633125
4 0.5211786390625 0.40491952812500004 0.52072584375 0.4191826609375 0.5832126093750001 0.420398896875 0.6162672 0.42028832656250004 0.615663465625 0.40702030312500004 0.5964948328124999 0.40635689687500004 0.5996644453125 0.3902141296875 0.6170218734375 0.3906564 0.6176256296875 0.3831378484375 0.595891078125 0.3834695515625 0.5306874968749999 0.381811046875 0.5210540546875 0.384010025 0.5214805171875 0.3885556296875 0.5383851390625 0.38888733124999997 0.5409510265625 0.40525123281250003 0.5211786390625 0.40491952812500004
4 0.5478940062500001 0.4488893734375 0.5916649359374999 0.451432421875 0.615663465625 0.45054788125 0.61596534375 0.42655486875 0.60147565 0.4246752234375 0.54034729375 0.4246752234375 0.5235935890625 0.4246752234375 0.51982023125 0.4261125953125 0.5210540546875 0.42591634687499996 0.5190655578125 0.45519168906249996 0.522537046875 0.4557445265625 0.54774306875 0.4564079328125 0.5478940062500001 0.4488893734375