0 0.2802822875 0.043610209375 0.059156320312499996 0.0390220359375 0.0585508828125 0.1874260328125 0.28048684375 0.18879496406250001 0.2802822875 0.043610209375
0 0.9438795546875 0.6300960890625 0.399550540625 0.63038735625 0.4131116921875 0.9765860609375 0.94647190625 0.981405128125 0.9438795546875 0.6300960890625
7 0.54482755625 0.47011069687499996 0.681744321875 0.4732044109375 0.6845810046875 0.465891971875 0.6864721265625 0.45928264375000005 0.6809878781250001 0.453517065625 0.70708531875 0.45309519531250003 0.7114348625 0.4356578296875 0.66926299375 0.4348140890625 0.54123444375 0.4346734609375 0.534993753125 0.43031411875 0.5261055109375 0.43129848906249996 0.522241840625 0.437791378125 0.5257272765625001 0.4492983453125 0.5450166734375 0.4516889578125 0.54482755625 0.47011069687499996
7 0.399530871875 0.4244373171875 0.475442134375 0.42407076874999994 0.4770852171875 0.411486084375 0.4647619703125 0.411363903125 0.46459765624999994 0.3975573984375 0.4402797703125 0.3969464921875 0.4379794265625 0.395602496875 0.43337875156249994 0.39499158749999996 0.40873223437500006 0.396335584375 0.39516349375000004 0.3939800625 0.396573303125 0.40501047031250004 0.39673760625 0.415884615625 0.399530871875 0.4244373171875
7 0.45447148437499996 0.0764483890625 0.45940077968750004 0.0836570953125 0.5163120078125 0.08439018125 0.588937053125 0.08451236250000001 0.66731295 0.0863450890625 0.671420690625 0.084268 0.6743782734375 0.06752914843749999 0.711019428125 0.06520769843749999 0.7118409812500001 0.0492019328125 0.6713869703124999 0.0472470265625 0.6092748125 0.0457808515625 0.51980585 0.0456586671875 0.41660249374999997 0.046598478124999995 0.4184875671875 0.060320439062499995 0.4510209578125 0.0647189703125 0.45447148437499996 0.0764483890625
7 0.35596728125 0.053967006250000005 0.3694406875 0.0528673734375 0.3691120796875 0.046147396875 0.3278702609375 0.0433372234375 0.3123645953125 0.045773996875 0.312753725 0.05213428437499999 0.33641437500000004 0.0528673734375 0.35596728125 0.053967006250000005
7 0.3536669375 0.1554790359375 0.3807780890625 0.1569452234375 0.38357135468750003 0.1476594234375 0.3329638703125 0.1458267046875 0.2942523359375 0.1475974765625 0.2923792765625 0.154868125 0.314232515625 0.1546237640625 0.3536669375 0.1554790359375
0 0.3901203859375 0.362204515625 0.3892988328125 0.194148646875 0.3894631484375 0.1904832046875 0.28575066250000003 0.18909638281250002 0.2818400703125 0.317486109375 0.2806898875 0.36232669375 0.3901203859375 0.362204515625
0 0.28270119843749997 0.5802727890625 0.2861517140625 0.5825942390625001 0.3819444796875 0.5828386109375 0.3857236125 0.581250240625 0.3888454859375 0.579906246875 0.38983135468749996 0.5756298953125001 0.3890098015625 0.3681113484375 0.27909717968750003 0.3664973421875 0.27974361718749996 0.5736749921875 0.2799079203125 0.5780735234375001 0.28270119843749997 0.5802727890625
7 0.3126575984375 0.6127794859375 0.3315897734375 0.6132763578125 0.358317540625 0.6125310515625 0.35842889375000003 0.6080592109375 0.3613244140625 0.6074795265625 0.361881228125 0.60209675625 0.3597652921875 0.6006061453125 0.3232373421875 0.6001092703124999 0.3109246046875 0.6007368078125 0.3106530078125 0.6044154875000001 0.312880321875 0.6062373484375 0.3126575984375 0.6127794859375
7 0.4354193984375 0.582954271875 0.44995262656249996 0.5836250515625 0.460777375 0.5833269249999999 0.4767138109375 0.5832523968750001 0.494153690625 0.5827306796875 0.4983688953125 0.5768875359375001 0.4745330984375 0.5737800171874999 0.4469826375 0.5744705734375 0.4117446046875 0.57425044375 0.401993125 0.576148934375 0.402444015625 0.5838486390625001 0.41787930156249997 0.5833269249999999 0.4354193984375 0.582954271875
0 0.95497725 0.068148403125 0.735191215625 0.06609163125 0.7348501875 0.174658334375 0.953570709375 0.178319084375 0.95497725 0.068148403125
0 0.880219778125 0.3421127765625 0.9522211234375 0.3439380125 0.9520165953124999 0.1892470125 0.7351335890625 0.1854544546875 0.73244319375 0.302261671875 0.7313079124999999 0.3407438359375 0.880219778125 0.3421127765625
6 0.8957588421875 0.3429517109375 0.8388682187500001 0.34232187812500003 0.8371742125000001 0.3431616609375 0.8382601765625 0.3486430359375 0.9143929984374999 0.34935505624999996 0.9148164937500001 0.3445263046875 0.8957588421875 0.3429517109375
0 0.73644703125 0.6176050015625 0.949566246875 0.617704065625 0.9514094328124999 0.6115363375 0.951179059375 0.3553550234375 0.73059286875 0.355138640625 0.731166278125 0.47338645 0.729765459375 0.6181189921875 0.73644703125 0.6176050015625
0 0.2719100828125 0.6123133828125 0.26948029375 0.46671615156249996 0.2706952078125 0.3554924078125 0.27115076718750003 0.2348609609375 0.2702396078125 0.21747047031250002 0.0904501640625 0.21588951562499997 0.05825535 0.215324890625 0.058103482812499996 0.2719605140625 0.05962211093749999 0.3161650546875 0.064026115625 0.32745758125 0.069796884375 0.3427024953125 0.07328971875 0.36765207499999997 0.072834128125 0.37962215781249997 0.0745046234375 0.4075681765625 0.078604896875 0.41276273906250005 0.0872610515625 0.41456954531249995 0.095917196875 0.4188607078125 0.10943296093749999 0.4368158203125 0.12917505 0.455109721875 0.08376821718750001 0.45985257187500006 0.0609888703125 0.4603042796875 0.057496034375000005 0.5150188 0.05947024375 0.695160084375 0.059773965625 0.7142444484375 0.06129259375 0.7270050046875001 0.0649372859375 0.7345710000000001 0.064329840625 0.7919121609374999 0.059014653125000004 0.8020754328124999 0.06022955625 0.8266931390625001 0.061748175 0.8362917859375001 0.07612968906249999 0.8420509859375 0.0740036140625 0.9151723203125 0.0746110609375 0.9278199484374999 0.0803818328125 0.943064859375 0.08402653125000001 0.958232046875 0.086608184375 0.967491915625 0.250266665625 0.9681616390625001 0.27433989062499997 0.967570278125 0.2744917578125 0.8791315265625 0.2719100828125 0.6123133828125
6 0.072508834375 0.8972182562500001 0.07159765312500001 0.8750849046875 0.0623673796875 0.873544046875 0.06324522031249999 0.911559765625 0.0708383390625 0.91144684375 0.072508834375 0.8972182562500001
6 0.9442908796875 0.058299478125000005 0.9457067562500001 0.048366476562499996 0.768551771875 0.045198928124999996 0.7446761875 0.0480115484375 0.74626365625 0.0559800984375 0.85394073125 0.0580675328125 0.9442908796875 0.058299478125000005
4 0.400419615625 0.09333449687499999 0.4000037359375 0.1339396796875 0.43171465624999994 0.1343262421875 0.4321305421875 0.1267496125 0.4604104390625 0.1269815484375 0.507301021875 0.1262084234375 0.5085486734375 0.0926576328125 0.478501271875 0.091652565625 0.476213940625 0.086163375 0.4223109046875 0.08591725781250001 0.42298116874999997 0.0929479328125 0.405722103125 0.09263868125 0.400419615625 0.09333449687499999
4 0.3986521234375 0.3929977984375 0.40125138125 0.3943894234375 0.40676180000000006 0.395007921875 0.41851043906249996 0.394853296875 0.43514567812499994 0.394775984375 0.44814195625000003 0.3953171734375 0.5027263484375 0.3960903 0.5036620671875001 0.3852563859375 0.5040779453125 0.34562436875 0.5029342812500001 0.3257550296875 0.5019985484375 0.3218120875 0.45760324375000005 0.32096165 0.414358465625 0.3205110765625 0.41580720937500004 0.3284155578125 0.398028296875 0.32833824843750004 0.3986521234375 0.3929977984375
4 0.398444184375 0.319624359375 0.41403971874999995 0.32008824375 0.4161191234375 0.31970167968749996 0.41882235312500005 0.31514023125 0.5000231109375 0.315913359375 0.5035580921875 0.3119704203125 0.503038240625 0.2863281796875 0.50553353125 0.230906659375 0.5069891156249999 0.21088269999999998 0.504701771875 0.206630509375 0.48661095468750004 0.20678513281250002 0.4743424640625 0.2079448234375 0.41669741875 0.2081703734375 0.41663897499999997 0.2136652953125 0.398756090625 0.21296948593749998 0.398444184375 0.319624359375
4 0.39927594375000003 0.2078606359375 0.449597540625 0.2063143859375 0.4488697484375 0.201366378125 0.5056375046875 0.20152100781249999 0.5061573578125 0.1679387484375 0.50678116875 0.1393330953125 0.505741478125 0.13562209218750002 0.490561815625 0.1346943390625 0.41851043906249996 0.135080903125 0.4176786734375 0.13996882187499998 0.40197917343749995 0.141747009375 0.39927594375000003 0.2078606359375
4 0.5969473453125 0.1004045640625 0.598283775 0.0949387890625 0.617216634375 0.0943590828125 0.6164370375 0.088147971875 0.591378859375 0.0866573078125 0.5198795281249999 0.086574490625 0.5133730984375 0.08830632031249999 0.5129820484375001 0.10065300937499999 0.5201097109374999 0.1003217515625 0.538040234375 0.09982486093750001 0.5969473453125 0.1004045640625
4 0.5110813296875001 0.2474854390625 0.5096335187500001 0.3386278671875 0.5108398421875 0.3694887328125 0.52001288125 0.36982565 0.5521889296875 0.369223734375 0.5521889296875 0.3635055203125 0.615260609375 0.363806478125 0.6151594390625 0.3306134203125 0.6150582531250001 0.28929089375 0.6172842671875001 0.263273740625 0.6165759953125 0.226021934375 0.61789138125 0.167418834375 0.6179925390625 0.0995361109375 0.592798090625 0.10036375 0.546051746875 0.10013802812499999 0.5278958734375 0.10028850781250001 0.5247727281250001 0.10097325312500001 0.52578211875 0.10785790312500002 0.5133087234375 0.1076922671875 0.5131973421875 0.15075640937499998 0.5110813296875001 0.2474854390625
4 0.5087958234375 0.431208615625 0.5436427578125 0.4305318015625 0.61521566875 0.4316920515625 0.61612585 0.4150656296875 0.6157357796875 0.37049392187499997 0.599092459375 0.369333671875 0.5413609687500001 0.3697204203125 0.52445760625 0.37078398749999997 0.5252197125 0.3719080390625 0.5255691640625 0.37593766562500003 0.522968646875 0.37593766562500003 0.5099660640625 0.37593766562500003 0.5087958234375 0.431208615625
4 0.7201147906250001 0.228981946875 0.7226407765625 0.22369912187500002 0.7291136421875 0.223112140625 0.7305345156249999 0.175661075 0.7313238906249999 0.1228038703125 0.7319553875 0.08805213281249999 0.684908715625 0.08699556875 0.673699615625 0.0868781734375 0.62538995 0.0873328109375 0.6242848265625 0.171796971875 0.6227060859375 0.22956892812500002 0.6583857671875 0.23015591093749999 0.7201147906250001 0.228981946875
4 0.7052251609375 0.3230757375 0.7063747265625 0.3177568609375 0.7270668875 0.316427140625 0.728344184375 0.283212375 0.7291105671875 0.2413385640625 0.7291105671875 0.2307957890625 0.72182998125 0.22823133125 0.7182535703124999 0.229940971875 0.6537502140625 0.22946607187499998 0.6370843296875 0.2308131140625 0.639316790625 0.23686468125000001 0.6232228828124999 0.236674721875 0.621562403125 0.28576020625 0.6219455890625001 0.3238355765625 0.6564325249999999 0.3229807640625 0.7052251609375 0.3230757375
4 0.6218202359375 0.3704289 0.6440865984374999 0.370533040625 0.68469821875 0.3701164984375 0.68903946875 0.369179290625 0.6887593796875 0.3639725828125 0.728670796875 0.36345191093749996 0.72783056875 0.3299900328125 0.7276905250000001 0.32426265 0.665932853125 0.3232213078125 0.6373419796875 0.324659809375 0.638064875 0.32987429687500003 0.6225204328125 0.3289370859375 0.6206999093750001 0.336330615625 0.6218202359375 0.3704289
4 0.62345620625 0.4176725171875 0.6575341124999999 0.41774705 0.70754844375 0.41744892812499995 0.7078491390625 0.412157246875 0.7275942765625001 0.411859125 0.7271933625 0.390468821875 0.7271933625 0.3713763171875 0.6831927624999999 0.37018382656250004 0.643802715625 0.37070554218749996 0.6307729296875 0.3713017875 0.631374309375 0.3728669296875 0.631917825 0.372431778125 0.6319756812499999 0.3774305015625 0.6205495625 0.3782503421875 0.621451625 0.4158837828125 0.62345620625 0.4176725171875
4 0.2889367125 0.102588590625 0.3067133171875 0.10135894062499999 0.3096071859375 0.09551810625 0.3683113171875 0.09674775625000001 0.3937360015625 0.0958255171875 0.3947695 0.055247081249999996 0.33172458125 0.0529414890625 0.300718884375 0.052787784375 0.2945177390625 0.0535563140625 0.296237475 0.05360844375 0.2965847921875 0.05985826875 0.28748979218750004 0.059397148437500005 0.28748979218750004 0.10166635156249999 0.2889367125 0.102588590625
4 0.34660731718750004 0.1374798953125 0.3933225796875 0.138402128125 0.396216446875 0.103971946875 0.392289053125 0.1015126515625 0.3104340015625 0.10059040625 0.2980317265625 0.102281184375 0.29637808125 0.10704607968749999 0.28645628125 0.11042760781250001 0.28728308125 0.1111961359375 0.28809979218750004 0.1111736546875 0.2876964890625 0.1440892625 0.2930708046875 0.14578002968749998 0.34495368593750003 0.1443966734375 0.34660731718750004 0.1374798953125
4 0.34695321875 0.1831950078125 0.34680948749999996 0.17742370937500002 0.39323334375 0.17710308749999998 0.39510179375 0.162354209375 0.3890652671875 0.1566897859375 0.3235256921875 0.155193521875 0.30024189843750004 0.1558347859375 0.2982934078125 0.1569944984375 0.29923580781250003 0.1608579453125 0.2873064578125 0.16256796093749998 0.2890311859375 0.183408759375 0.34695321875 0.1831950078125
4 0.3973613265625 0.5037334203125 0.3984445015625 0.573471259375 0.4534696078125 0.5720722484375 0.4556359578125 0.5670784531249999 0.5026456015625 0.5654675484375 0.5032955078125 0.52288303125 0.5030788687500001 0.47138638437499997 0.504378684375 0.4276553890625 0.49528003125 0.426205578125 0.42617368125 0.42636666874999996 0.4112259171875 0.42749430000000005 0.408425171875 0.42831250625 0.409926115625 0.4336037515625 0.3999609296875 0.433281578125 0.3977945796875 0.436181190625 0.3973613265625 0.5037334203125
4 0.41864641249999995 0.62506465 0.42085213593750004 0.6194880421875 0.503125415625 0.618339915625 0.5042282765625 0.5812718875 0.480847665625 0.583568140625 0.43893901562500004 0.583404128125 0.40916182343749996 0.584388225 0.40890165625 0.5862524 0.409602965625 0.5912769765625 0.39680980312499997 0.5922610859375 0.3970303828125 0.6253926953125 0.41864641249999995 0.62506465
4 0.545152646875 0.625572859375 0.6152914546875 0.62438451875 0.6149362859374999 0.6117087671875 0.5966469578125 0.6102563390625 0.515725365625 0.6118369046875001 0.5181625234375 0.6168582921875 0.5082187859375 0.6181786765624999 0.5101720281250001 0.6246485953125 0.545152646875 0.625572859375
4 0.6154690015625001 0.6025980750000001 0.6140484515625 0.572757265625 0.6149362859374999 0.5417550640625 0.6064123515625 0.5417823578125 0.5662112640625 0.541643109375 0.5204271484375 0.5419023359375 0.5183354875 0.5475189296874999 0.5106660703125 0.549247115625 0.5091342703125 0.5499123640625 0.5092842046875 0.6110485703124999 0.5424891390625 0.6105204265624999 0.5410686015625 0.6036543875 0.6154690015625001 0.6025980750000001
4 0.5830755671875 0.5417797281250001 0.60873319375 0.541462703125 0.6083068515625001 0.5353600703125 0.61523470625 0.5344882578125 0.6147017921875 0.4947192421875 0.614808378125 0.474642903125 0.5791032406250001 0.47329556562499997 0.5230408296875 0.47321631093749994 0.5202696796875 0.4790811875 0.5099279859375 0.479845834375 0.509243584375 0.5420174890625 0.516491190625 0.543047809375 0.5293876734375 0.5420174890625 0.5830755671875 0.5417797281250001
4 0.6894867875 0.5018470203125001 0.7265184875 0.501361071875 0.7271719937500001 0.4750390609375 0.7129038984375 0.47285230624999997 0.6544156015625 0.474472121875 0.6231564921875 0.474148159375 0.6212697046875 0.474304309375 0.6209835390625 0.5074353781250001 0.6269739624999999 0.507840334375 0.6911205421875 0.507759346875 0.6894867875 0.5018470203125001
4 0.7050618921875 0.5534837046875001 0.7258649828125 0.5537266734374999 0.7255382375 0.528214571875 0.7260828234375001 0.5125814140625 0.6621486859375 0.512014475 0.626423996875 0.512176459375 0.6282755843750001 0.5188177046875 0.6209021703125 0.5185729828125 0.62097815625 0.560448909375 0.7040816421875 0.5596390046875 0.705824303125 0.5568853171875 0.7050618921875 0.5534837046875001
4 0.6216316625 0.62387223125 0.6391672546875 0.6244391734375 0.6436328437500001 0.61706900625 0.7255467796875 0.616016121875 0.7267448562500001 0.6073501078125 0.7264180953125 0.5671696453124999 0.7243486890625 0.5632010968750001 0.7167245078125 0.5633630765625 0.6524636265625 0.564415959375 0.6286108640625 0.5635250562499999 0.62685966875 0.5655592828125 0.6276220796875001 0.5694468374999999 0.6202157390624999 0.5702567484375 0.62097815625 0.60841480625 0.6216316625 0.62387223125
6 0.658843203125 0.4328676171875 0.658843203125 0.4256807375 0.726475740625 0.4263994140625 0.7287301484375 0.41825428125 0.6920153499999999 0.41681690937500004 0.6378643828125 0.41887199218750004 0.6201960515625 0.4266389734375 0.621162240625 0.433825853125 0.658843203125 0.4328676171875
4 0.336732815625 0.965259146875 0.337376925 0.95927008125 0.3908388359375 0.959030521875 0.3895505921875 0.9307621328125 0.3077474515625 0.9317203781250001 0.292932715625 0.9384281296875001 0.2926106609375 0.9650195890625 0.336732815625 0.965259146875
4 0.29228858125 0.924957040625 0.35315784843750003 0.9251966093749999 0.3541240375 0.9204053562500001 0.39019470156249997 0.9177701624999999 0.391805 0.8550047624999999 0.3064905703125 0.8559453953125 0.3064592078125 0.8609938250000001 0.2910003625 0.8619520703125 0.29228858125 0.924957040625
6 0.3257827828125 0.9254361687499999 0.2919954828125 0.92539815625 0.2932547703125 0.9321439203124999 0.3251386734375 0.9307065671875 0.3257827828125 0.9254361687499999
4 0.29132241875 0.857356428125 0.31515483125 0.8549608015624999 0.3186974828125 0.8520860296875 0.38826235 0.8496904031250001 0.39019470156249997 0.8293275796874999 0.3064905703125 0.8301999765625 0.3077474515625 0.83603533125 0.290678284375 0.8355562140625 0.29132241875 0.857356428125
4 0.29132241875 0.830498303125 0.3257827828125 0.8300191859374999 0.3257827828125 0.8237905609375 0.388906459375 0.823071865625 0.387296159375 0.700894921875 0.3853638078125 0.6970619218749999 0.30488000625 0.6975811281250001 0.3048489109375 0.7040092328124999 0.2890679859375 0.7040092328124999 0.29132241875 0.830498303125
4 0.2890679859375 0.69774191875 0.3518696046875 0.696783665625 0.3521916859375 0.690315490625 0.386007940625 0.6910341578125 0.38632999687499997 0.6838472796875 0.385041753125 0.6143741140625 0.37409172343749997 0.612457615625 0.2968271796875 0.6122620046875 0.297763609375 0.6203631796875 0.2874576875 0.6239566203125 0.2890679859375 0.69774191875