6 0.0435815734375 0.025357029687499998 0.0461634390625 0.0336844859375 0.099425759375 0.0346775515625 0.0953286578125 0.02309180625 0.0435815734375 0.025357029687499998
6 0.2592127234375 0.026071003125 0.125829296875 0.024746910937499998 0.106052284375 0.024240160937499998 0.1048885734375 0.03269143125 0.22324927187500002 0.036994703125 0.2601231859375 0.035008571875 0.2592127234375 0.026071003125
7 0.32904454843750003 0.0427062296875 0.2604355828125 0.0367069578125 0.256093259375 0.040811721875 0.11149336406250002 0.037969959375 0.0806627390625 0.037969959375 0.082599665625 0.041232884375 0.08934741406249999 0.0607040671875 0.3012535640625 0.061019818749999996 0.326873371875 0.059756821875 0.32904454843750003 0.0427062296875
6 0.3460145859375 0.046035265625 0.33260948749999997 0.046985412500000004 0.33413523125 0.05731269375 0.370763228125 0.057792585937499995 0.37043328125 0.0481947734375 0.3460145859375 0.046035265625
4 0.044799335937500004 0.1150228625 0.1139957125 0.11323386093750001 0.11461080937499998 0.1071959484375 0.150900453125 0.106748696875 0.15151552968749998 0.064036115625 0.0709402046875 0.060681725 0.0484680796875 0.061143715625 0.050950143749999996 0.06895588281250001 0.044184259375 0.0687322578125 0.0404938 0.10630144687500001 0.044799335937500004 0.1150228625
4 0.0423390296875 0.1259805390625 0.041416425 0.1684694984375 0.148440146875 0.16891675 0.150900453125 0.1183772578125 0.1296802375 0.1159173640625 0.06509694687499999 0.1152464875 0.051257671875 0.116364621875 0.0505436359375 0.1184869078125 0.050950143749999996 0.1208371421875 0.046952115625 0.12173164375000001 0.042646578125 0.122849778125 0.0423390296875 0.1259805390625
4 0.22425875624999997 0.09249310468750001 0.2290123625 0.08699401875 0.2642322890625 0.08652267500000001 0.26466441875 0.065154790625 0.20870149062499999 0.0631122734375 0.1603011140625 0.06389785625 0.15824801875 0.0645166796875 0.1557635734375 0.082437634375 0.1557635734375 0.0913932859375 0.16051719375 0.092178871875 0.22425875624999997 0.09249310468750001
4 0.15468320468750002 0.15623166093750002 0.155331428125 0.1675440765625 0.1598689546875 0.1683296515625 0.225339125 0.16895811562500002 0.22685162499999997 0.16141650937500002 0.2625037109375 0.16283057031249998 0.26293584062500003 0.14774735156250002 0.26358407968750003 0.09325326874999999 0.2588304453125 0.0915249796875 0.2015710671875 0.0929390296875 0.1684558265625 0.09384958437499999 0.16894403593750001 0.0967352625 0.162245771875 0.0981493078125 0.1564117828125 0.1008202921875 0.15468320468750002 0.15623166093750002
4 0.2731495515625 0.1481790765625 0.2952401421875 0.1489626484375 0.29703610625 0.1424329390625 0.37695731875 0.142171746875 0.378034940625 0.074848553125 0.3785891828125 0.06692105781249999 0.3350844484375 0.06474770625000001 0.2854358875 0.0646269640625 0.2828440015625 0.0647882515625 0.283925453125 0.071191915625 0.2693779953125 0.0719754875 0.2683003984375 0.147134328125 0.2731495515625 0.1481790765625
4 0.2675026296875 0.1695745125 0.31366415625 0.169333025 0.36962255312500003 0.17066118749999998 0.3749361140625 0.17017821875 0.3756003296875 0.1498936265625 0.3385714640625 0.147720275 0.294734621875 0.14953139843750002 0.277963696875 0.14928991875 0.279435540625 0.149932009375 0.2794581359375 0.155206253125 0.2721519984375 0.1547232921875 0.26584215 0.15641366875 0.2675026296875 0.1695745125
4 0.384965228125 0.1428901671875 0.429828634375 0.142497125 0.4289277828125 0.1360774953125 0.48640339531250004 0.1362085046875 0.4907275609375 0.135422428125 0.49306985000000003 0.0703089265625 0.49270949062499997 0.0670336015625 0.46424196718750005 0.065068403125 0.40334301406249995 0.0662475234375 0.3854883078125 0.06691157343750001 0.384064365625 0.0996558546875 0.3844247125 0.12900278125 0.3835238390625 0.13712558749999998 0.384965228125 0.1428901671875
4 0.3791996703125 0.27091877656249996 0.3791996703125 0.2811377921875 0.408928415625 0.28074475468750004 0.41073016406249996 0.2795656375 0.41127069218749995 0.274849165625 0.48496200468749995 0.274849165625 0.4878447828125 0.2738010609375 0.4878447828125 0.2083369265625 0.49018704687500003 0.16149784218750002 0.4903672515625 0.1432870296875 0.48802496250000005 0.142762975 0.477755034375 0.14158385625 0.41955870468749995 0.1431560140625 0.3946946421875 0.1431560140625 0.3937975078125 0.1441210140625 0.393973946875 0.14946584062499998 0.3813617421875 0.1510379953125 0.380641046875 0.23820790625 0.3791996703125 0.27091877656249996
4 0.38802819843749997 0.336602540625 0.4119913859375 0.335685446875 0.4550530421875 0.336078490625 0.46982734375 0.335685446875 0.4705480625 0.3283487171875 0.48550252031249996 0.328872771875 0.486943909375 0.328872771875 0.4874844234375 0.32494238124999997 0.48730426875 0.280964384375 0.465322996875 0.281226409375 0.4289277828125 0.281226409375 0.39631621093749997 0.281357421875 0.3923788640625 0.281889765625 0.3927127390625 0.2872530109375 0.3790194796875 0.2888251671875 0.38046088125 0.3354234265625 0.38802819843749997 0.336602540625
4 0.3793798265625 0.41054012812499996 0.3772177421875 0.41997307812500007 0.377397921875 0.42482055625 0.40352319375 0.42534460625000003 0.4514495703125 0.4254756140625 0.48820511875 0.4265237328125 0.48874565781249996 0.383944478125 0.48820511875 0.336319315625 0.46460230156250004 0.336581340625 0.4406391015625 0.33592627343750003 0.433071771875 0.33645032812500003 0.40604562499999997 0.3357952609375 0.389829934375 0.33671235781250003 0.3899469015625 0.3406809234375 0.3894695875 0.3435038375 0.3791996703125 0.3435038375 0.3782987953125 0.3644659265625 0.3793798265625 0.41054012812499996
2 0.4568547921875 0.44938741093749995 0.45559358281250006 0.4298664671875 0.4415399765625 0.428425321875 0.4132526078125 0.42868734999999997 0.4059573109375 0.42967806406250003 0.40622580468749997 0.4634058109375 0.4109103328125 0.4672051921875 0.4548728890625 0.4666811375 0.4568547921875 0.44938741093749995
4 0.41541469218750005 0.485504621875 0.4865835484375 0.484587534375 0.4874844234375 0.47017609687500006 0.47000752500000004 0.47017609687500006 0.42190096875 0.46991406874999997 0.38100140625 0.4700450796875 0.37839508906249997 0.471229709375 0.3791996703125 0.49100717187500004 0.3835238390625 0.49218628906250006 0.4146939984375 0.49100717187500004 0.41541469218750005 0.485504621875
2 0.495781084375 0.03345391875 0.495403953125 0.12974744375 0.7119197421875 0.12910132968750002 0.7125121828125 0.0354135125 0.495781084375 0.03345391875
7 0.686213640625 0.154899634375 0.6850882328125001 0.14066062968749998 0.6652811484375001 0.13656896093749998 0.651101015625 0.13656896093749998 0.5491393359375001 0.13460495625 0.524155340625 0.1395149578125 0.5253667390625 0.14065057812499998 0.5277566234375 0.1565363015625 0.622065578125 0.1566999671875 0.6580785234375 0.1566999671875 0.686213640625 0.154899634375
0 0.3689570203125 0.17394945312500001 0.038119912500000006 0.1700480765625 0.0423415765625 0.5200873765625 0.36265388125000003 0.524252090625 0.367810990625 0.508009709375 0.3689570203125 0.17394945312500001
0 0.3632454140625 0.5315537859374999 0.0892591390625 0.5303919593749999 0.0433720671875 0.528994103125 0.037184496875 0.944130578125 0.2893938046875 0.9440793031249999 0.355892228125 0.9433822109375001 0.3632454140625 0.5315537859374999
4 0.3784233171875 0.5527204171875 0.3852892046875 0.55448166875 0.40204995468750004 0.5538945953125001 0.4028577109375 0.5478769875 0.48582690937499995 0.5460858281250001 0.48714155000000003 0.5018125515625 0.48582690937499995 0.4901868375 0.4097937328125 0.49177939843749996 0.390949790625 0.49177939843749996 0.390688621875 0.4926383078125 0.3901356625 0.498121725 0.37882719531250003 0.49958943125 0.3780194390625 0.52997096875 0.3784233171875 0.5527204171875
4 0.37517345468749996 0.613151959375 0.37626903437500003 0.6588729375 0.3802131109375 0.6603062343749999 0.43564938125 0.6590321875 0.47421373593749994 0.6595099531249999 0.47618578749999996 0.6528211890625 0.4834166015625 0.6528211890625 0.48516952187499995 0.6443805984375001 0.48560775781250004 0.562025859375 0.484950415625 0.5564518859375001 0.45821829375 0.5566111421875 0.41461430468750005 0.5566111421875 0.3883203984375 0.5566111421875 0.3890695015625 0.5588392265625 0.389196846875 0.56394173125 0.37955576875 0.5623491671874999 0.3769263765625 0.5644195015625 0.37517345468749996 0.613151959375
4 0.375611690625 0.73660444375 0.3760499046875 0.7748355703125 0.42469359687499997 0.7753133453125 0.42578917499999996 0.7683060578124999 0.484293071875 0.769739371875 0.4836357515625 0.7300845234375 0.4847313296875 0.6853238859374999 0.484293071875 0.6601613765625001 0.441565509375 0.6593650953125 0.388977740625 0.6601613765625001 0.3883203984375 0.6611169125 0.38810126875 0.6623813703125 0.387005690625 0.6663627796875 0.3778028484375 0.6646109578125 0.37626903437500003 0.6697071609374999 0.375611690625 0.73660444375
4 0.48100633750000005 0.844922765625 0.48275925781250006 0.78997931875 0.4825401734375 0.7754869890625 0.4174627828125 0.7753277296875 0.386129240625 0.7748499609375 0.3859101109375 0.77819434375 0.37648814062499997 0.7789906249999999 0.3760499046875 0.7866349328125 0.373639640625 0.8436487171874999 0.37665396875 0.85844613125 0.41220399687500003 0.8571855109375001 0.41351872656250005 0.851930053125 0.47991075937499994 0.8520893031250001 0.48100633750000005 0.844922765625
4 0.46413442343750005 0.944158696875 0.48078720781250006 0.944158696875 0.48078720781250006 0.8664415734375 0.47991075937499994 0.8580009921875 0.42272156875 0.8597528062500001 0.4071643390625 0.8580009921875 0.3845954265625 0.8586380078125 0.384157190625 0.8626194187499999 0.377145484375 0.8629379343749999 0.3723249546875 0.8662823156250001 0.374097828125 0.8668091078125 0.373420534375 0.9379476921875 0.3742969828125 0.9401772875000001 0.45624628906250003 0.9412920703125 0.46413442343750005 0.944158696875
6 0.417901040625 0.9409831546874999 0.39708504843750003 0.9405053890625 0.39126047812500003 0.9419431390625 0.389196846875 0.9479904359375 0.4564653734375 0.9494237406250001 0.4551507109375 0.942097953125 0.417901040625 0.9409831546874999
6 0.3067259625 0.9421025265624999 0.2930093109375 0.9440281 0.2938474953125 0.951642765625 0.3562583875 0.9514627515624999 0.3562583875 0.9428225421875001 0.3067259625 0.9421025265624999
4 0.5955435984374999 0.9435563703125001 0.5742017390624999 0.9432743406249999 0.5035795609375 0.9425692703124999 0.5022744234375 0.9425369874999999 0.5029975328125 0.9482098390625 0.512310321875 0.9501840406250001 0.595155540625 0.9506070796874999 0.5955435984374999 0.9435563703125001
4 0.5074598984375001 0.941992465625 0.5086240125 0.935787846875 0.59418545625 0.93649291875 0.5939914468749999 0.9040596515624999 0.5949615328125 0.8558157874999999 0.5829325 0.8548286875000001 0.5037735890625 0.8542646328125001 0.5018334203125 0.8565208578125001 0.5012513734375 0.8597641859375 0.486894115625 0.8606102734375 0.4861180390625 0.892620496875 0.48772435625000005 0.9104485203125 0.48670010625 0.922109465625 0.485730021875 0.9380440703125 0.486506096875 0.9434026078125 0.5074598984375001 0.941992465625
4 0.5129112484375 0.8535996718750001 0.5630785859375 0.8538039453125 0.5616733390624999 0.8475736890625001 0.59483713125 0.847675821875 0.5956803015625 0.7944510124999999 0.5973665875 0.7446988046875 0.5980692109375 0.6918825281250001 0.5980692109375 0.665838021875 0.49155150000000003 0.6635910453125 0.489903346875 0.666070040625 0.48972468124999996 0.7684994109375001 0.4880383828125 0.8242776015625 0.48733575937499996 0.853497540625 0.5129112484375 0.8535996718750001
2 0.5653269609375 0.65141848125 0.5654674796875 0.6191437171875 0.5509934390625 0.618530909375 0.519234865625 0.61791809375 0.512630203125 0.6184287703125 0.513205103125 0.6190764671875 0.5113654890625 0.6516227484375 0.51684594375 0.6563209750000001 0.5625164671875 0.655912440625 0.5653269609375 0.65141848125
4 0.54854669375 0.5649996875000001 0.5087781953125 0.564386878125 0.5070918953125 0.5703107265625 0.492196284375 0.5713320796875 0.48994789531249994 0.6110627156249999 0.49065051875 0.61198194375 0.49095719375 0.6110739390625 0.59913558125 0.6131177343750001 0.59913558125 0.6023935234375 0.6006813328125 0.5664295859374999 0.54854669375 0.5649996875000001
4 0.59182828125 0.559075840625 0.6013839562500001 0.5584630265625 0.6002597609375 0.525058625 0.6012434515625 0.5103449796875 0.54854669375 0.5100385765625 0.5082161046875 0.5100385765625 0.50948081875 0.5155538828124999 0.492196284375 0.5169837765625 0.4911820140625 0.5562481046875 0.49346101249999996 0.563876203125 0.5253601046874999 0.5640804703125 0.5922498515625 0.5649996875000001 0.59182828125 0.559075840625
4 0.49338957343749995 0.5029487484375 0.493378040625 0.50356835625 0.494082009375 0.5054576734375 0.4931349171875 0.50968615625 0.5620019140625 0.5087027875000001 0.5630843 0.5026058984375 0.6017797328125 0.50299925 0.6011032390625 0.467499609375 0.6021856125 0.43749794687500004 0.6011032390625 0.414478209375 0.545360184375 0.4141832 0.515865084375 0.41369151562499995 0.50858728125 0.41553950625 0.50891099375 0.42070191562500003 0.49413758437500005 0.4216533390625 0.49338957343749995 0.461617365625 0.49338957343749995 0.5029487484375
4 0.54062050625 0.22362126249999997 0.5444168031250001 0.21928194531249998 0.6032596625 0.217704009375 0.60542899375 0.1818060078125 0.5167579609375 0.1804253125 0.508925975 0.183676121875 0.5097076703125001 0.18910395 0.4934377578125 0.189892915625 0.49262425312499997 0.22381850937499997 0.54062050625 0.22362126249999997
4 0.5706131875 0.2916478390625 0.6028105906250001 0.29150926093749996 0.603953675 0.23898765000000002 0.60319161875 0.2242982203125 0.5117434234375 0.223328165625 0.5104097953125 0.22776270781250002 0.4955494734375 0.229009925 0.493166596875 0.23131369531249998 0.494793584375 0.29877038125 0.5214597921874999 0.297606759375 0.569470103125 0.2978839140625 0.5706131875 0.2916478390625
4 0.5798094265625 0.409127065625 0.6029391421875 0.408306659375 0.6029391421875 0.347595228125 0.601810865625 0.299051440625 0.55132033125 0.297410596875 0.5104201625 0.297410596875 0.5053429015625001 0.3019229234375 0.5030863484375 0.30499951875 0.49403647656249994 0.30705594375 0.4949063171875 0.41548538281249997 0.5157795015625 0.413024090625 0.5786811109375 0.4144598484375 0.5798094265625 0.409127065625
0 0.609795528125 0.625282071875 0.600449496875 0.9380529390625 0.924916778125 0.942644490625 0.93706005 0.629759471875 0.609795528125 0.625282071875
0 0.6088676609375 0.267616121875 0.6061879140624999 0.610079384375 0.9379996453125001 0.611982409375 0.9368779921874999 0.270492015625 0.6088676609375 0.267616121875
7 0.9313938640625 0.0467983234375 0.9328074046875001 0.0341216 0.9153738828125 0.034978139062500004 0.90406561875 0.034978139062500004 0.888752359375 0.036177284375 0.8242011453125 0.036177284375 0.7591787578125 0.036177284375 0.7563516906250001 0.03326506875 0.7316149171874999 0.0342929015625 0.7327382375 0.035471540625 0.73868255625 0.0471409484375 0.7714293546875 0.047826168749999995 0.8769729375 0.047312248437499996 0.9313938640625 0.0467983234375
4 0.7257252046875 0.06921184687500001 0.8157199640625 0.068526628125 0.815955559375 0.06338740312499999 0.9231482765625 0.064243940625 0.9380684859375 0.06338740312499999 0.938775240625 0.048826295312500004 0.8494872359375 0.0474558375 0.7488909828125 0.048312375000000005 0.7406880625000001 0.051077306249999996 0.739860503125 0.056877731249999994 0.7273743265625 0.055335965625000004 0.7250184359375 0.0575629625 0.7257252046875 0.06921184687500001
5 0.939010803125 0.158037115625 0.939010803125 0.076323596875 0.9373616984375 0.07118438125 0.73593363125 0.0706704578125 0.7256098953125 0.07381163125 0.7250965578125 0.1520413703125 0.7250965578125 0.1554675125 0.9364193500000001 0.1585510421875 0.939010803125 0.158037115625
6 0.7332195968749999 0.07405558125 0.7322646703125 0.0778746359375 0.74833933125 0.07880046874999999 0.7491351093749999 0.07266683125 0.7332195968749999 0.07405558125
6 0.7540689140625 0.0722039171875 0.7526222625 0.072511765625 0.754228084375 0.078221821875 0.794812609375 0.0791476546875 0.7959267062500001 0.0715095421875 0.7540689140625 0.0722039171875
6 0.8342830703124999 0.07833755 0.8323732156249999 0.0718567265625 0.8084999484375001 0.0718567265625 0.802748015625 0.07303239375000001 0.802929525 0.07833755 0.8150253296875001 0.078916196875 0.8338056109374999 0.07833755 0.8342830703124999 0.07833755
6 0.8731030890625 0.072381609375 0.8731423046875 0.07833755 0.899084575 0.0784532828125 0.8970155609375 0.0728982921875 0.8731030890625 0.072381609375
6 0.908156428125 0.09245648906250001 0.90736065 0.0878273296875 0.9380775765625 0.08643857968749999 0.9380775765625 0.078221821875 0.881895828125 0.07856901093749999 0.8478366421875 0.077643178125 0.83729898125 0.0775878796875 0.8374915625 0.0875958703125 0.86247890625 0.08713295625 0.864388771875 0.091646384375 0.908156428125 0.09245648906250001
6 0.9167507796875001 0.10900573437500001 0.9175465578124999 0.1036822046875 0.9391916734375 0.10298782656250001 0.935849403125 0.0946553390625 0.9127719125 0.094192425 0.8492690375 0.094192425 0.8347926937500001 0.09450825625 0.836695784375 0.102177721875 0.867412721875 0.1036822046875 0.8620014484375 0.10865854531250001 0.9167507796875001 0.10900573437500001
6 0.9111803578125001 0.1241475046875 0.91006628125 0.11755096406250001 0.9369634796874999 0.11836106093750001 0.93473530625 0.1106072203125 0.9145226296875 0.110144296875 0.8639113015625 0.11002857656250001 0.84115213125 0.1089870078125 0.8360458359375 0.11116831875 0.836695784375 0.117435225 0.87091413125 0.11940262187499999 0.8715507484374999 0.1244947015625 0.9111803578125001 0.1241475046875
6 0.9270958703125001 0.1400619296875 0.9272550515625 0.136242875 0.9387141953125001 0.13288673125 0.9383958968749999 0.125827265625 0.8596141156250001 0.12478570468750001 0.8387311453124999 0.125355403125 0.8378098828124999 0.13288673125 0.8481549609375 0.1331181921875 0.851497209375 0.1400619296875 0.9270958703125001 0.1400619296875
6 0.9333029093749999 0.15776846875 0.938555034375 0.1463112984375 0.9377592578125 0.14191359375 0.86566200625 0.14133494687499998 0.8408338234375 0.14133494687499998 0.8360458359375 0.14474875781250002 0.8432211453124999 0.150824728125 0.8464042453125 0.153602221875 0.8472000234375001 0.1567269078125 0.9333029093749999 0.15776846875
6 0.8351841437499999 0.0793961890625 0.8020294109374999 0.0802131875 0.8009720359375001 0.0862096796875 0.8303900687500001 0.0876357609375 0.8360557562500001 0.0849420578125 0.8351841437499999 0.0793961890625
6 0.810342240625 0.1047487265625 0.8319154937500001 0.1030057359375 0.8343124718749999 0.09508306875 0.803500075 0.0944697890625 0.8016257906250001 0.096033790625 0.801189953125 0.102213471875 0.810342240625 0.1047487265625
6 0.8323512703124999 0.1104530546875 0.801189953125 0.11076995468749999 0.7983527515625 0.111221296875 0.795306346875 0.11805880937499999 0.8081631203124999 0.1193264328125 0.8345303906250001 0.118692621875 0.8323512703124999 0.1104530546875
6 0.7992287515625 0.0798715421875 0.7630554703125 0.07971308906249999 0.7542328281249999 0.079856771875 0.7543390046875 0.08510050625 0.7787450875 0.086051221875 0.7992287515625 0.086051221875 0.7992287515625 0.0798715421875
6 0.74693003125 0.0803469 0.742789709375 0.0793961890625 0.72653531875 0.0782529046875 0.726664271875 0.0858927703125 0.7347269828125 0.087160396875 0.747365853125 0.086051221875 0.74693003125 0.0803469
6 0.724703084375 0.096033790625 0.72579264375 0.104114921875 0.7460583749999999 0.101104296875 0.7434434484375 0.09444925781249999 0.724703084375 0.096033790625
6 0.7944347046875 0.09555842656249999 0.7530072734375 0.0951826203125 0.7543390046875 0.102371925 0.7761301609375 0.1037980046875 0.7933451453125 0.1026888296875 0.7944347046875 0.09555842656249999
6 0.7778734453125 0.10997768593749999 0.754968159375 0.10979563750000002 0.758261409375 0.1188510796875 0.7896406578125 0.11980179531249999 0.792473503125 0.11061150156249999 0.7778734453125 0.10997768593749999
6 0.756518125 0.12312933125 0.753903184375 0.12376313125 0.75202683125 0.12476506875 0.7534673625 0.1346964125 0.7857182546875 0.1313688984375 0.785936171875 0.12360467343749999 0.756518125 0.12312933125
6 0.7581545968750001 0.1408037453125 0.7578255890625 0.1513340265625 0.7789630062499999 0.1516509421875 0.7789630062499999 0.14087609843749999 0.7581545968750001 0.1408037453125
6 0.753903184375 0.109660790625 0.7255548765625 0.1110430890625 0.7255747109375 0.1193264328125 0.7499807796875 0.11805880937499999 0.7556464828125 0.11837572656249999 0.753903184375 0.109660790625
6 0.7257999859375001 0.12476506875 0.7260105328125 0.1348548703125 0.748673315625 0.132002709375 0.74693003125 0.1240800375 0.7257999859375001 0.12476506875
6 0.723593990625 0.14133836875 0.7260105328125 0.15117556875 0.7560823046875 0.14943258125 0.7558643859374999 0.140400734375 0.723593990625 0.14133836875
6 0.8112139125000001 0.1291505484375 0.80315115625 0.1240800375 0.7885510984375 0.1250307546875 0.7848466125 0.13786547968750001 0.8323512703124999 0.14087609843749999 0.8336587484375 0.133111884375 0.8112139125000001 0.1291505484375
6 0.81818705 0.147372690625 0.8166616828125 0.1411930046875 0.7855003359375 0.1424606375 0.7843814421874999 0.1449025203125 0.7874615390625 0.1549784453125 0.833005025 0.155612278125 0.8323512703124999 0.1475311375 0.81818705 0.147372690625
6 0.8679551234374999 0.1582540796875 0.8146089562500001 0.1578246671875 0.7962503062499999 0.15955214375 0.7949240093750001 0.165267859375 0.817758534375 0.165410996875 0.86972676875 0.165697271875 0.8679551234374999 0.1582540796875
6 0.7638218 0.185164078125 0.7653965890625 0.1794385484375 0.8935455718749999 0.18044051249999998 0.9373114125 0.18015423749999998 0.937901953125 0.166985521875 0.8839652171875001 0.165983546875 0.8642802703125 0.1655541390625 0.77372955 0.165124721875 0.7453832359375 0.1648384453125 0.74222386875 0.1656695015625 0.742168365625 0.177005203125 0.7270109578125 0.177005203125 0.7260267078125 0.186022909375 0.7638218 0.185164078125
6 0.8032569578125001 0.186738596875 0.7907369531249999 0.18949500156250002 0.79479243125 0.1953268953125 0.8747132828125 0.19690141562500002 0.8755007046875001 0.1881699796875 0.8032569578125001 0.186738596875
6 0.736918709375 0.20820934531250002 0.7786507874999999 0.20777992812499999 0.8571936921875001 0.20806620312500002 0.8591621921874999 0.20319950156250002 0.936720846875 0.20377205625 0.9373114125 0.194611203125 0.84538271875 0.1956131765625 0.8010916140625 0.1944680640625 0.7479422734375001 0.1943249265625 0.735934459375 0.1944680640625 0.73731241875 0.1990484921875 0.72392664375 0.2024838125 0.7247140390625 0.20735050937500002 0.736918709375 0.20820934531250002
6 0.8601464421875 0.215652528125 0.9355397953125 0.2172270578125 0.93750826875 0.20921130625 0.92313825625 0.20777992812499999 0.866839309375 0.20835247968749998 0.86565823125 0.20835247968749998 0.8205796921875 0.20835247968749998 0.7528635109375 0.207493653125 0.7440052875000001 0.207493653125 0.7367218531249999 0.21092896875 0.72586094375 0.213964434375 0.7270762359375 0.22109179218750002 0.7977451671875 0.22209375156250002 0.858374796875 0.221807475 0.8601464421875 0.215652528125
6 0.8780597437500001 0.22433764687500002 0.8465638234374999 0.224910203125 0.8371150609375 0.22433764687500002 0.8117214828125 0.2251964734375 0.7975483265625 0.2247670609375 0.794722509375 0.2270040640625 0.794595575 0.23163769687500002 0.831800128125 0.232353390625 0.8794377046875 0.23178083906250002 0.8780597437500001 0.22433764687500002
6 0.757784746875 0.24509270781249998 0.809556140625 0.24509270781249998 0.8103435359375 0.24022599531250002 0.92412250625 0.24351817812499998 0.9351460578124999 0.24079855625 0.9357365968750001 0.2320671140625 0.8945950859374999 0.233212221875 0.8603432968750001 0.23335535937500002 0.8158553109375 0.232925940625 0.7788476296875 0.2307788703125 0.7581784453125 0.23106514531250003 0.736710515625 0.232477490625 0.7345565125 0.238651484375 0.7237297875 0.2412279640625 0.7270762359375 0.244520146875 0.757784746875 0.24509270781249998
6 0.8975478359375 0.2456652484375 0.8613275203124999 0.245235840625 0.8006979171875 0.24509270781249998 0.754241459375 0.24537897343749998 0.7304226828125 0.245235840625 0.7241234999999999 0.250245675 0.7227455515625001 0.2529653078125 0.7213732203125 0.25302400468749997 0.724517209375 0.2581182859375 0.8162490218749999 0.25969280625 0.8221545078125001 0.2535378578125 0.9357365968750001 0.2552555109375 0.937705096875 0.24509270781249998 0.8975478359375 0.2456652484375
4 0.607457009375 0.26262779375 0.6198413984375 0.266784065625 0.680810746875 0.26435958125000003 0.6781909578125 0.257086090625 0.7177257703125 0.2567397359375 0.7198692062500001 0.193356525 0.6431812203125 0.193183346875 0.6228702109375 0.1944001203125 0.62389014375 0.20114954218749997 0.6115057546875 0.20114954218749997 0.6079333375 0.20340085624999998 0.607457009375 0.26262779375
4 0.627700728125 0.185736684375 0.7174876015625 0.1855635078125 0.71891658125 0.157508640625 0.6500879 0.156123215625 0.6067969093750001 0.15817326874999998 0.6072188484375001 0.18192676875 0.6084096515625 0.19145156562500001 0.6255714640625001 0.1903265921875 0.627700728125 0.185736684375
6 0.5299270296875 0.1652949984375 0.5307957578125 0.1746405046875 0.570121678125 0.173250440625 0.5671176140624999 0.1641157 0.5299270296875 0.1652949984375
6 0.8477428234375 0.9540342374999999 0.922890059375 0.9575325296875 0.9252947796875001 0.9487867921875001 0.8910276140625 0.945069859375 0.648452340625 0.942883425 0.602104465625 0.9432240437500001 0.600057525 0.951847803125 0.6340240609375 0.9522850843749999 0.8477428234375 0.9540342374999999