6 0.2522192890625 0.032466359374999997 0.0931244625 0.032610028125 0.038621534375 0.0313170078125 0.0348872078125 0.03169656875 0.0368063171875 0.0417534359375 0.16336414375 0.04209221875 0.25241117968750004 0.040799189062500005 0.2522192890625 0.032466359374999997
7 0.1282217421875 0.0729811703125 0.1289893859375 0.061056590625 0.12323204375 0.060194576562500005 0.12188866093749999 0.0468333078125 0.046851184375 0.04467826875 0.0393666234375 0.04712065625 0.0352101140625 0.048492125000000004 0.0378313359375 0.0706824515625 0.0470430890625 0.07384317812499999 0.1032732234375 0.07384317812499999 0.1282217421875 0.0729811703125
4 0.1343629203125 0.13727537031249998 0.145109975 0.1355513421875 0.1445342359375 0.07592848437500001 0.1420393859375 0.0734861 0.1017379359375 0.07449178749999999 0.05184088437499999 0.0759982234375 0.05126514375 0.08002096875 0.037063678125 0.081888675 0.0359122125 0.1374190390625 0.1343629203125 0.13727537031249998
4 0.1981971359375 0.126318271875 0.26037583125 0.1272134375 0.260674778125 0.0495581546875 0.1973003203125 0.0473202515625 0.1536556515625 0.0473202515625 0.1510130796875 0.0488558328125 0.1509652265625 0.13168924531249998 0.1919194703125 0.1341509390625 0.19909395000000002 0.13213682499999999 0.1981971359375 0.126318271875
0 0.25290244687499996 0.23519558906250002 0.2523045578125 0.1470221546875 0.2469237078125 0.1403084421875 0.044245046875 0.1405322375 0.0393784734375 0.1457564984375 0.039761001562499995 0.2436996234375 0.0553056703125 0.244371015625 0.24961413281249997 0.2450423609375 0.25290244687499996 0.23519558906250002
0 0.037697228124999996 0.252473075 0.038266315625000005 0.602448746875 0.25499498125 0.5989043171875 0.24961413281249997 0.25034091875 0.037697228124999996 0.252473075
0 0.3629109234375 0.6052494015625001 0.0393784734375 0.60987293125 0.0439461109375 0.952173840625 0.36649814375 0.9481456218750001 0.36978645781249997 0.9445649640625 0.3629109234375 0.6052494015625001
4 0.362313075 0.974704259375 0.2884758625 0.9749280562499999 0.28728008125 0.9722425578125 0.36171522500000003 0.969109496875 0.36141623749999996 0.9592627234375 0.23526521250000001 0.9612768296875001 0.07174716406250001 0.9619481984375 0.0339984921875 0.9624906765624999 0.0358748359375 0.9847748281250001 0.0947652484375 0.9876841015625001 0.365302403125 0.9834320828124999 0.362313075 0.974704259375
7 0.41714501562499995 0.0768238328125 0.41547842968750004 0.059218178125 0.43214429218749995 0.055197985937500006 0.43066288906250005 0.04050350625 0.41751537968749997 0.034136110937500005 0.410849034375 0.0387056921875 0.40955281250000003 0.0403692171875 0.2951138671875 0.035933150000000004 0.2912251609375 0.0410623515625 0.26429510624999997 0.042232953125 0.2654923921875 0.0755761875 0.284010009375 0.079319121875 0.373443409375 0.0818144125 0.41714501562499995 0.0768238328125
4 0.2870881515625 0.1096747140625 0.3571557203125 0.11018646562500001 0.36074455 0.1053248546875 0.370314753125 0.104685171875 0.3725364046875 0.10289405625 0.3721946140625 0.088053353125 0.3472437265625 0.0886930390625 0.3431422125 0.0820403125 0.2899933984375 0.0816565015625 0.2775179546875 0.08306381406249999 0.27913240625 0.083191034375 0.27768885 0.0868917390625 0.2655552046875 0.08625205625 0.263846240625 0.08817111250000001 0.2624790609375 0.111593771875 0.2870881515625 0.1096747140625
4 0.309133803125 0.13060752656250002 0.312893525 0.12536210625 0.36792220000000003 0.125490046875 0.3716819203125 0.12177987187499999 0.37339089062499997 0.110393475 0.3592064828125 0.1091141046875 0.3545922890625 0.1102655328125 0.2925568421875 0.10962584687500002 0.274783609375 0.10924203750000001 0.2766367640625 0.111528228125 0.277347053125 0.11640651093750001 0.2640171296875 0.11551095468749999 0.26230816562500003 0.1315030875 0.309133803125 0.13060752656250002
4 0.2874299546875 0.1308905484375 0.27290375 0.13153023125000002 0.2735873328125 0.136647715625 0.263373065625 0.13742784531250002 0.2635044359375 0.14457980937499998 0.3715110296875 0.1463709296875 0.3711692375 0.13076261250000001 0.2874299546875 0.1308905484375
7 0.2732343203125 0.175575325 0.278533040625 0.18407548125 0.2946815125 0.1827532328125 0.3003880984375 0.18792951093750002 0.32667845156249997 0.1888132921875 0.32631211875 0.183877046875 0.35305350468749996 0.18305434375000001 0.3525040328125 0.17469014375 0.330158475 0.1741416796875 0.32960900312499997 0.1693425421875 0.3545187796875 0.1700281328125 0.3495734546875 0.1628980015625 0.33400484375 0.1619381734375 0.2862000359375 0.16166394374999998 0.271180909375 0.16234953125 0.2727766734375 0.164240709375 0.2760098359375 0.17047523125 0.296952390625 0.17104191875000002 0.298213975 0.1751975421875 0.2732343203125 0.175575325
4 0.2642208109375 0.3289430734375 0.2640376578125 0.33936404375 0.2824039703125 0.33994726875 0.31686315625 0.3392829640625 0.3161236953125 0.3344114421875 0.3635975109375 0.33419000312499997 0.3641890828125 0.28106606093750003 0.364928553125 0.235462321875 0.36463277656250004 0.188308553125 0.32263100625 0.188529984375 0.2926086296875 0.188197840625 0.27811505937500003 0.1869799546875 0.271353778125 0.188310228125 0.27246301875 0.19314141406250002 0.2656860984375 0.1945125921875 0.2649534609375 0.259921478125 0.2642208109375 0.3289430734375
4 0.29216494531250004 0.50988766875 0.29201704687499996 0.504351846875 0.362858040625 0.5041304156249999 0.362562265625 0.49305876406250004 0.362562265625 0.42706410312500004 0.3619706734375 0.387760340625 0.3634496125 0.3400007125 0.3380119234375 0.33889354531250004 0.313165815625 0.3396685609375 0.272199321875 0.339447128125 0.26376939843749997 0.3396685609375 0.264520296875 0.34119681874999996 0.26273413125 0.43389915468750007 0.2640651734375 0.5066757234375 0.26421307031249996 0.5099983875 0.29216494531250004 0.50988766875
4 0.362858040625 0.5872782046875 0.3630059390625 0.5590454968749999 0.36315385624999996 0.512448246875 0.33579352500000004 0.51134108125 0.268058296875 0.5123375296875 0.2643539453125 0.512908984375 0.2645088671875 0.587167484375 0.277819284375 0.5889389484375 0.3462939703125 0.5889389484375 0.362858040625 0.5872782046875
0 0.933473703125 0.7714632578125 0.9358668671875 0.47472770625000005 0.609744496875 0.474270390625 0.60567981875 0.979927384375 0.903116075 0.98862565625 0.93054044375 0.9875673812500001 0.933473703125 0.7714632578125
7 0.79802786875 0.082115290625 0.879705953125 0.07934255625 0.8841894781249999 0.058474090624999996 0.9311690015625 0.059057818750000005 0.93545755625 0.05351235 0.932338596875 0.04198361875 0.896860284375 0.0374596828125 0.793934228125 0.0374596828125 0.7596255390625 0.041691748437499995 0.7255117828125 0.04388075 0.72316784375 0.046301949999999995 0.727461146875 0.0575984875 0.77541533125 0.060371220312499994 0.7793140453125 0.080510025 0.79802786875 0.082115290625
4 0.7917899375 0.198582890625 0.7945190265625001 0.1917240234375 0.8282429171875 0.1905565515625 0.8299973390625001 0.1199681625 0.8276581078125 0.0836237859375 0.8120632406249999 0.0824563234375 0.7481243281250001 0.0823103859375 0.7346737671875 0.0817266546875 0.7315000015625001 0.085199965625 0.731944665625 0.089364734375 0.7204434609375 0.0896566 0.7202485203125 0.19726949062500002 0.7917899375 0.198582890625
4 0.8646959000000001 0.1785513109375 0.9442296640625001 0.177675709375 0.9455942296875 0.1081134984375 0.9446195484375 0.08236109375 0.936237296875 0.0890740296875 0.8635262765625 0.0914089625 0.8448124515625001 0.09184676093750001 0.8405238687500001 0.0967577875 0.8333112406250001 0.0990927234375 0.8346757921875 0.18453457499999998 0.8615769125 0.18438864375 0.8646959000000001 0.1785513109375
7 0.935847440625 0.08294482656249999 0.9062171906250001 0.080172090625 0.8496858453125 0.08236109375 0.8393795000000001 0.083722825 0.8422782890624999 0.090387428125 0.9311690015625 0.0896577609375 0.935847440625 0.088490296875 0.935847440625 0.08294482656249999
7 0.8707389046875 0.18690396250000002 0.8492959625 0.18836329999999998 0.8503428640624999 0.19089752499999998 0.8531946890625 0.19609776406249999 0.9218120687500001 0.19551402812500002 0.9216171281250001 0.18836329999999998 0.8707389046875 0.18690396250000002
4 0.7426661359375 0.23649769375 0.7457851078125 0.2321196890625 0.829412528125 0.22832542656250002 0.8298023984375 0.198846884375 0.7931544875000001 0.19972248125 0.7370130015624999 0.2003062171875 0.7297458625 0.201237503125 0.7327244109375 0.20687321875000003 0.7216130703125 0.20687321875000003 0.7186890390625 0.23533022187500002 0.7426661359375 0.23649769375
4 0.8927666437499999 0.2634276203125 0.893741325 0.2584658890625 0.943449925 0.257736221875 0.9459840859374999 0.200676278125 0.9444246062499999 0.19483894375 0.9337031359375001 0.194401140625 0.9243462578124999 0.1951308078125 0.852999746875 0.1964442078125 0.85056213125 0.19647783125 0.8518301234375001 0.20103588125 0.8356504749999999 0.202057415625 0.8342859218750001 0.2632817015625 0.8927666437499999 0.2634276203125
7 0.9129431984374999 0.2663462859375 0.8571915671875001 0.268243428125 0.849246528125 0.26885768125 0.8503688234375 0.2752482234375 0.9240545250000001 0.274518553125 0.9244444093749999 0.26853529374999996 0.9129431984374999 0.2663462859375
7 0.8166449453125001 0.25525536249999997 0.8279512140625 0.2537960203125 0.8300955046875 0.2431428859375 0.79656656875 0.2386189484375 0.7515364078125 0.23949455 0.7413997625000001 0.24212134999999999 0.71625305 0.24255914843749998 0.7161512906249999 0.24391043125 0.71820240625 0.26853529374999996 0.7905235640625 0.269994621875 0.8168398874999999 0.26722189375 0.8166449453125001 0.25525536249999997
4 0.7599186453125 0.35200336718749997 0.7961766984375 0.3517115015625 0.7987108734375 0.3447066984375 0.8302904468750001 0.34426889374999997 0.8299005765624999 0.313331028125 0.8302904468750001 0.272425553125 0.79754125 0.2716958890625 0.7435440546875001 0.2716958890625 0.733797265625 0.2735930203125 0.7323770703125 0.2746021140625 0.733017525 0.27899216718750003 0.7197618921875 0.28015963906249997 0.7222960546875 0.35083589531250003 0.7599186453125 0.35200336718749997
7 0.8211284703124999 0.365491559375 0.822493021875 0.357611153125 0.80436399375 0.354984353125 0.77141986875 0.355130290625 0.7351618171875 0.35469248750000004 0.7259998328124999 0.3571733546875 0.7275531890625 0.3574860703125 0.728339065625 0.365783425 0.7324327140625 0.36680495468749996 0.8211284703124999 0.36563749218749997 0.8211284703124999 0.365491559375
7 0.9178165796875 0.3640322265625 0.9178165796875 0.356297753125 0.947251915625 0.35542215625 0.9454974671875 0.34827141875 0.9281481671874999 0.3468120859375 0.8591409296875 0.34695801875 0.84296128125 0.3491470203125 0.827977603125 0.35059275156249997 0.8326296796875001 0.3586326875 0.858751075 0.3573192875 0.8636244546875 0.36447002500000003 0.9178165796875 0.3640322265625
4 0.7211264390625 0.45192591406249993 0.7835058781249999 0.4530933765625 0.781556515625 0.446964178125 0.8283410828125 0.446234509375 0.8297056359375 0.3680142328125 0.7634274890625 0.3668467625 0.7345697421875 0.369467315625 0.73594155625 0.37366383281250004 0.720931503125 0.375560959375 0.7213213796875 0.43335715625000004 0.7211264390625 0.45192591406249993
4 0.9419886234374999 0.44579671562499995 0.9460822656250001 0.4217177078125 0.9453025531250001 0.3664089609375 0.8722016484375 0.3655333625 0.834773971875 0.3671386296875 0.8353587703124999 0.4528015109375 0.9094343546875001 0.4533852515625 0.9104090375 0.44681825000000003 0.9419886234374999 0.44579671562499995
4 0.8366317593750001 0.3388390390625 0.8359535921875001 0.3463888046875 0.8831901359375 0.34385340468750003 0.9188403734374999 0.34331961718750004 0.9199098875 0.339716659375 0.9445085593749999 0.3382487875 0.94557805 0.2823900203125 0.94308253125 0.274917225 0.9254356703125 0.2743834484375 0.916166596875 0.2754509921875 0.8560959718750001 0.275584440625 0.8482631234375001 0.277285803125 0.8492101984374999 0.280067025 0.8368486359375 0.282177625 0.8368486359375 0.3364037390625 0.8366317593750001 0.3388390390625
2 0.49612716875 0.0345528546875 0.4950030296875 0.27626844375 0.7077530828125 0.27570090937499997 0.7087007203125 0.0351603109375 0.49612716875 0.0345528546875
4 0.46462760468750003 0.2617571765625 0.46481899374999996 0.2564560609375 0.4872107546875 0.25659933281249997 0.48644525312500003 0.1724229796875 0.4852969234375 0.0935188640625 0.484722784375 0.080194434375 0.4106577265625 0.07933479375 0.377165778125 0.082841003125 0.37850545625 0.2349456671875 0.3773571515625 0.2619004484375 0.3997489140625 0.262473540625 0.46462760468750003 0.2617571765625
4 0.37484552656250003 0.40304526249999995 0.3750999421875 0.46481486875 0.405502734375 0.46586240312499994 0.4725987421875 0.46519579218749996 0.4713266734375 0.458339153125 0.4835386609375 0.45824392031250005 0.485192365625 0.41414410156250003 0.4840474921875 0.352628109375 0.486082834375 0.3109527671875 0.4853195796875 0.2765511078125 0.48417470468749996 0.26331399218749996 0.45860583593750004 0.262933065625 0.45110054374999997 0.262647371875 0.4137012984375 0.26274260312500003 0.38766888125 0.26331473125 0.3872082421875 0.267452890625 0.3775169046875 0.26999405625 0.376499240625 0.33806003125 0.37484552656250003 0.40304526249999995
7 0.43839541562499995 0.4686512921875 0.4048524875 0.4691250875 0.378740525 0.4690644046875 0.3796952859375 0.47990386718750006 0.43728786406250003 0.480614553125 0.43966118125 0.4705464640625 0.43839541562499995 0.4686512921875
1 0.6439759656249999 0.28708080156250004 0.647039840625 0.29205045625000003 0.7144450984375 0.29332473124999997 0.7125727203125 0.279435178125 0.616571284375 0.278670615625 0.52022944375 0.2816014421875 0.488228953125 0.280327171875 0.48947531718750004 0.28070944999999997 0.48743275312499995 0.2938344375 0.560625321875 0.2923053140625 0.5635189984375 0.287972796875 0.6439759656249999 0.28708080156250004
7 0.5430382875 0.3005880734375 0.53299559375 0.300460646875 0.5309434375000001 0.30312338437499997 0.5408254796875 0.315879321875 0.669678465625 0.31549704375 0.6686571890625 0.29918637656249997 0.5430382875 0.3005880734375
4 0.48931936093750006 0.374584434375 0.49089691875 0.45967802031250005 0.5356984125 0.458391571875 0.5856551359375 0.45875913281249997 0.5854096578125 0.45113235312500005 0.5995252062499999 0.45149990781250005 0.600875378125 0.3902241859375 0.5987887390625 0.3534216109375 0.6007526484375 0.32457143906249997 0.5747309406250001 0.32585788125000004 0.5711713703125 0.3179554421875 0.5215828734375 0.318690553125 0.5130227234375 0.319530909375 0.5073085203125001 0.326898203125 0.5046630546875 0.32959162656249996 0.49164736875 0.33125520625 0.48931936093750006 0.374584434375
4 0.48993632187499997 0.5645375734375 0.48969105781250005 0.6122603343749999 0.48956842187499994 0.6630138984375 0.4914079046875 0.7160618609375 0.4917758046875 0.7431663828125 0.5696473921874999 0.7424319390624999 0.5705058125 0.7362809734375 0.5998149796875001 0.7361891671875 0.5996923421875 0.6939657234375 0.59895654375 0.6503588671875 0.5993244343749999 0.612110821875 0.5979755046874999 0.5660734328125 0.5979755046874999 0.5241884734375 0.5978224234375 0.482198559375 0.598067678125 0.45903850625000003 0.5643437625 0.45940572656249995 0.5220355734375 0.45913031093749995 0.5033554546875 0.4600965453125 0.50367115 0.4641053390625 0.48920052968750005 0.46520700625 0.4893231578125 0.522502375 0.48993632187499997 0.5645375734375
4 0.711535753125 0.331614715625 0.7140312296875 0.32498273125 0.71315780625 0.318163928125 0.6674907375 0.3178837015625 0.6309321234375 0.3167628046875 0.606195746875 0.3184657375 0.60631356875 0.33178688125 0.6219866578125 0.3327356140625 0.6659069046874999 0.33198835 0.711535753125 0.331614715625
4 0.6769027265625 0.4512511109375 0.6769027265625 0.4450861671875 0.7139513671875 0.444619125 0.7160725125 0.4161813921875 0.7160725125 0.3658606078125 0.7149495499999999 0.33152205156250003 0.662045625 0.3329231734375 0.654808759375 0.33189568281250004 0.6217438046875 0.3334836234375 0.6226172203125 0.337406771875 0.6060358140625 0.33964902812500003 0.6059066515625 0.4348224140625 0.606280965625 0.4510642984375 0.6148903296875 0.45330609062500005 0.6769027265625 0.4512511109375
4 0.4913089765625 0.8311733 0.597858225 0.8320780046875 0.6012823093749999 0.8135314749999999 0.6002752250000001 0.7467993484375001 0.58275199375 0.7457438578125 0.5050730421875 0.7453149296875 0.5041996156249999 0.751477678125 0.491107553125 0.752533178125 0.4907047234375 0.8206183546875 0.4913089765625 0.8311733
7 0.5879923265625 0.836028821875 0.52394195 0.833917825 0.49957056250000004 0.8337670515625 0.499582925 0.8396243968749999 0.502994634375 0.8440204124999999 0.5883951703125 0.8440204124999999 0.5918192421875 0.8388937234375 0.5879923265625 0.836028821875
4 0.5638223734375 0.9109093187499999 0.5728861078125 0.9103061859375 0.5726846859375 0.905631846875 0.5986674125 0.904727134375 0.5998758921875 0.8613010843750001 0.59826456875 0.84622259375 0.5424722390625 0.8460718078125 0.50479373125 0.8464077187499999 0.504605971875 0.852065209375 0.49211815156250005 0.852366778125 0.49312523593749996 0.9089491125 0.5638223734375 0.9109093187499999
7 0.514878215625 0.9299546140625001 0.5740946015625 0.9299546140625001 0.5696634453125 0.9133682703125 0.5241433453125001 0.9117096374999999 0.517337859375 0.9144635546875 0.514878215625 0.9299546140625001
4 0.5303872625 0.9742757843750001 0.5974589046875 0.9756328375000001 0.599473075 0.9460789953125 0.59826456875 0.9331114968750001 0.5358255046875 0.932357571875 0.493919003125 0.9320471453125 0.4937294890625 0.9812118796875 0.524546190625 0.9819658062500001 0.5287759249999999 0.9791008921875 0.5303872625 0.9742757843750001
4 0.442014390625 0.9811424078125001 0.443856621875 0.9759016718750001 0.483833165625 0.9759016718750001 0.48328050312500004 0.96721308125 0.40793299687499995 0.96610976875 0.3965111171875 0.9676268234375 0.39518821718749997 0.9681992781250001 0.3952215625 0.973281303125 0.37993098125 0.9750741859375 0.37993098125 0.9819698890625 0.442014390625 0.9811424078125001
4 0.3959413546875 0.9675964640625001 0.4001784921875 0.96276946875 0.48160539062499996 0.9604249234375001 0.48068426875 0.940427375 0.44862934687499995 0.9398757203124999 0.3865459359375 0.9397378062499999 0.38399843125 0.941365653125 0.3845194765625 0.9459439421875 0.37880854375 0.9466335109375 0.3780716375 0.9688376859375 0.3959413546875 0.9675964640625001
4 0.45220231718750004 0.9387661875 0.4531234390625 0.9324221390625 0.48315191406249997 0.9331117062500001 0.48444146874999994 0.8914616437499999 0.43617484375000004 0.8903583296875001 0.40025121874999997 0.8903583296875001 0.392329609375 0.89256495625 0.393323253125 0.8926618453125 0.394724515625 0.8972540359375 0.3772232578125 0.8986331765625 0.3777759328125 0.9393178515624999 0.45220231718750004 0.9387661875
4 0.3771326265625 0.8871076531250001 0.37786950625000004 0.889038453125 0.40439772500000004 0.89041759375 0.44713763437500004 0.89041759375 0.4487956484375 0.8837977125 0.484903515625 0.8850389406250001 0.48508771875 0.8693167296875 0.43529157031250004 0.869757240625 0.399419440625 0.8690424796875 0.3941521265625 0.8707916656249999 0.3900282765625 0.8769020078124999 0.38615957500000003 0.875109125 0.37971175 0.8749712140625 0.3771326265625 0.8871076531250001
4 0.3783992359375 0.8693176578124999 0.4347307515625 0.8691134375 0.43404877031250005 0.864212203125 0.48641490468750004 0.86359954375 0.48459147187499996 0.8288044390625 0.4142111671875 0.82706858125 0.3874041828125 0.8288052109375 0.38849252500000003 0.833404225 0.3789448078125 0.83544640625 0.3789448078125 0.858800415625 0.3783992359375 0.8693176578124999
4 0.423283375 0.7929641328125 0.3909575453125 0.7941894421875 0.3912303375 0.8004181000000001 0.378272721875 0.8006223171875 0.37745434843750003 0.8278854546875 0.400778053125 0.8275791281249999 0.40167230312499996 0.82122584375 0.4853435359375 0.8219631250000001 0.4857527359375 0.7949042046875 0.4756594109375 0.7926578046875 0.423283375 0.7929641328125
4 0.45066545781249995 0.78734394375 0.484345871875 0.7869107093750001 0.4851174734375 0.738376996875 0.4393999046875 0.73779935 0.4249323125 0.7382325828125 0.3873165890625 0.7376549453125001 0.3824940578125 0.737366121875 0.3797934390625 0.7379437609374999 0.3790860375 0.7390001625 0.37794170781249997 0.7935535812500001 0.4118923171875 0.7939868203125 0.44777193125 0.7929759421875 0.45066545781249995 0.78734394375
7 0.4361205765625 0.7223474515625 0.41451566250000005 0.7217698109375 0.400819671875 0.7240803765625 0.40100089375000003 0.725519828125 0.406028003125 0.7379437609374999 0.45656810312499996 0.7380881703125 0.4592687234375 0.7235027374999999 0.4361205765625 0.7223474515625
4 0.483962846875 0.4979958640625 0.4767066578125 0.4834648515625 0.4150290265625 0.4830574421875 0.3742670140625 0.48317412812500005 0.3754992625 0.49243739062499997 0.453849653125 0.4937859390625 0.4719901390625 0.4981316609375 0.483962846875 0.4979958640625
4 0.48704677187499995 0.5118478484375 0.48305584375 0.503699625 0.4719901390625 0.50315640625 0.4656409765625 0.4974526453125 0.43951868593750004 0.49582300625000003 0.38890674999999997 0.49541559218750003 0.3753013859375 0.4956871984375 0.3756513734375 0.4971838703125 0.3782038640625 0.50478605 0.4464120546875 0.5053292734375 0.45185421562499994 0.5118478484375 0.48704677187499995 0.5118478484375
4 0.460561625 0.5252924296875 0.4814231890625 0.5262430484375 0.48523268125 0.525156621875 0.4826930359375 0.517687409375 0.45076576562500004 0.5166009781249999 0.4485889171875 0.5102182015625 0.3878183125 0.509539184375 0.3758455921875 0.5108972171875 0.3764449125 0.512440359375 0.3774782359375 0.5186380359375 0.4311740609375 0.5185022375 0.433350909375 0.52434179375 0.460561625 0.5252924296875
4 0.4206525734375 0.5379693718749999 0.467636415625 0.5395990125 0.4848698734375 0.538919990625 0.4825116140625 0.5324014046875 0.46473395 0.53117918125 0.462557075 0.5262902390625 0.43480215468749994 0.524660590625 0.39289763906249997 0.5230309453124999 0.375119975 0.5235741593750001 0.37546996250000003 0.5255755046874999 0.3772968375 0.5302285484375 0.3782038515625 0.5314507828125 0.4172058890625 0.532537221875 0.4206525734375 0.5379693718749999
4 0.4253691046875 0.58140388125 0.464371128125 0.581675496875 0.46799923593750004 0.5887372859375 0.4870467234375 0.5879224765625 0.48450707812499993 0.57325565625 0.4872281328125 0.53930470625 0.45911040312500007 0.5388973 0.417024478125 0.5380824718749999 0.38654847812500004 0.53794666875 0.3778410421875 0.5365886296875 0.375674009375 0.5393215859375 0.3778410421875 0.57271244375 0.38818112031249996 0.5742062828125001 0.4208339828125 0.5742062828125001 0.4253691046875 0.58140388125
4 0.4340765390625 0.6012705046875 0.4335323203125 0.5966531749999999 0.48595833437499997 0.595702546875 0.48305582031250005 0.5890481624999999 0.4268203375 0.5871469078125 0.3930790625 0.5852456578125 0.3798364953125 0.5871469078125 0.3817954328125 0.5871274046875 0.38092493125 0.5931222796875 0.3774782359375 0.595702546875 0.3782038515625 0.60181371875 0.4340765390625 0.6012705046875
4 0.3890881484375 0.635979003125 0.389632353125 0.6312258640625 0.4687248765625 0.6304110453125 0.48523269375 0.6304110453125 0.4855954890625 0.6033860890625 0.47271575468749993 0.60053420625 0.42917860937499996 0.601756440625 0.384371615625 0.601756440625 0.3815913859375 0.6027062984375 0.382557575 0.6066453765625 0.3760270015625 0.6084108296874999 0.3763898109375 0.6361148109375 0.3890881484375 0.635979003125
4 0.4848698734375 0.6569846421875 0.48523269375 0.64992284375 0.4739855765625 0.649651246875 0.4698132890625 0.6351202296875 0.4627384859375 0.6348486234374999 0.394893103125 0.6345770171875 0.39180921562500004 0.6417746140625 0.3762084 0.6416388109375 0.3775104359375 0.6442500124999999 0.37838526093749997 0.6510092796875 0.433350909375 0.6508734703125 0.44006289218749994 0.6571204500000001 0.4848698734375 0.6569846421875
4 0.45747776093750003 0.65732613125 0.4164802734375 0.6570545250000001 0.393804665625 0.655424878125 0.3787480703125 0.6570545250000001 0.3770552828125 0.6576394140625 0.3762084 0.6622150703125 0.3772968375 0.6709065125 0.4416955359375 0.6700916890624999 0.48632110624999997 0.6715855296875 0.48432566718750003 0.658684171875 0.45747776093750003 0.65732613125
4 0.45185421562499994 0.7212897218750001 0.4529426265625 0.7140921234375 0.4875836984375 0.7140921234375 0.48632110624999997 0.690462259375 0.48650251562499996 0.6789189343750001 0.4418769453125 0.6774250937499999 0.41521043750000003 0.6772892953125 0.4124025484375 0.68029529375 0.4055959765625 0.68285724375 0.389632353125 0.683400465625 0.38836253125 0.690462259375 0.3782038515625 0.6945363718750001 0.3769340296875 0.7192526671875 0.45185421562499994 0.7212897218750001
4 0.3893792390625 0.6708635125 0.39035799375 0.6763386640625 0.41248935781249996 0.6776967 0.48759095312499995 0.6779683109375 0.4857769 0.6719929437500001 0.40414474375 0.6704991031249999 0.3893792390625 0.6708635125