7 0.32877975312499996 0.162109375 0.3719400296875 0.158203125 0.4861878203125 0.158203125 0.521731578125 0.162109375 0.5725083734374999 0.162109375 0.5890108328125 0.1572265625 0.5890108328125 0.1201171875 0.5826637328125 0.115234375 0.5750472125 0.1171875 0.569969534375 0.11328125 0.5445811359375 0.111328125 0.49380433906250004 0.12109375 0.3414739515625 0.12109375 0.31862439375 0.125 0.3059301953125 0.134765625 0.2970442546875 0.1318359375 0.29069715625 0.12109375 0.2780029578125 0.12109375 0.25007571875 0.111328125 0.23992036093750002 0.111328125 0.2196096421875 0.123046875 0.19422124375 0.12109375 0.17137168593750002 0.125 0.13075025 0.123046875 0.12059489062499999 0.119140625 0.08251229375 0.12109375 0.05712389531249999 0.109375 0.052046215625 0.109375 0.045699115624999995 0.1162109375 0.045699115624999995 0.1435546875 0.0507767953125 0.1513671875 0.07997345312500001 0.1640625 0.1815270453125 0.1640625 0.196760084375 0.16015625 0.22468732187499998 0.16015625 0.2424592 0.16796875 0.2640393390625 0.1689453125 0.27546411718749997 0.16015625 0.2957748359375 0.15625 0.321163234375 0.158203125 0.32877975312499996 0.162109375
7 0.61566865 0.166015625 0.5953579312499999 0.166015625 0.577586053125 0.173828125 0.5420422968749999 0.17578125 0.473493621875 0.17578125 0.43541102499999995 0.166015625 0.41510030625 0.166015625 0.3922507484375 0.177734375 0.217070803125 0.177734375 0.1992989234375 0.173828125 0.0926676515625 0.177734375 0.0596627359375 0.185546875 0.048237956250000005 0.1962890625 0.0431602765625 0.2138671875 0.0431602765625 0.2255859375 0.048237956250000005 0.2314453125 0.0431602765625 0.2373046875 0.045699115624999995 0.2412109375 0.0495073765625 0.244140625 0.074895775 0.24609375 0.272925278125 0.248046875 0.2881583171875 0.244140625 0.34401279218749997 0.24609375 0.3516293109375 0.2421875 0.356706990625 0.24609375 0.46587710312499997 0.244140625 0.47095478281250003 0.248046875 0.48872666093749995 0.25 0.6169380703125 0.2490234375 0.6220157484375 0.2392578125 0.6220157484375 0.1923828125 0.619476909375 0.1689453125 0.61566865 0.166015625
7 0.7857709171875 0.072265625 0.7654601984375 0.072265625 0.7476883187500001 0.064453125 0.73245528125 0.0703125 0.653751246875 0.0703125 0.6499429875 0.0732421875 0.6588289265625 0.0859375 0.674061965625 0.087890625 0.7591130984375 0.0869140625 0.7654601984375 0.083984375 0.78830975625 0.083984375 0.7895791765625 0.0751953125 0.7857709171875 0.072265625
1 0.714683403125 0.34375 0.6689842859375 0.33984375 0.6474041484375 0.3466796875 0.6512124078125 0.35546875 0.6969115234375 0.357421875 0.7197610828125 0.353515625 0.7273776015625 0.357421875 0.7616519390625001 0.3564453125 0.76672961875 0.3525390625 0.76672961875 0.3447265625 0.76038251875 0.341796875 0.714683403125 0.34375
2 0.6481186937500001 0.3359244828125 0.9231823312499999 0.3359244828125 0.9206036093750001 0.1170445546875 0.646399546875 0.1143994796875 0.6481186937500001 0.3359244828125
4 0.925761053125 0.370310453125 0.641242103125 0.369649184375 0.6378038078125 0.4866937390625 0.8269100593750001 0.4860324703125 0.8260504843750001 0.47214582812500006 0.9283397750000001 0.470823290625 0.925761053125 0.370310453125
4 0.924901478125 0.4860324703125 0.66702931875 0.48867754531249996 0.6403825296875 0.5071930671875 0.6438208249999999 0.724089190625 0.8655908828125 0.720121578125 0.864731309375 0.7042511296875 0.924901478125 0.7049123984375 0.924901478125 0.4860324703125
4 0.641242103125 0.74458851875 0.6481186937500001 0.9270986703125 0.9291993484375001 0.9231310593750001 0.9283397750000001 0.720121578125 0.660152728125 0.7260729968749999 0.641242103125 0.74458851875
4 0.3464082671875 0.7426047125 0.342969971875 0.9237923265625 0.6309272171875 0.9244535968750001 0.6266293484375 0.7207828468749999 0.3730550578125 0.722105384375 0.3464082671875 0.7426047125
4 0.625769775 0.5237247843749999 0.3721954828125 0.521740978125 0.34554869374999997 0.54091776875 0.342969971875 0.720121578125 0.342969971875 0.721444115625 0.568178325 0.7194603093749999 0.5673187515625 0.7062349359375 0.6266293484375 0.7049123984375 0.625769775 0.5237247843749999
4 0.3730550578125 0.33989209531250003 0.3421103984375 0.33989209531250003 0.3403912515625 0.523063515625 0.6292080703125 0.521079709375 0.625769775 0.322037840625 0.371335909375 0.322699109375 0.3730550578125 0.33989209531250003
4 0.622331478125 0.24995955625000002 0.33695295625 0.25326589843749997 0.33695295625 0.3180702296875 0.5862293765625 0.32071530312499996 0.589667671875 0.30418358749999996 0.6283484953125 0.30153851249999997 0.622331478125 0.24995955625000002
4 0.06616672968750001 0.25392716875 0.068765909375 0.26963401875000004 0.045557415625 0.26831148125 0.0489957109375 0.922469790625 0.32846569375 0.921808521875 0.32749764375 0.25640864531249996 0.06616672968750001 0.25392716875
6 0.0223284625 0.9145345671875 0.04639653125 0.9105669546874999 0.045536956249999996 0.8794873265625001 0.024907184375 0.8781647890625001 0.0223284625 0.9145345671875
3 0.025766757812500003 0.870229565625 0.043817809375 0.869568296875 0.045536956249999996 0.8497302375 0.030924201562499996 0.8530365796874999 0.025766757812500003 0.870229565625