2 0.274376365625 0.08503872968750001 0.26746802812500003 0.0740236875 0.060216646875 0.077911334375 0.07316985625 0.3921634703125 0.2821482390625 0.3921634703125 0.274376365625 0.08503872968750001
7 0.0838357171875 0.39302322031250003 0.07650955937500001 0.39534886875 0.080742159375 0.4061118171875 0.183584228125 0.408668559375 0.17879403124999999 0.39344605312500003 0.0962338421875 0.394503171875 0.0838357171875 0.39302322031250003
4 0.281185140625 0.52590881875 0.27958839062499996 0.4107460359375 0.2029442859375 0.407870621875 0.19112834218750002 0.413381809375 0.083826728125 0.41457989375000004 0.075204259375 0.425845596875 0.0755236046875 0.5251899703125 0.281185140625 0.52590881875
4 0.380207728125 0.5231579187500001 0.3896512859375 0.5179617078125001 0.3883921390625 0.508514034375 0.49730786250000003 0.505679721875 0.500770471875 0.494106328125 0.4991965453125 0.4086048953125 0.3509326875 0.408368703125 0.30665209375 0.41322718125 0.3078071140625 0.4246659515625 0.2949009 0.42702786875000004 0.2993078984375 0.52268554375 0.380207728125 0.5231579187500001
4 0.30162547812499996 0.40517992343750003 0.34760197187499997 0.40641933906250005 0.44065621874999994 0.403320771875 0.5045276453125 0.4031142109375 0.49784625625 0.25196145312499996 0.49310447343749997 0.0971939921875 0.4901408703125 0.072288884375 0.288970146875 0.0781738515625 0.28631791406249996 0.096754659375 0.29288745625 0.3304848625 0.2978146015625 0.40167123125000004 0.30162547812499996 0.40517992343750003
4 0.739339221875 0.3261942375 0.8196248203125001 0.3265326875 0.8584144953124999 0.33025538125 0.8863791703125001 0.324502090625 0.9368959515625 0.32280994218750003 0.941406378125 0.20029846562500003 0.9368959515625 0.069700234375 0.9188542390625001 0.061916359374999994 0.732052046875 0.066098784375 0.7316714734375 0.2246653921875 0.7285141875 0.2659537796875 0.7316714734375 0.319087196875 0.739339221875 0.3261942375
2 0.7269670515625 0.6917252234375 0.7047463265625 0.688471990625 0.5184800703125 0.6946778984375 0.5258965265625 0.9227046640625 0.5643763234375 0.9271778203125001 0.7350965859375 0.9190447421875 0.7269670515625 0.6917252234375
4 0.7473242453125 0.8864089734375 0.773238503125 0.8920374953125 0.8209752578125 0.8869206546875 0.8087000703125 0.87310513125 0.95191033125 0.8715700125 0.9553201 0.8219363062499999 0.9485005640624999 0.5026967015625 0.75755355 0.5050487625 0.75755355 0.5178409640625 0.742550590625 0.5173292734375 0.746642353125 0.7774194234375 0.7473242453125 0.8864089734375
2 0.9456632062500001 0.35592636093749996 0.8901139140625001 0.355101009375 0.73175058125 0.35769302187499996 0.7322659140625001 0.48179206875 0.74876570625 0.483855440625 0.9533631187499999 0.4822047515625 0.9456632062500001 0.35592636093749996
4 0.7122715671875001 0.3275029953125 0.7164797421875 0.21383395625 0.6933350421875 0.2096239734375 0.519265196875 0.21069500468750002 0.5215029359375001 0.2239334265625 0.5053717375 0.22656465625000002 0.5095798609375 0.3269767765625 0.7122715671875001 0.3275029953125
2 0.5987741625 0.19403568124999998 0.688992984375 0.19456455 0.7178911640625001 0.1947408265625 0.7127223859375 0.0709697125 0.6568055375 0.07044085156249999 0.502421590625 0.07268304375 0.5052149734375 0.19513059375 0.5134892140625 0.19403568124999998 0.5233569234375001 0.19403568124999998 0.5987741625 0.19403568124999998
7 0.590791528125 0.207820921875 0.5967963890625 0.20955384999999999 0.6115776171875 0.2065501 0.6234333921874999 0.2031997734375 0.620969846875 0.19522829531250002 0.6091140703125 0.19453513125 0.5894057859374999 0.1949972375 0.5570718718750001 0.1949972375 0.544446240625 0.19522829531250002 0.5305888609375 0.1947661796875 0.52858724375 0.1908382109375 0.5244300203125001 0.1910692734375 0.5215045734375 0.1951127734375 0.513959990625 0.1948817109375 0.5111885140625 0.195690415625 0.510537753125 0.196054821875 0.5127282234375 0.20539481406250001 0.5362857953125 0.2059724578125 0.5669260203125 0.2077053859375 0.590791528125 0.207820921875
7 0.205440190625 0.7785369484375 0.24783290937500002 0.7779252515625 0.251093903125 0.7715024046875001 0.24987102343749998 0.7620210562499999 0.0851915390625 0.7623269015624999 0.0868220359375 0.7806779078125 0.14388916093749998 0.7773135546875001 0.205440190625 0.7785369484375
4 0.0888601484375 0.923815771875 0.10312693749999999 0.9296269046875001 0.2861494359375 0.9290151890624999 0.294709503125 0.9268742718749999 0.290633278125 0.7791486578125 0.22215270937499998 0.7828188671875 0.1854666796875 0.7828188671875 0.13899773437500001 0.78159545 0.099458328125 0.7846539515625001 0.0986430953125 0.797805509375 0.076631471875 0.8005581578125 0.084783921875 0.810651209375 0.0888601484375 0.923815771875
4 0.307976125 0.8194680328124999 0.3115980734375 0.9234938046875 0.32040045781250004 0.9251243765625 0.5159857062500001 0.9196890859375 0.510042315625 0.7678932046875 0.5072703125 0.551583553125 0.4934103453125 0.5484637015625 0.3354067640625 0.548983678125 0.2972918578125 0.55522339375 0.29855903281249996 0.5926857531249999 0.30218098437499996 0.6887807875 0.307976125 0.8194680328124999
4 0.718930790625 0.4051181546875 0.7184884453125 0.38212274218750003 0.6720521374999999 0.38013173437500003 0.630480578125 0.3807953953125 0.5800640421875001 0.3791362328125 0.5402614921875 0.38112723593750003 0.5190334859375 0.383450059375 0.526109453125 0.39207770937499997 0.5243404453125 0.3970551953125 0.515495434375 0.395396034375 0.510188475 0.4033600046875 0.5137264578125 0.4873135984375 0.5163799546875001 0.59369794375 0.5198418296875 0.68718844375 0.7237954390625 0.6861356062499999 0.72733345625 0.6645664984375 0.7220264625 0.49540324375000006 0.718930790625 0.4051181546875
7 0.8442198734374999 0.48585914218750004 0.8378087328125 0.48425565 0.7911499671875 0.48585914218750004 0.744135034375 0.48826435156250003 0.747696771875 0.5037646609374999 0.8050407515625 0.5000232078125 0.8495624796874999 0.49708349218750003 0.8442198734374999 0.48585914218750004
7 0.6736912484375 0.3771696859375 0.6677831546874999 0.3594376359375 0.58211558125 0.36054588593750003 0.511629175 0.35946208281250003 0.511218278125 0.3808638625 0.5693146875 0.37532259843750004 0.6407043265625 0.3764308625 0.6736912484375 0.3771696859375
2 0.2897091078125 0.7514827921875 0.2884119046875 0.62916924375 0.2875471234375 0.5581170734375 0.16656605156249998 0.5590903875000001 0.077059821875 0.55973926875 0.0808613078125 0.7511583828124999 0.10421074374999999 0.753429396875 0.232632665625 0.7511583828124999 0.2897091078125 0.7514827921875
6 0.0627529734375 0.91722160625 0.06797568281250001 0.9204685578125 0.0836438125 0.9194608859375 0.0840914890625 0.9129669671875 0.0831961578125 0.8902382921875001 0.0814055078125 0.885311871875 0.079017984375 0.8848640187499999 0.07782421875 0.877362434375 0.079017984375 0.8764667218750001 0.070182559375 0.8759968546874999 0.0712585359375 0.883296521875 0.0666327046875 0.8844161609375 0.06424517656249999 0.8956125531250001 0.0627529734375 0.91722160625
3 0.0697037765625 0.8751943078125001 0.07264162187499999 0.8757030015625 0.0772367140625 0.875872565625 0.0811538515625 0.8753638718750001 0.081530490625 0.8697117046875 0.07942126875 0.8676204000000001 0.0782913296875 0.8669986656249999 0.08085253125 0.86586823125 0.0811538515625 0.8623073640625 0.0811538515625 0.8595378015625 0.0770860609375 0.8589160640625 0.0722649703125 0.8594812796875001 0.06722058125 0.8610391187499999 0.0652593390625 0.8674508359375 0.06714257343749999 0.874459525 0.06766988125 0.8763247406250001 0.0697037765625 0.8751943078125001