4 0.73775773125 0.2060546875 0.740757390625 0.058550954687500004 0.737997090625 0.040741134375 0.6983486765625 0.041124134374999996 0.6878053859375 0.048828125 0.67400765 0.0399751078125 0.580215715625 0.04296875 0.5410098140625 0.043039171875 0.5327288859375 0.045720221875 0.5322269421875 0.227187078125 0.5866807453125 0.22603806093749998 0.584058203125 0.2177734375 0.598147328125 0.212890625 0.7287919265625 0.212890625 0.73775773125 0.2060546875
4 0.7393664875 0.2288364046875 0.7236686078125001 0.2265625 0.6820007218749999 0.2242761421875 0.662188796875 0.22265625 0.63913386875 0.2265625 0.585339034375 0.22265625 0.5867004296875 0.223387075 0.5866726546875001 0.22338236406249998 0.5898180359375 0.2251826640625 0.54819498125 0.2275390625 0.5430716624999999 0.2333984375 0.5430716624999999 0.2431640625 0.5304990828125 0.243514209375 0.5300847906249999 0.279230678125 0.52801394375 0.3633065796875 0.5284281046875 0.382903265625 0.52801394375 0.39523018125 0.5305191875 0.4419913140625 0.5494758109375 0.439453125 0.645538015625 0.4384765625 0.7256226109374999 0.4385711234375 0.7360799124999999 0.43492292812500005 0.7357810453125 0.3781476265625 0.73775773125 0.3642578125 0.7393664875 0.2288364046875
4 0.093291603125 0.2740638703125 0.0903433625 0.28334385 0.091448940625 0.29909169375 0.22733461406250002 0.29828294375 0.2249121578125 0.2902726625 0.303238028125 0.29150509375 0.30000785625000004 0.269322996875 0.30243031249999996 0.21263537187499998 0.29839294375000003 0.10542198437500001 0.30808267968749997 0.0401080609375 0.08118085625 0.0403401625 0.0903433625 0.0561941234375 0.093291603125 0.17760835 0.093291603125 0.2740638703125
4 0.0940286078125 0.318988565625 0.094765653125 0.42613012812499995 0.09734532031250001 0.445252525 0.3022446890625 0.44497132187500005 0.298927878125 0.39885265 0.299665021875 0.3608890890625 0.3011391109375 0.3187073640625 0.3029816359375 0.31027100625 0.2930315984375 0.30099102499999997 0.25507353906249997 0.29958498125 0.2395955375 0.29621042656249996 0.2281712921875 0.298741328125 0.094467990625 0.30026345625 0.10655840937500001 0.307177684375 0.1036102703125 0.3167388828125 0.0940286078125 0.318988565625
4 0.317645690625 0.4052734375 0.3227690078125 0.4072265625 0.312522371875 0.4150390625 0.312522371875 0.4326171875 0.32148817812499997 0.4375 0.494400146875 0.4365234375 0.5123317578125001 0.4345703125 0.5110509296875 0.392578125 0.31508403125 0.3935546875 0.317645690625 0.4052734375
4 0.34573039687499996 0.379167846875 0.38331994375 0.3800114859375 0.42459461562499995 0.382823559375 0.4739768015625 0.3819799671875 0.47729353281250003 0.3749496390625 0.5196736640624999 0.3836671984375 0.521516384375 0.3777617578125 0.523358946875 0.348234553125 0.5174625093749999 0.334736409375 0.330989459375 0.331924290625 0.3325273375 0.3445335203125 0.314037446875 0.3493593953125 0.31477439218750003 0.3800114859375 0.34573039687499996 0.379167846875
4 0.3114577796875 0.3213074125 0.313300303125 0.33227465624999997 0.32325045937499997 0.3328370625 0.38663655625 0.33311829375 0.40543136874999997 0.330025003125 0.401746125 0.31708924843749997 0.52262184375 0.3156832046875 0.52188481875 0.202119865625 0.51893671875 0.0423917109375 0.306721446875 0.040053865625000004 0.3077724578125 0.0407044484375 0.3114577796875 0.18857557656249999 0.3114577796875 0.3213074125
4 0.7762543953125001 0.2087580515625 0.7960751453125 0.20557384843749998 0.8174605312500001 0.20835998125000002 0.847713378125 0.2035837515625 0.849818746875 0.199042596875 0.95924971875 0.1957289375 0.9609866671875 0.1201775984375 0.9549071671875 0.037998940625 0.7525467703125 0.037998940625 0.7517391250000001 0.10169093124999999 0.7501743203125 0.2071659828125 0.7762543953125001 0.2087580515625
4 0.7475664640625 0.22189267968749998 0.7486096843750001 0.272043065625 0.754347259375 0.3082627890625 0.776775978125 0.3010984546875 0.8033775234375 0.3034865578125 0.8007693890625 0.2887598609375 0.95724894375 0.2883618109375 0.9588136921875 0.206369884375 0.7546314265625 0.20776802968750002 0.76686563125 0.2155243796875 0.7689520171875001 0.2250767765625 0.7475664640625 0.22189267968749998
4 0.7556771796875 0.321990065625 0.746698796875 0.32795719375 0.7597319312499999 0.3370184609375 0.7852189375 0.3370184609375 0.7934670109375 0.3345320015625 0.7971182 0.3229894859375 0.8231981062499999 0.3217954015625 0.95568441875 0.3213973953125 0.9588136921875 0.3034865578125 0.7546314265625 0.3038445828125 0.7652347328125 0.31292883437499996 0.7637866828125001 0.3208850109375 0.7556771796875 0.321990065625
4 0.74702326875 0.3570937578125 0.7461543890625 0.3652709703125 0.7600564015625 0.3707961 0.7887292796875001 0.3705751015625 0.80205203125 0.37013310312500003 0.8121889093749999 0.367259996875 0.8472335609374999 0.3694700828125 0.849550553125 0.3661549671875 0.8999453328125 0.36858606250000003 0.9074756640625001 0.3643869515625 0.912978559375 0.354220653125 0.95294671875 0.3562097375 0.9532363343749999 0.3345511359375 0.7582198499999999 0.336102809375 0.76237339375 0.34405438906249997 0.763242275 0.352894646875 0.74702326875 0.3570937578125
4 0.7568705921875 0.40195793281250003 0.745864771875 0.40372594843750004 0.7481817640624999 0.41322923749999996 0.760635728125 0.42361649999999995 0.7858330234375 0.42295345468749995 0.7922048609375001 0.41588129687500003 0.7884396625 0.401736909375 0.8649007734374999 0.40350497343749997 0.9181917140625 0.401736909375 0.9494713234375001 0.40438896875 0.95584300625 0.3966537671875 0.9523675468749999 0.38692953750000003 0.9575808265625 0.3705751015625 0.8686658156249999 0.36748103125 0.8153748734375 0.36858606250000003 0.75872555625 0.3708949171875 0.76671785625 0.38383545625000004 0.7478921484375001 0.393338709375 0.7568705921875 0.40195793281250003
6 0.8061067828124999 0.4384238609375 0.841730759375 0.43444575937499996 0.86403189375 0.4333407875 0.885464146875 0.43687682031249997 0.8924151546875001 0.43621379843749997 0.9080548343749999 0.4333407875 0.9193502406249999 0.4331197171875 0.94309945625 0.4304676578125 0.9506297265624999 0.42671058124999994 0.9462854203125 0.419859375 0.9352796937500001 0.4134502125 0.9054482890625 0.4154392515625 0.8935736500000001 0.421185415625 0.84144105 0.419859375 0.8275391296875 0.42074339375 0.8185607453125 0.4154392515625 0.803789790625 0.41588129687500003 0.7939425265625 0.4216274140625 0.789887775 0.4340037375 0.8061067828124999 0.4384238609375
0 0.101781559375 0.8517996562500001 0.1254984109375 0.88964034375 0.9157001890625001 0.88964034375 0.9415727625000001 0.8830593765625 0.9598994171875 0.8583804468749999 0.962055771875 0.46105305625000004 0.9588214125000001 0.4602305453125 0.0781856515625 0.4610702984375 0.133044675 0.46516618281250005 0.09962543593749999 0.488199653125 0.101781559375 0.8517996562500001
6 0.07610225625 0.8636206124999999 0.072396875 0.8683331375 0.0696178140625 0.8739881328125 0.075175903125 0.8787005953125 0.0686914609375 0.8836487140625 0.075175903125 0.8914243546874999 0.09462922968750001 0.8860049890624999 0.092776571875 0.87563750625 0.0943204890625 0.862913771875 0.0894246171875 0.8500300062499999 0.08443938906250001 0.8501900125 0.07641103125000001 0.85396000625 0.07610225625 0.8636206124999999
3 0.0730144234375 0.8459487984375 0.0832042625 0.8471268859375 0.0921590078125 0.843592521875 0.096173146875 0.828276928125 0.07374828125 0.8261253046875 0.0776461734375 0.8372306500000001 0.0733232125 0.8402937765624999 0.0730144234375 0.8459487984375