6 0.16279468749999998 0.39803907656250004 0.2261982203125 0.3969963921875 0.22482735312500002 0.3714507359375 0.1682782578125 0.3693653828125 0.037362870312500004 0.37043370000000003 0.03050408125 0.37874949375 0.0301613640625 0.3943896921875 0.16279468749999998 0.39803907656250004
4 0.024197734375 0.5612792640625 0.0270558625 0.61068393125 0.1699623734375 0.6090535421875 0.16531790156249998 0.592206146875 0.394325584375 0.5949234703124999 0.4504163734375 0.593293059375 0.4507736609375 0.458785578125 0.45148818281249997 0.40638386249999997 0.372889609375 0.40665559531250006 0.0709996078125 0.40828599062500004 0.0720010921875 0.4089251171875 0.070642346875 0.424869628125 0.0338439265625 0.4216088421875 0.0266986015625 0.42215230468750004 0.024197734375 0.5612792640625
4 0.058763425 0.7461528453125 0.18388772656250002 0.7452216515625001 0.32806436875 0.7461528453125 0.34422525 0.7433592640625 0.34691874375 0.730136315625 0.4479405234375 0.727156484375 0.4486750796875 0.6548958578125 0.4501442640625 0.612230796875 0.3602800390625 0.61297575625 0.24935773593750002 0.6114858437499999 0.1698288171875 0.6126032765625 0.08613988125000001 0.612230796875 0.06887449375 0.6162425390624999 0.068856015625 0.6288413984375001 0.025984067187499998 0.628569659375 0.0277703984375 0.7437841765625001 0.058763425 0.7461528453125
4 0.0280828625 0.7783852203125 0.086714203125 0.7780439375 0.0937439765625 0.7788402640625 0.096436234375 0.7806604375 0.10226944687499999 0.7780439375 0.155815425 0.7781576968749999 0.29227781249999996 0.7773613703125 0.291978678125 0.7618898890625 0.323388321875 0.7622311703125 0.44873688281249996 0.762460803125 0.450311815625 0.7447925671875 0.35306199375 0.743295259375 0.334950665625 0.7474877203125 0.24523951562500002 0.7458666140625 0.1743772 0.7463047421875 0.0954469265625 0.7467108265625 0.0697858609375 0.749156525 0.07004306875 0.76405135 0.062863721875 0.76200365 0.0268863046875 0.765643996875 0.0280828625 0.7783852203125
4 0.5515426875 0.228113853125 0.48521456875 0.22580103437500001 0.46622710156249997 0.229103265625 0.4669695921875 0.241846209375 0.527596140625 0.2422798609375 0.5513526234375 0.241123453125 0.5515426875 0.228113853125
4 0.4635109984375 0.47008733124999996 0.46109788125 0.6152483281250001 0.46658386875 0.619201296875 0.637226821875 0.6181032515625 0.6380929937500001 0.60360906875 0.887012165625 0.6051463171875 0.8855684875 0.4207723234375 0.8867463484375 0.24505183125 0.619392090625 0.241048 0.50685743125 0.24664036875 0.508263603125 0.2609269578125 0.46550193437500004 0.2609269578125 0.4628803171875 0.38958162500000004 0.4635109984375 0.47008733124999996
4 0.46372866406249996 0.7928083546875 0.5069634703125 0.79449470625 0.61516136875 0.7934828921875 0.6136093218750001 0.77881163125 0.8822576281250001 0.7781370875 0.8861690953125001 0.6300474625 0.8428150203125 0.62700365625 0.6600609078125 0.6256029984375 0.5156524109375 0.625095696875 0.5041464640625 0.6274522250000001 0.5031176828125 0.64236670625 0.46106375625 0.644143690625 0.46073000156250005 0.7771780406250001 0.46372866406249996 0.7928083546875
4 0.4647285109375 0.9103780796875001 0.4660890015625 0.9118563249999999 0.8009749812500001 0.9129457953125 0.8816785812499999 0.9121539171874999 0.8840211468750001 0.8140212828125 0.8827197140624999 0.7952964875 0.8449781265625 0.7937127140625 0.747370165625 0.795098509375 0.63368044375 0.7943066328125 0.5199259671875 0.7948946765625 0.504971321875 0.79746355 0.5039883625 0.81362300625 0.46123010937500003 0.81303170625 0.458120421875 0.904465096875 0.4647285109375 0.9103780796875001
4 0.150412953125 0.8118392359375 0.239396265625 0.8107915640625001 0.2399472390625 0.79507648125 0.4116710515625 0.796333684375 0.4477602390625 0.7938192703125 0.4477602390625 0.7804090703125001 0.314422990625 0.7778946546875 0.25508874375 0.7793401984375 0.10598471406250001 0.7787429234375 0.09645548125 0.7808637296875001 0.0900321828125 0.778881215625 0.0682640171875 0.7820743140624999 0.06805235468750001 0.79549554375 0.0264423640625 0.7984290296875 0.0286462828125 0.811629696875 0.150412953125 0.8118392359375
4 0.027525935937500003 0.8467532078125 0.0390828171875 0.8471001687499999 0.060371799999999996 0.8449026703125 0.12591144375000002 0.8450183359375 0.1797566796875 0.8455966265624999 0.1935945171875 0.8457122734375 0.20819268750000003 0.8472158328124999 0.24970619843750003 0.8437460890624999 0.32514318750000004 0.8447870046875 0.3831645359375 0.8437460890624999 0.3849893015625 0.8292888171874999 0.44625649218749996 0.828755740625 0.45117649843749996 0.8233236484375 0.44879584218749996 0.8122180406249999 0.42879835625 0.8114937687499999 0.31257043281249997 0.8148737296874999 0.296223275 0.8151151625 0.251943103125 0.812097334375 0.23940497187499998 0.8134251718750001 0.1102765375 0.81282160625 0.1007539171875 0.813304465625 0.069618928125 0.8163310609375 0.0696477 0.830676715625 0.0527685921875 0.8283635531250001 0.028286256250000003 0.833105534375 0.027525935937500003 0.8467532078125
4 0.028756939062499997 0.8786064 0.101597953125 0.8789918078125 0.12110669062499999 0.8775465375 0.1969724203125 0.8781814375 0.2967399359375 0.8776033312499999 0.3686118234375 0.8776033312499999 0.36880164843749996 0.8611401015625001 0.44743298593749997 0.8609498437499999 0.4481834171875 0.8489632 0.4049067703125 0.8466800265625001 0.2650706453125 0.8466800265625001 0.25940076875 0.8453719703125 0.2328172484375 0.8469766156249999 0.15554319375 0.8491394 0.151598890625 0.8464184765624999 0.1348126609375 0.845860340625 0.09506536875 0.8464184765624999 0.0720929078125 0.8494973124999999 0.0715747859375 0.8645391140625 0.055739782812500006 0.861552221875 0.027743499999999997 0.8658880312499999 0.028756939062499997 0.8786064
4 0.1059841890625 0.9126567859374999 0.2388188 0.9126567859374999 0.36416350625 0.9133188921875 0.44442249218749996 0.9119495656250001 0.4479562828125 0.87969624375 0.38847040625 0.87835235625 0.30522940468750004 0.881637415625 0.2580616515625 0.87842915625 0.2053869984375 0.880246103125 0.13639127812500002 0.87911543125 0.10316448593750001 0.8800306296875 0.07187435625000001 0.8825949984375001 0.070773615625 0.895362378125 0.0274744765625 0.89840103125 0.0270158375 0.9110288765625001 0.1059841890625 0.9126567859374999
7 0.042008384375 0.235081428125 0.026588548437499998 0.2585376921875 0.040822246875 0.31296825625 0.07522033125000001 0.342739653125 0.2472107296875 0.3361237921875 0.26895664375 0.356873571875 0.3167976484375 0.363188715625 0.3266821546875 0.3511598609375 0.327868278125 0.330109365625 0.407339703125 0.3331165796875 0.4136658125 0.29853364375 0.4199919203125 0.22816482656249998 0.47811280624999997 0.2215489671875 0.763227890625 0.226360515625 0.8866295765625001 0.21824102500000003 0.8901879765625 0.1190263546875 0.7679933765625 0.1011162578125 0.7402984484374999 0.100580715625 0.686646734375 0.12771983125 0.3693023640625 0.1309418265625 0.3204100359375 0.136231459375 0.31139345 0.200788615625 0.2939967421875 0.2236434234375 0.2803378578125 0.2326650640625 0.042008384375 0.235081428125
7 0.5301684640625 0.0900820703125 0.5355603078125 0.0912098359375 0.544052465625 0.0914148890625 0.5771284765625 0.0905638546875 0.703922290625 0.0918197328125 0.731075378125 0.0918197328125 0.7430007171875 0.0923779015625 0.7916194265625001 0.09195927968749999 0.805647821875 0.091351765625 0.807785846875 0.070211940625 0.8027971375 0.062081240625 0.7030235828125 0.0604550984375 0.69732224375 0.06777273125 0.6780801953125 0.06695966249999999 0.4696372453125 0.0658295109375 0.4659071640625 0.071532003125 0.46755998125 0.08866026406250001 0.5301684640625 0.0900820703125
7 0.1013668265625 0.181714121875 0.1468213296875 0.1903071953125 0.1638996140625 0.187909134375 0.1660015640625 0.203496571875 0.1625858984375 0.21468755 0.1828171078125 0.22607837968750003 0.2067267 0.228476440625 0.27530256875000003 0.22767708125000002 0.2878594609375 0.22574673281250002 0.2918747453125 0.22229441875 0.302523959375 0.20768847343750002 0.30601550624999996 0.158188465625 0.3102053765625 0.14703482968749998 0.303760946875 0.10440939375 0.2076535859375 0.10161329375000001 0.17416170312499998 0.10552686874999999 0.178684403125 0.14477585625 0.09821392031250001 0.149140375 0.09453551875 0.1565344171875 0.1013668265625 0.181714121875