2 0.3366381875 0.060769278125000006 0.3409725859375 0.343997515625 0.6169292109375 0.34074201875 0.609705215625 0.05751378124999999 0.3366381875 0.060769278125000006
2 0.35975497343749996 0.9614567796875001 0.6284876046875 0.9592864484374999 0.622708409375 0.7726379546875 0.3510861796875 0.7791489484375 0.35975497343749996 0.9614567796875001
2 0.651604390625 0.9614567796875001 0.92467141875 0.9592864484374999 0.917447421875 0.7715527890625 0.6429355953125 0.7769786171875 0.651604390625 0.9614567796875001
2 0.06361370625 0.967087303125 0.3316158921875 0.9648752999999999 0.3269037640625 0.7786247265624999 0.05713453281250001 0.7817215296875 0.06361370625 0.967087303125
6 0.0282727578125 0.9290408671874999 0.0265057109375 0.9622208984375 0.0477102796875 0.9622208984375 0.0488883109375 0.9290408671874999 0.0282727578125 0.9290408671874999
3 0.027094726562499998 0.9219624609375 0.0459432328125 0.9206352593749999 0.0471212625 0.9020544421875 0.035340948437500005 0.9024968421875 0.027094726562499998 0.9219624609375
6 0.2587405734375 0.69140625 0.23793731093749998 0.6875 0.23143629062499999 0.6923828125 0.23143629062499999 0.6982421875 0.24053771875000002 0.703125 0.2704424078125 0.7041015625 0.32115035937499997 0.703125 0.325050971875 0.6923828125 0.32115035937499997 0.689453125 0.2587405734375 0.69140625
1 0.5317833875 0.7578125 0.516180940625 0.76171875 0.47197400937499995 0.76171875 0.4537711546875 0.7578125 0.4407691171875 0.763671875 0.4355683 0.759765625 0.35365545625 0.7626953125 0.35365545625 0.7705078125 0.365357290625 0.775390625 0.4368685046875 0.7744140625 0.6123960281249999 0.7734375 0.6136962328125 0.7626953125 0.5863919515625 0.7578125 0.5317833875 0.7578125
1 0.08191284374999999 0.76171875 0.056859015624999995 0.7639683749999999 0.05492709999999999 0.7792042109375 0.1404220203125 0.7744140625 0.13912181562499998 0.763671875 0.08191284374999999 0.76171875
1 0.8984408828125 0.76953125 0.9023414937500001 0.7626953125 0.8984408828125 0.7578125 0.8542339515625 0.755859375 0.654002553125 0.759765625 0.6527023484375001 0.7705078125 0.65920336875 0.7734375 0.8906396593749999 0.771484375 0.8984408828125 0.76953125
4 0.6452602140625 0.746555990625 0.7970249796875 0.748046875 0.8828384359375001 0.74609375 0.9244221921875001 0.7443794421875001 0.9153435328124999 0.6298828125 0.917660484375 0.5992762375 0.7216131546875 0.6015625 0.6394644625 0.6021783015625 0.6397003109375 0.6103515625 0.6423007187499999 0.7158203125 0.640430421875 0.7385753140625 0.6452602140625 0.746555990625
6 0.8819200234375 0.583314884375 0.869836396875 0.572265625 0.78922375625 0.57421875 0.7853231453125 0.5771484375 0.78922375625 0.58984375 0.8220306015625001 0.588393496875 0.8819200234375 0.583314884375
7 0.3023449796875 0.1661431703125 0.3023449796875 0.1276908203125 0.059889421875 0.13494598124999999 0.056025587499999994 0.16831971875 0.05795750468750001 0.1944382953125 0.1816001796875 0.1958893265625 0.1844980546875 0.1610645578125 0.3023449796875 0.1661431703125
4 0.1352341765625 0.410642071875 0.13909801093750002 0.396857265625 0.31876627343749997 0.395406234375 0.325050971875 0.3369140625 0.3224505640625 0.2373046875 0.310748728125 0.205078125 0.11311773750000001 0.203125 0.0949148828125 0.205078125 0.06501019375 0.2236328125 0.0624097859375 0.3837890625 0.06501019375 0.4072265625 0.0715112140625 0.412109375 0.1352341765625 0.410642071875
4 0.08403838125 0.41499516718749996 0.090800090625 0.425152390625 0.059889421875 0.4295054875 0.0666511296875 0.5963741734375 0.3303577734375 0.59274659375 0.320698190625 0.4099165546875 0.0985277578125 0.41281861875 0.08403838125 0.41499516718749996
4 0.3284258578125 0.6058058828124999 0.08403838125 0.6072569140625 0.07824263125 0.621767234375 0.05216175468749999 0.6261203296875 0.054093670312499995 0.689965740625 0.09273200625 0.6885147078125 0.093697965625 0.6747299046874999 0.3303577734375 0.6703768078125 0.3284258578125 0.6058058828124999
4 0.08114050625 0.7538111515625 0.33518756562499996 0.7516346031250001 0.3303577734375 0.7363987671875 0.0850043390625 0.73567325 0.08114050625 0.7538111515625
4 0.3506429 0.7516346031250001 0.63193655625 0.748007021875 0.6213110140625 0.6029038171875001 0.341183078125 0.6058058828124999 0.3506429 0.7516346031250001
4 0.3769235375 0.537607375 0.3537405359375 0.53615634375 0.352774578125 0.59274659375 0.6135833468749999 0.5905700453125 0.6126173875 0.521646021875 0.3798214140625 0.5245480875 0.3769235375 0.537607375
4 0.6068216390625001 0.34316908125 0.34504690937500004 0.3460711453125 0.3508426609375 0.521646021875 0.5305109234375001 0.5223715390625 0.5314768828124999 0.508586734375 0.6097195125 0.507135703125 0.6068216390625001 0.34316908125
4 0.8850214453125 0.131953909375 0.62355658125 0.131953909375 0.6309798734375 0.4441828765625 0.8437809312500001 0.43922686093749996 0.8413065 0.42559782031250004 0.8932695484375 0.4237393140625 0.8850214453125 0.131953909375
4 0.8858462546875 0.44170486875000003 0.66149785625 0.4441828765625 0.664797096875 0.46152893125 0.631804684375 0.460909428125 0.634279115625 0.573658778125 0.802540415625 0.57056126875 0.8017156046875 0.5563127234375 0.8891454968750001 0.5519762109374999 0.8858462546875 0.44170486875000003
7 0.0498693640625 0.7308098921874999 0.14462115625 0.72956135625 0.14628346718750002 0.7137465625 0.0504234671875 0.7108333124999999 0.0498693640625 0.7308098921874999
7 0.1784215015625 0.7316422499999999 0.313622890625 0.72956135625 0.3114064734375 0.7124980265625 0.1762050859375 0.7108333124999999 0.1784215015625 0.7316422499999999