6 0.08483390625000001 0.8499344984375 0.058602520312499996 0.8499344984375 0.058602520312499996 0.8901004359375 0.08483390625000001 0.8901004359375 0.08483390625000001 0.8499344984375
3 0.084599084375 0.8250480343750001 0.065458190625 0.8250480343750001 0.065458190625 0.8451877734375 0.084599084375 0.8451877734375 0.084599084375 0.8250480343750001
7 0.51820733125 0.7770305671875 0.40115120312499997 0.7770305671875 0.40115120312499997 0.8130305671875 0.51820733125 0.8130305671875 0.51820733125 0.7770305671875
7 0.3695131734375 0.0370305671875 0.100383734375 0.0370305671875 0.100383734375 0.10094323125 0.3695131734375 0.10094323125 0.3695131734375 0.0370305671875
2 0.9505996640625 0.39207020625 0.922448615625 0.3827165015625 0.8957411687500001 0.37501345625 0.8639808109375 0.3623584296875 0.8538753031249999 0.34310081718749996 0.8185060234374999 0.3568563640625 0.786746053125 0.3508038625 0.757872971875 0.325493865625 0.7333312328125 0.308987375 0.736218509375 0.282576978125 0.7448801859375 0.2495639375 0.7571511734375 0.21985218906249998 0.7333312328125 0.209398053125 0.7600384499999999 0.1851884875 0.750654740625 0.1653805875 0.7441585421875 0.15767754218750002 0.7347746796875 0.1483238359375 0.729000278125 0.13456840781249998 0.721060246875 0.1186120875 0.7145636625 0.10045499531249999 0.705179953125 0.082297784375 0.6791943828125 0.05258600625 0.5875231609375 0.020123196875 0.5456572953125 0.033878595312499996 0.40118910156250004 0.024501629687500002 0.3832474375 0.55189993125 0.9441030796875 0.5711575437499999 0.9505996640625 0.39207020625
2 0.9895704468750001 0.0013799125 0.7765234828125 0.0013799125 0.7765234828125 0.33814847187499997 0.9895704468750001 0.33814847187499997 0.9895704468750001 0.0013799125
1 0.96817869375 0.5698820953125 0.6354639171875001 0.5698820953125 0.6354639171875001 0.5913930125 0.96817869375 0.5913930125 0.96817869375 0.5698820953125
6 0.9602119124999999 0.733554584375 0.8645761734375 0.733554584375 0.8645761734375 0.7530655015625001 0.9602119124999999 0.7530655015625001 0.9602119124999999 0.733554584375
4 0.957852234375 0.780768559375 0.6798339062500001 0.780768559375 0.6798339062500001 0.9047161578124999 0.957852234375 0.9047161578124999 0.957852234375 0.780768559375
4 0.6628121421875 0.8213624453125 0.37904352812500003 0.8213624453125 0.37904352812500003 0.9058864625 0.6628121421875 0.9058864625 0.6628121421875 0.8213624453125
4 0.666421021875 0.5904924890625 0.6348833328125 0.5891444859375 0.636062303125 0.58195494375 0.3887835546875 0.5828659093749999 0.374919115625 0.7630951687499999 0.665536784375 0.7660159140625 0.666421021875 0.5904924890625
4 0.9616895765625 0.5911310046875 0.675698740625 0.5911310046875 0.675698740625 0.6871572046875001 0.9616895765625 0.6871572046875001 0.9616895765625 0.5911310046875
4 0.959329896875 0.6843711796874999 0.6757216500000001 0.6843711796874999 0.6757216500000001 0.7343362453125 0.959329896875 0.7343362453125 0.959329896875 0.6843711796874999
4 0.3877376859375 0.10275545781249999 0.09226231406249999 0.10275545781249999 0.09226231406249999 0.2461004359375 0.3877376859375 0.2461004359375 0.3877376859375 0.10275545781249999
4 0.3830240546875 0.24593013125000002 0.094158075 0.24593013125000002 0.094158075 0.31356331875 0.3830240546875 0.31356331875 0.3830240546875 0.24593013125000002
4 0.3783161515625 0.3122008734375 0.0897250859375 0.3122008734375 0.0897250859375 0.43623580781250004 0.3783161515625 0.43623580781250004 0.3783161515625 0.3122008734375
4 0.3750572734375 0.436991265625 0.09163230312500001 0.436991265625 0.09163230312500001 0.5498558953125 0.3750572734375 0.5498558953125 0.3750572734375 0.436991265625
4 0.3688888890625 0.548724890625 0.0922565859375 0.548724890625 0.0922565859375 0.8944890828125001 0.3688888890625 0.8944890828125001 0.3688888890625 0.548724890625