6 0.95699855625 0.87203141875 0.9373160171875 0.87203141875 0.9373160171875 0.9076868906250001 0.95699855625 0.9076868906250001 0.95699855625 0.87203141875
3 0.9563347765625 0.848580715625 0.9396536796875001 0.848580715625 0.9396536796875001 0.87018418125 0.9563347765625 0.87018418125 0.9563347765625 0.848580715625
0 0.494414915625 0.9028438218750001 0.9335212703125 0.9085975625 0.9428288390624999 0.0618887296875 0.502080109375 0.056545979687500005 0.494414915625 0.9028438218750001
0 0.0621921640625 0.530804953125 0.051906229687500006 0.910051790625 0.4927674984375 0.9090430125 0.498143834375 0.525654734375 0.0621921640625 0.530804953125
4 0.286269840625 0.04711809375 0.069199134375 0.04711809375 0.069199134375 0.15665222031249998 0.286269840625 0.15665222031249998 0.286269840625 0.04711809375
4 0.5003535359375 0.048732393750000005 0.2968759015625 0.048732393750000005 0.2968759015625 0.15757313125 0.5003535359375 0.15757313125 0.5003535359375 0.048732393750000005
7 0.2022294375 0.1616143015625 0.07026695468750001 0.1616143015625 0.07026695468750001 0.1852546046875 0.2022294375 0.1852546046875 0.2022294375 0.1616143015625
5 0.497294371875 0.1858125671875 0.049862915625 0.1858125671875 0.049862915625 0.40812025937499996 0.497294371875 0.40812025937499996 0.497294371875 0.1858125671875
6 0.21045454531250002 0.4054821234375 0.0726046171875 0.4054821234375 0.0726046171875 0.4271722640625 0.21045454531250002 0.4271722640625 0.21045454531250002 0.4054821234375
6 0.1708513703125 0.385568796875 0.0720923515625 0.385568796875 0.0720923515625 0.40247020625 0.1708513703125 0.40247020625 0.1708513703125 0.385568796875
6 0.2483044734375 0.3890195015625 0.20667388125000002 0.3890195015625 0.20667388125000002 0.40203141875000004 0.2483044734375 0.40203141875000004 0.2483044734375 0.3890195015625
6 0.3071212125 0.3897778984375 0.282113996875 0.3897778984375 0.282113996875 0.40203141875000004 0.3071212125 0.40203141875000004 0.3071212125 0.3897778984375
6 0.3516666671875 0.3920801734375 0.33257575781250004 0.3920801734375 0.33257575781250004 0.40072589374999995 0.3516666671875 0.40072589374999995 0.3516666671875 0.3920801734375
6 0.377005771875 0.39246478906250004 0.3631673875 0.39246478906250004 0.3631673875 0.40356988125 0.377005771875 0.40356988125 0.377005771875 0.39246478906250004
6 0.4183405484375 0.3905471296875 0.3983405484375 0.3905471296875 0.3983405484375 0.40290899218750004 0.4183405484375 0.40290899218750004 0.4183405484375 0.3905471296875
6 0.467258296875 0.3943716140625 0.452886003125 0.3943716140625 0.452886003125 0.4022481046875 0.467258296875 0.4022481046875 0.467258296875 0.3943716140625
6 0.4719119765625 0.37371072656250004 0.45134920625 0.37371072656250004 0.45134920625 0.38782773593750003 0.4719119765625 0.38782773593750003 0.4719119765625 0.37371072656250004
6 0.41397546875 0.3729469125 0.402417028125 0.3729469125 0.402417028125 0.3852112671875 0.41397546875 0.3852112671875 0.41397546875 0.3729469125
6 0.37612554062500003 0.3752437703125 0.3636724390625 0.3752437703125 0.3636724390625 0.3854279515625 0.37612554062500003 0.3854279515625 0.37612554062500003 0.3752437703125
6 0.3490404046875 0.3740899234375 0.3341053390625 0.3740899234375 0.3341053390625 0.3838949078125 0.3490404046875 0.3838949078125 0.3490404046875 0.3740899234375
6 0.3047979796875 0.37371614375 0.284668109375 0.37371614375 0.284668109375 0.38411700937500004 0.3047979796875 0.38411700937500004 0.3047979796875 0.37371614375
6 0.277417028125 0.3706500546875 0.20004329062499998 0.3706500546875 0.20004329062499998 0.385861321875 0.277417028125 0.385861321875 0.277417028125 0.3706500546875
6 0.1688167390625 0.3691115921875 0.077186146875 0.3691115921875 0.077186146875 0.38430119218750003 0.1688167390625 0.38430119218750003 0.1688167390625 0.3691115921875
6 0.17318181875 0.352665221875 0.07922799375 0.352665221875 0.07922799375 0.368353196875 0.17318181875 0.368353196875 0.17318181875 0.352665221875
6 0.161536796875 0.334284940625 0.07566378124999999 0.334284940625 0.07566378124999999 0.3497453953125 0.161536796875 0.3497453953125 0.161536796875 0.334284940625
6 0.2768470421875 0.3538028171875 0.1990259734375 0.3538028171875 0.1990259734375 0.3678873234375 0.2768470421875 0.3678873234375 0.2768470421875 0.3538028171875
6 0.3015873015625 0.3568743234375 0.28415584374999997 0.3568743234375 0.28415584374999997 0.367892740625 0.3015873015625 0.367892740625 0.3015873015625 0.3568743234375
6 0.349632034375 0.3561050921875 0.330541125 0.3561050921875 0.330541125 0.3670151671875 0.349632034375 0.3670151671875 0.349632034375 0.3561050921875
6 0.3784559890625 0.35763271875 0.35603174531250004 0.35763271875 0.35603174531250004 0.3689761640625 0.3784559890625 0.3689761640625 0.3784559890625 0.35763271875
6 0.414559884375 0.3568634890625 0.3998701296875 0.3568634890625 0.3998701296875 0.370070421875 0.414559884375 0.370070421875 0.414559884375 0.3568634890625
6 0.474242425 0.35380823437500003 0.44982683906250004 0.35380823437500003 0.44982683906250004 0.369637053125 0.474242425 0.369637053125 0.474242425 0.35380823437500003
6 0.47308080781250006 0.335817984375 0.4477849921875 0.335817984375 0.4477849921875 0.3525893828125 0.47308080781250006 0.3525893828125 0.47308080781250006 0.335817984375
6 0.4730880234375 0.3216576375 0.451356421875 0.3216576375 0.451356421875 0.3364138671875 0.4730880234375 0.3364138671875 0.4730880234375 0.3216576375
6 0.4742496390625 0.30520043281250003 0.45492784999999997 0.30520043281250003 0.45492784999999997 0.3191549296875 0.4742496390625 0.3191549296875 0.4742496390625 0.30520043281250003
6 0.47133477656249995 0.28682556875 0.45492784999999997 0.28682556875 0.45492784999999997 0.3021018421875 0.47133477656249995 0.3021018421875 0.47133477656249995 0.28682556875
6 0.47103896093750003 0.2692253515625 0.4554256859375 0.2692253515625 0.4554256859375 0.28462080156249997 0.47103896093750003 0.28462080156249997 0.47103896093750003 0.2692253515625
6 0.47453823906250003 0.2558342359375 0.4574675328125 0.2558342359375 0.4574675328125 0.266484290625 0.47453823906250003 0.266484290625 0.47453823906250003 0.2558342359375
6 0.47279220781250003 0.23707475625000002 0.45696248125 0.23707475625000002 0.45696248125 0.24877573125 0.47279220781250003 0.24877573125 0.47279220781250003 0.23707475625000002
6 0.47598845624999997 0.2186998921875 0.4544011546875 0.2186998921875 0.4544011546875 0.23369447499999998 0.47598845624999997 0.23369447499999998 0.47598845624999997 0.2186998921875
6 0.48356421406249994 0.2030119171875 0.46206349218750004 0.2030119171875 0.46206349218750004 0.2159913328125 0.48356421406249994 0.2159913328125 0.48356421406249994 0.2030119171875
6 0.4302813859375 0.20339111562499998 0.40547619062500007 0.20339111562499998 0.40547619062500007 0.21468039062500002 0.4302813859375 0.21468039062500002 0.4302813859375 0.20339111562499998
6 0.41398268437499997 0.339263271875 0.3998701296875 0.339263271875 0.3998701296875 0.35061755156249996 0.41398268437499997 0.35061755156249996 0.41398268437499997 0.339263271875
6 0.41718614687500005 0.3228060671875 0.3998701296875 0.3228060671875 0.3998701296875 0.3340086671875 0.41718614687500005 0.3340086671875 0.41718614687500005 0.3228060671875
6 0.416305915625 0.3044366203125 0.3993650796875 0.3044366203125 0.3993650796875 0.317188515625 0.416305915625 0.317188515625 0.416305915625 0.3044366203125
6 0.41572149999999997 0.28759480000000004 0.399862915625 0.28759480000000004 0.399862915625 0.3007909 0.41572149999999997 0.3007909 0.41572149999999997 0.28759480000000004
6 0.4177561328125 0.26884073750000004 0.401897546875 0.26884073750000004 0.401897546875 0.2837486453125 0.4177561328125 0.2837486453125 0.4177561328125 0.26884073750000004
6 0.416017315625 0.2516143015625 0.4024242421875 0.2516143015625 0.4024242421875 0.2662621890625 0.416017315625 0.2662621890625 0.416017315625 0.2516143015625
6 0.4177561328125 0.2374539546875 0.401897546875 0.2374539546875 0.401897546875 0.2500866734375 0.4177561328125 0.2500866734375 0.4177561328125 0.2374539546875
6 0.41922077968749993 0.2202329359375 0.40649350625 0.2202329359375 0.40649350625 0.2315113765625 0.41922077968749993 0.2315113765625 0.41922077968749993 0.2202329359375
6 0.375836940625 0.339263271875 0.35908369375000004 0.339263271875 0.35908369375000004 0.3528060671875 0.375836940625 0.3528060671875 0.375836940625 0.339263271875
6 0.38048340625 0.32051462656249996 0.36520202031250004 0.32051462656249996 0.36520202031250004 0.3355417125 0.38048340625 0.3355417125 0.38048340625 0.32051462656249996
6 0.3790404046875 0.30557963125 0.3626623375 0.30557963125 0.3626623375 0.31827735625 0.3790404046875 0.31827735625 0.3790404046875 0.30557963125
6 0.3796248203125 0.287210184375 0.3641847046875 0.287210184375 0.3641847046875 0.30056879687500004 0.3796248203125 0.30056879687500004 0.3796248203125 0.287210184375
6 0.3816594515625 0.2715222109375 0.3662193359375 0.2715222109375 0.3662193359375 0.283970746875 0.3816594515625 0.283970746875 0.3816594515625 0.2715222109375
6 0.3828210671875 0.2546858078125 0.36520202031250004 0.2546858078125 0.36520202031250004 0.266484290625 0.3828210671875 0.266484290625 0.3828210671875 0.2546858078125
6 0.38310966875 0.239366196875 0.37132034687500004 0.239366196875 0.37132034687500004 0.24986457187500002 0.38310966875 0.24986457187500002 0.38310966875 0.239366196875
6 0.3802092359375 0.22099675 0.36775613281249997 0.22099675 0.36775613281249997 0.23150595937500001 0.3802092359375 0.23150595937500001 0.3802092359375 0.22099675
6 0.390685425 0.201858071875 0.37387445937499997 0.201858071875 0.37387445937499997 0.21643011875 0.390685425 0.21643011875 0.390685425 0.201858071875
6 0.346717171875 0.338494040625 0.3274819625 0.338494040625 0.3274819625 0.351495125 0.346717171875 0.351495125 0.346717171875 0.338494040625
6 0.3534199140625 0.319739978125 0.3341125546875 0.319739978125 0.3341125546875 0.334886240625 0.3534199140625 0.334886240625 0.3534199140625 0.319739978125
6 0.3537012984375 0.3044420375 0.33512987031249997 0.3044420375 0.33512987031249997 0.31674972968750004 0.3537012984375 0.31674972968750004 0.3537012984375 0.3044420375
6 0.3507936515625 0.287210184375 0.33564213593750003 0.287210184375 0.33564213593750003 0.30056879687500004 0.3507936515625 0.30056879687500004 0.3507936515625 0.287210184375
6 0.3554473296875 0.27113759531250003 0.3371645015625 0.27113759531250003 0.3371645015625 0.2839653296875 0.3554473296875 0.2839653296875 0.3554473296875 0.27113759531250003
6 0.3551659453125 0.252768146875 0.3422655125 0.252768146875 0.3422655125 0.2660400859375 0.3551659453125 0.2660400859375 0.3551659453125 0.252768146875
6 0.3557503609375 0.235157096875 0.33971861406250004 0.235157096875 0.33971861406250004 0.25030335937500003 0.3557503609375 0.25030335937500003 0.3557503609375 0.235157096875
6 0.35429292968750004 0.219469121875 0.3376839828125 0.219469121875 0.3376839828125 0.232166846875 0.35429292968750004 0.232166846875 0.35429292968750004 0.219469121875
6 0.36419191875 0.2022426875 0.3376839828125 0.2022426875 0.3376839828125 0.21468039062500002 0.36419191875 0.21468039062500002 0.36419191875 0.2022426875
6 0.3275036078125 0.20186890625 0.2918037515625 0.20186890625 0.2918037515625 0.21446912187499997 0.3275036078125 0.21446912187499997 0.3275036078125 0.20186890625
6 0.3012914859375 0.338494040625 0.280584415625 0.338494040625 0.280584415625 0.351278440625 0.3012914859375 0.351278440625 0.3012914859375 0.338494040625
6 0.30652958125 0.32050379218749997 0.2856782109375 0.32050379218749997 0.2856782109375 0.3346641390625 0.30652958125 0.3346641390625 0.30652958125 0.32050379218749997
6 0.306825396875 0.30520043281250003 0.2846608953125 0.30520043281250003 0.2846608953125 0.31718309843750003 0.306825396875 0.31718309843750003 0.306825396875 0.30520043281250003
6 0.3068326125 0.28644637031250003 0.284163059375 0.28644637031250003 0.284163059375 0.30014084531249996 0.3068326125 0.30014084531249996 0.3068326125 0.28644637031250003
6 0.307994228125 0.27113759531250003 0.2887445890625 0.27113759531250003 0.2887445890625 0.2837486453125 0.307994228125 0.2837486453125 0.307994228125 0.27113759531250003
6 0.310028859375 0.2539165765625 0.29077922031250003 0.2539165765625 0.29077922031250003 0.2656067171875 0.310028859375 0.2656067171875 0.310028859375 0.2539165765625
6 0.31149350625 0.23668472343750002 0.2907864359375 0.23668472343750002 0.2907864359375 0.248992415625 0.31149350625 0.248992415625 0.31149350625 0.23668472343750002
6 0.310324675 0.2186998921875 0.2897619046875 0.2186998921875 0.2897619046875 0.23172264375 0.310324675 0.23172264375 0.310324675 0.2186998921875
6 0.2602453109375 0.33697183124999996 0.20463203437500002 0.33697183124999996 0.20463203437500002 0.35150054218750004 0.2602453109375 0.35150054218750004 0.2602453109375 0.33697183124999996
6 0.2733477640625 0.31935536249999996 0.206161615625 0.31935536249999996 0.206161615625 0.3344474546875 0.2733477640625 0.3344474546875 0.2733477640625 0.31935536249999996
6 0.2739321796875 0.3021397609375 0.2051443 0.3021397609375 0.2051443 0.3174052 0.2739321796875 0.3174052 0.2739321796875 0.3021397609375
6 0.242186146875 0.28567713906250003 0.2061544015625 0.28567713906250003 0.2061544015625 0.299696640625 0.242186146875 0.299696640625 0.242186146875 0.28567713906250003
6 0.2756782109375 0.26807150625 0.21023809531249998 0.26807150625 0.21023809531249998 0.2830877578125 0.2756782109375 0.2830877578125 0.2756782109375 0.26807150625
6 0.25121212187499997 0.2527627296875 0.21176046249999997 0.2527627296875 0.21176046249999997 0.2638569875 0.25121212187499997 0.2638569875 0.25121212187499997 0.2527627296875
6 0.2628643578125 0.23631094218749998 0.20411976874999999 0.23631094218749998 0.20411976874999999 0.24943120312499997 0.2628643578125 0.24943120312499997 0.2628643578125 0.23631094218749998
6 0.2739249640625 0.21678764843749998 0.201572871875 0.21678764843749998 0.201572871875 0.2317280609375 0.2739249640625 0.2317280609375 0.2739249640625 0.21678764843749998
6 0.2640259734375 0.20147345625000002 0.231645021875 0.20147345625000002 0.231645021875 0.21336944687499998 0.2640259734375 0.21336944687499998 0.2640259734375 0.20147345625000002
6 0.1970634921875 0.3178277359375 0.07872294375 0.3178277359375 0.07872294375 0.3335482125 0.1970634921875 0.3335482125 0.1970634921875 0.3178277359375
6 0.20172438750000002 0.30213434375000003 0.07821789375 0.30213434375000003 0.07821789375 0.3169339109375 0.20172438750000002 0.3169339109375 0.20172438750000002 0.30213434375000003
6 0.16154401093749998 0.285292525 0.0700577203125 0.285292525 0.0700577203125 0.2994528703125 0.16154401093749998 0.2994528703125 0.16154401093749998 0.285292525
6 0.165028859375 0.2669339109375 0.0782034625 0.2669339109375 0.0782034625 0.28238353125 0.165028859375 0.28238353125 0.165028859375 0.2669339109375
6 0.1955988453125 0.2497020578125 0.08024531093750001 0.2497020578125 0.08024531093750001 0.26576923125 0.1955988453125 0.26576923125 0.1955988453125 0.2497020578125
6 0.175223665625 0.23286565625 0.080764790625 0.23286565625 0.080764790625 0.24869447500000003 0.175223665625 0.24869447500000003 0.175223665625 0.23286565625
6 0.168823953125 0.21602383593750002 0.079747475 0.21602383593750002 0.079747475 0.230780065625 0.168823953125 0.230780065625 0.168823953125 0.21602383593750002
6 0.1691125546875 0.20109425781249998 0.1021717171875 0.20109425781249998 0.1021717171875 0.216132178125 0.1691125546875 0.216132178125 0.1691125546875 0.20109425781249998