7 0.6505915171875001 0.2490234375 0.64166183125 0.244140625 0.5064408484375 0.244140625 0.5000625000000001 0.2470703125 0.49751116093750003 0.2685546875 0.5038895078125 0.2734375 0.5510892859375 0.2724609375 0.5651216515625 0.26171875 0.64166183125 0.259765625 0.6505915171875001 0.2568359375 0.6505915171875001 0.2490234375
7 0.736061384375 0.09375 0.719477678125 0.0966796875 0.719477678125 0.1025390625 0.7309587046875 0.107421875 0.7858125 0.1064453125 0.799844865625 0.10546875 0.803671875 0.0966796875 0.7947421875 0.09375 0.736061384375 0.09375
7 0.7169263390625 0.5341796875 0.7207533484375 0.54296875 0.732234375 0.5439453125 0.8508716515625 0.541015625 0.8546986609375 0.5322265625 0.8330122765624999 0.529296875 0.7169263390625 0.5341796875
7 0.0650591515625 0.384765625 0.0561294640625 0.3896484375 0.06250781250000001 0.3984375 0.09950223124999999 0.3994140625 0.13139397343749998 0.396484375 0.13266964375 0.3876953125 0.12884263437500001 0.384765625 0.0650591515625 0.384765625
7 0.058680803125 0.7783203125 0.0650591515625 0.787109375 0.09950223124999999 0.7861328125 0.09950223124999999 0.7783203125 0.0931238828125 0.775390625 0.06250781250000001 0.775390625 0.058680803125 0.7783203125
7 0.3023337046875 0.76953125 0.28064732187499997 0.7744140625 0.281922990625 0.783203125 0.325295759375 0.78125 0.3571875 0.7841796875 0.3648415171875 0.7802734375 0.3610145078125 0.7734375 0.317641740625 0.7734375 0.3023337046875 0.76953125
7 0.8279095984374999 0.720703125 0.7169263390625 0.7236328125 0.718202009375 0.732421875 0.7654017843750001 0.7333984375 0.8074988828125 0.73046875 0.8381149546875 0.732421875 0.8393906250000001 0.7236328125 0.8279095984374999 0.720703125
4 0.25768526718749996 0.6220703125 0.26278794687499996 0.5888671875 0.25768526718749996 0.5283203125 0.26023660625 0.4306640625 0.25768526718749996 0.4208984375 0.2513069203125 0.41796875 0.1262912953125 0.419921875 0.0778158484375 0.416015625 0.0714375 0.4208984375 0.0714375 0.4287109375 0.058680803125 0.4384765625 0.061232142187500005 0.6396484375 0.0803671875 0.64453125 0.0829185265625 0.6484375 0.0956752234375 0.6484375 0.1007779015625 0.642578125 0.1160859375 0.6484375 0.13266964375 0.6474609375 0.16201004531250002 0.640625 0.17986941875 0.62890625 0.24875558125000002 0.62890625 0.25768526718749996 0.6220703125
4 0.1696640625 0.7421875 0.20538281249999998 0.7421875 0.21558816875 0.734375 0.2411015625 0.7421875 0.2564095984375 0.740234375 0.25513392968750004 0.6513671875 0.2334475453125 0.6484375 0.2232421875 0.654296875 0.21558816875 0.654296875 0.20538281249999998 0.6484375 0.1696640625 0.646484375 0.0752645078125 0.6484375 0.0714375 0.6513671875 0.0739888390625 0.6611328125 0.058680803125 0.6689453125 0.058680803125 0.6865234375 0.0637834828125 0.6943359375 0.0637834828125 0.7138671875 0.058680803125 0.7197265625 0.061232142187500005 0.7548828125 0.0650591515625 0.7578125 0.11481026718750001 0.7568359375 0.12118861562500001 0.755859375 0.1339453125 0.744140625 0.1543560265625 0.74609375 0.1696640625 0.7421875
4 0.23089620625 0.904296875 0.26023660625 0.8994140625 0.26023660625 0.8310546875 0.2513069203125 0.810546875 0.164561384375 0.810546875 0.146702009375 0.806640625 0.13139397343749998 0.810546875 0.0752645078125 0.80859375 0.0688861609375 0.8134765625 0.058680803125 0.8251953125 0.061232142187500005 0.9169921875 0.13266964375 0.9189453125 0.146702009375 0.916015625 0.1696640625 0.91796875 0.1849720984375 0.904296875 0.23089620625 0.904296875
4 0.46306807968749997 0.8046875 0.2946796875 0.8046875 0.27554464218749997 0.8310546875 0.27809598125 0.9111328125 0.281922990625 0.9140625 0.343155134375 0.91796875 0.3941819203125 0.916015625 0.433727678125 0.9189453125 0.47072209843749996 0.91796875 0.47710044687500003 0.9130859375 0.479651784375 0.8115234375 0.46306807968749997 0.8046875
4 0.6977912953125001 0.904296875 0.7016183046875 0.9013671875 0.6990669640625 0.7978515625 0.682483259375 0.79296875 0.5472622765625 0.79296875 0.50133816875 0.796875 0.49751116093750003 0.7998046875 0.49751116093750003 0.9150390625 0.50133816875 0.919921875 0.5102678578125001 0.9208984375 0.5268515625 0.919921875 0.5332299109374999 0.9091796875 0.5447109375 0.90625 0.6977912953125001 0.904296875
4 0.9184821421875 0.9013671875 0.915930803125 0.7978515625 0.9095524546875 0.794921875 0.878936384375 0.798828125 0.8559743296875 0.794921875 0.8074988828125 0.794921875 0.78708816875 0.79296875 0.7819854921875 0.7890625 0.7564720984375 0.791015625 0.7539207593749999 0.779296875 0.7309587046875 0.779296875 0.737337053125 0.7880859375 0.7296830359375 0.7958984375 0.7271316953125 0.8076171875 0.7169263390625 0.8154296875 0.7169263390625 0.9169921875 0.7309587046875 0.921875 0.8419419640625 0.9208984375 0.8763850453125 0.91796875 0.8840390625 0.90625 0.9044497765624999 0.90625 0.9184821421875 0.9013671875
4 0.8840390625 0.7734375 0.914655134375 0.7734375 0.9184821421875 0.7685546875 0.9184821421875 0.7490234375 0.914655134375 0.74609375 0.7539207593749999 0.744140625 0.7335100453125001 0.74609375 0.7169263390625 0.7646484375 0.7207533484375 0.787109375 0.8062232140625 0.7880859375 0.8100502234375 0.78125 0.8228069203124999 0.779296875 0.843217634375 0.78125 0.8840390625 0.7734375
4 0.9184821421875 0.5771484375 0.9184821421875 0.5634765625 0.9121037937500001 0.552734375 0.896795759375 0.548828125 0.871282365625 0.55078125 0.8508716515625 0.5390625 0.8304609375 0.537109375 0.78708816875 0.537109375 0.7794341515625 0.54296875 0.7666774546874999 0.537109375 0.7539207593749999 0.5390625 0.7564720984375 0.533203125 0.7386127234375001 0.53515625 0.7347857140625 0.5380859375 0.737337053125 0.5400390625 0.72458035625 0.5458984375 0.72458035625 0.5595703125 0.7169263390625 0.5693359375 0.7169263390625 0.5771484375 0.72202901875 0.5810546875 0.7207533484375 0.595703125 0.75136941875 0.59765625 0.7590234375 0.591796875 0.7641261171875 0.595703125 0.7896395078125 0.59765625 0.85725 0.5966796875 0.8546986609375 0.5908203125 0.861077009375 0.583984375 0.9121037937500001 0.58203125 0.9184821421875 0.5771484375
4 0.9172064734375001 0.693359375 0.9210334828125 0.6904296875 0.914655134375 0.599609375 0.8916930796875 0.595703125 0.871282365625 0.599609375 0.8457689734375 0.595703125 0.7819854921875 0.595703125 0.7768828125 0.599609375 0.7743314734375 0.595703125 0.7717801343749999 0.599609375 0.7296830359375 0.6005859375 0.732234375 0.6142578125 0.7169263390625 0.6201171875 0.719477678125 0.7060546875 0.7284073656250001 0.7109375 0.81387723125 0.7099609375 0.8457689734375 0.708984375 0.871282365625 0.6953125 0.8942444187499999 0.69140625 0.9172064734375001 0.693359375
4 0.8304609375 0.498046875 0.8457689734375 0.501953125 0.914655134375 0.5 0.9184821421875 0.4970703125 0.9184821421875 0.4091796875 0.9095524546875 0.40625 0.7233046875 0.408203125 0.7169263390625 0.4130859375 0.714375 0.4951171875 0.719477678125 0.5029296875 0.7169263390625 0.5107421875 0.7258560265625 0.515625 0.7347857140625 0.5146484375 0.7437154015624999 0.513671875 0.7590234375 0.501953125 0.8049475453125 0.501953125 0.8304609375 0.498046875
4 0.799844865625 0.12890625 0.7386127234375001 0.125 0.7296830359375 0.1279296875 0.714375 0.1474609375 0.7118236609374999 0.1533203125 0.718202009375 0.205078125 0.746266740625 0.20703125 0.7896395078125 0.203125 0.8074988828125 0.208984375 0.8738337046875 0.205078125 0.9031741078125 0.2080078125 0.9184821421875 0.2041015625 0.9184821421875 0.1318359375 0.914655134375 0.12890625 0.799844865625 0.12890625
4 0.7016183046875 0.2041015625 0.70416964375 0.1572265625 0.709272321875 0.1494140625 0.7016183046875 0.1376953125 0.6990669640625 0.1005859375 0.6901372765625 0.09375 0.5651216515625 0.091796875 0.514094865625 0.09375 0.49751116093750003 0.1005859375 0.5026138390625 0.2197265625 0.5089921875 0.224609375 0.56384598125 0.2236328125 0.603391740625 0.22265625 0.6186997765625 0.208984375 0.6952399546875 0.20703125 0.7016183046875 0.2041015625
4 0.6850345984375 0.4921875 0.691412946875 0.4892578125 0.696515625 0.3740234375 0.696515625 0.2998046875 0.6926886156250001 0.296875 0.6697265625 0.30078125 0.656969865625 0.296875 0.5778783484375001 0.296875 0.5651216515625 0.29296875 0.5294029015625 0.29296875 0.5115435265625 0.296875 0.5102678578125001 0.3056640625 0.49751116093750003 0.3134765625 0.49240848281250005 0.4990234375 0.50133816875 0.50390625 0.5510892859375 0.5029296875 0.567672990625 0.5 0.575327009375 0.4921875 0.5829810265625001 0.490234375 0.6850345984375 0.4921875
1 0.6901372765625 0.771484375 0.656969865625 0.771484375 0.6467645078125 0.775390625 0.6212511171874999 0.76953125 0.5880837046875 0.7734375 0.5089921875 0.771484375 0.5000625000000001 0.7744140625 0.5000625000000001 0.7822265625 0.51664620625 0.79296875 0.5217488828125 0.7890625 0.567672990625 0.79296875 0.5829810265625001 0.78515625 0.62635379375 0.7890625 0.6493158484375 0.78515625 0.6544185265625 0.791015625 0.6607968750000001 0.7919921875 0.6901372765625 0.7890625 0.696515625 0.7841796875 0.696515625 0.7744140625 0.6901372765625 0.771484375
2 0.059956473437500005 0.1015625 0.0561294640625 0.1103515625 0.058680803125 0.3623046875 0.25003125000000004 0.3623046875 0.25258258906250003 0.1240234375 0.24747991093750002 0.1103515625 0.2359988828125 0.103515625 0.059956473437500005 0.1015625
2 0.531954240625 0.52734375 0.2831986609375 0.5302734375 0.28064732187499997 0.7548828125 0.28447432968749997 0.7578125 0.6888616062499999 0.7587890625 0.696515625 0.7548828125 0.6939642859374999 0.5322265625 0.6901372765625 0.529296875 0.531954240625 0.52734375
2 0.9146342859375001 0.21279090156249997 0.714988571875 0.21279090156249997 0.714988571875 0.4002624671875 0.9146342859375001 0.4002624671875 0.9146342859375001 0.21279090156249997
7 0.28575 0.1044921875 0.2946796875 0.11328125 0.34443080312499996 0.1123046875 0.352084821875 0.1083984375 0.3482578125 0.099609375 0.28957700937499997 0.1015625 0.28575 0.1044921875
4 0.41331696406249996 0.5068359375 0.47327343749999995 0.505859375 0.479651784375 0.5009765625 0.47710044687500003 0.1162109375 0.47327343749999995 0.11328125 0.3661171875 0.111328125 0.34916646875 0.11274605 0.3340674359375 0.11541553593750001 0.2921001359375 0.1142807484375 0.29225476875 0.1145256984375 0.290852678125 0.114443071875 0.290852678125 0.1201171875 0.27554464218749997 0.1357421875 0.27554464218749997 0.4951171875 0.2870256703125 0.5078125 0.41331696406249996 0.5068359375
6 0.9312388390624999 0.8837890625 0.9286875 0.8994140625 0.9286875 0.9111328125 0.9388928578125 0.9130859375 0.9465468749999999 0.9111328125 0.9465468749999999 0.8837890625 0.9427198656250001 0.880859375 0.9312388390624999 0.8837890625
3 0.9312388390624999 0.8544921875 0.9312388390624999 0.8681640625 0.9388928578125 0.8798828125 0.9465468749999999 0.8662109375 0.9465468749999999 0.8544921875 0.9427198656250001 0.8515625 0.9312388390624999 0.8544921875
7 0.8556166781250001 0.054575040625 0.47823418437500004 0.053419234375 0.47510898125 0.07629608125000001 0.843679228125 0.0774392890625 0.8556166781250001 0.054575040625