7 0.0764525125 0.0771484375 0.077770659375 0.08984375 0.1449961453125 0.0908203125 0.15026873125 0.0810546875 0.1463142921875 0.076171875 0.10676988750000001 0.072265625 0.0764525125 0.0771484375
7 0.1463142921875 0.40234375 0.0474532828125 0.4072265625 0.051407725 0.419921875 0.072498071875 0.42578125 0.0896339796875 0.4248046875 0.10676988750000001 0.419921875 0.1542231734375 0.421875 0.15554131875 0.4072265625 0.1463142921875 0.40234375
7 0.11995135625 0.37109375 0.11467876875 0.3671875 0.0540440171875 0.3671875 0.0448169890625 0.3740234375 0.0474532828125 0.3896484375 0.059316604687499996 0.39453125 0.15554131875 0.3935546875 0.20167645625000002 0.390625 0.20299460156250002 0.3740234375 0.1884949890625 0.369140625 0.11995135625 0.37109375
1 0.39017144375 0.3564453125 0.39676217812500003 0.365234375 0.40994364531249994 0.3671875 0.6116201015625 0.3701171875 0.6129382484375 0.359375 0.541758321875 0.3515625 0.394125884375 0.353515625 0.39017144375 0.3564453125
7 0.383580709375 0.69140625 0.3677629484375 0.6875 0.342718159375 0.6904296875 0.35194518750000003 0.701171875 0.3783081234375 0.701171875 0.38621700468750003 0.697265625 0.41257993906249996 0.703125 0.4929868921875 0.7021484375 0.5008957734374999 0.6943359375 0.49166874531250004 0.6875 0.4178525265625 0.685546875 0.383580709375 0.69140625
7 0.5312131484375 0.70703125 0.4784872765625 0.708984375 0.46794210312500006 0.712890625 0.44157916875 0.708984375 0.41653437968749996 0.7119140625 0.4178525265625 0.72265625 0.4600332234375 0.72265625 0.46794210312500006 0.716796875 0.481123571875 0.72265625 0.521986121875 0.7236328125 0.6208471296875 0.720703125 0.622165275 0.7119140625 0.6182108359375 0.708984375 0.5312131484375 0.70703125
4 0.30712819687500004 0.435546875 0.2570386203125 0.43359375 0.193767575 0.43359375 0.18585869531250002 0.4375 0.148950584375 0.43359375 0.12522394375 0.4375 0.10676988750000001 0.43359375 0.077770659375 0.4375 0.0645891921875 0.44921875 0.0474532828125 0.4560546875 0.050089578125 0.4638671875 0.042180696875 0.4736328125 0.0474532828125 0.4853515625 0.042180696875 0.9150390625 0.0698617796875 0.919921875 0.3058100515625 0.9208984375 0.316355225 0.9130859375 0.31899151875 0.8798828125 0.32162781093750004 0.4404296875 0.30712819687500004 0.435546875
6 0.9345660609375 0.8828125 0.9279753265625 0.8857421875 0.9253390328125001 0.8994140625 0.9253390328125001 0.9130859375 0.9306116203125001 0.9150390625 0.9411567937499999 0.9130859375 0.9437930890624999 0.8974609375 0.9437930890624999 0.8857421875 0.9345660609375 0.8828125
3 0.9385204999999999 0.8798828125 0.94642938125 0.8623046875 0.9345660609375 0.859375 0.9306116203125001 0.8759765625 0.9385204999999999 0.8798828125
2 0.3453544546875 0.7294921875 0.342718159375 0.9111328125 0.3466726015625 0.916015625 0.6168926875 0.9169921875 0.622165275 0.8916015625 0.622165275 0.7333984375 0.6182108359375 0.73046875 0.3453544546875 0.7294921875
2 0.3440363078125 0.384765625 0.3400818671875 0.3876953125 0.3400818671875 0.5302734375 0.3453544546875 0.6787109375 0.6168926875 0.6787109375 0.622165275 0.6767578125 0.6168926875 0.3857421875 0.6129382484375 0.3828125 0.3440363078125 0.384765625
2 0.0461351359375 0.115234375 0.042180696875 0.1181640625 0.039544403125 0.3447265625 0.04349884375 0.3515625 0.479805425 0.3505859375 0.6129382484375 0.349609375 0.6168926875 0.3447265625 0.6129382484375 0.1171875 0.0461351359375 0.115234375
4 0.8238417312499999 0.064453125 0.8001150906250001 0.068359375 0.6445737703125001 0.068359375 0.6379830359375 0.2529296875 0.6432556234375 0.2783203125 0.6432556234375 0.3369140625 0.6814818812500001 0.341796875 0.898976096875 0.3408203125 0.914793859375 0.3369140625 0.9200664453125 0.1962890625 0.917430153125 0.0673828125 0.8238417312499999 0.064453125
4 0.9385204999999999 0.8935546875 0.9279753265625 0.8896484375 0.922702740625 0.8701171875 0.9253390328125001 0.8447265625 0.9200664453125 0.8173828125 0.9253390328125001 0.7626953125 0.9200664453125 0.7001953125 0.9200664453125 0.3544921875 0.91611200625 0.3515625 0.6524826515625 0.3515625 0.6432556234375 0.4091796875 0.6458919171875 0.8369140625 0.64061933125 0.9130859375 0.6630278265625 0.919921875 0.9121575640625 0.9189453125 0.9385204999999999 0.9111328125 0.9358842078125 0.9052734375 0.9279753265625 0.9033203125 0.9385204999999999 0.8935546875