2 0.237141190625 0.7274656953124999 0.0258693109375 0.7274656953124999 0.0258693109375 0.95157375625 0.237141190625 0.95157375625 0.237141190625 0.7274656953124999
2 0.45005834375 0.7294253859375 0.242870478125 0.7294253859375 0.242870478125 0.9499056609375 0.45005834375 0.9499056609375 0.45005834375 0.7294253859375
2 0.6683022171874999 0.6951758140625001 0.45855892656249997 0.6951758140625001 0.45855892656249997 0.9487864500000001 0.6683022171874999 0.9487864500000001 0.6683022171874999 0.6951758140625001
1 0.45690198437499996 0.6941981125 0.03651691875 0.6941981125 0.03651691875 0.723040309375 0.45690198437499996 0.723040309375 0.45690198437499996 0.6941981125
1 0.3162310390625 0.296912521875 0.0538273046875 0.296912521875 0.0538273046875 0.326106346875 0.3162310390625 0.326106346875 0.3162310390625 0.296912521875
1 0.948144690625 0.2871312171875 0.511808634375 0.2871312171875 0.511808634375 0.31269725625 0.948144690625 0.31269725625 0.948144690625 0.2871312171875
2 0.48580513437499995 0.099249571875 0.0485005828125 0.099249571875 0.0485005828125 0.288040309375 0.48580513437499995 0.288040309375 0.48580513437499995 0.099249571875
2 0.9488973156249999 0.0963164671875 0.5091423578125001 0.0963164671875 0.5091423578125001 0.28189965625 0.9488973156249999 0.28189965625 0.9488973156249999 0.0963164671875
7 0.163448075 0.41923241874999995 0.0485005828125 0.41923241874999995 0.0485005828125 0.44536449375 0.163448075 0.44536449375 0.163448075 0.41923241874999995
7 0.4752275375 0.5112092625 0.36003500625 0.5112092625 0.36003500625 0.5375557468750001 0.4752275375 0.5375557468750001 0.4752275375 0.5112092625
7 0.730735121875 0.4045497421875 0.670245040625 0.4045497421875 0.670245040625 0.4263593484375 0.730735121875 0.4263593484375 0.730735121875 0.4045497421875
7 0.7588623109375 0.6325514578125 0.67023920625 0.6325514578125 0.67023920625 0.65713979375 0.7588623109375 0.65713979375 0.7588623109375 0.6325514578125
4 0.9733547265625001 0.866509434375 0.67766044375 0.866509434375 0.67766044375 0.9503516296875001 0.9733547265625001 0.9503516296875001 0.9733547265625001 0.866509434375
4 0.96896149375 0.6540351624999999 0.6715052515625 0.6540351624999999 0.6715052515625 0.86641080625 0.96896149375 0.86641080625 0.96896149375 0.6540351624999999
4 0.6576254375 0.539331046875 0.36398483125 0.539331046875 0.36398483125 0.6733790734375 0.6576254375 0.6733790734375 0.6576254375 0.539331046875
4 0.9597432906250001 0.42517581406250005 0.6615169187500001 0.42517581406250005 0.6615169187500001 0.6232804453125 0.9597432906250001 0.6232804453125 0.9597432906250001 0.42517581406250005
4 0.6514760796875 0.3347684390625 0.356295215625 0.3347684390625 0.356295215625 0.5031732421874999 0.6514760796875 0.5031732421874999 0.6514760796875 0.3347684390625
4 0.9509626609374999 0.32855059999999997 0.6576721125 0.32855059999999997 0.6576721125 0.3982933109375 0.9509626609374999 0.3982933109375 0.9509626609374999 0.32855059999999997
4 0.340746790625 0.3364622640625 0.041843640625 0.3364622640625 0.041843640625 0.408889365625 0.340746790625 0.408889365625 0.340746790625 0.3364622640625
4 0.35084597500000003 0.44608919374999995 0.049527421875 0.44608919374999995 0.049527421875 0.6796912515625 0.35084597500000003 0.6796912515625 0.35084597500000003 0.44608919374999995