7 0.520758546875 0.11270566093750001 0.5229906359375 0.058120984375 0.28136330625 0.0447873359375 0.0771240265625 0.052287509375 0.058742484375 0.054826734375 0.056476859375 0.1110389453125 0.12176649375 0.1197891703125 0.5112720390625001 0.1189558140625 0.520758546875 0.11270566093750001
6 0.7858682265625 0.0629434984375 0.6115793703125 0.05359051875 0.5997692296875 0.05038378125 0.5757910734375 0.054659429687500004 0.54818833125 0.06457527187499999 0.5407185875 0.0859251 0.5468025812499999 0.10863947656249999 0.7804999875 0.1099756171875 0.7858682265625 0.0629434984375
4 0.0711451796875 0.24904995312499997 0.0721567734375 0.3303057140625 0.0782264328125 0.334774725 0.2596415234375 0.3325086515625 0.33820925156250004 0.333012215625 0.3405696609375 0.3262139890625 0.34124405625 0.148362084375 0.3500113484375 0.142822784375 0.3500113484375 0.1299816734375 0.3146050546875 0.1284709625 0.10857412500000001 0.1330031140625 0.099154075 0.13611135624999998 0.10115620781250001 0.1491581171875 0.0758659984375 0.148906334375 0.07283119375 0.1572152859375 0.0711451796875 0.24904995312499997
4 0.07436782812500001 0.446127075 0.0781333296875 0.5241508765625 0.086243609375 0.5291253375 0.11868479531250001 0.5295579187499999 0.119843390625 0.518527540625 0.33969026874999997 0.51485075 0.3405592375 0.41191430625000003 0.3402695671875 0.33509371093749996 0.3125098765625 0.33636853125 0.266463859375 0.33636853125 0.1162558875 0.3374557078125 0.09857089999999999 0.3390137671875 0.09898836093749999 0.3527672515625 0.0769747125 0.3555789109375 0.0726299125 0.3586068578125 0.07436782812500001 0.446127075
2 0.9266538953125 0.7897817140625001 0.914814709375 0.561452878125 0.754909203125 0.53537034375 0.10670595624999998 0.5411664546875 0.07589007812500001 0.5496654515625 0.06223446875000001 0.6797062875 0.0707731015625 0.9304785734375001 0.9018142265625 0.9259905828124999 0.9266538953125 0.7897817140625001
6 0.953702621875 0.8620464796875 0.9422296781249999 0.8641599671875 0.925295440625 0.8644033125 0.925295440625 0.9018178750000001 0.9509408234375 0.9015232765625001 0.953702621875 0.8620464796875
3 0.9308846453124999 0.836155465625 0.9280572406250001 0.8540922156249999 0.9493626109375001 0.855565225 0.956858990625 0.8340592078125001 0.9308846453124999 0.836155465625
4 0.3570505 0.1454420515625 0.3570505 0.191421721875 0.3583037515625 0.2410545703125 0.40420842968750004 0.2411542734375 0.6097004593750001 0.23882430000000002 0.612787209375 0.23750723125 0.612566746875 0.222525634375 0.6231499140625 0.22071467500000003 0.623314709375 0.12311570000000001 0.5110887296875 0.12278642656250001 0.39184124531250003 0.1255851953125 0.38316585000000003 0.1261752609375 0.385248578125 0.14169889687499998 0.36832972656249996 0.1400612640625 0.36018361875 0.143570475 0.3570505 0.1454420515625
4 0.45603624531250003 0.3570713453125 0.5638183453125001 0.3557816015625 0.5658911 0.33953083125 0.6222002875 0.3397887859375 0.6225457640625 0.24305804687500002 0.5808772703125 0.24089974062500003 0.516979778125 0.24213499375 0.4148265015625 0.2433702484375 0.3831879421875 0.24460550468750003 0.38230985781250004 0.24720233125000002 0.3824542625 0.2591381703125 0.35965420937500003 0.25733252812499996 0.3568905578125 0.35784518906249996 0.45603624531250003 0.3570713453125
4 0.366568821875 0.5112491968749999 0.6025890171875 0.5090788234375 0.60404234375 0.4969247484375 0.6197382484375 0.49583956249999994 0.621772896875 0.4895454609375 0.6220635796875 0.3583240546875 0.5200400593750001 0.360494428125 0.43952579375 0.35962627812500003 0.3819975453125 0.36164375625 0.3831367328125 0.3763879015625 0.35726752031250003 0.3779071609375 0.35726752031250003 0.5095128921875001 0.366568821875 0.5112491968749999
4 0.620319571875 0.51473781875 0.5677091875 0.5112652171875001 0.495624196875 0.5125674453125 0.3845900578125 0.5127844796875001 0.3812707609375 0.5163779875000001 0.3825554109375 0.529062275 0.619447565625 0.5279770890625 0.620319571875 0.5219000640625 0.620319571875 0.51473781875
4 0.807267690625 0.1666205921875 0.9025717921874999 0.1652765765625 0.9077467421875 0.11756348750000001 0.8411474828125 0.115547446875 0.6944918921875 0.1180675046875 0.645442434375 0.1209235625 0.6402806140624999 0.12191972499999999 0.6404767875 0.1851010078125 0.7091010625 0.18661304375 0.8070426796874999 0.1830849671875 0.807267690625 0.1666205921875
4 0.6553423296875 0.2386799984375 0.6807670453125 0.23699996093750003 0.6834670265625 0.220367584375 0.74860764375 0.2213756171875 0.904879765625 0.21986358125 0.9044297765625 0.185926815625 0.76313128125 0.18676683593750001 0.6798821890625 0.189958903125 0.6610963437499999 0.19210446875 0.6605172640625 0.206423271875 0.6404924765625 0.20524725156249998 0.6402674828125 0.236663959375 0.6553423296875 0.2386799984375
4 0.6390241750000001 0.46267768125000003 0.6530785203125 0.4635104890625 0.8414874484375 0.4620534671875 0.8688056718749999 0.4610821234375 0.8735755109375001 0.4516924359375 0.8724914546875 0.444083559375 0.9066504671875 0.442140878125 0.9046991468750001 0.23925373125 0.8808812312500001 0.237272584375 0.7127542484375 0.23928061562499997 0.6695771203125 0.24206954062500002 0.66447186875 0.2431670234375 0.6646833578125 0.25725527812500004 0.6412836234375 0.2587673078125 0.6392586421875001 0.2644794390625 0.6390241750000001 0.46267768125000003
4 0.72497901875 0.49430412500000004 0.7260573265625 0.48126047187500004 0.9022669984375 0.47723465468750004 0.90485493125 0.4732088375 0.904423615625 0.46515720156249996 0.878328546875 0.46209758437500004 0.7131317578124999 0.46499617187500003 0.6717247359375 0.46644546875000004 0.66467158125 0.4695380625 0.66373111875 0.4810994421875 0.638714359375 0.48126047187500004 0.63914569375 0.493659990625 0.72497901875 0.49430412500000004
4 0.89892755 0.5257961796874999 0.9002215328125001 0.49568305781250005 0.7020285109375 0.496327190625 0.6783057343750001 0.49568305781250005 0.6387878921875 0.5001531046875 0.6379694828125 0.5278895968749999 0.644008015625 0.5301440578125 0.7783652046875 0.531593353125 0.89892755 0.5257961796874999