2 0.5349427921875 0.0242632671875 0.113282228125 0.0241395390625 0.107748171875 0.2209393828125 0.3828078578125 0.22574650312500003 0.5313793718750001 0.2271110421875 0.5349427921875 0.0242632671875
1 0.41226200625000003 0.2284745859375 0.3059883921875 0.2280942546875 0.19468874687499998 0.22720682499999997 0.18872946875000002 0.22492485625 0.1806182515625 0.224290975 0.1449397 0.22260563437499997 0.139642578125 0.22476082343749998 0.10869192187500001 0.22583200625000002 0.1081019953125 0.24127896875000002 0.13856048125 0.2428002828125 0.4140829046875 0.24153252187500002 0.41226200625000003 0.2284745859375
1 0.28706803125 0.263196403125 0.2871594359375 0.26466660625 0.2915472828125 0.26466660625 0.292461415625 0.2645965921875 0.2930099015625 0.26263633125 0.3561866078125 0.2634764421875 0.40571693125 0.264106528125 0.5223845765624999 0.265757034375 0.52558183125 0.2595710453125 0.52423561875 0.2535139234375 0.505893546875 0.24951879843749997 0.5016866531249999 0.2483589265625 0.3756481203125 0.2483589265625 0.28711119531249996 0.24848780937499998 0.23097484218750003 0.250485959375 0.2305125796875 0.2622406265625 0.24021798125 0.2624263 0.2825887671875 0.2630563859375 0.28706803125 0.263196403125
1 0.3058239171875 0.4906164046875 0.47150559375 0.4943517453125 0.5174760578125001 0.4944805484375 0.522689778125 0.492162059375 0.5236988671875 0.48366094375 0.5194942625000001 0.4797968 0.48535287812499994 0.47941038750000003 0.42610382031249994 0.478895175 0.3803577125 0.47580384843749995 0.3704348546875 0.4745158 0.2895628765625 0.4733565609375 0.20431966093749998 0.47258372812499994 0.1410824 0.47129567968749997 0.11968291874999999 0.4756144296875 0.11933171406250001 0.4866234625 0.1369910546875 0.48804030468750004 0.24244253906250002 0.490101184375 0.3058239171875 0.4906164046875
1 0.36655786562500003 0.7346917859375 0.365278078125 0.7431629296875 0.374328384375 0.747363496875 0.39928424375 0.7463133546875 0.4051346953125 0.7475735265625 0.42003508125 0.7480635906249999 0.44582116875000005 0.7489037078125 0.462732646875 0.7489037078125 0.47781585625 0.749673809375 0.48969960468749996 0.7490437234375 0.5093534843749999 0.7493237625 0.517397865625 0.7505839296875 0.518312 0.7440030453124999 0.519226134375 0.7379122203125 0.5165751375000001 0.7346917859375 0.5045999906249999 0.7351118421875 0.40379750937500003 0.735882996875 0.40112949843749995 0.7336987703125 0.3855683734375 0.7332417718750001 0.38557185625 0.7351118421875 0.377550346875 0.734621775 0.36655786562500003 0.7346917859375
2 0.5150221734375 0.750696271875 0.457705971875 0.749926165625 0.41025339531249994 0.74901604375 0.3311458703125 0.74817593125 0.225843815625 0.7467399828125 0.10202922656249999 0.7448497281249999 0.0995817328125 0.745371675 0.0955526234375 0.938992128125 0.5135161671875 0.94399245 0.5180793453125 0.7509018609375 0.5150221734375 0.750696271875
2 0.38478796875 0.7332941828124999 0.4037105453125 0.7337142375 0.40361912499999997 0.73504441875 0.48620234218749997 0.73516645 0.5169172359374999 0.734956421875 0.5173743015625 0.7322960625 0.5191053421875 0.6784754890625 0.52137845625 0.5001423734375 0.10297439374999999 0.4958925625 0.0995350875 0.7319392359375 0.168857396875 0.7324631578125 0.36223294375 0.734004515625 0.38478796875 0.7332941828124999
2 0.3782162671875 0.47360336875 0.523388359375 0.4766406359375 0.524379821875 0.47284405312500005 0.5301302890625 0.26608169375 0.4327687421875 0.2645630609375 0.29827587499999997 0.2648368609375 0.2850789671875 0.2648368609375 0.2719696609375 0.2633826265625 0.1529937546875 0.2617102578125 0.11481792187499999 0.2604741578125 0.11140001718749999 0.261201275 0.1054115328125 0.43594490468749997 0.10529645937500001 0.4696549375 0.162008071875 0.470566103125 0.3782162671875 0.47360336875
4 0.5782004187500001 0.22562580312499997 0.5794894859374999 0.2121336765625 0.741019659375 0.21295636718750002 0.74531650625 0.20390676562499999 0.746765940625 0.11925134531249999 0.74719561875 0.0833496140625 0.7252817046875 0.0810460828125 0.6378408578125 0.0823623875 0.56135696875 0.081539696875 0.54611281875 0.08590974375 0.5438468953125 0.1558364765625 0.5444701765625 0.22562580312499997 0.563161453125 0.22644849531250003 0.5782004187500001 0.22562580312499997
4 0.53985591875 0.38063965624999996 0.5435337437500001 0.42337032187499996 0.61047015625 0.421492534375 0.63744086875 0.421492534375 0.64209945 0.4044046640625 0.744588146875 0.4032779875 0.744097778125 0.29662338125 0.7448333515625001 0.22681760781250002 0.7355161875 0.22625427187499997 0.7271798 0.2277565015625 0.59600404375 0.22925873125 0.5638843796875 0.228883175 0.5576558953124999 0.231868940625 0.55866199375 0.24450556093750003 0.54377175 0.2446596625 0.5433693015625 0.2699328921875 0.53985591875 0.38063965624999996
7 0.6092635546875 0.45099755 0.70891771875 0.45099755 0.708772040625 0.4396163859375 0.661713125 0.43526476875000003 0.622230253125 0.4351531859375 0.574600584375 0.4346092140625 0.541786790625 0.43709221249999997 0.5415508828125 0.44865538593750004 0.555705615625 0.4517268578125 0.6092635546875 0.45099755
4 0.537984878125 0.555757834375 0.5402436374999999 0.5639747984375 0.556619675 0.5639747984375 0.6215590843750001 0.5638666734375 0.6327117375 0.560515021875 0.6320058734375 0.5473246421875 0.6862362359375 0.5493540703125 0.7128507984375 0.5495039312500001 0.7378998218749999 0.5495039312500001 0.7402481609375 0.5340668640625 0.7410309609375 0.47177443593749996 0.7257667109375 0.4675779484375 0.703848828125 0.4665288296875 0.678604096875 0.4671283328125 0.570775909375 0.46922656875 0.5529944984374999 0.47117009843749996 0.5545020843749999 0.486691146875 0.5395377734375 0.485934321875 0.5385495703125 0.5406213375 0.537984878125 0.555757834375
4 0.534875984375 0.6374083875000001 0.5347105171875 0.6687552296875 0.5405019796875 0.6719233890625 0.5747543312500001 0.6715432109374999 0.5807112609375 0.671163028125 0.5835242625 0.6544351515625 0.6359783640625001 0.65586365 0.7358127890625 0.6572576390625 0.7402804828125 0.6540894796875001 0.741273315625 0.6435711921875 0.738707490625 0.583413209375 0.7393693609375 0.5656853609375 0.6874116890625 0.5641646437500001 0.5924317218749999 0.5655586328125 0.571086040625 0.564671546875 0.5566901265624999 0.5668258953125 0.55259714375 0.5689077375 0.5500992499999999 0.5800438453125001 0.5380199250000001 0.5824516484375 0.53669615625 0.585999984375 0.534875984375 0.6374083875000001
4 0.5362999390625001 0.6900551609375001 0.5346474234375 0.7446979484375 0.53458529375 0.787083040625 0.5324815796875 0.842515309375 0.5290534124999999 0.8849610046875 0.5296504453125 0.94701538125 0.5818914953125 0.9474726203125 0.7078670687499999 0.94770125 0.733838346875 0.9461009015625 0.7368235515625 0.9303258640625 0.7395067453124999 0.8053237281250001 0.7424919484375 0.674545859375 0.61923779375 0.6724094468749999 0.559825209375 0.6738621124999999 0.5512099375 0.6737086718749999 0.551386640625 0.676042665625 0.5505529 0.69037155625 0.542806728125 0.687840378125 0.5388819984375 0.68768218125 0.5362999390625001 0.6900551609375001
4 0.7944409515624999 0.3094411203125 0.8775212796874999 0.3090131328125 0.897745453125 0.309155803125 0.905941709375 0.3073011796875 0.9063142609374999 0.293320240625 0.9636536031249999 0.29389088750000003 0.9673791796875 0.28904036093749996 0.9705459125000001 0.1956959640625 0.9716635984374999 0.08833419218750001 0.8518863078125 0.0877635453125 0.8464842359375 0.0843396390625 0.8008459218749999 0.0837689859375 0.7924633765625 0.085766265625 0.7671294609375 0.085338278125 0.7675567671875 0.08631688125 0.7649348953125 0.160912190625 0.7623544328125 0.2950863359375 0.7624108921875 0.3084140921875 0.7944409515624999 0.3094411203125
4 0.761712915625 0.3312942875 0.759874415625 0.3989891296875 0.7581841546875 0.45208477968749994 0.78097980625 0.45385418906249997 0.8112788562500001 0.4543351484375 0.8225227 0.45412511875000006 0.8289216359375 0.45496522968750003 0.8637501453124999 0.45076466562500006 0.8640074265625 0.43858301875 0.9413994203125 0.440015553125 0.965972665625 0.4351709140625 0.9658327718749999 0.35608070468749997 0.9678455406250001 0.31104830156249996 0.8718052187499999 0.30987968125 0.7815024 0.3118399453125 0.7719954062500001 0.312680059375 0.7724942609375 0.314509578125 0.7715620109375 0.3259639140625 0.7653899046875 0.3246564625 0.762500840625 0.32556161875 0.761712915625 0.3312942875
4 0.7519501890625 0.642861425 0.75600451875 0.6572930343750001 0.7791951984375001 0.6599331359375 0.8808894296875 0.6588531 0.886060328125 0.6620932265625 0.8935816328125 0.6622132281249999 0.9083576015625001 0.6581330640624999 0.9088276875 0.646972621875 0.9550523421875001 0.6482926765625 0.9578728109375 0.6446925328125 0.9613367593750001 0.5116857296874999 0.9645236531249999 0.45877170312500004 0.9412239078125 0.4544800484375 0.87973021875 0.4534636015625 0.824657721875 0.4556504640625 0.8206355296875 0.45453031250000003 0.8135966984375 0.454600321875 0.8057992875 0.4565605890625 0.7736217703125 0.456140528125 0.770970784375 0.4574007 0.7715875624999999 0.45741482187500004 0.77026255625 0.47029602812500004 0.75867149375 0.46829152656249995 0.7564280703125 0.5021316796875 0.7519501890625 0.642861425
4 0.752218790625 0.77520789375 0.760054440625 0.772086778125 0.8606103718749999 0.772280121875 0.9019939109375 0.7717925250000001 0.9037765984374999 0.76672151875 0.9020289531250001 0.7569400171875 0.949143 0.7592640015625001 0.95479138125 0.7550733359375 0.9563800062500001 0.6627154421875 0.8843630765625001 0.663256171875 0.8792442234375001 0.659741425 0.8737723531249999 0.6596062375 0.8728897921875 0.66244508125 0.8058152062499999 0.66082288125 0.7782793203125 0.66082288125 0.768799646875 0.663087671875 0.7695899140625 0.6767414484375001 0.7560463234375 0.6774179140625 0.7535437078125 0.7397940265625 0.752218790625 0.77520789375
4 0.7508231984375 0.8848460359375 0.74592210625 0.9466484765625 0.7474301421875 0.9499688953125001 0.7979491046875 0.9505463640625 0.799645640625 0.9381308374999999 0.9470198984374999 0.9374090046875001 0.9498474531250001 0.9186413546875001 0.955454625 0.8164471624999999 0.9514952546875 0.7782202328125 0.8990489390624999 0.773026190625 0.8754669421875001 0.7723179390625 0.8137375953125 0.7731147234375 0.8054633625 0.7747968171874999 0.7665068328125 0.7746197546875 0.7662059328125 0.7784701187499999 0.76684600625 0.79033125625 0.7536507515624999 0.7901868828125 0.7517657171875001 0.8024580406249999 0.7508231984375 0.8848460359375
6 0.96414629375 0.9189682375 0.9606285546875 0.9181380921875 0.9602582640625 0.942243003125 0.9810869703125 0.942243003125 0.9815498312500001 0.90866016875 0.9759029453125001 0.9073840265625 0.9763658062499999 0.9009324187500001 0.96802439375 0.900695196875 0.968867465625 0.9028553578125 0.966182875 0.9038479125000001 0.96414629375 0.9189682375
3 0.9777543859375 0.8972615984375001 0.9790503890625001 0.8994593999999999 0.9850675703125 0.8987504328125 0.9853452890625001 0.883915003125 0.97784695 0.8805644203125 0.9731257843750001 0.8795718656249999 0.9669234546875 0.8802099359375 0.9654422953124999 0.885563628125 0.9637760046875 0.8988922265625 0.9720149078125001 0.8981832578125 0.9734960671874999 0.8970489078125 0.9777543859375 0.8972615984375001