4 0.4788765296875 0.1796875 0.5041453125 0.1786745453125 0.5020683640625 0.0766574015625 0.0693749359375 0.07202025937499999 0.0693749359375 0.184857415625 0.0734714671875 0.1884765625 0.0826554015625 0.193359375 0.1967985734375 0.1943359375 0.2742060109375 0.19140625 0.2847019359375 0.18359375 0.303069803125 0.1796875 0.4788765296875 0.1796875
7 0.0826554015625 0.20703125 0.0708474875 0.2119140625 0.0708474875 0.2177734375 0.08527938125 0.22265625 0.1915506109375 0.2216796875 0.19942255312499998 0.2158203125 0.1967985734375 0.2119140625 0.17711871562499998 0.20703125 0.0826554015625 0.20703125
4 0.1666227921875 0.38671875 0.494042553125 0.392111178125 0.5080684062499999 0.38366100625 0.5013894484375 0.3438955078125 0.5007215109375001 0.24249348125 0.4867484703125 0.236328125 0.4500127375 0.234375 0.29257387968750004 0.234375 0.2873259171875 0.23828125 0.237470278125 0.236328125 0.2243503734375 0.240234375 0.1981105640625 0.236328125 0.15087890625 0.23828125 0.1430069640625 0.234375 0.0983992875 0.240234375 0.0879033625 0.251953125 0.0679250453125 0.250943653125 0.066589271875 0.39260827656249997 0.08128296093750001 0.4000643078125 0.139070990625 0.3974609375 0.16744153281250002 0.3990701296875 0.1653108015625 0.3916015625 0.1574388578125 0.3896484375 0.1666227921875 0.38671875
4 0.5005514859375 0.46636380624999996 0.4986669375 0.405354775 0.4868887828125 0.4021991296875 0.0986676359375 0.400039990625 0.06475975 0.41412042343750005 0.06324389375 0.490860303125 0.059577368750000005 0.55682548125 0.0845470703125 0.5683961578125001 0.06324389375 0.5807040531250001 0.067179865625 0.5894931156250001 0.0881717125 0.5933993656250001 0.13802735156249998 0.5914462406250001 0.148523275 0.5953524906250001 0.18263502812500002 0.5914462406250001 0.203626875 0.5953524906250001 0.385993553125 0.5963290531250001 0.4557945 0.597848815625 0.4638036296875 0.5876806375 0.49348459218749996 0.5841743703125 0.5005514859375 0.46636380624999996
7 0.065599525 0.6103515625 0.065599525 0.6181640625 0.0721594765625 0.62109375 0.17580672656250002 0.6220703125 0.1810546875 0.6162109375 0.17711871562499998 0.609375 0.0695354953125 0.607421875 0.065599525 0.6103515625
1 0.92603653125 0.1038578265625 0.9214792171875 0.0894431703125 0.87509765625 0.08984375 0.7701384171875 0.091796875 0.75439453125 0.087890625 0.6233471234375 0.0843657 0.5339801296875 0.08203125 0.52542455 0.080209215625 0.52244590625 0.0957267609375 0.536604109375 0.09765625 0.670427140625 0.099609375 0.6822350546875 0.1044921875 0.6748154343749999 0.11742454218750001 0.7045388921875 0.119140625 0.7198187625 0.12081623749999999 0.7347146734375001 0.1181640625 0.7688097093749999 0.11869643593750001 0.7465225890625 0.103515625 0.9092094093749999 0.10546875 0.92603653125 0.1038578265625
6 0.0314877703125 0.9365234375 0.0472316578125 0.9384765625 0.052479620312499996 0.9306640625 0.052479620312499996 0.9072265625 0.038047725 0.904296875 0.0314877703125 0.9365234375
2 0.9620144921874999 0.12126213593749999 0.5054347828125 0.12126213593749999 0.5054347828125 0.9554584687500001 0.9620144921874999 0.9554584687500001 0.9620144921874999 0.12126213593749999
4 0.1107546765625 0.7580543937499999 0.4923449 0.761029165625 0.4952011234375 0.641188475 0.44721675000000005 0.63693880625 0.30897595624999996 0.6377887296875 0.27070269375 0.6335390578125 0.0890474515625 0.6365138296875 0.086762490625 0.6496878125000001 0.058547635937499995 0.65102991875 0.059914079687499996 0.7733532078125 0.10104356562500001 0.7682536078125 0.10112246093749999 0.7593293046875 0.1107546765625 0.7580543937499999
3 0.03684551875 0.8943427093749999 0.05575960625 0.8921079359374999 0.05055171562500001 0.8678870203125 0.0349280984375 0.8780597984374999 0.03684551875 0.8943427093749999
4 0.061443092187500006 0.7980998140625 0.0641515296875 0.8000136265625001 0.13565432187499998 0.7993085359375 0.14012654375 0.8012233734375 0.1430899125 0.801510875 0.15932401406250002 0.7997858796874999 0.1750045578125 0.8006483781249999 0.22551065625 0.8004567125 0.2278298125 0.7870400890625 0.2509243171875 0.7881810546875 0.37546065 0.7877018890625 0.3804854953125 0.7892352171875 0.3993375625 0.7893701875 0.4860435296875 0.78917851875 0.487718475 0.7786368875 0.48617239375 0.7762410609375 0.3447801484375 0.7742285703125 0.3393687828125 0.7708744125 0.323486740625 0.7735577375 0.16609836875 0.7735577375 0.09547023593750001 0.771909509375 0.088824665625 0.7732912109375001 0.0892045953125 0.7872940546875 0.0676725078125 0.7839700609375 0.06117225 0.7846751515625 0.061443092187500006 0.7980998140625
4 0.2361872671875 0.8160959812499999 0.25288981875 0.8159941515625 0.2661696734375 0.8145685203124999 0.2657589625 0.8040799312500001 0.1963476171875 0.803061621875 0.14473406093750002 0.803061621875 0.13542445 0.8001085203124999 0.13063274062500002 0.80000669375 0.119680265625 0.8003121828124999 0.091066909375 0.7999048578125 0.087781165625 0.8008213375000001 0.08559066875 0.8094769703125 0.086347590625 0.814221153125 0.1327468546875 0.8158679718749999 0.15116864218749998 0.8145685203124999 0.1599306203125 0.8156886609375 0.2361872671875 0.8160959812499999
4 0.05768295624999999 0.9481035703125 0.09597201093749999 0.949947565625 0.1034094546875 0.9466693640624999 0.10451131250000001 0.9339662625 0.21331834375 0.9351956015624999 0.259272021875 0.936834703125 0.41463195781250006 0.9370395968749999 0.4843235625 0.9366298093750001 0.48404809374999996 0.9231071984374999 0.4416271125 0.9194191937499999 0.3543060421875 0.9192142999999999 0.346042190625 0.9208534140625 0.16038158281249998 0.9204436390625 0.1028619234375 0.9200338640625001 0.0896147296875 0.91879033125 0.0849336328125 0.9207146421875001 0.0835762734375 0.9349907078124999 0.070905075 0.9323271765625 0.055203809375 0.935400496875 0.05768295624999999 0.9481035703125
4 0.05828894375 0.911578365625 0.0597806421875 0.9163493609375 0.0700734015625 0.9174588890625 0.11512288125 0.9180136578125 0.14943205937499998 0.9177917515624999 0.15331049531250002 0.90425545 0.2590036171875 0.90580879375 0.3830642421875 0.9047614203125001 0.4285870796875 0.9074243 0.48135066093749995 0.905649046875 0.4832898734375 0.8930003718749999 0.45502345312500003 0.893404684375 0.44905663906250004 0.8905198984375 0.4433881640625 0.8905198984375 0.44115061093749997 0.8926280109375 0.30623798281250003 0.8920732421875 0.1918542640625 0.8916294296875 0.1530451953125 0.8919622890625 0.14976342812500001 0.8890775062499999 0.135741409375 0.8892994125 0.1100841046875 0.88952131875 0.1073990359375 0.891407525 0.08532181093749999 0.8922951515624999 0.0840833328125 0.8938877890624999 0.0860346421875 0.904144496875 0.0736534890625 0.9022582937499999 0.05828894375 0.9045883078125 0.05828894375 0.911578365625
4 0.1927020015625 0.8902979921874999 0.205432215625 0.8902979921874999 0.314783975 0.8902979921874999 0.41434466875 0.8912965765624999 0.4570074 0.8905198984375 0.4576040984375 0.8796464796875 0.43880860625 0.8778712234375 0.299781771875 0.8766507375 0.22791676718749998 0.874209765625 0.21981177187499998 0.875430253125 0.11754715625 0.8762299484374999 0.09674615 0.8745426249999999 0.08839260156249999 0.8737659531249999 0.08424722968750001 0.8774016421875 0.088133528125 0.88818988125 0.10051467656249999 0.8884117859374999 0.1361663984375 0.8879679749999999 0.1927020015625 0.8902979921874999
4 0.0584431296875 0.8731322578125 0.07681421875 0.87364308125 0.154075834375 0.8740261953124999 0.18377864531250002 0.8745370140625001 0.1885860390625 0.8611279671875 0.24907257500000002 0.8621496093750001 0.4139887015625 0.8622773140625 0.48340495 0.8621496093750001 0.48374832031250004 0.8488682624999999 0.394811625 0.848229734375 0.2900676921875 0.8469526828125 0.24603449843749997 0.84507225 0.188828615625 0.8440180875 0.1831697046875 0.846509746875 0.085856615625 0.8466055796875 0.08519075000000001 0.8488713640625001 0.08608561249999999 0.8606171437500001 0.061018510937500006 0.8602340328125001 0.057412971874999996 0.8610002625 0.0584431296875 0.8731322578125
4 0.20968163906249998 0.8435749109374999 0.2339122734375 0.8446290734374999 0.23790637656250002 0.8449165734375 0.2553000671875 0.844149909375 0.30494475 0.8457790718749999 0.3702113453125 0.84664156875 0.3851570390625 0.8456832359374999 0.38696081250000003 0.8325541125000001 0.364704225 0.830686021875 0.32731913437500004 0.8332929390625001 0.27886012656250003 0.8312887359375001 0.2719674609375 0.8318190953125001 0.24301035624999998 0.829949934375 0.192374075 0.830438025 0.1363872859375 0.8298553999999999 0.08978064999999999 0.8297582968749999 0.0859730515625 0.8313923953125 0.086628496875 0.8416582515625001 0.0957762796875 0.8439582453125001 0.134042378125 0.8445332406249999 0.20968163906249998 0.8435749109374999
4 0.152977625 0.8296740281250001 0.17991605 0.8298733984375 0.2182122421875 0.8299748875 0.2673572703125 0.830169928125 0.274961953125 0.8312426875 0.2830910953125 0.8297798343749999 0.306522315625 0.8312426875 0.3814469359375 0.8305600203125 0.425234390625 0.8334857343750001 0.45997989375000004 0.8325104937500001 0.4595865734375 0.82051508125 0.4564397875 0.8199299375000001 0.420383128125 0.8163215609375 0.3232007046875 0.8153463234375 0.2815310125 0.8174918437500001 0.1558855515625 0.8172967968749999 0.1502476015625 0.8149562265625001 0.1436918515625 0.8154438468749999 0.14198735 0.8168091765625001 0.0899749703125 0.8173943203125 0.0851928453125 0.8189343859375 0.0862346703125 0.8280790546875 0.098296653125 0.8286771734375 0.1360908515625 0.828477803125 0.152977625 0.8296740281250001