2 0.516937571875 0.9462890625 0.516937571875 0.9111328125 0.5117681953125001 0.7939453125 0.5078911640625 0.791015625 0.4587820953125 0.791015625 0.31662426250000003 0.794921875 0.31791660624999996 0.9482421875 0.32179363906249997 0.951171875 0.5130605390625 0.94921875 0.516937571875 0.9462890625
2 1 0.48208138125 0.913687159375 0.482421875 0.8645780890625 0.44921875 0.836146521875 0.4375 0.8051302687499999 0.43359375 0.7560211984375 0.447265625 0.7392207265625 0.4560546875 0.7288819765625 0.4716796875 0.718543225 0.5048828125 0.718543225 0.5283203125 0.7262972890625 0.5498046875 0.7262972890625 0.5654296875 0.736636040625 0.5791015625 0.7340513515625 0.6005859375 0.744390103125 0.6083984375 0.744390103125 0.6142578125 0.718543225 0.6494140625 0.718543225 0.6728515625 0.7237126 0.6826171875 0.7237126 0.7021484375 0.7392207265625 0.7783203125 0.7650676062499999 0.8330078125 0.76248291875 0.8720703125 0.7676522953125 0.9951171875 0.771529325 1 1 1 1 0.9540783078124999 0.9951048265625 0.6787109375 1 0.5500612890625 1 0.48208138125
2 0.3793827140625 0.045074196875 0.3487011953125 0.0180367328125 0.3118833109375 0.0018142640625 0.2638156296875 0.007221734374999999 0.21677065 0.031169220312500003 0.199384409375 0.055116678125 0.20040718906250002 0.071339175 0.0715447484375 0.07288415000000001 0.0808080578125 0.445603865625 0.5072223765625 0.4375036875 0.496995203125 0.064386671875 0.38756440625 0.0674766796875 0.3793827140625 0.045074196875
7 0.0827100109375 0.4560546875 0.08400235625 0.474609375 0.18092815 0.4736328125 0.28043863281250003 0.470703125 0.2817309765625 0.4541015625 0.2235755 0.451171875 0.0827100109375 0.4560546875
7 0.5115971078125 0.7204544296875001 0.4613667828125 0.720703125 0.31920895 0.72265625 0.31533191875 0.7255859375 0.31920895 0.74609375 0.5126198093750001 0.741311909375 0.5115971078125 0.7204544296875001
7 0.7314666640625 0.7529296875 0.7250049453125 0.734375 0.5363227312500001 0.736328125 0.5350303859375 0.7548828125 0.53890741875 0.7578125 0.7250049453125 0.755859375 0.7314666640625 0.7529296875
6 0.6733111875 0.94140625 0.6422949328125 0.94140625 0.6384179015625 0.9443359375 0.6422949328125 0.951171875 0.67718821875 0.9482421875 0.6733111875 0.94140625
6 0.7224202562500001 0.939453125 0.687526971875 0.9384765625 0.6888193140625 0.951171875 0.7224202562500001 0.951171875 0.7262972890625 0.9482421875 0.7224202562500001 0.939453125
3 0.7598982296875 0.9404296875 0.7534365109375 0.9375 0.737928384375 0.939453125 0.736636040625 0.9462890625 0.745682446875 0.951171875 0.7598982296875 0.9462890625 0.7598982296875 0.9404296875
4 0.701742753125 0.93359375 0.7495594796875 0.9228515625 0.744390103125 0.8095703125 0.7314666640625 0.7626953125 0.7250049453125 0.755859375 0.559584921875 0.7578125 0.5427844515625 0.7705078125 0.5376150749999999 0.7861328125 0.5324456984375 0.8232421875 0.5324456984375 0.9189453125 0.54149210625 0.931640625 0.701742753125 0.93359375
4 0.5065988203125 0.7802734375 0.5065988203125 0.7705078125 0.5001371015625 0.765625 0.4406892796875 0.75 0.3424711421875 0.75 0.3205012953125 0.7568359375 0.31016254375 0.7744140625 0.31920895 0.7890625 0.48979834999999994 0.7890625 0.5065988203125 0.7802734375
4 0.0995104828125 0.939453125 0.2364989390625 0.9375 0.26234581874999996 0.93359375 0.297239103125 0.9111328125 0.28948504062499997 0.5732421875 0.2739769140625 0.5048828125 0.2532994109375 0.4794921875 0.2364989390625 0.4765625 0.1873898703125 0.4765625 0.0995104828125 0.486328125 0.0930487625 0.4912109375 0.0827100109375 0.5107421875 0.0827100109375 0.8193359375 0.08787938749999999 0.9306640625 0.0995104828125 0.939453125
4 0.3967495875 0.712890625 0.5040141328125001 0.6748046875 0.49626006875 0.4677734375 0.4432739671875 0.44921875 0.31662426250000003 0.44921875 0.3024084796875 0.4541015625 0.3024084796875 0.5478515625 0.31274723125000004 0.7119140625 0.31920895 0.71484375 0.3967495875 0.712890625
4 0.8429219453125001 0.42139318281250004 0.88280785625 0.45538315 0.9421254906250001 0.456928125 0.956334509375 0.4443359375 0.94082638125 0.0556640625 0.761190575 0.0546875 0.7405130718749999 0.056640625 0.7275896328125 0.0625 0.7237126 0.0654296875 0.7237126 0.1005859375 0.740650215625 0.4229381859375 0.8429219453125001 0.42139318281250004
4 0.699158065625 0.7109375 0.7094968171875 0.708984375 0.7159585374999999 0.7021484375 0.7220800453125 0.6071003593750001 0.692117659375 0.59368893125 0.6976662546875 0.42856055625 0.7262972890625 0.4052734375 0.7237126 0.2197265625 0.7107891609375 0.0908203125 0.693988690625 0.076171875 0.6603877484375 0.064453125 0.6345408703125 0.060546875 0.53115335625 0.064453125 0.518229915625 0.06640625 0.5117681953125001 0.0732421875 0.5117681953125001 0.3095703125 0.5246916359375 0.7080078125 0.5337380421875 0.71484375 0.699158065625 0.7109375