4 0.270102709375 0.421408959375 0.31193159062500003 0.422502271875 0.36476809062500004 0.42796883125 0.3728403390625 0.42796883125 0.3728403390625 0.422502271875 0.39412171093750004 0.422502271875 0.39192016406249996 0.40282271875 0.342752896875 0.4033693890625 0.328809909375 0.397356190625 0.3280760875 0.40282271875 0.2979886046875 0.4033693890625 0.2803764640625 0.397356190625 0.26863502499999997 0.404462671875 0.1664680609375 0.4032834125 0.1673650390625 0.4230489421875 0.2202015390625 0.421408959375 0.270102709375 0.421408959375
4 0.4762525484375 0.208984375 0.295197859375 0.2109375 0.2833899453125 0.2001953125 0.3188136890625 0.177734375 0.4788765296875 0.173828125 0.48018851875 0.1318359375 0.451324728125 0.1298828125 0.451324728125 0.1201171875 0.4591966703125 0.1162109375 0.4591966703125 0.1103515625 0.48018851875 0.0947265625 0.4762525484375 0.0859375 0.3188136890625 0.0859375 0.29257387968750004 0.091796875 0.2584621265625 0.0859375 0.1666227921875 0.087890625 0.15875085 0.0859375 0.15087890625 0.076171875 0.1325110390625 0.07421875 0.059039571874999995 0.07421875 0.055103599999999996 0.0771484375 0.055103599999999996 0.0849609375 0.0734714671875 0.0986328125 0.055103599999999996 0.1064453125 0.055103599999999996 0.1142578125 0.0669115140625 0.123046875 0.081343409375 0.1259765625 0.0787194296875 0.1455078125 0.052479620312499996 0.1572265625 0.052479620312499996 0.1865234375 0.081343409375 0.2041015625 0.081343409375 0.2158203125 0.055103599999999996 0.2294921875 0.052479620312499996 0.2646484375 0.059039571874999995 0.296875 0.41458899374999997 0.2958984375 0.4683806046875 0.294921875 0.48018851875 0.2900390625 0.4828125 0.2353515625 0.4762525484375 0.208984375
4 0.9302012562499999 0.11328125 0.936761209375 0.1083984375 0.936761209375 0.0751953125 0.8908415421875 0.0703125 0.51823624375 0.072265625 0.509052309375 0.0771484375 0.511676290625 0.1279296875 0.5431640625 0.1357421875 0.5785878062500001 0.130859375 0.8278659984375001 0.1328125 0.851481828125 0.115234375 0.9302012562499999 0.11328125
4 0.9341372296875001 0.1650390625 0.9210173234375001 0.1572265625 0.9328252375 0.134765625 0.86197775 0.1328125 0.8462338656249999 0.13671875 0.8331139609375 0.130859375 0.69666695 0.1328125 0.667803159375 0.12890625 0.591707709375 0.134765625 0.539228090625 0.130859375 0.5339801296875 0.146484375 0.509052309375 0.1513671875 0.5221722140625 0.1728515625 0.5064283296875 0.1826171875 0.511676290625 0.1923828125 0.509052309375 0.2001953125 0.51823624375 0.205078125 0.8685377046875 0.2041015625 0.8908415421875 0.19140625 0.9223293140625 0.189453125 0.9341372296875001 0.1845703125 0.9341372296875001 0.1650390625
4 0.40054388750000003 0.3342778265625 0.1611310921875 0.3342778265625 0.16917860625 0.3957240640625 0.24623837656249997 0.3909574234375 0.25568909375 0.3597555375 0.40255570937499996 0.35825684375 0.40054388750000003 0.3342778265625
4 0.5293036515625 0.25634595781249997 0.6439804359375 0.2503512234375 0.6439804359375 0.23536432812500002 0.9417375328125001 0.236863021875 0.9538086921875 0.22037743125000003 0.5216006953125001 0.219706075 0.49510188906249997 0.2233747984375 0.49308995468749994 0.2533486109375 0.5293036515625 0.25634595781249997
4 0.52125625 0.2653381203125 0.4971137109375 0.26383942656250003 0.49510188906249997 0.3043040328125 0.8934525671875001 0.3043040328125 0.8929775078125 0.27903725 0.9397256 0.272831546875 0.9316780874999999 0.2473538359375 0.515220559375 0.2503512234375 0.52125625 0.2653381203125
6 0.936761209375 0.9248046875 0.9525050953124999 0.9267578125 0.955129075 0.8974609375 0.9459451421875 0.892578125 0.9393851906249999 0.8955078125 0.936761209375 0.9248046875
3 0.9498811140625 0.8779296875 0.955129075 0.8681640625 0.9433211625 0.86328125 0.9393851906249999 0.8779296875 0.9498811140625 0.8779296875
4 0.527953409375 0.47630976875000003 0.90838335 0.4738092765625 0.9061455203125 0.4604732421875 0.9408317890625 0.4604732421875 0.9206913828125 0.339615365625 0.522829 0.3389226984375 0.5268345265625001 0.3529514015625 0.49998063125 0.35211790781249996 0.49998063125 0.4738092765625 0.527953409375 0.47630976875000003
4 0.8804105703125 0.5679950484375 0.9397128421875 0.56549455625 0.941950671875 0.4738092765625 0.527953409375 0.478810284375 0.5258515781249999 0.48816044999999997 0.5022184609375 0.48881232187499996 0.5033374078125 0.5821646109375 0.8837672859374999 0.5813311062500001 0.8804105703125 0.5679950484375
4 0.5055751749999999 0.7496986203125 0.9341182984374999 0.7463645999999999 0.941950671875 0.5838315984375 0.5268591046875 0.5849025078125 0.5268345265625001 0.5963341515625 0.5044562906250001 0.5913331203125 0.5055751749999999 0.7496986203125
4 0.5313101859375 0.7505321031250001 0.5324290703125001 0.7630346546875 0.5033374078125 0.7622011265624999 0.5044562906250001 0.7755372078125 0.535785784375 0.773870196875 0.7472601046875 0.777204171875 0.74952235 0.7626379203125 0.941950671875 0.7622011265624999 0.9430696171875 0.7488650921875 0.5313101859375 0.7505321031250001
4 0.5055751749999999 0.8355493875000001 0.941950671875 0.8372163984375 0.9408317890625 0.7763706906250001 0.5278666296875001 0.779136565625 0.527953409375 0.791373734375 0.5033374078125 0.789706725 0.5055751749999999 0.8355493875000001
4 0.5313101859375 0.9005625515625001 0.9296426390624999 0.89639505 0.927404809375 0.886393034375 0.9408317265624999 0.884726025 0.9408317265624999 0.8355493875000001 0.5310005671875 0.8389645078125 0.5346669000000001 0.852219396875 0.501099515625 0.852219396875 0.5111697796875 0.898062059375 0.5313101859375 0.9005625515625001
4 0.8971942015625001 0.9305686421875 0.9408317890625 0.929735159375 0.9374750125 0.89639505 0.535785784375 0.8997290687499999 0.5329042609375 0.9163753015625 0.5010995765625 0.91723260625 0.5055751749999999 0.947238696875 0.8927186031250001 0.947238696875 0.8971942015625001 0.9305686421875
2 0.48106521718749995 0.45943365625 0.05696376875 0.45943365625 0.05696376875 0.9455501625 0.48106521718749995 0.9455501625 0.48106521718749995 0.45943365625