2 0.6474732140625 0.4775390625 0.6500223218750001 0.3994140625 0.6474732140625 0.2998046875 0.643649553125 0.296875 0.383640625 0.296875 0.3798169640625 0.2998046875 0.3798169640625 0.4736328125 0.383640625 0.48046875 0.6474732140625 0.4775390625
2 0.748162946875 0.294921875 0.6716897328125 0.294921875 0.6653169640625001 0.2978515625 0.6640424109375 0.4765625 0.9737589281249999 0.4794921875 0.9750334828125 0.298828125 0.748162946875 0.294921875
2 0.63600223125 0.23046875 0.6500223218750001 0.2255859375 0.6449241078125 0.0693359375 0.6385513390625001 0.064453125 0.391287946875 0.064453125 0.3823660703125 0.0673828125 0.3798169640625 0.0771484375 0.3772678578125 0.2177734375 0.3810915171875 0.2265625 0.393837053125 0.23046875 0.63600223125 0.23046875
2 0.3543258921875 0.4775390625 0.356875 0.2998046875 0.35305133906249997 0.296875 0.0497075890625 0.296875 0.045883929687500005 0.3017578125 0.043334821875 0.4482421875 0.0497075890625 0.478515625 0.312265625 0.48046875 0.3543258921875 0.4775390625
2 0.544234375 0.919921875 0.6283549109375001 0.91796875 0.6372767859375 0.9130859375 0.642375 0.7080078125 0.642375 0.6025390625 0.6385513390625001 0.595703125 0.49835044687499996 0.58984375 0.1032388390625 0.5859375 0.0904933046875 0.587890625 0.08412053593749999 0.5966796875 0.081571428125 0.6630859375 0.079022321875 0.9033203125 0.0794064640625 0.9150603421874999 0.1924575890625 0.91796875 0.544234375 0.919921875
1 0.22432142812500003 0.5751953125 0.22049776875 0.56640625 0.1924575890625 0.564453125 0.08284598125 0.56640625 0.079022321875 0.5693359375 0.08284598125 0.578125 0.215399553125 0.580078125 0.22432142812500003 0.5751953125
1 0.938071428125 0.4970703125 0.93424776875 0.48828125 0.8475781250000001 0.484375 0.7048281249999999 0.486328125 0.703553571875 0.4970703125 0.7099263390624999 0.5 0.9138549109375 0.501953125 0.938071428125 0.4970703125
1 0.5837455359375 0.2509765625 0.5799218749999999 0.244140625 0.5314888390625 0.240234375 0.3785424109375 0.2421875 0.37471875 0.2509765625 0.383640625 0.255859375 0.57737276875 0.2578125 0.5837455359375 0.2509765625
1 0.6474732140625 0.2861328125 0.6449241078125 0.2724609375 0.63600223125 0.26953125 0.3785424109375 0.26953125 0.37216964375 0.2802734375 0.3696205359375 0.2900390625 0.3810915171875 0.296875 0.641100446875 0.29296875 0.6474732140625 0.2861328125
1 0.27402901874999996 0.28125 0.27785267812500003 0.2783203125 0.27402901874999996 0.267578125 0.21285044687500002 0.263671875 0.08412053593749999 0.2666015625 0.081571428125 0.2724609375 0.087944196875 0.27734375 0.105787946875 0.279296875 0.27402901874999996 0.28125
4 0.35846590312500004 0.2486939 0.3619732140625 0.1455078125 0.356875 0.0712890625 0.355790784375 0.056707675 0.087944196875 0.05859375 0.08412053593749999 0.0615234375 0.08412053593749999 0.2451171875 0.0904933046875 0.25390625 0.3428549109375 0.248046875 0.35846590312500004 0.2486939
4 0.356875 0.5478515625 0.356875 0.4990234375 0.347953125 0.490234375 0.08284598125 0.490234375 0.08412053593749999 0.5498046875 0.108337053125 0.55859375 0.34540401875 0.552734375 0.356875 0.5478515625
4 0.641100446875 0.552734375 0.6474732140625 0.5478515625 0.643649553125 0.4921875 0.4601138390625 0.48828125 0.37471875 0.4951171875 0.37471875 0.5478515625 0.3810915171875 0.552734375 0.615609375 0.5546875 0.641100446875 0.552734375
4 0.7663751343749999 0.590989625 0.873872103125 0.590989625 0.9406205359375001 0.5869140625 0.9457187499999999 0.5341796875 0.9406205359375001 0.5146484375 0.93424776875 0.509765625 0.679337053125 0.5078125 0.6652128453125 0.507636175 0.6653169640625001 0.5849609375 0.6643211390625 0.6039709 0.7668673546875 0.6046541249999999 0.7663751343749999 0.590989625
4 0.936796875 0.666015625 0.9431696437499999 0.6123046875 0.93934598125 0.609375 0.70737723125 0.607421875 0.6704151781250001 0.6240234375 0.6678660703125 0.6728515625 0.6716897328125 0.681640625 0.750712053125 0.68359375 0.936796875 0.666015625
6 0.935522321875 0.9208984375 0.9316986609375 0.912109375 0.8501272312499999 0.912109375 0.848852678125 0.9208984375 0.855225446875 0.923828125 0.8807165171875001 0.92578125 0.935522321875 0.9208984375
6 0.9559151781249999 0.8935546875 0.9469933046874999 0.888671875 0.9406205359375001 0.8994140625 0.938071428125 0.9208984375 0.9520915171875 0.921875 0.9610133937500001 0.9091796875 0.9559151781249999 0.8935546875
3 0.9520915171875 0.86328125 0.9457187499999999 0.8681640625 0.9431696437499999 0.8818359375 0.954640625 0.884765625 0.9610133937500001 0.8701171875 0.9520915171875 0.86328125
4 0.9316986609375 0.88671875 0.935522321875 0.8818359375 0.9316986609375 0.841796875 0.7634575890625 0.8359375 0.6946316953125 0.837890625 0.6653169640625001 0.8544921875 0.6653169640625001 0.8916015625 0.70227901875 0.8984375 0.8883638390625 0.900390625 0.9316986609375 0.88671875
4 0.9398583640625 0.7201191484375 0.6982059765625 0.7214855984375 0.6705630828125 0.7378829984374999 0.6678879640625001 0.7494978234375 0.6973142703125 0.7508642734375 0.9389666578125 0.7563300734375 0.9398583640625 0.7201191484375
4 0.8711969843749999 0.8185035484375 0.9398583640625 0.8198699984375001 0.9407500703125 0.7570132984375 0.6964225640625 0.7542803984375 0.6652128453125 0.7672616734375 0.6643211390625 0.8294351484375 0.6920825890625 0.8359375 0.8603236609374999 0.8359375 0.8711969843749999 0.8185035484375
7 0.7647321421875 0.7060546875 0.7583593750000001 0.703125 0.669140625 0.70703125 0.6716897328125 0.712890625 0.712475446875 0.716796875 0.7647321421875 0.7138671875 0.7647321421875 0.7060546875
4 0.9460200109375 0.0627779296875 0.6682573781250001 0.0645588640625 0.668838471875 0.13846763125 0.6705817515625 0.1389128640625 0.88500520625 0.1424747328125 0.887910675 0.129562959375 0.9512498515625 0.126001090625 0.9460200109375 0.0627779296875
7 0.8542072578125 0.1447009 0.6694195656249999 0.1447009 0.6717439390625 0.17497678125 0.7530970109374999 0.1772029484375 0.756002478125 0.16295547500000002 0.8524639781250001 0.16295547500000002 0.8542072578125 0.1447009
4 0.6949876749999999 0.1923408890625 0.668838471875 0.19367658906250002 0.6653519125 0.2880661 0.9419523578125 0.29118273437500003 0.9442767312499999 0.1803195828125 0.6938254875000001 0.1803195828125 0.6949876749999999 0.1923408890625