0 0.6832776375 0.8701171875 0.6832776375 0.5927734375 0.6663260921874999 0.580078125 0.465515490625 0.578125 0.4537798046875 0.5849609375 0.4485639453125 0.5966796875 0.4485639453125 0.8388671875 0.4537798046875 0.8486328125 0.48116306875000003 0.86328125 0.5307137375 0.8671875 0.5320177015625001 0.8720703125 0.5215859828125 0.8779296875 0.5346256328125001 0.8798828125 0.4498679109375 0.8828125 0.4459560140625 0.8857421875 0.4459560140625 0.9443359375 0.46029962968750004 0.953125 0.6650221265625 0.9541015625 0.6832776375 0.9443359375 0.6832776375 0.8876953125 0.675453846875 0.8837890625 0.6832776375 0.8701171875
4 0.217762146875 0.14453125 0.243841446875 0.1328125 0.44725997968750003 0.1328125 0.45638773437499996 0.1259765625 0.45638773437499996 0.1044921875 0.436828259375 0.095703125 0.4055331015625 0.09765625 0.3846696625 0.09375 0.33511899375 0.09765625 0.3194714140625 0.09375 0.06911014374999999 0.095703125 0.053462564062499995 0.109375 0.0339030890625 0.1181640625 0.0391189484375 0.1298828125 0.03651101875 0.1396484375 0.0456387734375 0.146484375 0.074326003125 0.146484375 0.0808458265625 0.1533203125 0.084757721875 0.146484375 0.0951894421875 0.14453125 0.10301323124999999 0.1484375 0.217762146875 0.14453125
4 0.0299349421875 0.17171810781250002 0.159558628125 0.17031599687500001 0.157552509375 0.152273321875 0.033177009375 0.14776264374999998 0.0299349421875 0.17171810781250002
4 0.3701945859375 0.316160825 0.3742067140625 0.2981181515625 0.44441877500000004 0.29661459218749997 0.45645515625 0.1793373125 0.05341760156249999 0.1771293625 0.0572496625 0.1883586296875 0.031170890624999996 0.1883586296875 0.031170890624999996 0.3101465875 0.3701945859375 0.316160825
4 0.414327875 0.42140966874999997 0.41834000312499997 0.40787767500000005 0.4464247828125 0.40787767500000005 0.44441877500000004 0.32217506406249996 0.0479985265625 0.3164691890625 0.0271587625 0.33119638125 0.029164881250000003 0.41840259062499996 0.414327875 0.42140966874999997
7 0.03651101875 0.4833984375 0.04303084375 0.494140625 0.0834537578125 0.4931640625 0.091277546875 0.4912109375 0.0899735828125 0.482421875 0.048246703125 0.478515625 0.03651101875 0.4833984375
4 0.0220991765625 0.4721680640625 0.1977514609375 0.48099843125 0.19668037656249998 0.45932390312500004 0.44730624687500004 0.46173217031249997 0.44087992500000006 0.42400245156249994 0.052088564062499995 0.422396925 0.0478044078125 0.43524108593750005 0.0220991765625 0.4392549 0.0220991765625 0.4721680640625
4 0.01995706875 0.9422762109375 0.44087992500000006 0.9454872625 0.44516414062500004 0.497856384375 0.0539343546875 0.49687987031249997 0.052088564062499995 0.5127994390625 0.0242412828125 0.5127994390625 0.01995706875 0.9422762109375
6 0.001303965625 0.912109375 0 0.9404296875 0.0104317203125 0.9423828125 0.0156475796875 0.9384765625 0.01303965 0.9208984375 0.0104317203125 0.9150390625 0.001303965625 0.912109375
3 0 0.9072265625 0.0071044828125 0.907757521875 0.0156475796875 0.8994140625 0.0071044828125 0.8836747265625 0 0.8820692015624999 0 0.9072265625
4 0.6989252171875 0.5322265625 0.691101428125 0.5283203125 0.7002291828125 0.525390625 0.7289164109375 0.525390625 0.7341322703125 0.529296875 0.78629086875 0.525390625 0.8488811859375 0.52734375 0.8723525562500001 0.525390625 0.8814803109374999 0.5205078125 0.8893041015625001 0.4287109375 0.8893041015625001 0.1962890625 0.8945199593750001 0.1923828125 0.8893041015625001 0.1708984375 0.8919120296875 0.1044921875 0.8880001359374999 0.1015625 0.8228018875 0.095703125 0.794114659375 0.099609375 0.7784670796875 0.095703125 0.5698326859375 0.095703125 0.535929596875 0.1015625 0.5202820171875 0.09765625 0.5046344375 0.099609375 0.49941857812499996 0.095703125 0.4798591046875 0.0986328125 0.469427384375 0.2236328125 0.469427384375 0.5341796875 0.475947209375 0.5390625 0.5594009671875 0.5390625 0.573242396875 0.540016396875 0.5694654109374999 0.54190365 0.576031121875 0.5404338328125 0.578960440625 0.5439453125 0.585480265625 0.5390625 0.695013321875 0.5390625 0.6989252171875 0.5322265625
0 0.69721846875 0.6446030234375 0.699471525 0.7331969328125 0.9242553859375 0.73967681875 0.92178529375 0.6443298609375 0.69721846875 0.6446030234375
0 0.694994215625 0.7695367390625 0.689590953125 0.9516618484375 0.9106696078125 0.954438978125 0.9156098593750001 0.767447815625 0.694994215625 0.7695367390625
6 0.8970837640625 0.5787241812499999 0.8933784906250001 0.5370677359375 0.48813864531249995 0.5446560515625001 0.488273509375 0.5639130046874999 0.4660421390625 0.5648387078125 0.46480709375 0.5740956984375 0.8970837640625 0.5787241812499999