2 0.0802851171875 0.056180375000000005 0.073230153125 0.29070094218750003 0.6163173875 0.2963841796875 0.6267327500000001 0.0656454125 0.0802851171875 0.056180375000000005
2 0.069566784375 0.3353742296875 0.06579057968749999 0.6294209140625 0.3410540234375 0.631694209375 0.34551772812500003 0.3316201296875 0.069566784375 0.3353742296875
2 0.367000528125 0.341510359375 0.3663484515625 0.6362408 0.6341722812499999 0.6385140328125 0.6386360671875 0.34412322031250003 0.367000528125 0.341510359375
4 0.33834913437499997 0.6754058765625001 0.0630357796875 0.675815853125 0.058436129687500005 0.8155529640625 0.2417479640625 0.8168473640625 0.2417479640625 0.8037281593750001 0.3362024359375 0.8074179375 0.33834913437499997 0.6754058765625001
4 0.058652778125000006 0.9172913093749999 0.33459242499999997 0.9185212281249999 0.3335190765625 0.82135709375 0.09255280625 0.8197171875 0.090853178125 0.8328363921875 0.058652778125000006 0.8320164390624999 0.058652778125000006 0.9172913093749999
4 0.6314045234375001 0.810813665625 0.6356979218750001 0.67839165 0.3604663921875 0.6735370171875 0.3596856140625 0.82106306875 0.6201343953125 0.8251628109375 0.62174440625 0.8104037 0.6314045234375001 0.810813665625
4 0.35648204843750003 0.9202770750000001 0.6301853921875 0.9239668515625 0.6301853921875 0.8276226703124999 0.3874460546875 0.824037034375 0.3881457734375 0.838282015625 0.3575553984375 0.8395119546875 0.35648204843750003 0.9202770750000001
6 0.9464431859375001 0.9196225890624999 0.9480532265624999 0.8901043671875 0.9303430015625 0.8913343093749999 0.9249762531249999 0.9208525296875001 0.9464431859375001 0.9196225890624999
3 0.9303430015625 0.8823148468750001 0.9480532265624999 0.8823148468750001 0.9459065265625 0.86591583125 0.9319530109375 0.86591583125 0.9303430015625 0.8823148468750001
4 0.694735521875 0.24728849843749998 0.693662171875 0.2628675609375 0.6641451453125 0.263277528125 0.651706134375 0.92454230625 0.8004680796875 0.9249522718750001 0.8007057015625 0.9099843484375001 0.9260416593749999 0.906742646875 0.939458515625 0.2501583234375 0.694735521875 0.24728849843749998
4 0.9364943875 0.1748046875 0.9416118421874999 0.0712890625 0.9377737500000001 0.06640625 0.8942753781249999 0.06640625 0.8865991937500001 0.0625 0.7381929796875 0.0625 0.69469460625 0.05859375 0.6819009671875 0.05859375 0.6703866921875 0.0634765625 0.6678279640625 0.1845703125 0.69469460625 0.189453125 0.788088171875 0.1884765625 0.802161175 0.177734375 0.8123960875 0.17578125 0.9326562953125 0.177734375 0.9364943875 0.1748046875
7 0.9364943875 0.2177734375 0.9326562953125 0.21484375 0.8891579203125 0.212890625 0.779132625 0.212890625 0.7688977140625 0.20703125 0.7356342515625001 0.212890625 0.6793422390625 0.208984375 0.6678279640625 0.2138671875 0.6678279640625 0.2197265625 0.675504146875 0.2255859375 0.6678279640625 0.2294921875 0.6716660562500001 0.236328125 0.7317961609375 0.2392578125 0.7407517078125 0.224609375 0.9300975656249999 0.2265625 0.9364943875 0.2236328125 0.9364943875 0.2177734375
1 0.19318395156249998 0.302734375 0.1701554 0.30859375 0.1573617625 0.3046875 0.13945066718750002 0.3046875 0.126657028125 0.30859375 0.121539571875 0.3046875 0.09595229375 0.302734375 0.08059992656250001 0.3046875 0.07164437968750001 0.3095703125 0.0831586546875 0.318359375 0.2507553265625 0.3193359375 0.2533140546875 0.3115234375 0.2494759640625 0.30859375 0.2162125015625 0.30859375 0.19318395156249998 0.302734375
1 0.093393565625 0.642578125 0.058850740624999995 0.6494140625 0.0614094671875 0.6572265625 0.07292374375 0.662109375 0.19446331562500002 0.6611328125 0.200860134375 0.66015625 0.2046982265625 0.6533203125 0.19318395156249998 0.646484375 0.093393565625 0.642578125
1 0.6051391328125 0.650390625 0.589786765625 0.654296875 0.530936025 0.650390625 0.4835995609375 0.6533203125 0.4835995609375 0.6611328125 0.4976725625 0.666015625 0.533494753125 0.6640625 0.601301040625 0.6669921875 0.6230502265625 0.666015625 0.6268883187500001 0.6591796875 0.624329590625 0.6552734375 0.6051391328125 0.650390625