2 0.92998201875 0.91015625 0.9338840421875 0.7705078125 0.926079996875 0.4306640625 0.7374822437499999 0.4296875 0.7335802218749999 0.4990234375 0.7413842671875 0.9091796875 0.7582930296875 0.9140625 0.92998201875 0.91015625
2 0.49165482968749996 0.4404296875 0.48775280624999995 0.435546875 0.2965537078125 0.4384765625 0.3043577515625 0.9111328125 0.3134624703125 0.91796875 0.49815820000000005 0.9140625 0.49165482968749996 0.4404296875
2 0.08454382031249999 0.07421875 0.0754391015625 0.0849609375 0.076739775 0.205078125 0.2653375265625 0.2001953125 0.2614355046875 0.072265625 0.08454382031249999 0.07421875
7 0.8688503328125 0.1748046875 0.8597456140625 0.1640625 0.7947119078125 0.16015625 0.7296781984375 0.169921875 0.734880896875 0.1796875 0.773901121875 0.18359375 0.8597456140625 0.1796875 0.8688503328125 0.1748046875
7 0.5111649421875 0.291015625 0.5189689875 0.3046875 0.60351280625 0.2998046875 0.5996107828125 0.2890625 0.5111649421875 0.291015625
7 0.5970094359375 0.435546875 0.5787999968750001 0.431640625 0.5163676374999999 0.435546875 0.521570334375 0.447265625 0.542381121875 0.44921875 0.5983101093750001 0.4423828125 0.5970094359375 0.435546875
7 0.6360296609375 0.671875 0.570995953125 0.66796875 0.521570334375 0.671875 0.524171684375 0.68359375 0.6503370765625001 0.6826171875 0.6503370765625001 0.6748046875 0.6360296609375 0.671875
7 0.655539771875 0.0830078125 0.646435053125 0.072265625 0.5553878625 0.07421875 0.5514858406250001 0.0869140625 0.5579892109375 0.08984375 0.64123235625 0.08984375 0.655539771875 0.0830078125
7 0.292651684375 0.06640625 0.292651684375 0.080078125 0.3954049421875 0.0791015625 0.39150291875 0.068359375 0.292651684375 0.06640625
7 0.071537078125 0.2109375 0.071537078125 0.224609375 0.1040539328125 0.2255859375 0.1027532578125 0.212890625 0.071537078125 0.2109375
7 0.20420584062499997 0.611328125 0.1209626953125 0.609375 0.079341121875 0.61328125 0.07804044843749999 0.6220703125 0.08454382031249999 0.625 0.20810786406249998 0.6220703125 0.20420584062499997 0.611328125
6 0.06633438281250001 0.88671875 0.0650337078125 0.9150390625 0.0741384265625 0.916015625 0.07804044843749999 0.8876953125 0.06633438281250001 0.88671875
3 0.0689357296875 0.861328125 0.0650337078125 0.8740234375 0.0741384265625 0.876953125 0.07804044843749999 0.8642578125 0.0689357296875 0.861328125
4 0.2671228125 0.2284630484375 0.0960093578125 0.230207040625 0.0921380125 0.24764696874999997 0.0681356734375 0.2499722921875 0.07200701875 0.5394750859374999 0.1200116984375 0.5388937546875 0.12078596718750001 0.519709834375 0.271768425 0.5226164890625 0.2671228125 0.2284630484375
4 0.2663485421875 0.627256053125 0.10220351093749999 0.6301627078125 0.0751040953125 0.6464399734375 0.0843953234375 0.8702523734375 0.2098269046875 0.8685083812500001 0.21214971093749999 0.8504871234375001 0.278736846875 0.8493244609374999 0.2663485421875 0.627256053125
4 0.28183392343749997 0.90280690625 0.2810596546875 0.8719963671875 0.10684912499999999 0.874321690625 0.10684912499999999 0.8894362953125 0.0836210546875 0.8894362953125 0.0851695921875 0.9231534874999999 0.19511579375000002 0.92140949375 0.1974386 0.9039695671875 0.28183392343749997 0.90280690625
4 0.51876024375 0.8138632765624999 0.51721170625 0.9138521921875 0.723167265625 0.9126895312500001 0.7177473828125 0.7952606875 0.548182465625 0.7981673406249999 0.51876024375 0.8138632765624999
4 0.7123275 0.6935277765625 0.546633928125 0.6912024546875 0.5203087828124999 0.7115490359375001 0.5203087828124999 0.7923540328125 0.5938643390625 0.7923540328125 0.5969614140624999 0.7795647515625 0.7138760375000001 0.7749141046875 0.7123275 0.6935277765625
4 0.7115532296875 0.45053145624999996 0.5388912375 0.45460077187500003 0.5117918218749999 0.47494735468749993 0.5164374375 0.6569039296875 0.6139953328125001 0.6569039296875 0.6186409484375 0.64237065625 0.7169731125000001 0.6394640015624999 0.7115532296875 0.45053145624999996
4 0.5334713546875001 0.3081053828125 0.507920478125 0.32031333281249996 0.5055976703125 0.42553422812499997 0.6883251593749999 0.42320890312500004 0.705359078125 0.4057689765625 0.7038105390625 0.3081053828125 0.5334713546875001 0.3081053828125
4 0.5063719390625 0.2331136953125 0.5063719390625 0.283689484375 0.7022620015625 0.2819454921875 0.7007134625 0.21334844375 0.5326970859375 0.21625509843750002 0.5063719390625 0.2331136953125
4 0.2816860375 0.1040582328125 0.285557384375 0.1482393828125 0.3761468578125 0.14940204375 0.4775761 0.144751396875 0.47772398593750004 0.0825489890625 0.306462646875 0.0842929828125 0.2816860375 0.1040582328125
4 0.4775761 0.1476580515625 0.31188252968749997 0.1523086984375 0.307236915625 0.1645166484375 0.28633165156249996 0.16626064062499998 0.2847831140625 0.1831192375 0.448928146875 0.17963125156249998 0.4527994921875 0.165679309375 0.48067317656249997 0.16277265624999998 0.4775761 0.1476580515625
4 0.48144744531250006 0.1837005671875 0.310333990625 0.187188553125 0.307236915625 0.2028844875 0.285557384375 0.20346581874999997 0.285557384375 0.3011294109375 0.4086661578125 0.30054808125 0.40711761874999997 0.2865961390625 0.4829959828125 0.2825268234375 0.48144744531250006 0.1837005671875
4 0.4822217140625 0.30519872812500004 0.31188252968749997 0.30519872812500004 0.31265679999999996 0.32263865625 0.285557384375 0.32321998750000003 0.292525803125 0.3906543734375 0.38853516250000003 0.38774771874999997 0.39240650781249997 0.37030779062499997 0.483770253125 0.3691451296875 0.4822217140625 0.30519872812500004
4 0.7013398468750001 0.090687621875 0.520935165625 0.0935942765625 0.503901246875 0.10812755 0.505449784375 0.2121857828125 0.600684875 0.2121857828125 0.5991363359374999 0.197071178125 0.7013398468750001 0.1953271859375 0.7013398468750001 0.090687621875
4 0.9260257484375 0.058714421875 0.723941534375 0.06336506875 0.726264340625 0.16277265624999998 0.884989490625 0.1610286625 0.8787953375 0.14707672031250002 0.9244772109375001 0.145332728125 0.9260257484375 0.058714421875
4 0.923702940625 0.1854445609375 0.75181521875 0.187769884375 0.7278128781250001 0.20404715 0.725490071875 0.42204624218750003 0.849373115625 0.422627571875 0.8462760390625 0.40635030624999996 0.9260257484375 0.40460631406249997 0.923702940625 0.1854445609375