2 0.921875 0.8994140625 0.9304026406249999 0.426727625 0.5091145828125 0.427734375 0.5026041671875 0.4423828125 0.5 0.9404296875 0.529947915625 0.9453125 0.9153645828125001 0.947265625 0.921875 0.8994140625
3 0.029947915624999998 0.888671875 0.0286458328125 0.9033203125 0.03515625 0.908203125 0.0416666671875 0.8896484375 0.029947915624999998 0.888671875
6 0.0260416671875 0.9150390625 0.0234375 0.9423828125 0.0377604171875 0.943359375 0.0390625 0.9130859375 0.0260416671875 0.9150390625
7 0.1809895828125 0.0859375 0.1809895828125 0.1328125 0.3072916671875 0.1318359375 0.3059895828125 0.0859375 0.1809895828125 0.0859375
1 0.875 0.4189453125 0.87109375 0.41015625 0.8528645828125001 0.408203125 0.51171875 0.408203125 0.5078125 0.4150390625 0.516927084375 0.421875 0.8528645828125001 0.423828125 0.875 0.4189453125
4 0.7161458328125 0.1962890625 0.7083333328125 0.1435546875 0.6471354171875 0.138671875 0.51171875 0.140625 0.5058391546875 0.40036682968750004 0.591047515625 0.40372892812499994 0.7096354171875 0.384765625 0.7161458328125 0.1962890625
4 0.934571778125 0.2517621171875 0.9322916671874999 0.2138671875 0.9283854171874999 0.140625 0.74609375 0.138671875 0.7265625 0.1591796875 0.7255870328125 0.18788226875 0.724690184375 0.251089759375 0.7515980875 0.25445185625 0.934571778125 0.2517621171875
4 0.9336747937500001 0.25632971875 0.7399379703125 0.25632971875 0.7255870328125 0.2731402046875 0.7265625 0.3818359375 0.7264840171875 0.4035895625 0.9327779453125 0.4035895625 0.9336747937500001 0.25632971875
4 0.25534595625 0.5957027515625 0.2598306078125 0.577547396875 0.2552083328125 0.2880859375 0.20963541718749998 0.28125 0.07421875 0.283203125 0.0546875 0.3017578125 0.05208333281250001 0.3642578125 0.05208333281250001 0.6064453125 0.061197915625 0.611328125 0.09300155 0.61385805625 0.25534595625 0.5957027515625
4 0.4739583328125 0.4892578125 0.4739583328125 0.2861328125 0.2903645828125 0.283203125 0.2734375 0.2880859375 0.2670060078125 0.5311505203125 0.3522143671875 0.5311505203125 0.46744791562500004 0.513671875 0.4739583328125 0.4892578125
4 0.2571397890625 0.7409443671875 0.2562428734375 0.613184671875 0.070578296875 0.6152019390625 0.05208333281250001 0.6357421875 0.049479165625 0.7060546875 0.049052028125 0.7449789 0.24009810312500002 0.7443064640625 0.2571397890625 0.7409443671875
4 0.47419691875 0.5324943390625 0.3372395828125 0.533203125 0.2831507765625 0.5324943390625 0.2708333328125 0.5537109375 0.26879990781249996 0.578891290625 0.47509376718749996 0.578891290625 0.47419691875 0.5324943390625
4 0.25534595625 0.7476685609375 0.066093646875 0.7463237171875 0.0454642953125 0.7664963015625 0.05208333281250001 0.9384765625 0.063802084375 0.943359375 0.248697915625 0.943359375 0.2552083328125 0.9326171875 0.25534595625 0.7476685609375
4 0.4759907515625 0.9467047093750001 0.477784584375 0.7664963015625 0.28584152500000004 0.7664963015625 0.26879990781249996 0.778599871875 0.268229165625 0.8974609375 0.2734375 0.9404296875 0.3190104171875 0.9453125 0.4759907515625 0.9467047093750001
4 0.44140625 0.76171875 0.46875 0.7431640625 0.4713541671875 0.6474609375 0.46484375 0.6328125 0.33203125 0.630859375 0.2903645828125 0.6328125 0.28125 0.6396484375 0.2708333328125 0.6533203125 0.2708333328125 0.7431640625 0.2732845578125 0.7624617953125 0.44140625 0.76171875
4 0.315440246875 0.6293227375 0.31992489687500003 0.6145295156249999 0.47688773749999996 0.6138571203125001 0.47688773749999996 0.5815809671875 0.28056144843749997 0.5804662078125 0.266109090625 0.598391453125 0.269696825 0.632012425 0.315440246875 0.6293227375
6 0.4221749453125 0.1401638890625 0.1764160796875 0.13343969375 0.1246939671875 0.13725309375 0.1288787546875 0.169319615625 0.4230718609375 0.1650434140625 0.4221749453125 0.1401638890625
7 0.48585703750000003 0.1760438109375 0.3647714046875 0.1673023359375 0.2598306078125 0.17133684375 0.11908722187500001 0.17341659375000001 0.122600271875 0.2150441078125 0.48585703750000003 0.21773379531249998 0.48585703750000003 0.1760438109375
6 0.2903261765625 0.253372046875 0.2948108265625 0.22916495625 0.1146018265625 0.22387728906249998 0.1190125375 0.2526996375 0.1826945625 0.26076865 0.2903261765625 0.253372046875