2 0.2655922125 0.0515961140625 0.06201146875 0.052177384375000004 0.0527195953125 0.1610312765625 0.268096609375 0.1566287109375 0.2655922125 0.0515961140625
2 0.2664269828125 0.44269230625 0.0649345671875 0.44052173281250007 0.0577284765625 0.6150212765624999 0.2630878171875 0.61753701875 0.2664269828125 0.44269230625
2 0.9300888859375 0.2684765640625 0.7314014546875 0.267802009375 0.7255642265625 0.3980377421875 0.925079915625 0.404327196875 0.9300888859375 0.2684765640625
2 0.4893173625 0.635044175 0.2929363984375 0.63194359375 0.284792703125 0.8910219375 0.4868127875 0.8910219375 0.4893173625 0.635044175
2 0.501938075 0.63084346875 0.49432615625 0.8910219375 0.69551165 0.8960533890625 0.6988508140625 0.6306416109375 0.501938075 0.63084346875
2 0.9325930140625 0.6344152890625 0.73432455625 0.63084346875 0.7272335859375 0.7319005953125 0.9275845796875 0.7381899828125 0.9325930140625 0.6344152890625
2 0.675941665625 0.208984375 0.685023415625 0.2001953125 0.67983384375 0.1865234375 0.66167034375 0.1787109375 0.6720494875 0.1650390625 0.6720494875 0.1298828125 0.66167034375 0.1162109375 0.6733468796875 0.111328125 0.685023415625 0.0986328125 0.675941665625 0.0859375 0.6473990234375 0.0859375 0.624045953125 0.076171875 0.5980980953125 0.056640625 0.577339809375 0.060546875 0.56436588125 0.076171875 0.525444096875 0.0625 0.4865223109375 0.05859375 0.4527900984375 0.064453125 0.4216526703125 0.078125 0.417760490625 0.0673828125 0.40608395625 0.05859375 0.38792045625 0.0546875 0.3619726 0.076171875 0.33602474375 0.0859375 0.3152664578125 0.083984375 0.3009951375 0.0927734375 0.3009951375 0.1044921875 0.321753421875 0.1162109375 0.3139690640625 0.1279296875 0.3139690640625 0.1669921875 0.321753421875 0.1787109375 0.3009951375 0.1923828125 0.3009951375 0.2021484375 0.3126716734375 0.2109375 0.3334299578125 0.208984375 0.3464038859375 0.216796875 0.3619726 0.21875 0.385325671875 0.240234375 0.4138683125 0.232421875 0.4216526703125 0.21875 0.463169240625 0.234375 0.5098753828125 0.236328125 0.54620238125 0.2265625 0.56436588125 0.216796875 0.5682580609375 0.2294921875 0.577339809375 0.236328125 0.6019902734375 0.2392578125 0.624045953125 0.21875 0.639614665625 0.216796875 0.6499938078125 0.208984375 0.675941665625 0.208984375
6 0.9553039296874999 0.868736646875 0.9338096203124999 0.868982040625 0.9253421828124999 0.8841944749999999 0.9272961171875 0.9106936031249999 0.9435797734375001 0.9109389703125 0.9543269109375 0.9082399656250001 0.9553039296874999 0.868736646875
3 0.9559551828125 0.8427282953124999 0.935913209375 0.84052353125 0.932506940625 0.8608850890624999 0.945208115625 0.8648108562499999 0.9592119 0.8520520203125 0.9559551828125 0.8427282953124999
7 0.7475255640625 0.7534365609375 0.7673916015625 0.7539272890625 0.7937708984375 0.7534365609375 0.7934453078125 0.7441127953125 0.782698065625 0.736506578125 0.7215247328125 0.7392364312499999 0.729287971875 0.757853075 0.739058125 0.757853075 0.7475255640625 0.7534365609375
7 0.7377554453124999 0.43538289218750004 0.7449202390624999 0.43685506093750004 0.7504566203125 0.435873615625 0.752410728125 0.4299849203125 0.783675084375 0.4321931515625 0.7888859109374999 0.428512753125 0.7892115015625001 0.42237866406249996 0.784977765625 0.4135456609375 0.7363494687500001 0.41563272500000004 0.724728575 0.4228693859375 0.729613703125 0.42973952656250003 0.7377554453124999 0.43538289218750004
7 0.12709175156250002 0.1852772125 0.1349077984375 0.18355967812500001 0.1349077984375 0.179633884375 0.1358848171875 0.17448128125 0.13165115 0.167611140625 0.060842146875 0.1679943453125 0.058049428125000004 0.1774255890625 0.062608825 0.185522540625 0.12709175156250002 0.1852772125
7 0.0763730015625 0.6384852109375 0.08972556875 0.6379945031250001 0.109265840625 0.63946664375 0.1310857921875 0.6392212749999999 0.2007794390625 0.6392212749999999 0.2007794390625 0.6338233171875001 0.2007794390625 0.6225366609375 0.1737487140625 0.6220459265625 0.1359708859375 0.621555203125 0.0589731140625 0.6229279359375 0.054227353125 0.6340686718749999 0.0607408234375 0.6404480890625 0.0763730015625 0.6384852109375
4 0.0467587234375 0.7636956234375 0.040518871875 0.9205119234374999 0.2660449015625 0.9242057000000001 0.269610659375 0.6415212796875001 0.0788493796875 0.6408497093750001 0.0770665734375 0.6536099078125 0.0498786484375 0.6562962578125 0.0467587234375 0.7636956234375
4 0.093111890625 0.1863758796875 0.04943300625 0.2008150640625 0.0454216765625 0.3854748109375 0.178241303125 0.393533896875 0.194637484375 0.3720544484375 0.2655992125 0.375764325 0.2749589890625 0.1873832734375 0.093111890625 0.1863758796875
7 0.372568196875 0.2521917046875 0.28827751562500004 0.253406503125 0.281644528125 0.276033159375 0.37435100625 0.27166783125 0.372568196875 0.2521917046875
4 0.2758505109375 0.44829602656249995 0.37435100625 0.4472886359375 0.378808046875 0.43251363906250007 0.4920166453125 0.43486420312499996 0.49424528749999996 0.2733467921875 0.3194908609375 0.2751390484375 0.29724415625 0.29013655156249996 0.277187628125 0.29785983437499997 0.2758505109375 0.44829602656249995
4 0.5950826015625 0.2703246390625 0.6748635921874999 0.27166783125 0.6793205875 0.2454758296875 0.5036495875 0.2481202078125 0.50326765 0.282749053125 0.596865553125 0.2840922640625 0.5950826015625 0.2703246390625
3 0.7167596921875 0.4476244203125 0.7207711875 0.28241326718750004 0.5341064765625 0.2857116359375 0.5054962890625 0.3008819875 0.5054962890625 0.44863184531250005 0.7167596921875 0.4476244203125
7 0.33211758750000003 0.461281915625 0.289081728125 0.46015935937499997 0.285318659375 0.4831086078125 0.33434599062500003 0.48142963906249997 0.33211758750000003 0.461281915625
4 0.28041583124999997 0.630522665625 0.495244990625 0.627164709375 0.5001477249999999 0.48579497656250004 0.31327206875 0.48424136874999996 0.3120609171875 0.5015773453125 0.28487287499999997 0.5049352921875 0.28041583124999997 0.630522665625
4 0.595974125 0.631194234375 0.605779496875 0.612725496875 0.7109655312500001 0.6154118828125 0.7136397671875 0.45322285625000003 0.5067948015625 0.45369833281250005 0.5001477249999999 0.45490183437500004 0.495244990625 0.6318658390625 0.595974125 0.631194234375
4 0.7280122312499999 0.6298510234375 0.7895194546875001 0.627836296875 0.80066194375 0.612725496875 0.9330360687500001 0.6110465015625001 0.9348187328125 0.43206775156250005 0.758842553125 0.4337278875 0.7445032874999999 0.4485217265625 0.72489230625 0.4488575015625 0.7280122312499999 0.6298510234375
7 0.812421421875 0.066574878125 0.8308082562499999 0.041413803124999995 0.7216337546875 0.0462012015625 0.7193615203125 0.0566800765625 0.73211974375 0.070532796875 0.812421421875 0.066574878125
4 0.7227387109375 0.08664716875 0.7178605609375001 0.2622092125 0.7794001749999999 0.26164378125 0.7797754046875001 0.2472256921875 0.927995809375 0.245529403125 0.933249190625 0.069684675 0.7623658468750001 0.068454075 0.7445028171875 0.0739252953125 0.7456284265625001 0.08382009375 0.7227387109375 0.08664716875
4 0.713357759375 0.9200303921874999 0.850696171875 0.9186168328125 0.85820089375 0.9025024234375 0.9249938890625 0.908439303125 0.9317482703125 0.75521125 0.7544822156250001 0.75730411875 0.739624665625 0.7684985703125 0.7178605609375001 0.7707602375 0.713357759375 0.9200303921874999
7 0.3296029984375 0.16270193125000001 0.3970923296875 0.16765802968750002 0.6573713359375 0.16577423125 0.6490290609375 0.12809826875000002 0.343701765625 0.12809826875000002 0.3303541234375 0.1519597109375 0.3296029984375 0.16270193125000001