4 0.163535528125 0.2577233671875 0.48835874218750003 0.26054394531249997 0.4872182515625 0.129584378125 0.48773526875 0.11202282968749999 0.4246641078125 0.10889086249999999 0.4159097421875 0.1099348546875 0.4043042328125 0.112470253125 0.3621241375 0.108592578125 0.3101992375 0.1078413203125 0.29965419375 0.110824146875 0.2739880140625 0.1079904609375 0.25687721875 0.109929296875 0.18279566875 0.1076921796875 0.161729234375 0.1071566015625 0.092011846875 0.1088532265625 0.09032600156250001 0.12224840937499999 0.05703473906249999 0.1223371109375 0.058195979687499996 0.27340636093750004 0.1607263984375 0.2724694453125 0.163535528125 0.2577233671875
6 0.0943098890625 0.2963939328125 0.10736179374999999 0.2969376890625 0.10899327031249999 0.291636103125 0.1066366859375 0.28497514375 0.0725679828125 0.28440214531249997 0.07382567031250001 0.2969376890625 0.08470225 0.295034553125 0.0943098890625 0.2963939328125
6 0.1080868890625 0.3023752078125 0.0941286140625 0.2978892515625 0.0734745171875 0.30020981875 0.07364438281249999 0.31420180468750003 0.09902307031249999 0.31501743437499996 0.1084494484375 0.313793990625 0.1080868890625 0.3023752078125
6 0.11316263281250001 0.3420690859375 0.11225624999999999 0.3341846859375 0.0968477609375 0.33404875 0.0723413484375 0.332675040625 0.0729192875 0.346147225 0.1115311421875 0.347642546875 0.11316263281250001 0.3420690859375
6 0.0814392703125 0.3794604359375 0.132015375 0.3809557515625 0.1347345203125 0.3729354109375 0.13292175625 0.367226015625 0.0856086328125 0.3664104 0.072794615625 0.3622506875 0.0721941796875 0.36233226093750004 0.0716503453125 0.3798682453125 0.0814392703125 0.3794604359375
6 0.0634287625 0.41303498125000004 0.1030146171875 0.41410279375 0.14003735625 0.413462103125 0.1420308796875 0.40043480000000004 0.08623466875 0.39873745625 0.06086564531250001 0.3976584859375 0.0540306953125 0.4040653578125 0.0634287625 0.41303498125000004
6 0.1505745890625 0.4484863359375 0.1491506375 0.440584534375 0.14573316249999999 0.4309742265625 0.1195324625 0.43054709999999996 0.0919077921875 0.4301199734375 0.06878834687499999 0.42757729375000003 0.069978946875 0.44592359375 0.10159066718750001 0.44741852499999996 0.1505745890625 0.4484863359375
6 0.0727048671875 0.46416116093750004 0.067700615625 0.47817152968750004 0.12551305468750001 0.4805206984375 0.12152598750000002 0.464717084375 0.0727048671875 0.46416116093750004
6 0.11675199218750001 0.5136443265625 0.13896564375 0.5110815843750001 0.133945015625 0.4980746734375 0.05836998125 0.4984814 0.05495250625 0.5033933328125 0.060648310937500005 0.5108680171875 0.11675199218750001 0.5136443265625
6 0.1096322359375 0.5303022015625001 0.0948231484375 0.5273123390625 0.0716367265625 0.5301189374999999 0.0703311859375 0.54738719375 0.1127649453125 0.5458922546875 0.1190303234375 0.5367090734375 0.1096322359375 0.5303022015625001
6 0.1195956109375 0.5772545703125 0.12158915625 0.5642272671875 0.1027930015625 0.56102383125 0.0942492921875 0.5640137000000001 0.06878834687499999 0.564299484375 0.0740291625 0.577681696875 0.10905837812500001 0.579603753125 0.1195956109375 0.5772545703125
6 0.0843962484375 0.6095207593749999 0.09173766562499999 0.610872934375 0.105356096875 0.609502490625 0.107349640625 0.6024549328125001 0.10222340625 0.5930581921875 0.0922557453125 0.597115871875 0.071280678125 0.5963437484375 0.06984223125 0.6062369140625 0.07563808125 0.6107763484375 0.0843962484375 0.6095207593749999
6 0.0918664609375 0.61319094375 0.0816915203125 0.6107763484375 0.0721703921875 0.614486959375 0.0800171609375 0.6279682625 0.0966319328125 0.62082106875 0.0918664609375 0.61319094375
6 0.26740991406250003 0.295795984375 0.2657904578125 0.28707428749999997 0.20949589375 0.2849508625 0.207932 0.2961271875 0.26505434375000003 0.29844561718749996 0.26740991406250003 0.295795984375
6 0.2671154734375 0.3093753359375 0.265496015625 0.3027512625 0.2503569796875 0.30206834531250004 0.2506265296875 0.3142329921875 0.26049045937500004 0.3156682078125 0.2671154734375 0.3093753359375
6 0.281248825 0.336313240625 0.2838988359375 0.3185386390625 0.27344602500000004 0.316109815625 0.2214764703125 0.3178762328125 0.2201713109375 0.317529296875 0.2186792390625 0.33476762187500003 0.23929039687500003 0.331676396875 0.2697654625 0.332007590625 0.281248825 0.336313240625
6 0.26210989375 0.3458077453125 0.2616682203125 0.3384108609375 0.2566626640625 0.33543003125 0.24532653125 0.33785885625 0.24724042812499997 0.3441517265625 0.2490070953125 0.349340590625 0.26210989375 0.3458077453125
6 0.257030165625 0.3632112140625 0.271016309375 0.36643094062500003 0.274549640625 0.3553908109375 0.267630184375 0.351085165625 0.21133648124999999 0.351350128125 0.21124395312500002 0.364885321875 0.24024680312500002 0.365326928125 0.257030165625 0.3632112140625
6 0.264096853125 0.37579695625 0.258502390625 0.367406459375 0.2470439171875 0.3677773890625 0.249374596875 0.380654609375 0.2615940734375 0.380102603125 0.264096853125 0.37579695625
6 0.23538845468749997 0.3978608234375 0.24392736718750002 0.39765640625 0.26645240000000003 0.39876041875 0.27160518906250003 0.3918051375 0.2682190875 0.3838562546875 0.20655095 0.3826861640625 0.20594393437499997 0.3980980046875 0.21728007656249998 0.3986500109375 0.23538845468749997 0.3978608234375
6 0.2529079296875 0.41530421874999995 0.2617412828125 0.41110897187499995 0.25864962343750003 0.402608075 0.24778015468749998 0.40104604374999997 0.24775514062499998 0.4004000515625 0.24760793125 0.411660978125 0.2529079296875 0.41530421874999995
6 0.247166259375 0.4297667828125 0.252465028125 0.432345259375 0.25761904687500004 0.43230601562500004 0.2643912921875 0.430649996875 0.266894071875 0.41729144375000005 0.20305382968750002 0.41719721718749997 0.2028522625 0.43274761406250006 0.2155134 0.4298771828125 0.247166259375 0.4297667828125
6 0.27204563125000003 0.436871709375 0.254590334375 0.43445274375 0.25673449531250003 0.447249428125 0.2679233953125 0.4471390234375 0.27204563125000003 0.436871709375
6 0.22920388125 0.46502403281250004 0.23582889687500003 0.463588809375 0.26512617656250004 0.46336801562499996 0.27587342656249997 0.46568643437499996 0.2783762046875 0.4508926671875 0.268953971875 0.4503406609375 0.205078478125 0.44991369531250003 0.206089934375 0.464140815625 0.2219899640625 0.46436161875000004 0.22920388125 0.46502403281250004
6 0.24054001406249997 0.46756325312499997 0.228085846875 0.46730726562499997 0.22890941874999998 0.48081140156249996 0.24495669062499997 0.47661615937499996 0.24054001406249997 0.46756325312499997
6 0.2118316046875 0.49528812968749997 0.24849002343749999 0.4957297328125 0.2552622703125 0.5001457828125 0.262476165625 0.49385291093749994 0.26277060625000004 0.48413760312500004 0.25040392031250003 0.48435840625 0.193134346875 0.48192957812500004 0.186803771875 0.4908720796875 0.192545453125 0.49815856875 0.20432325625 0.49837936406249994 0.2118316046875 0.49528812968749997
6 0.26026782656249997 0.5013601984375 0.245692803125 0.501028990625 0.246428915625 0.5106339 0.25953171406250003 0.5137251390625 0.26026782656249997 0.5013601984375
6 0.23656500937499997 0.5293637203125 0.25658726249999997 0.5311685296875 0.2733706484375 0.530064515625 0.2708678453125 0.5157123546875 0.26571505625 0.5158227625 0.2294983234375 0.51670596875 0.2124408359375 0.514794475 0.2085927140625 0.5308373296875 0.2240510921875 0.530064515625 0.23656500937499997 0.5293637203125
6 0.25010948125 0.5335589671875 0.23538722500000003 0.532454953125 0.2273496109375 0.5355011078125 0.23582889687500003 0.547579925 0.2580594890625 0.5434950781250001 0.25010948125 0.5335589671875
6 0.25894283281249997 0.5623736921875 0.2699845234375 0.5663481390625 0.2774928609375 0.5582888453125 0.2733706484375 0.5492359421875 0.2395094609375 0.5508919703124999 0.20286977031250003 0.547372909375 0.199612140625 0.5649129203125 0.21345106249999998 0.562594490625 0.25894283281249997 0.5623736921875
6 0.24878446250000003 0.5666090374999999 0.23986561874999998 0.5675273640625 0.24245391249999998 0.5776491609375001 0.2496678078125 0.5801883921875 0.2561455921875 0.5749995328125 0.24878446250000003 0.5666090374999999
6 0.2757261953125 0.5974109921874999 0.2754317546875 0.5832796250000001 0.270278965625 0.5810716015625 0.25010948125 0.583169221875 0.2150176609375 0.5816078734375 0.21345106249999998 0.5967485781249999 0.2451039 0.594209346875 0.2757261953125 0.5974109921874999
6 0.272340071875 0.6129775609375 0.27381229687499997 0.6096655234374999 0.2699845234375 0.6005022171875 0.2536428125 0.5982941921875 0.24657612499999998 0.6012750359375 0.246428915625 0.6102175296875 0.26129838125 0.6099967234375 0.272340071875 0.6129775609375
6 0.223022425 0.6151732078125 0.2218133109375 0.6146056843750001 0.2200823953125 0.6269316578125 0.2765309734375 0.6279605234375001 0.2749629515625 0.6160550890625001 0.223022425 0.6151732078125
6 0.4544206078125 0.2876375328125 0.37424334375 0.2862854453125 0.3728425625 0.2985476921875 0.45675885625 0.299521815625 0.4544206078125 0.2876375328125
6 0.46455293593749997 0.3127698765625 0.4627342859375 0.3036131296875 0.435714821875 0.30244417968750004 0.43467562812500005 0.3151077625 0.45571962031249996 0.315302590625 0.46455293593749997 0.3127698765625
6 0.443768721875 0.33049888906249997 0.44558733124999994 0.334395390625 0.45805786875 0.333031603125 0.4603960765625 0.31783530625 0.389509303125 0.3174669765625 0.38946993750000003 0.317250834375 0.3868719109375 0.33205748281249997 0.443768721875 0.33049888906249997
6 0.4601362578125 0.33673326875 0.43335833125 0.33573740625 0.4325971984375 0.3482279015625 0.45701863437499995 0.34881238125 0.4601362578125 0.33673326875
6 0.4310383671875 0.367125865625 0.454160828125 0.36615174375000004 0.4564990375 0.35115026718750003 0.3821954546875 0.3505657953125 0.38089644218749996 0.3657621 0.407136528125 0.36556727968749997 0.4310383671875 0.367125865625
6 0.4601362578125 0.37784120468750004 0.4554598421875 0.37004823125 0.432059103125 0.3688677828125 0.43675401718750007 0.38232217031250004 0.45286181562500005 0.38212735000000003 0.4601362578125 0.37784120468750004
6 0.4533814125 0.39948267187500003 0.45883724531250003 0.3852604953125 0.38496199531249997 0.3827533109375 0.3814160796875 0.399677509375 0.425062896875 0.4008464359375 0.4533814125 0.39948267187500003
6 0.45831764843749995 0.4068859953125 0.448964775 0.40182055781250003 0.44013146093750005 0.4049377515625 0.44091087656249994 0.41039284687500005 0.4520824 0.4146789703125 0.45831764843749995 0.4068859953125
6 0.45740559375 0.431063834375 0.46269870781250005 0.41845554375000005 0.40024249375 0.41637754375 0.3920199671875 0.43223126875 0.4343649640625 0.43036337500000005 0.45740559375 0.431063834375
6 0.460830575 0.4420377234375 0.4511783921875 0.43409917187499997 0.4372226890625 0.43593812187500003 0.44308305781249996 0.4469409546875 0.4515789609375 0.44856595312499997 0.460830575 0.4420377234375
6 0.391735365625 0.4648383921875 0.43496517343749996 0.46458413906249996 0.45446096875 0.466999571875 0.4607335234375 0.4545409859375 0.45293519531250004 0.45085426406250007 0.41699512343749995 0.450981390625 0.384300925 0.450046653125 0.3839370359375 0.4494558484375 0.38512373125 0.46394849843749997 0.391735365625 0.4648383921875
6 0.409168921875 0.4807040671875 0.4160537640625 0.480895290625 0.417583746875 0.4724816640625 0.4140138015625 0.4673187578125 0.3966464625 0.4684394140625 0.3979491609375 0.47076070000000003 0.3976941703125 0.4812777296875 0.409168921875 0.4807040671875
6 0.42013369218749996 0.4965752265625 0.4395132515625 0.4986786453125 0.45506793125 0.4994435078125 0.45812785624999997 0.4942806 0.4558329203125 0.48299869375000004 0.3823945 0.48338114687499995 0.38290448125 0.50097325625 0.409168921875 0.4965752265625 0.42013369218749996 0.4965752265625
6 0.43186341562499997 0.5141673499999999 0.444613140625 0.5141673499999999 0.45608789375000003 0.5126375953125 0.4586378375 0.50823958125 0.45404796875000003 0.501164471875 0.42756971093749996 0.5011957421875 0.427783528125 0.5013556953125 0.42650855625000006 0.501546925 0.43186341562499997 0.5141673499999999
6 0.40865894062499997 0.5309945890625001 0.421918646875 0.5309945890625001 0.43874829843749996 0.5319506828125 0.45506793125 0.5329067765625 0.46042282968750003 0.523537071875 0.455322940625 0.515888321875 0.41222884843749996 0.5151234453125 0.3877201609375 0.511955121875 0.38264949062500003 0.5300384953124999 0.39284927187499996 0.5315682515625 0.40865894062499997 0.5309945890625001
6 0.45328297656250005 0.5457184390625 0.45710789375000005 0.5407467546875 0.4555779125 0.5348189640625 0.4313952671875 0.5346693640625 0.4293134703125 0.5480130578125 0.44129824375000004 0.54782184375 0.45328297656250005 0.5457184390625
6 0.42676352656249994 0.5649543921875 0.44716308437499996 0.566484140625 0.4555779125 0.56438073125 0.4586378375 0.5557758890625 0.45506793125 0.55023055 0.384213403125 0.54853700625 0.3851994359375 0.564571953125 0.41324885 0.5632334359375 0.42676352656249994 0.5649543921875
6 0.4568528828125 0.5748977671875 0.4568528828125 0.5670578093749999 0.43681480625 0.5674256921875 0.44231820468749994 0.5800606671875 0.45047802187499997 0.5806343296875001 0.4568528828125 0.5748977671875
6 0.40100908593750006 0.5966967046875 0.41044389531250003 0.5965054734375 0.43186341562499997 0.5972703515625 0.4555779125 0.5961230421875 0.45710789375000005 0.5831201640625 0.3861261796875 0.582010628125 0.3790795640625 0.591342575 0.38851437187500004 0.5972703515625 0.40100908593750006 0.5966967046875
6 0.44257321562499996 0.614728296875 0.4558329203125 0.612816109375 0.46042282968750003 0.608991734375 0.458892846875 0.5998132453125 0.44257321562499996 0.5988571515625 0.42119378281250003 0.6006602171875 0.42242862812500004 0.61013904375 0.428293509375 0.6131985546875 0.44257321562499996 0.614728296875
6 0.4555779125 0.6277882265625 0.462972775 0.6224340890625 0.4555779125 0.616315103125 0.403341184375 0.6150060546875 0.39616420625000004 0.6253023703125 0.4160537640625 0.628935528125 0.4555779125 0.6277882265625
4 0.9299097281250001 0.21806955156250002 0.930522546875 0.1821964015625 0.9312712390625 0.1637500078125 0.9197958703125 0.16208024062499998 0.9059873406250001 0.16488149375 0.7711739 0.162901365625 0.76089659375 0.161834115625 0.6736423640625 0.16114738281250002 0.6485282765625 0.1634671234375 0.6002155375 0.160872684375 0.5889036875 0.1634671234375 0.54927971875 0.161204121875 0.5346708171875 0.16565341718749999 0.5327893875 0.17496143125000002 0.49967632812499996 0.1746793796875 0.49894584999999997 0.2291717796875 0.9307699843749999 0.22741948125000003 0.9299097281250001 0.21806955156250002
5 0.5060351390625 0.2814905828125 0.5048351984375 0.6365039718750001 0.92123301875 0.63445861875 0.9230513218749999 0.2812979578125 0.5060351390625 0.2814905828125
5 0.0454979515625 0.40871365312499996 0.0576923609375 0.4452917078125 0.043211475 0.5384514734375 0.0599787796875 0.5898894046875001 0.056168023437500006 0.6367550390625001 0.48449708437499994 0.635611990625 0.4799241296875 0.6150368359375 0.46925405937500003 0.6190375453125 0.4677297796875 0.3281275796875 0.4677297796875 0.2915495359375 0.4860213640625 0.286977259375 0.47687557187499996 0.2761181359375 0.0515951265625 0.2755466125 0.054643743749999994 0.2972648578125 0.0660760125 0.30926701875 0.06074097656250001 0.3835662203125 0.0454979515625 0.40871365312499996
6 0.58915620625 0.299566559375 0.5864585359375 0.285405775 0.51362505 0.2863386109375 0.513376059375 0.2999343734375 0.545257671875 0.29901484218749996 0.58915620625 0.299566559375
6 0.5386361046875 0.312623903125 0.537900378125 0.3019573390625 0.51362505 0.3019754765625 0.5163189796875 0.3166698421875 0.5285811390624999 0.3168537515625 0.5386361046875 0.312623903125
6 0.5521244890625 0.331750171875 0.5744416140624999 0.3334053171875 0.5908729 0.3372673609375 0.587929990625 0.3185089046875 0.5185307328125 0.3178422953125 0.5170547078125 0.3361639109375 0.531278809375 0.3341409390625 0.5521244890625 0.331750171875
6 0.5607265640625 0.348698134375 0.5676759375 0.345441078125 0.5681971328125 0.3391875296875 0.5605528328125 0.3356699109375 0.541967940625 0.33707921406249997 0.5414420484375 0.348567853125 0.5515186390625 0.34882841875000004 0.5607265640625 0.348698134375
6 0.5276239984375 0.366546803125 0.542912625 0.36563483125 0.5660192828125 0.3666770890625 0.58443513125 0.369282734375 0.5922531765625 0.36407144375 0.59173196875 0.35234604062499997 0.583392715625 0.35091293281249997 0.571926253125 0.352085475 0.518075478125 0.3514146921875 0.513725253125 0.35677563437500004 0.5180686109375 0.3664165234375 0.5276239984375 0.366546803125
6 0.5154625953124999 0.3821806734375 0.5239755796875001 0.3806172859375 0.53196735625 0.37501514999999996 0.515469028125 0.3678679109375 0.5125091109375 0.373060915625 0.5128565796875 0.380487015625 0.5154625953124999 0.3821806734375
6 0.5496882656250001 0.3993779359375 0.5604597890624999 0.3976842625 0.561154728125 0.40081103906250004 0.5797442968750001 0.4012018796875 0.5964227906249999 0.39573002968750004 0.587214878125 0.38413490625 0.554031625 0.38413490625 0.51894429375 0.3839953234375 0.5156363328125 0.3998990578125 0.5269290578125 0.40055046875 0.5496882656250001 0.3993779359375
6 0.5255391921875 0.4157020734375 0.5302300125 0.41166332499999997 0.527971475 0.40671260625 0.5302300125 0.40189215625 0.5146002109375 0.40207757343750006 0.513898990625 0.40944853124999997 0.5163312671875 0.41465982187500006 0.5255391921875 0.4157020734375
6 0.519632221875 0.434410175 0.5330097609375 0.43323762343750005 0.5502094625 0.43323762343750005 0.572099984375 0.4341496 0.5858249984375 0.43740665625 0.592774371875 0.4276354875 0.5894734171875 0.42060024843750005 0.5842613875 0.4183854484375 0.5609809968749999 0.41812488437499995 0.515469028125 0.4178791796875 0.5133777828125 0.4207305296875 0.5135515203125001 0.43089254375 0.519632221875 0.434410175
6 0.5236747828125 0.4671660203125 0.5133536656250001 0.46525180781250003 0.5153419953125 0.48254745000000004 0.5288026718750001 0.480865103125 0.5345715140625 0.4731743921875 0.5236747828125 0.4671660203125
6 0.558928896875 0.5034565843750001 0.5848887656249999 0.5039372546875 0.59097809375 0.49408352187500004 0.5919395796875 0.48254745000000004 0.571748575 0.4815861109375 0.5117509375 0.48478505156249996 0.51540424375 0.49961122031249994 0.532969053125 0.5017742375 0.558928896875 0.5034565843750001
6 0.5298263828125 0.5140313125 0.5314288421875 0.506821265625 0.52309605625 0.5017742375 0.512199325 0.50273558125 0.5105968640625 0.510426290625 0.5189296515625 0.514271653125 0.5298263828125 0.5140313125
6 0.51957065 0.53421944375 0.5394411421875 0.5339791125 0.5637985265625 0.534700115625 0.5916813421875 0.53301776875 0.595527284375 0.518597678125 0.5839895296875001 0.5164346609375 0.5657214734375 0.518357346875 0.514155028125 0.516338753125 0.512199325 0.5164346609375 0.5128402984375 0.5298934171874999 0.51957065 0.53421944375
6 0.5234747140625 0.5477905234375 0.5323730359375001 0.5477905234375 0.5389208578125 0.545650184375 0.5397603203125 0.5404882171875001 0.5387529671875 0.535703953125 0.5271683640625 0.535703953125 0.514299503125 0.5348068375 0.5142406125 0.5407400203125 0.5154158703125 0.546405596875 0.5234747140625 0.5477905234375
6 0.5280078265625 0.5646613390625 0.54194291875 0.5636541312500001 0.5572211703125001 0.5636541312500001 0.5701489203125 0.5670534734375 0.5886171234375001 0.5690678984375 0.59281444375 0.5606324875 0.5911355171875 0.5484200328125 0.5770325093750001 0.54917543125 0.5568853765624999 0.55005674375 0.5157688109375 0.550706840625 0.5170947984375001 0.5628987234375 0.5206205421875 0.5650390468750001 0.5280078265625 0.5646613390625
6 0.5162553328125 0.5797695421875 0.5233068234375 0.5797695421875 0.5264967890625 0.577251509375 0.5281757171875 0.5730967578125 0.5293509609375 0.5685642984375 0.5142406125 0.5666757734375001 0.5122259046875001 0.5690678984375 0.5127295890625 0.574103965625 0.5162553328125 0.5797695421875
6 0.5338840734375 0.5985532234375001 0.5424466015625 0.59817551875 0.5572211703125001 0.59817551875 0.5721636296875 0.60018994375 0.5902960515625 0.59918273125 0.5934860046875 0.58898469375 0.59130339375 0.5806751828125 0.5793830234375 0.5810528921875 0.5656157953125 0.582311909375 0.5469797015625 0.582563709375 0.51744801875 0.5823494218749999 0.5157516515625 0.597797815625 0.5202847625 0.5996863390625 0.5338840734375 0.5985532234375001
6 0.5120580140625 0.6097584765625 0.5191095046875 0.6126542140625 0.5315335734375 0.61391323125 0.5483228484375 0.6132837234374999 0.5541990953125 0.6092548671875 0.5580606328125 0.6020784703125 0.5488265328125 0.60107125625 0.5385850640625 0.6023302734375 0.52750414375 0.6009453578125 0.5134598984375 0.6004533859375 0.5150800765625 0.600693553125 0.5134011484375 0.6009453578125 0.5120580140625 0.6097584765625
6 0.572357853125 0.6301316531250001 0.5773890953125 0.6167550890625 0.5563494437500001 0.6157261265625 0.513612721875 0.6163695875 0.5156423734375 0.6280737125 0.5298212437500001 0.632532575 0.572357853125 0.6301316531250001
6 0.7135937484375 0.2971201390625 0.7077049875 0.28724923125 0.6319334421875 0.28491571875 0.6335760687499999 0.2989384625 0.7032018421874999 0.30101655156249996 0.7135937484375 0.2971201390625
6 0.7929186046875001 0.2989384625 0.7963825734375 0.302055603125 0.8396821796875 0.30127631250000003 0.8438389562499999 0.2914054015625 0.832061459375 0.28335281874999996 0.8130096328124999 0.28517114375 0.7949970078125 0.28517114375 0.75535794375 0.28296691093750004 0.7516974015625 0.296860378125 0.7638212921875 0.302834878125 0.7929186046875001 0.2989384625
6 0.7731739953125001 0.34543563593750004 0.774213196875 0.336084253125 0.760121696875 0.33461032031250004 0.75204379375 0.349851571875 0.7641676828125 0.3501113375 0.7731739953125001 0.34543563593750004
6 0.9164131328125 0.30140106875 0.9158491156249999 0.2861756859375 0.8822160046875 0.2856696125 0.8735504296875 0.302246909375 0.8904699046875001 0.30478446406250004 0.9164131328125 0.30140106875
6 0.6981518906249999 0.306899096875 0.677033090625 0.30364955937500004 0.681796390625 0.317049346875 0.7049197078125 0.317049346875 0.6981518906249999 0.306899096875
6 0.8927595437500001 0.3172102484375 0.9162377125000001 0.3151389390625 0.9137517640624999 0.30436813281249997 0.9062940015625 0.304575265625 0.8902735953124999 0.3072679671875 0.8850255515625 0.304782396875 0.8758129562500001 0.305405325 0.875910490625 0.3124462390625 0.8825396031249999 0.318245903125 0.8927595437500001 0.3172102484375
6 0.8679002875 0.333987853125 0.9043605140625001 0.33523064062499996 0.9115420453124999 0.3317094140625 0.91430418125 0.31990295 0.9068464203125 0.31969581874999997 0.8844731328125001 0.32135286875 0.8588920375000001 0.3173190328125 0.8513274624999999 0.3246669625 0.8587852249999999 0.334609253125 0.8679002875 0.333987853125
6 0.8924833140624999 0.3520082390625 0.9035318625000001 0.3480727609375 0.9120945062500001 0.351179725 0.9145804125 0.3391661265625 0.90933236875 0.3370948171875 0.9002173078125001 0.3389589953125 0.886172703125 0.3357075828125 0.8864066203125001 0.3377162171875 0.886682809375 0.3495226703125 0.8924833140624999 0.3520082390625
6 0.8132099593750001 0.37023575625 0.8173531640625 0.361950521875 0.8123813296875 0.350765453125 0.80050413125 0.352422503125 0.7742638265624999 0.35180110781249996 0.7456254765625 0.352024184375 0.7455375937500001 0.368785846875 0.7828264468749999 0.368992975 0.8132099593750001 0.37023575625
6 0.8800536953125 0.3673359296875 0.8982838203125001 0.366921665625 0.90933236875 0.36940723750000004 0.9159614812499999 0.36319331093749996 0.9104372062499999 0.3520082390625 0.90104595625 0.3536652859375 0.8575107375 0.353578146875 0.8532609515624999 0.3725142015625 0.8687289359375001 0.3681644484375 0.8800536953125 0.3673359296875
6 0.9085037187499999 0.3839064 0.9151328328125 0.3797637828125 0.91237069375 0.37106428281250003 0.8869590390625 0.3704428921875 0.884749321875 0.3785209921875 0.8944168015624999 0.3826636109375 0.9085037187499999 0.3839064
6 0.8756342593750001 0.39985548125000003 0.8944168015624999 0.3984055640625 0.9115420453124999 0.4010982796875 0.91237069375 0.38535631875 0.8877876890625 0.385977709375 0.8575107375 0.385175371875 0.853813390625 0.393227290625 0.8612711531249999 0.401926790625 0.8756342593750001 0.39985548125000003
6 0.913475575 0.4189115265625 0.9151328328125 0.41394038125000004 0.90933236875 0.4039981 0.8836444828125 0.4035838359375 0.8883401078125001 0.4158045546875 0.9018745640624999 0.4158045546875 0.913475575 0.4189115265625
6 0.66521235625 0.335023509375 0.6833895140624999 0.33315933124999997 0.695819121875 0.3335735984375 0.7032769046875 0.33854473125 0.7129443859375 0.3329521984375 0.71128710625 0.31886729687500004 0.69139970625 0.3207314734375 0.651624934375 0.31886729687500004 0.650520075 0.3323308046875 0.6541638078124999 0.33440211406250003 0.66521235625 0.335023509375
6 0.6729463499999999 0.3410303046875 0.6657647765625 0.33688768593749996 0.651006459375 0.3380385265625 0.6547162265625001 0.349108415625 0.6699079828125 0.347658490625 0.6729463499999999 0.3410303046875
6 0.6533351578125 0.366921665625 0.6699079828125 0.3652646203125 0.685652178125 0.3660931390625 0.7016725609375001 0.368785846875 0.7085779046875 0.362779046875 0.7091303453125 0.351179725 0.6953196578124999 0.350558325 0.67819439375 0.35262963125 0.6558210843750001 0.3509725859375 0.6313229406249999 0.35072921562500003 0.6235040859375001 0.36754305781249996 0.6392482609375 0.3677501921875 0.6533351578125 0.366921665625
6 0.89440460625 0.4325568015625 0.90240469375 0.435094934375 0.9139432921875 0.43209532656249994 0.9082509218749999 0.41952003906249996 0.8999431421875 0.420327628125 0.8900968578124999 0.420327628125 0.8767120890625 0.41871245312500005 0.8588373562499999 0.419792740625 0.855173375 0.4275959109375 0.8576349406249999 0.43347976250000003 0.8631734765625 0.434287346875 0.87363513125 0.4339412375 0.8845583453125 0.432441434375 0.89440460625 0.4325568015625
6 0.9087124703124999 0.449862240625 0.9145586984375 0.44951613281249997 0.915020246875 0.44317080468750003 0.9136355999999999 0.43671011093749995 0.8976990171875 0.4382803125 0.8993277359375 0.44397839375 0.8982508046875 0.449862240625 0.9087124703124999 0.449862240625
6 0.8684042968749999 0.4679752671875 0.8873276125 0.46647546875 0.8976354234375 0.46670620312500005 0.91025095 0.46693693906249994 0.9145586984375 0.4640527 0.9124048124999999 0.45586146093749996 0.9074816828125 0.451823525 0.8836352484375001 0.4534387015625 0.8590382562500001 0.45184043125000006 0.8587118828125 0.45170815624999994 0.856558009375 0.46555250781249996 0.8684042968749999 0.4679752671875
6 0.8170190875 0.444209134375 0.8191729515624999 0.44732411406250006 0.82532686875 0.45032372968749995 0.8319423359375 0.4506698296875 0.831788490625 0.44801633750000003 0.8302500109375 0.44270932968750004 0.82748074375 0.43647937031249995 0.8153766015624999 0.43683774687500004 0.8150190609375001 0.43705621875 0.8167113859375 0.43867139374999997 0.8170190875 0.444209134375
6 0.823326853125 0.46693693906249994 0.829634615625 0.4653217734375 0.828403828125 0.45678441718749996 0.823326853125 0.4522850046875 0.8027112234375 0.4541309171875 0.7580953140625 0.4508194578125 0.7580953140625 0.451131309375 0.753633721875 0.4559768328125 0.7557875953125001 0.466821571875 0.7993265734375 0.4658986203125 0.8108651703125 0.46612935625 0.823326853125 0.46693693906249994
6 0.913481765625 0.4813116 0.9148663890625001 0.46989001249999995 0.8982760437499999 0.47001675781249996 0.897020015625 0.47588923281250006 0.8990200453125 0.4826960359375 0.913481765625 0.4813116
6 0.87594285 0.49907852343750003 0.89394305625 0.49677113593750005 0.9010200718749999 0.5004629546875 0.9140971484374999 0.4987324109375 0.9127125265625 0.4854649078125 0.884096796875 0.4861571234375 0.8592305984375 0.484730928125 0.85963496875 0.4852341765625 0.8591734203125 0.49907852343750003 0.87594285 0.49907852343750003
6 0.8948661546875 0.5161532171875 0.9028662437499999 0.51557636875 0.9140971484374999 0.5137304578124999 0.9096355671874999 0.5032318265625 0.8861584921875 0.5034842828125 0.8860968250000001 0.5035779312499999 0.8873276125 0.515345634375 0.8948661546875 0.5161532171875
6 0.907173990625 0.5339080093749999 0.9127125265625 0.5266397265625 0.909327853125 0.51937144375 0.9037893406249999 0.5178716390625 0.885789134375 0.5204097671875 0.87317359375 0.519256071875 0.865481196875 0.5183331156250001 0.858076546875 0.52021804375 0.8576349406249999 0.5318313578125 0.8673273671875 0.5337926421875 0.89394305625 0.531715990625 0.907173990625 0.5339080093749999
6 0.907173990625 0.5486753171875 0.915020246875 0.5429068375 0.909327853125 0.5364461421875 0.87577201875 0.5373845765625 0.8744043703125 0.543829796875 0.8796352031250001 0.54844458125 0.907173990625 0.5486753171875
6 0.860404209375 0.552828625 0.8580964890624999 0.562173559375 0.865481196875 0.566096128125 0.8765582437500001 0.56528854375 0.8910199546875001 0.5636733671874999 0.9005585234375 0.5655192796875 0.9105586406249999 0.565980759375 0.9157894859375 0.559173953125 0.9108663312499999 0.55086735 0.9014816203124999 0.552828625 0.8894814765625 0.5529439921875 0.8782505703125001 0.5504058609375 0.8599999671875 0.552387259375 0.8608657578125 0.551674928125 0.85963496875 0.5522517765625 0.860404209375 0.552828625
6 0.78148020625 0.5482482531249999 0.7810186578125 0.54421031875 0.7797878765624999 0.5375188828125 0.7748647390625 0.5363651859375 0.7642136046875 0.5407024765624999 0.7630184515625 0.5449025375 0.769941609375 0.54801751875 0.78148020625 0.5482482531249999
6 0.7625569015625 0.5637077890625 0.76517231875 0.5663612796875 0.7788647890625 0.5672842359375 0.800865053125 0.566476653125 0.813172890625 0.5660151812499999 0.8187114140625 0.5586315171875 0.8144036671875 0.5519400812499999 0.8028650687500001 0.55147860625 0.7788647890625 0.551363234375 0.7531721796874999 0.552055453125 0.7517875453125 0.5622079765625 0.7559414421875 0.566476653125 0.7625569015625 0.5637077890625
6 0.9004046890625 0.5822357453125 0.9145586984375 0.582697225 0.9171741078125001 0.5760057890625 0.911020190625 0.5696604640625 0.8890199265625001 0.5682760234375 0.888558378125 0.5693143515625 0.8873276125 0.58177426875 0.9004046890625 0.5822357453125
6 0.9036354828125001 0.5996565546875 0.9114817390625 0.5983874874999999 0.9128663609375 0.5840816609374999 0.9022508609375001 0.5856968328125001 0.8905584062499999 0.5835048125 0.8639427171875 0.5847738765625 0.8551914140625 0.5885956593749999 0.8616349968750001 0.5987335953125 0.8988662109375 0.5952725078125 0.9036354828125001 0.5996565546875
6 0.915020246875 0.6144238625 0.91471253125 0.6010409875 0.8765413875 0.60114598125 0.8765582437500001 0.6015024765625 0.8804044671875 0.6140777500000001 0.915020246875 0.6144238625
6 0.7830186796875 0.6141931265625 0.7897879921875 0.613731646875 0.795018825 0.6103859265625 0.798095784375 0.6024254234375 0.769791525 0.6008574671875 0.77086469375 0.6088861171875 0.7737878078125 0.6141931265625 0.7830186796875 0.6141931265625
6 0.783941778125 0.6323749875 0.81301903125 0.62868315 0.8119421015625001 0.6178384109375 0.7714800890625 0.618530628125 0.7711723921875 0.619338215625 0.7716339343749999 0.629721478125 0.783941778125 0.6323749875
6 0.6767990765625 0.5142282765624999 0.6816225484375 0.5018876421875 0.6549516515625 0.5016748921875 0.6541004453125 0.50082379375 0.6611937671875 0.51550490625 0.6767990765625 0.5142282765624999
6 0.6756641609375 0.5316753734375 0.68729720625 0.5338030687499999 0.6960929218749999 0.5314626078125 0.6958091937499999 0.51741981875 0.635941546875 0.51720704375 0.629699421875 0.5227390468750001 0.63565781875 0.532313671875 0.6756641609375 0.5316753734375
6 0.6694220265624999 0.5345048390625 0.6410487375 0.5353559203125 0.6444535453125 0.5483348546875 0.6677196328125 0.5468454671874999 0.6694220265624999 0.5345048390625
6 0.7111307734375 0.5513136296875001 0.6364482859375 0.55049833125 0.635941546875 0.564930878125 0.7074422359375 0.5670585734375 0.7111307734375 0.5513136296875001
6 0.6560865890625001 0.5739306625 0.6357388359375 0.5667270171875 0.6342391546874999 0.5805265125 0.6498444515624999 0.580313746875 0.6560865890625001 0.5739306625
6 0.682757484375 0.6001013125 0.6975115859375001 0.5996757640625 0.69807904375 0.5839308296875 0.6379276796875 0.5835052875 0.6379276796875 0.6011651609374999 0.650695659375 0.596484221875 0.682757484375 0.6001013125
6 0.685878540625 0.60186693125 0.6611937671875 0.60101585 0.6580727093750001 0.614420325 0.6864459984375 0.6127181703125 0.685878540625 0.60186693125
6 0.673394290625 0.6314418890625 0.7043211796875 0.6286758796874999 0.707725965625 0.6184629625 0.661761246875 0.6167607937499999 0.66147751875 0.6167607937499999 0.657505253125 0.6314418890625 0.673394290625 0.6314418890625
6 0.9170249968749999 0.61994351875 0.8946468296875001 0.6174877375000001 0.87562259375 0.6167980640625 0.87390614375 0.629357378125 0.8935552296875 0.6326317593749999 0.915933396875 0.6314038671875 0.9170249968749999 0.61994351875
5 0.544347490625 0.9184797359375001 0.9023976703125 0.9192983187499999 0.9176802328125 0.90906586875 0.92259255625 0.8890102765625001 0.9078557515625001 0.88246150625 0.89966863125 0.78386370625 0.9154970328125 0.7719940875 0.92259255625 0.7425245968749999 0.91058479375 0.719603915625 0.70695311875 0.7204620296875001 0.6360432359375 0.7204225140625 0.5461453203125 0.71800518125 0.5438016890624999 0.718663215625 0.5372519671875 0.8959683453125 0.544347490625 0.9184797359375001
6 0.6787199734375 0.73588913125 0.6819513125000001 0.7312043609375001 0.6821667328125 0.724581046875 0.660193628125 0.7224809750000001 0.6278802296875 0.723611784375 0.6005215578125 0.7221578859375 0.5901812640624999 0.7215117109375 0.57660963125 0.723611784375 0.5692852734375 0.721188621875 0.56109920625 0.720865534375 0.5483961609375 0.7229715484375 0.5466658859375 0.7297504578125 0.555929059375 0.7352429625 0.6401593140624999 0.73653530625 0.6787199734375 0.73588913125
6 0.766908753125 0.7565667687500001 0.7718634640625 0.7702980140625 0.8125783500000001 0.7707826515625 0.8136554625000001 0.7848369796875 0.8339051968750001 0.7869370578125 0.8638489500000001 0.78467545 0.8664340140625001 0.7702980140625 0.8862528921875 0.7704595624999999 0.9103802562500001 0.7698133828125 0.9144732734375 0.7681979421875 0.9179200484375001 0.7397661890625 0.9058563671875 0.7229656062500001 0.8856066515625001 0.723450240625 0.8578171078124999 0.723450240625 0.851139009375 0.7216732546875 0.8455025265625 0.7213935671875 0.8346224453125 0.7226087234375 0.8193354312500001 0.723375534375 0.816671384375 0.7334659703125 0.7981450390625 0.73847384375 0.7804803703125 0.740250821875 0.766908753125 0.7565667687500001
6 0.573330065625 0.7856326765625 0.547811778125 0.7874738046875 0.5455425625 0.8018698109375 0.5772997015625 0.80322290625 0.579104084375 0.7899625796875 0.573330065625 0.7856326765625
6 0.560168253125 0.8186401453125001 0.5729147859375 0.817293871875 0.5804549875 0.817967009375 0.583686509375 0.8120434062499999 0.5851227296875 0.807735325 0.583866034375 0.8055812890625 0.5445566453125 0.8050177656249999 0.542394909375 0.8080045859375 0.543292553125 0.8152744593750001 0.5499351078125 0.8167553640625 0.560168253125 0.8186401453125001
6 0.5709399734375 0.8353339453125 0.5712990265625 0.8366802203124999 0.5759667687500001 0.8373533578125001 0.5772234796875 0.8345261781250001 0.5842250859375 0.8350646906250001 0.5932015203125001 0.8353339453125 0.59463775625 0.8308912421875 0.5940991640625 0.8194479140625001 0.584045559375 0.8181016390625 0.58153215625 0.8226789671875 0.5445566453125 0.8216830578125001 0.5427539609375 0.8346608078125 0.55119181875 0.8343915531249999 0.5709399734375 0.8353339453125
6 0.5520894625 0.8506814671875 0.5648359953125001 0.8512199890625001 0.57417148125 0.851085353125 0.57578724375 0.8487966859375 0.5831479171875 0.8505468515624999 0.5831479171875 0.8395073937499999 0.5761462953125001 0.8399112750000001 0.5705809093750001 0.8384303859375001 0.567887978125 0.8365455890625 0.5623225921875 0.8357378375 0.560168253125 0.8391035234374999 0.545267365625 0.83883425625 0.5454468921875 0.8389688874999999 0.5438311296875 0.8496044484375 0.5520894625 0.8506814671875
6 0.59284246875 0.8502775859374999 0.628209615625 0.851354603125 0.6310820859375 0.8447578640625 0.630004903125 0.8397766593749999 0.5912419078125 0.8393583671875 0.59086765625 0.8395073937499999 0.5901495375 0.8465080296874999 0.59284246875 0.8502775859374999
6 0.5784236968750001 0.8687535937499999 0.5986800984375 0.8670008671874999 0.596862221875 0.8523949578125001 0.5880325 0.85122648125 0.5825788562499999 0.8547318984375 0.5451963531249999 0.8530543796875 0.541286934375 0.8631059562500001 0.5490778609375 0.86797459375 0.5784236968750001 0.8687535937499999
6 0.5817203046875 0.884683234375 0.5925391875 0.8852123437499999 0.6115898343749999 0.883977753125 0.61311859375 0.8738364859375001 0.6100610843750001 0.8687217609375001 0.60312288125 0.8683690234375 0.60077095 0.8728664531250001 0.5926567828125 0.8731310078125001 0.5818378984375 0.8730428296875001 0.5817203046875 0.870044534375 0.5729005593750001 0.869250871875 0.5708924625 0.8716747781249999 0.5457018046875 0.871090528125 0.54397179375 0.884683234375 0.5577305953125 0.8852123437499999 0.5817203046875 0.884683234375
6 0.596302275 0.9023728359375 0.6225263203125 0.901050065625 0.6231143046875001 0.8892332765625 0.54220784375 0.889056909375 0.543148615625 0.89849269375 0.5539675 0.9014909875000001 0.596302275 0.9023728359375
6 0.8984114453125001 0.7929445796875 0.8961026109375 0.790131071875 0.8450193140625 0.78904895 0.8432876828125 0.8031165031249999 0.8981228437500001 0.8029000859375 0.8984114453125001 0.7929445796875
6 0.8934809906250001 0.82011098125 0.9001131890625 0.8173134187500001 0.8963825734374999 0.8070557015625001 0.84578078125 0.805609565625 0.841390621875 0.818245940625 0.8527206234375001 0.819074846875 0.8934809906250001 0.82011098125
6 0.8954153828125 0.8516094375 0.8991459875000001 0.8496407828124999 0.9003895265624999 0.8448745703125 0.8974879421875 0.8411444875 0.8883686765625001 0.840108353125 0.8876778218749999 0.8395902875000001 0.8879541609375 0.8517130500000001 0.8954153828125 0.8516094375
6 0.8991459875000001 0.8235302203125 0.8607345296875 0.8227013140625001 0.8564908015625001 0.8356667234374999 0.883118184375 0.8364818921875001 0.89721159375 0.8335807140625 0.9002513578125001 0.830472315625 0.8991459875000001 0.8235302203125
6 0.9045446125 0.8643036890625 0.9023301640625 0.85799340625 0.8959082421875 0.85566856875 0.8897077812499999 0.8574952281250001 0.8912351218750001 0.8672572093750001 0.8988345109375 0.8708836765625 0.9045446125 0.8643036890625
6 0.9018872484375 0.8804115171875001 0.901444365625 0.87360305625 0.8870902921875 0.871295871875 0.88749333125 0.8832345390624999 0.8994513749999999 0.8832345390624999 0.9018872484375 0.8804115171875001
6 0.880407103125 0.9015011609375 0.902773046875 0.9006708609375 0.9171669640625 0.902995690625 0.9184956124999999 0.896685403125 0.9162811640624999 0.8903751218749999 0.872693971875 0.8885299312500001 0.8724351078125 0.8890466546875 0.8695563171874999 0.9008369046875 0.880407103125 0.9015011609375
6 0.8644630796874999 0.9166126171875 0.8766425468750001 0.9172768609374999 0.9018872484375 0.9161144328124999 0.90830916875 0.90797749375 0.89989425625 0.9059847703124999 0.8486078171875 0.905141071875 0.853027478125 0.9181650937500001 0.8627228203125 0.918251653125 0.8644630796874999 0.9166126171875
6 0.9295169218750001 0.899181315625 0.9320186874999999 0.90257606875 0.9316612890625 0.9166911234375 0.9386900359375 0.9156190890625 0.9384517671875001 0.9133856953124999 0.9446465999999999 0.9144577296874999 0.9507222921875 0.91043761875 0.9525092624999999 0.882118178125 0.9481014078125 0.8780087296874999 0.9481014078125 0.8704151890625 0.9448848578125 0.8696111703125 0.9414300499999999 0.8704151890625 0.9381964734375 0.8734378046875 0.9345204421875 0.8898903875 0.9284447468750001 0.8906050750000001 0.9295169218750001 0.899181315625
3 0.943342809375 0.8692517562500001 0.9473866125000001 0.869468540625 0.9521518640625001 0.8704512265625001 0.9575127718750001 0.8667884671874999 0.9521518640625001 0.8608923015625001 0.9520327359375 0.8542814515625 0.93774965625 0.8538895609375 0.935813440625 0.8700335421875 0.9387093500000001 0.8700335421875 0.943342809375 0.8692517562500001
4 0.15845023593750002 0.10845042499999999 0.1619391609375 0.1063582 0.23288075468749997 0.10775301875000001 0.3025686421875 0.10851968593750001 0.3851371 0.1081709828125 0.3988602296875 0.1118323765625 0.4146766859375 0.1111349703125 0.4183982609375 0.10851968593750001 0.4347326890625 0.1105969546875 0.4795760140625 0.1093332625 0.4859821703125 0.1093332625 0.4863193484375 0.0456970015625 0.42832644062499997 0.040894956249999996 0.218270796875 0.0403894765625 0.207481415625 0.042916868749999997 0.1336416125 0.040136739062499996 0.05757002812499999 0.0420522359375 0.0560822140625 0.1074378578125 0.14286635 0.1065325578125 0.1472856703125 0.10845042499999999 0.15845023593750002 0.10845042499999999
4 0.0734104 0.75297671875 0.1295533328125 0.753607975 0.19723957812499998 0.753899375 0.23141353437499998 0.752005575 0.2875564671875 0.7534785328125 0.3390722609375 0.7535623921875 0.3962823125 0.7535209593750001 0.4295523765625 0.7527883390625 0.44274675312499995 0.7527883390625 0.4401404484375 0.738013765625 0.48486945625000005 0.7371590375 0.48666129218750004 0.7328854 0.48768685781250004 0.676700175 0.489698853125 0.6582072125 0.486537103125 0.6403243468750001 0.457794065625 0.63946251875 0.38191248125 0.6401088890625 0.3638043734375 0.6383852375 0.34598370625 0.641401628125 0.1664153515625 0.64118616875 0.1639779796875 0.637954328125 0.13580984062499998 0.6381697875000001 0.0961870703125 0.63966885 0.09670156875 0.6542509062499999 0.0574535890625 0.6535060968749999 0.0564599375 0.7521937359375 0.0734104 0.75297671875
4 0.0906832515625 0.8864718578125 0.29102217656249996 0.8849636484375001 0.34247218749999997 0.8858254703125 0.34879565 0.8825936328124999 0.3453465 0.8690198890625 0.4878675890625 0.8681580828125 0.488155065625 0.7575274328125 0.44877710000000004 0.756234696875 0.4348608140625 0.7542373765625 0.42476150625000003 0.753266815625 0.3974416046875 0.7546256015624999 0.39788045312500003 0.757634346875 0.2731642859375 0.75705200625 0.2704614078125 0.753946209375 0.264505415625 0.753169759375 0.2571089859375 0.754140321875 0.255118290625 0.7559843890625 0.2443900421875 0.7561785046875 0.239340396875 0.752587421875 0.22419144218749998 0.752587421875 0.22333579062500003 0.7575372875 0.0992990953125 0.7573531828125 0.1010307421875 0.769828346875 0.05561676250000001 0.7702592562499999 0.0590659328125 0.8864718578125 0.0906832515625 0.8864718578125
4 0.21925582187499998 0.9187209265625 0.48999013125 0.9178591796875001 0.4879782140625 0.8861895546874999 0.419575121875 0.8840351609375 0.366117196875 0.885543246875 0.3592194265625 0.8827425281249999 0.34484901562500003 0.8874821953125 0.2439687234375 0.8870513171875001 0.24109463281250001 0.8844660453125 0.22701163750000003 0.8844660453125 0.224424965625 0.887913071875 0.10429259375 0.8883439578125 0.10429259375 0.9014857624999999 0.062905803125 0.8984696218750001 0.06261839687500001 0.9180746109375001 0.21925582187499998 0.9187209265625
7 0.6631506515625001 0.7174459796875 0.66488453125 0.7064574796875001 0.6168084765625 0.70551223125 0.6029373484375 0.703030959375 0.564946309375 0.7059070609375 0.5655798828124999 0.7179186015625 0.5986814359375 0.7191001609375001 0.636038903125 0.7198090968749999 0.6631506515625001 0.7174459796875
4 0.49911645312499997 0.6859647984375 0.51601076875 0.6884272109375 0.6103374078125 0.68807545 0.6084602359375 0.6711902624999999 0.9360222546875001 0.674004471875 0.9317986765624999 0.6419929671875 0.8923786281250001 0.637419896875 0.8125998640625 0.6395305546875 0.7107647015625 0.639882328125 0.6971553953125 0.6360128046875 0.6516345953125 0.639882328125 0.544637284375 0.6395305546875 0.5371286640624999 0.65149088125 0.50193219375 0.65395330625 0.4967700453125 0.6560639515625 0.49911645312499997 0.6859647984375
7 0.5389562578125 0.24020991406249997 0.49787535624999996 0.2425173359375 0.496531790625 0.2595400234375 0.590947065625 0.25860469375 0.5896992765625 0.245821875 0.5389562578125 0.24020991406249997
4 0.6702952390625 0.2784588375 0.7183326734375 0.2746779265625 0.7550813 0.277918703125 0.789187853125 0.275938228125 0.7867860078125 0.259734365625 0.746434596875 0.26045453749999997 0.724817759375 0.258474065625 0.701039203125 0.262435009375 0.6861476109375 0.2582940234375 0.5912736984375 0.261174709375 0.5249820828125 0.26171483906250004 0.5182568203125 0.25757385 0.500959546875 0.2608219890625 0.497600734375 0.274857978125 0.5461185328125 0.2757581921875 0.6373896265625 0.2782787875 0.6702952390625 0.2784588375
4 0.7098084515624999 0.16107385937500002 0.7901070515625 0.161193321875 0.790098209375 0.1614162734375 0.9304036281249999 0.16310715 0.9304036281249999 0.0603022515625 0.9281479078125001 0.0444593875 0.49775783125000006 0.0437830484375 0.4971851671875 0.0443152453125 0.49798403437500005 0.16302757968749998 0.5546863359375 0.1592757 0.611899175 0.16107385937500002 0.7098084515624999 0.16107385937500002