2 0.7046657046875 0.815295815625 0.70703125 0.716796875 0.0390625 0.7158203125 0.035350479687500005 0.9507712625 0.9088541671874999 0.9482421875 0.9042809046875 0.8170995671875 0.7046657046875 0.815295815625
2 0.4635416671875 0.3935546875 0.4609375 0.0908203125 0.06901041718749999 0.087890625 0.0416666671875 0.0927734375 0.0390625 0.1201171875 0.0364583328125 0.4345703125 0.045572915625 0.439453125 0.45703125 0.439453125 0.4635416671875 0.3935546875
2 0.9140625 0.2099609375 0.82421875 0.205078125 0.7161458328125 0.2080078125 0.7135416671875 0.3896484375 0.8059895828125001 0.39453125 0.91015625 0.392578125 0.9140625 0.2099609375
6 0.01953125 0.953125 0.02734375 0.951171875 0.03125 0.9443359375 0.03125 0.9248046875 0.02734375 0.921875 0.016927084375000002 0.921875 0.015625 0.9228515625 0.013020834375000002 0.9365234375 0.013020834375000002 0.9521484375 0.014322915624999998 0.953125 0.01953125 0.953125
3 0.03125 0.9072265625 0.03125 0.8955078125 0.029947915624999998 0.89453125 0.01953125 0.89453125 0.018229165624999998 0.8955078125 0.018229165624999998 0.9091796875 0.0247395828125 0.912109375 0.03125 0.9072265625
7 0.045572915625 0.453125 0.048177084375 0.462890625 0.11197916562500002 0.4619140625 0.11067708437499998 0.451171875 0.045572915625 0.453125
4 0.243648896875 0.651693490625 0.24499502343750001 0.46946161562500005 0.0572103765625 0.4679472234375 0.03903766875 0.4846055390625 0.0349992890625 0.664313428125 0.08413290625 0.6663326171875 0.0854790328125 0.648159909375 0.243648896875 0.651693490625
7 0.2631677296875 0.5355900796874999 0.3573965859375 0.5355900796874999 0.3580696484375 0.52196055 0.260475478125 0.522465346875 0.2631677296875 0.5355900796874999
4 0.4329048578125 0.7082308046875 0.433577921875 0.6910676921875 0.46925027343750003 0.6890485015625 0.47194252812500004 0.541142853125 0.27460980468749996 0.5401332578125 0.27460980468749996 0.5547723828125 0.25925454062500003 0.5542675859374999 0.2599276046875 0.7077260062499999 0.4329048578125 0.7082308046875
7 0.51953125 0.0859375 0.4908854171875 0.087890625 0.4934895828125 0.09765625 0.5221354171875 0.09765625 0.5260416671875 0.0908203125 0.51953125 0.0859375
7 0.782552084375 0.087890625 0.717447915625 0.0859375 0.7135416671875 0.0927734375 0.720052084375 0.09765625 0.7838541671875 0.0947265625 0.782552084375 0.087890625
7 0.532552084375 0.408203125 0.4908854171875 0.408203125 0.48697916562500004 0.4130859375 0.49609375 0.41796875 0.5338541671875 0.4150390625 0.532552084375 0.408203125
7 0.717447915625 0.677734375 0.717447915625 0.685546875 0.7526041671875 0.6865234375 0.751302084375 0.677734375 0.717447915625 0.677734375
4 0.6809895828125 0.21484375 0.6901041671875 0.2099609375 0.6892167671875 0.11812260000000001 0.53515625 0.1171875 0.50390625 0.12109375 0.4895833328125 0.1376953125 0.4908854171875 0.228515625 0.5438351046875 0.23119722656250002 0.5451812328125001 0.2155485046875 0.6809895828125 0.21484375
4 0.6875 0.3447265625 0.6953125 0.2685546875 0.6901041671875 0.2392578125 0.68359375 0.234375 0.514322915625 0.234375 0.48697916562500004 0.2548828125 0.48177083437499996 0.3525390625 0.48828125 0.361328125 0.532552084375 0.36328125 0.6875 0.3447265625
4 0.579427084375 0.69921875 0.688802084375 0.685546875 0.6946012734375 0.615348075 0.687870640625 0.4230202515625 0.516927084375 0.421875 0.49869791562500004 0.42578125 0.484375 0.4443359375 0.48177083437499996 0.6103515625 0.48697916562500004 0.6884765625 0.49869791562500004 0.697265625 0.579427084375 0.69921875
4 0.9140625 0.7861328125 0.9175717828125001 0.6925820828125 0.7304601984375 0.6920772859375 0.7129605546875 0.7082308046875 0.7116144265625 0.8046471140625 0.7614211078124999 0.8041423171875 0.763440296875 0.7905127859375 0.9140625 0.7861328125
4 0.904947915625 0.642578125 0.9166666671874999 0.6357421875 0.919270834375 0.6220703125 0.9140625 0.4130859375 0.87109375 0.408203125 0.7135416671875 0.4130859375 0.7135416671875 0.6513671875 0.7278645828125 0.658203125 0.8528645828125001 0.658203125 0.904947915625 0.642578125
4 0.9189179078124999 0.1978805953125 0.9182448453125 0.0999498921875 0.7311332609375001 0.10146428437499999 0.7116144265625 0.117617803125 0.7109375 0.1669921875 0.7109413640625 0.197375796875 0.7984395875 0.1983853921875 0.9189179078124999 0.1978805953125