2 0.737557471875 0.2014324625 0.5422413796875001 0.2014324625 0.5422413796875001 0.40630174218750004 0.737557471875 0.40630174218750004 0.737557471875 0.2014324625
2 0.5161709765625 0.48738562031250005 0.31236350625 0.48738562031250005 0.31236350625 0.5939651421875001 0.5161709765625 0.5939651421875001 0.5161709765625 0.48738562031250005
2 0.96293821875 0.5595533765625 0.75956178125 0.5595533765625 0.75956178125 0.7680065359375 0.96293821875 0.7680065359375 0.96293821875 0.5595533765625
2 0.9629454015625001 0.8309694984375 0.7613649421875001 0.8309694984375 0.7613649421875001 0.9511220046875 0.9629454015625001 0.9511220046875 0.9629454015625001 0.8309694984375
7 0.5828018171875 0.7776967453125 0.58413635 0.7807345125 0.5870497828125 0.7832171328124999 0.726507925 0.782204534375 0.7238388625 0.7533455734375 0.5881399078125 0.7533944375 0.582134534375 0.77111486875 0.5828018171875 0.7776967453125
7 0.41217672343749995 0.2255859375 0.40444841093750006 0.2353515625 0.4083125671875 0.23828125 0.5023403828124999 0.2392578125 0.5100686953125 0.2373046875 0.5062045390625001 0.201171875 0.41217672343749995 0.2041015625 0.41217672343749995 0.2255859375
7 0.148126009375 0.873046875 0.15714237656250002 0.8759765625 0.14168574843749998 0.8818359375 0.14168574843749998 0.8876953125 0.1313813296875 0.8935546875 0.1313813296875 0.9013671875 0.11850080781250001 0.9072265625 0.12494106875 0.91015625 0.229273303125 0.9091796875 0.28208344531249996 0.908203125 0.28337149687499996 0.8740234375 0.27693123750000004 0.869140625 0.148126009375 0.873046875
4 0.1970719953125 0.1015625 0.23571356406250002 0.1015625 0.2408657734375 0.09765625 0.251170190625 0.1015625 0.279507340625 0.1015625 0.28852370625 0.0966796875 0.2859476015625 0.0751953125 0.2588985046875 0.0703125 0.23571356406250002 0.078125 0.2048003109375 0.068359375 0.1017561296875 0.0703125 0.0927397625 0.0751953125 0.0940278140625 0.115234375 0.162294584375 0.1181640625 0.1777512125 0.1123046875 0.17903926406249998 0.103515625 0.186767578125 0.107421875 0.1970719953125 0.1015625
4 0.1945508578125 0.3695520953125 0.1945508578125 0.3533505734375 0.2919713796875 0.35183166250000003 0.29330591093749997 0.12298509531249999 0.11831937343750001 0.12205415156249999 0.11915005468749999 0.14171811406249998 0.0931267765625 0.14019921562499998 0.0864541375 0.3695520953125 0.1945508578125 0.3695520953125
4 0.0924595109375 0.8677193984375 0.198554453125 0.8682257109375 0.1992217375 0.8525304765625 0.29530772656250004 0.852024190625 0.2919713796875 0.3729010359375 0.112911821875 0.3726000953125 0.1158137421875 0.39067109218749996 0.08511960468749999 0.391177384375 0.0924595109375 0.8677193984375
4 0.50905531875 0.6030240203125 0.3068743703125 0.601505121875 0.312991215625 0.9361007000000001 0.4594546140625 0.9367451546875 0.46012189843750007 0.9195310343750001 0.5210660671875 0.917505865625 0.50905531875 0.6030240203125
4 0.342906615625 0.9397120109375001 0.3413844640625 0.939186059375 0.34023755312500004 0.9543946484375001 0.5210660671875 0.9543946484375001 0.5183970046875 0.9386994124999999 0.342906615625 0.9397120109375001
4 0.7436123953125 0.9361679296875 0.7396087984374999 0.79541715 0.5373363328125 0.7979692546875 0.534528903125 0.95591353125 0.6352857359375 0.955407246875 0.6326166718749999 0.9376868406250001 0.7436123953125 0.9361679296875
4 0.5378412984375001 0.7365648171875 0.7426912765625 0.736058503125 0.7433585609375 0.6732775890625 0.5647427640625 0.6709775375 0.5651991078124999 0.6879602265625 0.5418448578125 0.6884665125 0.5378412984375001 0.7365648171875
4 0.537174015625 0.41343373593750005 0.5398430796875 0.6677083109375 0.7139989359375 0.67023979375 0.71495251875 0.6568558578125 0.7400222484375 0.6574692328125 0.7400222484375 0.4139400359375 0.537174015625 0.41343373593750005
4 0.5383058484375 0.0701228109375 0.5405103640625 0.193800334375 0.7446930921875 0.193800334375 0.742024028125 0.070263675 0.5383058484375 0.0701228109375
4 0.31282511562500004 0.19228142343750002 0.383555078125 0.1948129328125 0.3822205453125 0.1755736171875 0.5166756421875001 0.17671872187499998 0.5170078453125 0.07228887187500001 0.314826896875 0.068744790625 0.31282511562500004 0.19228142343750002
4 0.509537840625 0.44763656718749995 0.5075360609375 0.43295392968749996 0.51153965625 0.43092873281250005 0.5142086828125 0.25423081718749996 0.334530453125 0.2523380421875 0.33551208125 0.266200921875 0.30815425625000004 0.26670720625 0.31469679687499996 0.45016805 0.509537840625 0.44763656718749995
4 0.5226808859375 0.48244479062499995 0.520005334375 0.44691777187500004 0.3468325375 0.453845346875 0.34609498125 0.4682340046875 0.31131288281249997 0.4682340046875 0.313988434375 0.48244479062499995 0.5226808859375 0.48244479062499995
4 0.7868911625 0.4509099484375 0.7609831484375 0.4533671984375 0.763142153125 0.55657238125 0.9651591765624999 0.55415265 0.967167615625 0.433709053125 0.7901296421875 0.4328899625 0.7868911625 0.4509099484375
4 0.9650086109375 0.2125550890625 0.78473215625 0.2141932609375 0.7836526234375001 0.2289368578125 0.7588241421874999 0.2289368578125 0.76005921875 0.42518293749999997 0.9229081375 0.42797543750000006 0.9229081375 0.409955475 0.9660881437500001 0.409955475 0.9650086109375 0.2125550890625
4 0.968247090625 0.0654348125 0.7890501703125 0.06789206406250001 0.78581163125 0.0859120265625 0.763142153125 0.0850929359375 0.7599036734375 0.2087753328125 0.8851256171875 0.20795626406249998 0.8851256171875 0.1899363 0.9650086109375 0.189117209375 0.968247090625 0.0654348125
4 0.2966694296875 0.9514973609374999 0.2933906859375 0.918534103125 0.1150849359375 0.9188168031249999 0.11810445624999999 0.9384364515625 0.09092888593750001 0.9403022859375 0.0917485953125 0.9583387999999999 0.2966694296875 0.9514973609374999