7 0.80687415 0.119140625 0.8108101218750001 0.0986328125 0.80949813125 0.08984375 0.722906759375 0.087890625 0.541852071875 0.087890625 0.5300441578124999 0.0947265625 0.5221722140625 0.1064453125 0.536604109375 0.1171875 0.6835470453125 0.123046875 0.80687415 0.119140625
2 0.5431640625 0.4248046875 0.509052309375 0.4501953125 0.5064283296875 0.4638671875 0.5221722140625 0.4912109375 0.5169242515625 0.5166015625 0.5247961953125 0.5302734375 0.541852071875 0.54296875 0.5785878062500001 0.544921875 0.6284434453125 0.537109375 0.690106996875 0.4794921875 0.7032269015625 0.4501953125 0.7347146734375001 0.4091796875 0.7347146734375001 0.3759765625 0.7110988453125 0.3466796875 0.7110988453125 0.3193359375 0.667803159375 0.28515625 0.63369140625 0.2734375 0.6284434453125 0.27734375 0.6153235390625 0.2734375 0.5602199390625 0.27734375 0.55103600625 0.2841796875 0.5431640625 0.3525390625 0.5326681390625 0.3876953125 0.5431640625 0.4111328125 0.5431640625 0.4248046875
2 0.083967390625 0.3720703125 0.0879033625 0.375 0.187614640625 0.375 0.2295983359375 0.369140625 0.242718240625 0.375 0.2794539734375 0.373046875 0.2833899453125 0.3701171875 0.2833899453125 0.3115234375 0.27814198437500004 0.1552734375 0.2558381453125 0.1484375 0.232222315625 0.1484375 0.2191024109375 0.138671875 0.2059825078125 0.13671875 0.08527938125 0.13671875 0.0787194296875 0.1435546875 0.081343409375 0.1767578125 0.0760954484375 0.1904296875 0.083967390625 0.2294921875 0.083967390625 0.3720703125
2 0.5064283296875 0.5927734375 0.511676290625 0.4951171875 0.509052309375 0.4794921875 0.49986837656249994 0.46875 0.308317765625 0.46484375 0.30438179375 0.4697265625 0.3017578125 0.5869140625 0.305693784375 0.58984375 0.49724439531250003 0.595703125 0.5064283296875 0.5927734375
2 0.5011803671874999 0.9443359375 0.5038043484375 0.8466796875 0.49724439531250003 0.837890625 0.313565728125 0.8359375 0.30438179375 0.8408203125 0.3017578125 0.9443359375 0.305693784375 0.947265625 0.43426885156250006 0.94921875 0.5011803671874999 0.9443359375
2 0.851481828125 0.744140625 0.84229789375 0.7529296875 0.8291779890625 0.7939453125 0.8108101218750001 0.8173828125 0.8003141984375001 0.8505859375 0.7699806703125 0.8845560953125 0.7557133328125001 0.8845560953125 0.7503629968750001 0.953556015625 0.817241525 0.951565615625 0.8261586624999999 0.8984887859375 0.8270504296875 0.8845560953125 0.7990022078125001 0.87890625 0.8055621609375001 0.8740234375 0.8108101218750001 0.8564453125 0.8160580843749999 0.8525390625 0.821306046875 0.8544921875 0.8291779890625 0.8720703125 0.8501698375 0.8857421875 0.8501698375 0.8994140625 0.8632897421875001 0.9208984375 0.8711616843750001 0.9501953125 0.9302012562499999 0.951171875 0.9525050953124999 0.8876953125 0.965625 0.8857421875 0.965625 0.8974609375 0.9721849515625 0.8984375 0.9866168484375001 0.8818359375 0.976120925 0.8212890625 0.96824898125 0.8115234375 0.96824898125 0.7666015625 0.96300101875 0.7529296875 0.9538170859375 0.74609375 0.9210173234375001 0.7373046875 0.9210173234375001 0.7255859375 0.9420091703125 0.6982421875 0.9393851906249999 0.6806640625 0.927577275 0.671875 0.9013374671875001 0.666015625 0.8829695984375 0.66796875 0.8685377046875 0.6748046875 0.8606657609375 0.6884765625 0.8632897421875001 0.7099609375 0.8816576093749999 0.7275390625 0.8816576093749999 0.7353515625 0.851481828125 0.744140625
6 0.96300101875 0.9150390625 0.95775305625 0.9443359375 0.980425159375 0.946921409375 0.976120925 0.9150390625 0.96300101875 0.9150390625
7 0.6087635875 0.9111328125 0.604827615625 0.900390625 0.539228090625 0.90234375 0.5379161 0.9111328125 0.5497240140625 0.9140625 0.5864597500000001 0.916015625 0.6087635875 0.9111328125
4 0.541852071875 0.951171875 0.5602199390625 0.947265625 0.575963825 0.953125 0.6782990828125001 0.955078125 0.717658796875 0.953125 0.7268427296875 0.9443359375 0.72421875 0.9228515625 0.7124108359375 0.91796875 0.6494352921875 0.919921875 0.57333984375 0.916015625 0.5497240140625 0.919921875 0.54578804375 0.9306640625 0.5221722140625 0.9404296875 0.5287321671874999 0.94921875 0.541852071875 0.951171875
7 0.18765316875 0.38674902968749997 0.15875085 0.392578125 0.15087890625 0.38671875 0.0815392234375 0.3860855796875 0.0779723546875 0.40068171875 0.10364725 0.40234375 0.18765316875 0.403335546875 0.18765316875 0.38674902968749997
7 0.48543648125 0.6611328125 0.47362856718749996 0.65625 0.358173403125 0.65234375 0.3293096125 0.65625 0.3227496609375 0.6669921875 0.3338942296875 0.6712083046874999 0.477460190625 0.6705448296875 0.48543648125 0.6611328125
7 0.8199940546875 0.572265625 0.758330503125 0.5771484375 0.758330503125 0.5849609375 0.7753863796875 0.591796875 0.8265540093749999 0.5849609375 0.8199940546875 0.572265625
7 0.4591966703125 0.1650390625 0.4591966703125 0.1572265625 0.4500127375 0.15234375 0.310941746875 0.158203125 0.310941746875 0.169921875 0.3424295171875 0.173828125 0.41590098593749997 0.173828125 0.4591966703125 0.1650390625
4 0.2663340703125 0.8671875 0.2833899453125 0.8603515625 0.2912618890625 0.8056640625 0.2938858703125 0.5556640625 0.2833899453125 0.4404296875 0.282841228125 0.405939396875 0.114143171875 0.404296875 0.083967390625 0.4267578125 0.081343409375 0.4794921875 0.081343409375 0.8544921875 0.08527938125 0.859375 0.12463909687500001 0.86328125 0.2663340703125 0.8671875
4 0.44738875624999996 0.455078125 0.49986837656249994 0.44140625 0.509052309375 0.4326171875 0.514300271875 0.4130859375 0.510228153125 0.175718534375 0.33456058125 0.1796993015625 0.3069174703125 0.19694926875000002 0.29913383125 0.3310546875 0.3096297546875 0.4462890625 0.32406165 0.453125 0.44738875624999996 0.455078125
4 0.665179178125 0.2265625 0.730778703125 0.208984375 0.7373386546875 0.2001953125 0.730778703125 0.16015625 0.544476053125 0.158203125 0.5352921187499999 0.1689453125 0.5326681390625 0.2080078125 0.5352921187499999 0.2216796875 0.544476053125 0.2265625 0.665179178125 0.2265625
4 0.5024923578125 0.8125 0.509052309375 0.7939453125 0.508444753125 0.6715640578125 0.3301020125 0.6715640578125 0.3017578125 0.6943359375 0.3070057734375 0.8095703125 0.3844132125 0.814453125 0.5024923578125 0.8125
4 0.596955671875 0.861328125 0.725530740625 0.841796875 0.7347146734375001 0.7744140625 0.734285471875 0.558371921875 0.5536599875 0.5654296875 0.5352921187499999 0.5869140625 0.5326681390625 0.6025390625 0.5300441578124999 0.8349609375 0.5352921187499999 0.8544921875 0.5471000328125 0.861328125 0.596955671875 0.861328125
4 0.9170813515624999 0.662109375 0.9572138984375 0.6598813890625 0.95775305625 0.5986328125 0.9511931046875001 0.59375 0.8226180359375 0.587890625 0.7688264265625 0.5927734375 0.755706521875 0.6279296875 0.755706521875 0.6552734375 0.7622664734375 0.658203125 0.9170813515624999 0.662109375
4 0.95775305625 0.5048828125 0.95775305625 0.4482421875 0.9485691234375 0.443359375 0.8042501703125 0.44140625 0.785882303125 0.443359375 0.758330503125 0.4619140625 0.7596424921875 0.5234375 0.8635839593749999 0.5265421484374999 0.9511931046875001 0.513671875 0.95775305625 0.5048828125
4 0.96300101875 0.3486328125 0.9652394046874999 0.2290703796875 0.7833297265625 0.2297338546875 0.7583618515625 0.2476472734375 0.754794915625 0.43673359375 0.9634560046875 0.44005089843749995 0.96300101875 0.3486328125
4 0.9538170859375 0.2265625 0.9603770375 0.2216796875 0.96300101875 0.1650390625 0.9511931046875001 0.158203125 0.7701384171875 0.158203125 0.760954484375 0.1650390625 0.755706521875 0.1884765625 0.761036884375 0.2257530765625 0.857341990625 0.22641655156249998 0.9538170859375 0.2265625
7 0.6825661875 0.5423488359374999 0.5286510390625 0.5428595140625 0.5309748562500001 0.5609257296875 0.68078265 0.5602622796875 0.6825661875 0.5423488359374999