2 0.3160562578125 0.6732621953125 0.023323765625 0.6732621953125 0.023323765625 0.9999956453125 0.3160562578125 0.9999956453125 0.3160562578125 0.6732621953125
2 0.755562571875 0.6725043546875 0.3478358203125 0.6725043546875 0.3478358203125 0.9995862375 0.755562571875 0.9995862375 0.755562571875 0.6725043546875
1 0.30979908125 0.6498475609375001 0.1149081515625 0.6498475609375001 0.1149081515625 0.6673998265625001 0.30979908125 0.6673998265625001 0.30979908125 0.6498475609375001
1 0.594092996875 0.6483362374999999 0.335895521875 0.6483362374999999 0.335895521875 0.6695557484375 0.594092996875 0.6695557484375 0.594092996875 0.6483362374999999
2 0.9700516640625001 0.178571428125 0.33688289375 0.178571428125 0.33688289375 0.42351916406249995 0.9700516640625001 0.42351916406249995 0.9700516640625001 0.178571428125
1 0.8552066593750001 0.4300696859375 0.33393226249999997 0.4300696859375 0.33393226249999997 0.45198606249999995 0.8552066593750001 0.45198606249999995 0.8552066593750001 0.4300696859375
7 0.95754879375 0.10077090625 0.192577496875 0.10077090625 0.192577496875 0.1573649828125 0.95754879375 0.1573649828125 0.95754879375 0.10077090625
4 0.3136165328125 0.17003484375 0.0947187140625 0.17003484375 0.0947187140625 0.3343031359375 0.3136165328125 0.3343031359375 0.3136165328125 0.17003484375
4 0.3204018375 0.335060975 0.10171067812500001 0.335060975 0.10171067812500001 0.5137891984375 0.3204018375 0.5137891984375 0.3204018375 0.335060975
4 0.3207979328125 0.5138850171875 0.1045063140625 0.5138850171875 0.1045063140625 0.647229965625 0.3207979328125 0.647229965625 0.3207979328125 0.5138850171875
4 0.535717565625 0.45923345 0.3262112515625 0.45923345 0.3262112515625 0.49299651562499996 0.535717565625 0.49299651562499996 0.535717565625 0.45923345
4 0.5397187140625 0.494246515625 0.32971871406250003 0.494246515625 0.32971871406250003 0.64298345 0.5397187140625 0.64298345 0.5397187140625 0.494246515625
4 0.7617164171875 0.4586977359375 0.54652698125 0.4586977359375 0.54652698125 0.640866725 0.7617164171875 0.640866725 0.7617164171875 0.4586977359375
4 0.9879621125 0.4560496515625 0.769649828125 0.4560496515625 0.769649828125 0.5375391984375 0.9879621125 0.5375391984375 0.9879621125 0.4560496515625
4 0.9963432828125001 0.5404137625 0.77945465 0.5404137625 0.77945465 0.9488022640624999 0.9963432828125001 0.9488022640624999 0.9963432828125001 0.5404137625