6 0.9394730812500001 0.88183129375 0.9192210765625 0.88183129375 0.9192210765625 0.9161582171875 0.9394730812500001 0.9161582171875 0.9394730812500001 0.88183129375
3 0.9425715921875 0.8575874125 0.924644903125 0.8575874125 0.924644903125 0.8752972031249999 0.9425715921875 0.8752972031249999 0.9425715921875 0.8575874125
0 0.9313639546875001 0.5365257531250001 0.8212223625 0.4972684328125 0.7187963671875 0.5394314312499999 0.7098050578125 0.9166424015624999 0.9177557343749999 0.922482328125 0.9313639546875001 0.5365257531250001
6 0.9232840890625 0.5255340375 0.9258357359374999 0.5054187234375 0.8892951234375 0.5053415718750001 0.8875624921874999 0.519045265625 0.9126527578125 0.52715624375 0.9232840890625 0.5255340375
4 0.850990359375 0.456310265625 0.9300883140625 0.456310265625 0.9385933328125 0.2506148515625 0.729219871875 0.2502357953125 0.7246889890625 0.46539460468750005 0.8471631625 0.470585671875 0.850990359375 0.456310265625
4 0.7812481859375 0.4913891421875 0.9220083109375 0.49171362500000004 0.9300883140625 0.4722471890625 0.720285440625 0.4712517140625 0.7280910796875 0.5030690484375 0.7718925421875 0.5030690484375 0.7812481859375 0.4913891421875
4 0.6810901406250001 0.4892120234375 0.7136441 0.49494349375 0.7239389468749999 0.062754303125 0.5165763015625 0.05889450625 0.5052426484375 0.4994013078125 0.67886414375 0.5038591218749999 0.6810901406250001 0.4892120234375
2 0.9272737687499999 0.07597465 0.7437686140624999 0.07597465 0.7437686140624999 0.24582604843750003 0.9272737687499999 0.24582604843750003 0.9272737687499999 0.07597465
0 0.7051718218749999 0.564847028125 0.5312772046875 0.564847028125 0.5312772046875 0.9105375875 0.7051718218749999 0.9105375875 0.7051718218749999 0.564847028125
0 0.4983848796875 0.40542395156250005 0.0498625421875 0.40542395156250005 0.0498625421875 0.9223382859375 0.4983848796875 0.9223382859375 0.4983848796875 0.40542395156250005
6 0.7150343640625 0.5059265734375 0.5471878578125 0.5059265734375 0.5471878578125 0.5279370625 0.7150343640625 0.5279370625 0.7150343640625 0.5059265734375
4 0.49894616249999996 0.29156468593749996 0.300549828125 0.29156468593749996 0.300549828125 0.3957954546875 0.49894616249999996 0.3957954546875 0.49894616249999996 0.29156468593749996
4 0.279117984375 0.29166520937499996 0.0756586484375 0.29166520937499996 0.0756586484375 0.38927884687500003 0.279117984375 0.38927884687500003 0.279117984375 0.29166520937499996
6 0.19112256562500002 0.2655375875 0.11096220000000001 0.2655375875 0.11096220000000001 0.2789554203125 0.19112256562500002 0.2789554203125 0.19112256562500002 0.2655375875
6 0.19414089375000002 0.24879370625 0.10828751406249999 0.24879370625 0.10828751406249999 0.26374125937500004 0.19414089375000002 0.26374125937500004 0.19414089375000002 0.24879370625
6 0.19475945 0.233277971875 0.1152520046875 0.233277971875 0.1152520046875 0.246722028125 0.19475945 0.246722028125 0.19475945 0.233277971875
6 0.196890034375 0.217360140625 0.11096792656250001 0.217360140625 0.11096792656250001 0.23157342656250002 0.196890034375 0.23157342656250002 0.196890034375 0.217360140625
6 0.197205040625 0.200625 0.1082932421875 0.200625 0.1082932421875 0.21502185312500002 0.197205040625 0.21502185312500002 0.197205040625 0.200625
6 0.197205040625 0.1818487765625 0.1125773203125 0.1818487765625 0.1125773203125 0.196840034375 0.197205040625 0.196840034375 0.197205040625 0.1818487765625
6 0.1969014890625 0.1655113640625 0.11899770937500001 0.1655113640625 0.11899770937500001 0.180485140625 0.1969014890625 0.180485140625 0.1969014890625 0.1655113640625
6 0.196890034375 0.1504108390625 0.11257159218749999 0.1504108390625 0.11257159218749999 0.16324300625 0.196890034375 0.16324300625 0.196890034375 0.1504108390625
6 0.1965864828125 0.1336669578125 0.11470790312500001 0.1336669578125 0.11470790312500001 0.149252621875 0.1965864828125 0.149252621875 0.1965864828125 0.1336669578125
6 0.19750859062499998 0.115703671875 0.1141752578125 0.115703671875 0.1141752578125 0.13223339218750002 0.19750859062499998 0.13223339218750002 0.19750859062499998 0.115703671875
6 0.199948453125 0.0997858390625 0.11792096249999999 0.0997858390625 0.11792096249999999 0.11638548906249999 0.199948453125 0.11638548906249999 0.199948453125 0.0997858390625
6 0.1495303546875 0.08264423125 0.11418098437499999 0.08264423125 0.11418098437499999 0.09656905625 0.1495303546875 0.09656905625 0.1495303546875 0.08264423125
6 0.382371134375 0.06222902031250001 0.2639748 0.06222902031250001 0.2639748 0.0781206296875 0.382371134375 0.0781206296875 0.382371134375 0.06222902031250001
6 0.3236998859375 0.267985140625 0.30195876250000003 0.267985140625 0.30195876250000003 0.280703671875 0.3236998859375 0.280703671875 0.3236998859375 0.267985140625
6 0.4780011453125 0.2671634609375 0.4223195875 0.2671634609375 0.4223195875 0.2855987765625 0.4780011453125 0.2855987765625 0.4780011453125 0.2671634609375
6 0.47769759375 0.2516520984375 0.4319473078125 0.2516520984375 0.4319473078125 0.26555070000000003 0.47769759375 0.26555070000000003 0.47769759375 0.2516520984375
6 0.449284078125 0.2353234265625 0.4303493703125 0.2353234265625 0.4303493703125 0.2489947546875 0.449284078125 0.2489947546875 0.449284078125 0.2353234265625
6 0.355171821875 0.25083916093749997 0.27199885468749996 0.25083916093749997 0.27199885468749996 0.2650874125 0.355171821875 0.2650874125 0.355171821875 0.25083916093749997
6 0.3252233671875 0.2324606640625 0.2752119125 0.2324606640625 0.2752119125 0.2487631125 0.3252233671875 0.2487631125 0.3252233671875 0.2324606640625
6 0.403132875 0.21572989531250003 0.27787514375 0.21572989531250003 0.27787514375 0.23337849687499998 0.403132875 0.23337849687499998 0.403132875 0.21572989531250003
6 0.4761741125 0.2198076921875 0.43997709062499996 0.2198076921875 0.43997709062499996 0.23407342656250002 0.4761741125 0.23407342656250002 0.4761741125 0.2198076921875
6 0.4792268046875 0.202259615625 0.4346334484375 0.202259615625 0.4346334484375 0.2182298953125 0.4792268046875 0.2182298953125 0.4792268046875 0.202259615625
6 0.45049828124999997 0.184702796875 0.4340836203125 0.184702796875 0.4340836203125 0.20027972031250002 0.45049828124999997 0.20027972031250002 0.45049828124999997 0.184702796875
6 0.47952462812499996 0.170008740625 0.43355670156250004 0.170008740625 0.43355670156250004 0.1853583921875 0.47952462812499996 0.1853583921875 0.47952462812499996 0.170008740625
6 0.32828178750000003 0.18429632812500002 0.309977090625 0.18429632812500002 0.309977090625 0.1991127625 0.32828178750000003 0.1991127625 0.32828178750000003 0.18429632812500002
6 0.3261340203125 0.198990384375 0.273064146875 0.198990384375 0.273064146875 0.215659965625 0.3261340203125 0.215659965625 0.3261340203125 0.198990384375
6 0.356386025 0.1687762234375 0.281620846875 0.1687762234375 0.281620846875 0.1837237765625 0.356386025 0.1837237765625 0.356386025 0.1687762234375
6 0.323997709375 0.1491826921875 0.2794845359375 0.1491826921875 0.2794845359375 0.1650480765625 0.323997709375 0.1650480765625 0.323997709375 0.1491826921875
6 0.4804524625 0.1528583921875 0.41269759375000004 0.1528583921875 0.41269759375000004 0.1704108390625 0.4804524625 0.1704108390625 0.4804524625 0.1528583921875
6 0.3392726234375 0.13407779687500002 0.2800171828125 0.13407779687500002 0.2800171828125 0.150327796875 0.3392726234375 0.150327796875 0.3392726234375 0.13407779687500002
6 0.34691294375 0.11692744687500001 0.28215922031249996 0.11692744687500001 0.28215922031249996 0.13494318125 0.34691294375 0.13494318125 0.34691294375 0.11692744687500001
6 0.3423367703125 0.10183129375 0.283230240625 0.10183129375 0.283230240625 0.117696678125 0.3423367703125 0.117696678125 0.3423367703125 0.10183129375
6 0.3475315 0.0826354890625 0.2837628859375 0.0826354890625 0.2837628859375 0.1025393359375 0.3475315 0.1025393359375 0.3475315 0.0826354890625
6 0.4795303546875 0.139790209375 0.4426460484375 0.139790209375 0.4426460484375 0.1524300703125 0.4795303546875 0.1524300703125 0.4795303546875 0.139790209375
6 0.48258877499999997 0.1214204546875 0.4233906078125 0.1214204546875 0.4233906078125 0.137041084375 0.48258877499999997 0.137041084375 0.48258877499999997 0.1214204546875
6 0.48411225625 0.10305070000000001 0.42232531562500003 0.10305070000000001 0.42232531562500003 0.120725525 0.48411225625 0.120725525 0.48411225625 0.10305070000000001
6 0.48380870624999994 0.08550262187499999 0.397176403125 0.08550262187499999 0.397176403125 0.1030113640625 0.48380870624999994 0.1030113640625 0.48380870624999994 0.08550262187499999
5 0.4890034359375 0.058553321874999995 0.09919816718749999 0.058553321874999995 0.09919816718749999 0.288177446875 0.4890034359375 0.288177446875 0.4890034359375 0.058553321874999995