4 0.39117821406250003 0.12010837187500001 0.38975123125 0.06660251874999999 0.3312466984375 0.0599142703125 0.11007112031249999 0.062143682812500003 0.11004375156249999 0.06280072656249999 0.11007112031249999 0.1373863125 0.192120134375 0.135156928125 0.18355853125 0.1212231015625 0.39117821406250003 0.12010837187500001
4 0.11333396250000001 0.302201390625 0.114618228125 0.3727751640625 0.11590249374999999 0.42220275 0.1309926671875 0.42370763437500003 0.164062621875 0.4199454359375 0.172731446875 0.4196946140625 0.1682364953125 0.404394978125 0.21029637499999998 0.4058998546875 0.344823646875 0.40389335312499997 0.3923416859375 0.4031409078125 0.39491021875 0.3858347703125 0.39491021875 0.2754594640625 0.393304875 0.21107820624999998 0.39169953281250003 0.14727639374999998 0.3913784546875 0.13548815 0.36440879375 0.134735715625 0.322991046875 0.13398326875 0.313359034375 0.138748728125 0.3024427578125 0.134735715625 0.2876736390625 0.13323082656250002 0.27515199687499997 0.1364914046875 0.24593483749999998 0.13373245625000002 0.23919245625 0.138999540625 0.2199283875 0.1374946640625 0.1406247015625 0.1385757484375 0.1415879125 0.1496115515625 0.112049696875 0.1526213125 0.11333396250000001 0.2010283453125 0.11333396250000001 0.302201390625
4 0.1154900609375 0.44066125781250004 0.11757795 0.5570085796875001 0.1767350546875 0.555921225 0.20840148281249998 0.5545620234374999 0.2602509625 0.5532028203125 0.3228878828125 0.5521154671875 0.3395910921875 0.5502125875 0.333327353125 0.5368924546875 0.3399390390625 0.5360769296875 0.39422430468749997 0.53825165625 0.3953850875 0.5285160125 0.39381009218749996 0.4665903171875 0.39496668281249997 0.42231886406249997 0.368236996875 0.42231886406249997 0.3598839796875 0.41850409062500005 0.352559025 0.41980914374999995 0.3377358078125 0.423322753125 0.284249884375 0.4209323921875 0.26073290937500004 0.4218358875 0.2336177046875 0.422538609375 0.1977639484375 0.4235424984375 0.1732189140625 0.4216351109375 0.16383781875 0.42243822187499996 0.14893087968750002 0.4226389984375 0.1445759140625 0.424626378125 0.1454165953125 0.438758384375 0.1325412171875 0.43468079218750005 0.1154900609375 0.44066125781250004
4 0.11900910468749999 0.674947328125 0.1813993265625 0.6724154718750001 0.2527024625 0.6733649171875 0.33332362656250003 0.6708330625000001 0.32805692343750004 0.6556418609375 0.39895491562499996 0.6534264859375 0.3961190203125 0.5543672484375 0.34223651093749996 0.554683728125 0.241287371875 0.557409253125 0.1472533046875 0.559641240625 0.145747759375 0.5733562359375 0.1194142484375 0.5746221640625 0.117793728125 0.5932946828125 0.11900910468749999 0.674947328125
4 0.1187710671875 0.80752935 0.13148250156250002 0.8079430984375 0.188154375 0.8083568484375 0.2419132109375 0.8052537234375 0.2525060796875 0.8071156015625001 0.25965626875000003 0.8054605921875 0.25833215468750004 0.7899449578125 0.27819381718749997 0.791806834375 0.29752578125 0.787048715625 0.37644269375 0.7895312234375 0.3981580546875 0.7860143359375 0.3973636015625 0.7529142953125 0.3992173375 0.6894036031249999 0.40292488437499996 0.6749223375 0.3716758640625 0.6738879625 0.35207907031249996 0.6749223375 0.3424246546875 0.6793171421875 0.3372217921875 0.6723836999999999 0.32819321874999996 0.6729814125 0.32681598125 0.6752527078125 0.30829980468749996 0.675133171875 0.292844184375 0.6735791234375 0.288712453125 0.67549179375 0.281673240625 0.6763285921875 0.2665236390625 0.6740572890625 0.2492316890625 0.6739377453125 0.23607141562499998 0.675133171875 0.21036300625 0.6741768328125 0.1887863046875 0.6735791234375 0.1860318328125 0.6770458374999999 0.1473714546875 0.6767846078125 0.1476366359375 0.6931273609375 0.11983036875 0.6927136046875 0.1187710671875 0.80752935
4 0.12027715000000001 0.8905810875 0.12416147343749999 0.9440942453125001 0.13934945625 0.94774490625 0.248469284375 0.9468322375 0.386641953125 0.948207659375 0.401128946875 0.9449220640625 0.398558690625 0.9164469203125 0.3994933328125 0.8556634046875 0.40019430468749995 0.8171834203125 0.3978576859375 0.8072702359375 0.3373394828125 0.8076353015625 0.3200485 0.804532240625 0.3116366921875 0.8092781078125 0.272147928125 0.808547965625 0.24901545781249998 0.8078178359375 0.244342234375 0.8072702359375 0.23219184375 0.8101907734375 0.1978436578125 0.810373296875 0.147223871875 0.8125543000000001 0.146680865625 0.8255993234375 0.1219127640625 0.8232263906249999 0.1193424921875 0.8402019703124999 0.12027715000000001 0.8905810875
6 0.11462977187500001 0.8923007843749999 0.10226580156250001 0.894529684375 0.105594565625 0.9027023140624999 0.09655935156249999 0.9040025140625 0.09578325 0.93826394375 0.1203362125 0.93892193125 0.11795853593750001 0.9015878687500001 0.11653191249999999 0.894529684375 0.11462977187500001 0.8923007843749999
3 0.115362265625 0.8861596515624999 0.1147589 0.8781468328125 0.111540940625 0.87610435 0.1028926734375 0.8773612609375 0.10250125624999999 0.8774634046875001 0.09997639999999999 0.8940153562500001 0.1089263453125 0.8944867000000001 0.1147589 0.893072675 0.115362265625 0.8861596515624999
1 0.67040878125 0.6605893859374999 0.5366418359375 0.663183296875 0.50770645625 0.6613305078125 0.41466761874999997 0.66318414375 0.42137457187500005 0.6828227703125 0.6751523046875 0.6813405515625 0.6851136531249999 0.6702238578124999 0.67040878125 0.6605893859374999
2 0.9825483374999999 0.99687188125 0.9866649484375 0.9936560390625001 0.9851212374999999 0.6842670921875 0.9815191499999999 0.6801801859375 0.6959281625 0.6829940624999999 0.4149440578125 0.6846750890625 0.4194785125 0.989735271875 0.42412556874999996 0.9987121140624999 0.766320209375 0.9991141359375 0.9825483374999999 0.99687188125
4 0.6943226859375 0.650853890625 0.6943226859375 0.6003167281249999 0.6600980515625 0.5950999984374999 0.44138832343749995 0.6015056453125001 0.4418119671875 0.616619034375 0.40967424843750005 0.6153148546875 0.41426534843749996 0.6534622734375 0.6943226859375 0.650853890625
4 0.4142869078125 0.5961230796875 0.4339461453125 0.5992695718750001 0.46434314375 0.59810556875 0.4774555859375 0.596941559375 0.47238940781250005 0.5804126703125 0.5015943593750001 0.58297348125 0.621692315625 0.5818094796875 0.6929166640625 0.5811110703125 0.692654334375 0.5464236921875 0.6911642812500001 0.5306304515625 0.6631513625000001 0.5324928625 0.6443767453125 0.5310960609375 0.6196419328125 0.528535240625 0.5716623843749999 0.53156165625 0.534411146875 0.5331912671875 0.4926897890625 0.5308632515625 0.44179516249999995 0.534384590625 0.44004861249999994 0.5487106546875 0.41908992187500005 0.5504161375 0.41210370625000003 0.5521216203125 0.4142869078125 0.5961230796875
7 0.643529375 0.50792905 0.607699925 0.506063090625 0.5623159609374999 0.5053166953125 0.5150211328125 0.50680948125 0.47966942343749996 0.5086754453125 0.470114909375 0.5075558578125 0.416005703125 0.507869175 0.41708732812499993 0.5325597828124999 0.5212315953125 0.5262155015625 0.6468734609375 0.52322996875 0.643529375 0.50792905
4 0.4616822984375 0.489306290625 0.45683690312499997 0.4727098984375 0.5611988421875 0.4744569109375 0.647297471875 0.47212757187500004 0.6860604890625 0.47241873593749995 0.690905859375 0.46397494687499996 0.6897877125 0.4453403984375 0.6871786359375001 0.43777012187500003 0.548153584375 0.44068176875000004 0.4967180671875 0.4398082671875 0.4836728078125 0.4386436140625 0.48255463593750003 0.443302253125 0.413454053125 0.441135459375 0.4121103421875 0.489306290625 0.42180110937500004 0.4919267953125 0.4497551875 0.49163562031249997 0.4616822984375 0.489306290625
4 0.605690159375 0.4011296046875 0.6872436375000001 0.3995662125 0.6892449421875 0.333512659375 0.651220021875 0.3307767171875 0.4120632609375 0.333512659375 0.407560309375 0.41441849062499997 0.41906786093750004 0.42028123749999996 0.613195103125 0.41637274375000005 0.605690159375 0.4011296046875
4 0.771897771875 0.10344393437499999 0.8710737156249999 0.10109621875000001 0.9782638765625 0.0995310625 0.9842745140625 0.08348829062499999 0.9782638765625 0.0654890890625 0.9622353703125001 0.062358776562499996 0.92817501875 0.06392392031250001 0.8961181437500001 0.0658803546875 0.8680683609375001 0.06392392031250001 0.853542634375 0.0697932265625 0.836512390625 0.0643152109375 0.697766290625 0.0658803546875 0.6976182796875 0.0652282203125 0.7037769640625 0.1237908625 0.72631694375 0.1183128609375 0.7693933562499999 0.1167477046875 0.771897771875 0.10344393437499999
4 0.7054900734375 0.1842504234375 0.7221701671874999 0.18525274687499999 0.765794953125 0.1837492703125 0.8094197375000001 0.18349868125 0.8495160921875 0.184501003125 0.89314085625 0.1824963578125 0.9188024921875 0.184751584375 0.9457472484375 0.1839998421875 0.9624272546875 0.179739953125 0.9595403203125 0.167461465625 0.9800696453125 0.167461465625 0.9845604390625 0.1579393546875 0.9816735031249999 0.118096878125 0.925538659375 0.118096878125 0.875498465625 0.118096878125 0.8678000015625 0.1155910640625 0.8601014921875001 0.11709455312499999 0.84694989375 0.1158416453125 0.8334775593750001 0.12035211875 0.8164766859375 0.12160502656250001 0.7991550968750001 0.11884862656249999 0.7625872375 0.11859804062499998 0.7442872640625 0.1191131234375 0.7302850109375 0.12332075312499999 0.72960099375 0.134927071875 0.7044366 0.13653181875 0.70356545625 0.1368905046875 0.7054900734375 0.1842504234375
4 0.70814856875 0.644209128125 0.73109858125 0.6493807390625 0.9831073 0.6473120921875 0.9875207765624999 0.63283159375 0.9870794171874999 0.581805075 0.97207366875 0.577323015625 0.9367659765624999 0.5766334703125 0.9186707390625 0.5814603078125 0.8926312984375 0.5797364375 0.8736534328125 0.5797364375 0.8423178578125 0.580770753125 0.7968591625 0.580770753125 0.7769985765625 0.5793916593749999 0.7297745640625 0.581805075 0.730368825 0.5821164046875 0.7333053203125 0.593182609375 0.7147687546875 0.59525125625 0.7072658796875 0.5959408015625 0.70814856875 0.644209128125
4 0.7078185703125001 0.578704284375 0.7173510875 0.5803846765625 0.7428695265624999 0.5792998015624999 0.7826227484375 0.5780793078124999 0.8069217171874999 0.57862175 0.8541395328125001 0.577943703125 0.8730613796875 0.5778080890624999 0.8824355015625001 0.57889296875 0.8968438624999999 0.5782149171875 0.9145505328124999 0.5760451609375 0.9167149640625001 0.5721124734374999 0.9142846328124999 0.5624841640625 0.9807714484375 0.5609924578125 0.9837225546875 0.5586870875 0.9842433312500001 0.5501436625 0.985485259375 0.48503176718749996 0.9832076546874999 0.4611624984375 0.961696959375 0.46037172656249997 0.952586546875 0.4627440390625 0.9424639031250001 0.4611624984375 0.928292165625 0.4587901890625 0.8926097000000001 0.46215096093749997 0.8814747921875 0.4623486546875 0.8680621765625001 0.46155788906249995 0.8556618953124999 0.46155788906249995 0.8470576296875001 0.46215096093749997 0.83491040625 0.4595809625 0.820485578125 0.4613601890625 0.7934074109375 0.4623486546875 0.732924415625 0.4627440390625 0.73327098125 0.4628142484375 0.7318166125000001 0.479288821875 0.7107274078125 0.47985689843749996 0.7020008421874999 0.49519528749999997 0.7078185703125001 0.578704284375
7 0.7572731015625 0.454353115625 0.7808813234375 0.4530899421875 0.8025490874999999 0.45410048124999997 0.807076690625 0.45207939531249997 0.8051362984375 0.43742653281250005 0.78508549375 0.43565808281249996 0.7782940890625001 0.43944761562499995 0.763741096875 0.43616335624999997 0.7575965109375 0.44121606562500004 0.7079860359375 0.44076748437499996 0.706175940625 0.4513214921875 0.7149077359375 0.45485839375000003 0.7572731015625 0.454353115625
4 0.7071952234375 0.3844560171875 0.7095002328125 0.41889344375000004 0.7558887203125 0.42429538593749994 0.7619394203125001 0.41821819531250004 0.816683578125 0.4195686921875 0.8555807640624999 0.42001885312500004 0.9060030390625 0.4193436046875 0.9212738171874999 0.41979376406249996 0.928188884375 0.41034036093750004 0.9238669609375 0.4033628328125 0.9581540890625 0.40268761406250003 0.9832211781250001 0.40268761406250003 0.9861024609375001 0.3734270421875 0.9837974109375001 0.35902184843749996 0.98264490625 0.35316973749999997 0.9774586140625001 0.3509189265625 0.9673741671875 0.3491182765625 0.9521034281249999 0.3515941671875 0.9411546124999999 0.35384497812500004 0.8106329171875 0.35519547500000004 0.8086160234375 0.3497935171875 0.7968028015625 0.3515941671875 0.7884471109375 0.3506938546875 0.7789389156250001 0.35294466562500004 0.771159478125 0.3560957890625 0.7351435546875 0.3545202265625 0.734567321875 0.3696006625 0.71266963125 0.36780001093750003 0.706330834375 0.36937558125000003 0.7071952234375 0.3844560171875
4 0.7057440374999999 0.3521573296875 0.72585906875 0.3521573296875 0.7447324281250001 0.3500233734375 0.7422491015625 0.3372197015625 0.7511891328125 0.3364437234375 0.799862528125 0.3368317125 0.8535025968750001 0.33556847031250003 0.9165793796875 0.33518048125 0.9563127609375 0.334016509375 0.9846228171875 0.3347925 0.9821942640625 0.2701801296875 0.9705225640625 0.2680461828125 0.9638175531250001 0.2657182421875 0.95413255 0.266494221875 0.9548775390625 0.2701801296875 0.865477396875 0.27076211093749997 0.8617523953124999 0.26727020625 0.853309046875 0.26727020625 0.8523157343750001 0.27056811718749996 0.7344494015625 0.271863378125 0.7367857453125 0.2877509875 0.7139390624999999 0.2879449875 0.7049990312500001 0.28872096406250003 0.7057440374999999 0.3521573296875
4 0.7052094828125 0.206372440625 0.7064559296875 0.26743773593750003 0.759696953125 0.267576840625 0.761477596875 0.26437751875000004 0.7759007515625 0.2667422390625 0.8065276921875 0.2679941484375 0.8216631124999999 0.2682723484375 0.841354678125 0.2649339296875 0.8577365312499999 0.2660467328125 0.91649754375 0.266881334375 0.94513223125 0.26441535312500003 0.9478776453125001 0.26093027968750004 0.9441027312499999 0.24859851875 0.9605749859375001 0.24859851875 0.9842538890625001 0.24833045625 0.9818517046874999 0.20222040625 0.980477478125 0.1956714890625 0.981238884375 0.190573253125 0.9778669624999999 0.1889588109375 0.9736248906249999 0.186834546875 0.9514355578125 0.186834546875 0.9103647796875001 0.186579634375 0.878821134375 0.1872593984375 0.8779509531249999 0.18505016406250002 0.87045629375 0.1844733515625 0.8661437062499999 0.18724777343750001 0.759850934375 0.18843680937500001 0.764924571875 0.1854642171875 0.7522404859375 0.1854642171875 0.7481815703125 0.1882386390625 0.73143268125 0.187607396875 0.7290700125 0.2047032234375 0.7203448906250001 0.20498142812500003 0.7052094828125 0.206372440625
2 0.6791881796875 0.325926915625 0.68830921875 0.3234546796875 0.6810939859375 0.001368253125 0.4013533234375 0.000049503125000000006 0.407586009375 0.3199892765625 0.4060658703125 0.3275102828125 0.6791881796875 0.325926915625