2 0.93513210625 0.4923014859375 0.9357640234375 0.0241439 0.502210309375 0.030627500000000002 0.5067356703125 0.49117829375 0.93513210625 0.4923014859375
7 0.10008900000000001 0.14777317031249998 0.1370056234375 0.1828476875 0.1370056234375 0.194223253125 0.14528003437499998 0.20370285625 0.2012914640625 0.20512475624999998 0.2242052703125 0.20512475624999998 0.2700327890625 0.20607275625 0.28212617500000003 0.20654669375 0.30567641874999996 0.204650784375 0.31586030625 0.20607275625 0.34004708125 0.20607275625 0.3508674515625 0.20654669375 0.366779790625 0.20607275625 0.37632719375 0.20607275625 0.37950966249999996 0.176211978125 0.4418860515625 0.1482471421875 0.4448896171875 0.116051053125 0.381535265625 0.116051053125 0.3558918640625 0.112681178125 0.348349671875 0.104818109375 0.3327022953125 0.10723258124999999 0.3257231015625 0.116051053125 0.2623686328125 0.114927775 0.25250411562499997 0.11080272499999999 0.2518096125 0.11717437343749999 0.2382336484375 0.104818109375 0.22577140624999997 0.102745059375 0.22021807031249999 0.11601649843749999 0.1334798375 0.11269863437500001 0.0806508515625 0.1145945625 0.08417666093750001 0.129761928125 0.0879956125 0.13924153125 0.10008900000000001 0.14777317031249998
6 0.3161897078125 0.216796875 0.313565728125 0.22265625 0.29260322968749997 0.230205575 0.2847019359375 0.22265625 0.2610861078125 0.21875 0.21385445 0.21875 0.209918478125 0.2236328125 0.2130415328125 0.24063314062500002 0.300445821875 0.23828125 0.3320658109375 0.242055078125 0.4277089 0.2451171875 0.4434527859375 0.2373046875 0.44214079375 0.224609375 0.3371815546875 0.22265625 0.3161897078125 0.216796875
1 0.9328252375 0.5234375 0.936761209375 0.5146484375 0.9144573703125 0.494140625 0.5812117875 0.494140625 0.5011803671874999 0.4990234375 0.49330842343750003 0.5166015625 0.49986837656249994 0.521484375 0.5575959578125 0.5234375 0.5847177359375 0.5239184890625 0.599579653125 0.5234375 0.6205715015625 0.5234375 0.64156335 0.5234375 0.9328252375 0.5234375
6 0.9384929046874999 0.963037740625 0.955129075 0.9599609375 0.95775305625 0.9306640625 0.9459451421875 0.927734375 0.9368509453125 0.9465307484375 0.9384929046874999 0.963037740625
3 0.9525050953124999 0.9150390625 0.9603770375 0.9033203125 0.9485691234375 0.8984375 0.9420091703125 0.9111328125 0.9525050953124999 0.9150390625
4 0.2526428703125 0.6082623625 0.2519021734375 0.6044921875 0.2571501359375 0.5107421875 0.2545261546875 0.3466796875 0.2597741171875 0.3369140625 0.2597741171875 0.2978515625 0.25321416406249997 0.271484375 0.23484629687499997 0.267578125 0.2059825078125 0.271484375 0.17449473437500002 0.267578125 0.15350288750000002 0.271484375 0.093151325 0.267578125 0.083967390625 0.2705078125 0.0800314203125 0.283203125 0.05772758125000001 0.2919921875 0.055103599999999996 0.3154296875 0.0472316578125 0.3291015625 0.05772758125000001 0.3603515625 0.052479620312499996 0.4013671875 0.052479620312499996 0.5849609375 0.05772758125000001 0.5908203125 0.055103599999999996 0.6044921875 0.05396268125 0.624769425 0.0769504953125 0.6284376453125 0.117179109375 0.6253807874999999 0.1368829421875 0.6266035125 0.13524098281250002 0.610096496875 0.21241422656250003 0.6119306296875 0.2526428703125 0.6082623625
4 0.24686800468749998 0.653724028125 0.25261492812499997 0.6304919109375 0.2091023625 0.6311033078125 0.1613748296875 0.630859375 0.1272630765625 0.630859375 0.0818485265625 0.6323260328125 0.0818485265625 0.64149659375 0.091839334375 0.6455078125 0.054755748437499994 0.6482216968750001 0.052479620312499996 0.6767578125 0.052479620312499996 0.9482421875 0.05968169062499999 0.9710259421874999 0.154095828125 0.9753055249999999 0.1731827453125 0.9716796875 0.247966203125 0.970703125 0.2571501359375 0.9619140625 0.2545261546875 0.6806640625 0.24686800468749998 0.653724028125
4 0.7058508828125001 0.5615234375 0.7084748640625 0.5400390625 0.6914189890625 0.53515625 0.5785878062500001 0.53515625 0.51298828125 0.5390625 0.5064283296875 0.5439453125 0.5064283296875 0.5673828125 0.5152201640625 0.58704605 0.561369409375 0.586264984375 0.586541734375 0.58704605 0.591785965625 0.5729871875 0.69666695 0.5703125 0.7058508828125001 0.5615234375
4 0.7045388921875 0.59375 0.539228090625 0.59375 0.523610965625 0.5917323296875 0.5278063656249999 0.609696434375 0.509052309375 0.6142578125 0.509052309375 0.6259765625 0.5011803671874999 0.6318359375 0.5064283296875 0.6513671875 0.509052309375 0.7294921875 0.5156122625 0.734375 0.5676624703125001 0.7346641625 0.5676624703125001 0.7174811234375 0.7103056125 0.7151379546875 0.7137228265625 0.6787109375 0.7045388921875 0.59375
4 0.7110988453125 0.7607421875 0.7071590421875 0.75298239375 0.7084748640625 0.7412109375 0.6861710265625 0.734375 0.667803159375 0.73828125 0.5471000328125 0.73828125 0.5351482562500001 0.740485603125 0.5261081859375001 0.75390625 0.5156122625 0.75390625 0.509052309375 0.7587890625 0.5064283296875 0.9658203125 0.51298828125 0.970703125 0.637627378125 0.9716796875 0.6992909296875001 0.96875 0.7058508828125001 0.9638671875 0.7137228265625 0.8037109375 0.7110988453125 0.7607421875
4 0.9341372296875001 0.5380859375 0.8672257125 0.533203125 0.7412746265625 0.537109375 0.7347146734375001 0.5419921875 0.7333801953125 0.6157341625 0.75177055 0.6171875 0.8081861421875001 0.6162109375 0.8351183203125 0.6180773 0.8340694093750001 0.603237415625 0.9328252375 0.6015625 0.9341372296875001 0.5380859375
4 0.9315132484375 0.8134765625 0.9421005953125 0.7938131687500001 0.936761209375 0.6806640625 0.9288892671875001 0.6376953125 0.9315132484375 0.6240234375 0.92495329375 0.62109375 0.8829695984375 0.62109375 0.872473675 0.625 0.8226180359375 0.62109375 0.8226180359375 0.62890625 0.7973597953125 0.6227636078125001 0.7606501796875 0.6227636078125001 0.760954484375 0.6298828125 0.7648904546875 0.638671875 0.7333801953125 0.6391656109375 0.7347146734375001 0.8271484375 0.7449174875 0.830522503125 0.7596424921875 0.828125 0.7701384171875 0.828125 0.785822584375 0.83130348125 0.8042501703125 0.828125 0.82672751875 0.83364665 0.8409859031250001 0.830078125 0.8777216375 0.828125 0.8781209171875 0.8180256828125 0.9197053328125 0.818359375 0.9315132484375 0.8134765625
4 0.9337097953125 0.9234671750000001 0.9341372296875001 0.8564453125 0.927577275 0.837890625 0.81474609375 0.833984375 0.75016171875 0.8320845468750001 0.7320906921875 0.8388671875 0.7320906921875 0.9697265625 0.7360266640625001 0.97265625 0.9183933421875 0.9736328125 0.930563225 0.975016409375 0.9341372296875001 0.9560546875 0.9315132484375 0.9404296875 0.9337097953125 0.9234671750000001
4 0.4880604625 0.7119140625 0.48168291406249997 0.6860475 0.48039659375 0.27606482187500003 0.473964896875 0.263612065625 0.45263671875 0.265625 0.40278107968750004 0.263671875 0.37916525 0.26953125 0.2873259171875 0.26953125 0.280765965625 0.2763671875 0.2797275453125 0.385265809375 0.280765965625 0.5048828125 0.275518003125 0.5380859375 0.27814198437500004 0.6748046875 0.272894021875 0.6962890625 0.27814198437500004 0.7197265625 0.27814198437500004 0.7822265625 0.272894021875 0.7939453125 0.27814198437500004 0.8466796875 0.272894021875 0.8564453125 0.27814198437500004 0.8603515625 0.2784412265625 0.8766702593750001 0.27814198437500004 0.9111328125 0.272894021875 0.9189453125 0.27814198437500004 0.9228515625 0.27814198437500004 0.9404296875 0.272894021875 0.9482421875 0.2833899453125 0.9677734375 0.295197859375 0.970703125 0.48018851875 0.9697265625 0.48543648125 0.9658203125 0.48018851875 0.8955078125 0.48018851875 0.7353515625 0.4880604625 0.7119140625