6 0.070501453125 0.89217741875 0.0462427328125 0.89217741875 0.0462427328125 0.9296290328125 0.070501453125 0.9296290328125 0.070501453125 0.89217741875
3 0.07017441875 0.864612903125 0.0479941859375 0.864612903125 0.0479941859375 0.88437634375 0.07017441875 0.88437634375 0.07017441875 0.864612903125
7 0.1806540703125 0.4680161296875 0.0756831390625 0.4680161296875 0.0756831390625 0.5229086015625 0.1806540703125 0.5229086015625 0.1806540703125 0.4680161296875
6 0.34672238437499997 0.47384946250000004 0.181649709375 0.47384946250000004 0.181649709375 0.5077419359374999 0.34672238437499997 0.5077419359374999 0.34672238437499997 0.47384946250000004
2 0.38552895781249996 0.5163163078124999 0.4365896703125 0.527423609375 0.5367094140625001 0.5318665625000001 0.9575613437499999 0.5281641546875 0.9575613437499999 0.067580353125 0.0685030328125 0.0690613046875 0.06560764531249999 0.1029991375 0.0761609875 0.4363436 0.2914170359375 0.44522946562500004 0.3635029875 0.47114655625 0.38552895781249996 0.5163163078124999
4 0.35444040625 0.9113494624999999 0.0829433140625 0.9113494624999999 0.0829433140625 0.944112903125 0.35444040625 0.944112903125 0.35444040625 0.9113494624999999
4 0.35686046562499996 0.8497473125000001 0.0835465109375 0.8497473125000001 0.0835465109375 0.910188171875 0.35686046562499996 0.910188171875 0.35686046562499996 0.8497473125000001
4 0.357899709375 0.7467580640625 0.080501453125 0.7467580640625 0.080501453125 0.8508333328125 0.357899709375 0.8508333328125 0.357899709375 0.7467580640625
4 0.35269622031250003 0.7319086015625 0.11515261562500001 0.7319086015625 0.11515261562500001 0.7462419359375 0.35269622031250003 0.7462419359375 0.35269622031250003 0.7319086015625
4 0.3551308140625 0.71662365625 0.11454941874999999 0.71662365625 0.11454941874999999 0.7298064515625 0.3551308140625 0.7298064515625 0.3551308140625 0.71662365625
4 0.3558212203125 0.688284946875 0.09083575625 0.688284946875 0.09083575625 0.7167043015625 0.3558212203125 0.7167043015625 0.3558212203125 0.688284946875
4 0.3565188953125 0.655 0.09266715156250001 0.655 0.09266715156250001 0.685860215625 0.3565188953125 0.685860215625 0.3565188953125 0.655
4 0.355472384375 0.612284946875 0.09266715156250001 0.612284946875 0.09266715156250001 0.6553064515625 0.355472384375 0.6553064515625 0.355472384375 0.612284946875
4 0.356177325 0.568209678125 0.08902616249999999 0.568209678125 0.08902616249999999 0.61110215 0.356177325 0.61110215 0.356177325 0.568209678125
4 0.3558212203125 0.5344784953125 0.090225290625 0.5344784953125 0.090225290625 0.5679516125 0.3558212203125 0.5679516125 0.3558212203125 0.5344784953125
4 0.645385175 0.5335806453124999 0.37231831406250004 0.5335806453124999 0.37231831406250004 0.564612903125 0.645385175 0.564612903125 0.645385175 0.5335806453124999
4 0.6491933140625 0.566860215625 0.3753706390625 0.566860215625 0.3753706390625 0.6249677421875 0.6491933140625 0.6249677421875 0.6491933140625 0.566860215625
4 0.64677325625 0.6253225812500001 0.3741569765625 0.6253225812500001 0.3741569765625 0.6542688171875 0.64677325625 0.6542688171875 0.64677325625 0.6253225812500001
4 0.6492078484375 0.6559086015625 0.3729433140625 0.6559086015625 0.3729433140625 0.70082258125 0.6492078484375 0.70082258125 0.6492078484375 0.6559086015625
4 0.6498909890625 0.70132795625 0.3765915703125 0.70132795625 0.3765915703125 0.758887096875 0.6498909890625 0.758887096875 0.6498909890625 0.70132795625
4 0.6512863375 0.759790321875 0.3759811046875 0.759790321875 0.3759811046875 0.820037634375 0.6512863375 0.820037634375 0.6512863375 0.759790321875
4 0.6481613375 0.8200591390625 0.374774709375 0.8200591390625 0.374774709375 0.9091881718750001 0.6481613375 0.9091881718750001 0.6481613375 0.8200591390625
4 0.6488590109375 0.9118118281250001 0.3729433140625 0.9118118281250001 0.3729433140625 0.9430913984375 0.6488590109375 0.9430913984375 0.6488590109375 0.9118118281250001
4 0.94087209375 0.9109086015625 0.6537790703125 0.9109086015625 0.6537790703125 0.94167204375 0.94087209375 0.94167204375 0.94087209375 0.9109086015625
4 0.9391424421875 0.8798817203124999 0.6665552328125 0.8798817203124999 0.6665552328125 0.9126559140625 0.9391424421875 0.9126559140625 0.9391424421875 0.8798817203124999
4 0.9408793609374999 0.8056666671875 0.6647311046875 0.8056666671875 0.6647311046875 0.8800322578124999 0.9408793609374999 0.8800322578124999 0.9408793609374999 0.8056666671875
4 0.9429578484375 0.733263440625 0.666547965625 0.733263440625 0.666547965625 0.8075537640625001 0.9429578484375 0.8075537640625001 0.9429578484375 0.733263440625
4 0.93982558125 0.7008817203125 0.6683720937500001 0.7008817203125 0.6683720937500001 0.7301935484375 0.93982558125 0.7301935484375 0.93982558125 0.7008817203125
4 0.9415697671875 0.6559032265625 0.667761628125 0.6559032265625 0.667761628125 0.70117204375 0.9415697671875 0.70117204375 0.9415697671875 0.6559032265625
4 0.8856613375 0.64017204375 0.693902615625 0.64017204375 0.693902615625 0.6574838703125 0.8856613375 0.6574838703125 0.8856613375 0.64017204375
4 0.9446875 0.5807956984375 0.668364825 0.5807956984375 0.668364825 0.6412688171875 0.9446875 0.6412688171875 0.9446875 0.5807956984375
4 0.9363590109375 0.5664086015625001 0.6878270343749999 0.5664086015625001 0.6878270343749999 0.5801505375 0.9363590109375 0.5801505375 0.9363590109375 0.5664086015625001
4 0.9377543609375 0.5349301078125 0.6671584296875 0.5349301078125 0.6671584296875 0.5647473125 0.9377543609375 0.5647473125 0.9377543609375 0.5349301078125