7 0.2777280453125 0.1575175390625 0.17301168125 0.1568714109375 0.1527439890625 0.15299461406249998 0.1350097765625 0.1607481859375 0.129942846875 0.1794859453125 0.15527746874999998 0.1853011125 0.28448397187499996 0.18271659375 0.2777280453125 0.1575175390625
4 0.366116603125 0.28098095 0.37399018125 0.2749567390625 0.37277890625 0.19386170625000002 0.333410975 0.1869106984375 0.1280920015625 0.1943251046875 0.131725971875 0.2110075203125 0.1032599296875 0.2128611140625 0.10749953906250001 0.2860783484375 0.366116603125 0.28098095
4 0.6628903046875 0.1901545046875 0.6598619921875 0.1526190890625 0.627156321875 0.1484484875 0.5793090921874999 0.1516922921875 0.5205600578125 0.1516922921875 0.4436411484375 0.1544726984375 0.404878896875 0.1530824875 0.39821659375 0.15400929218749998 0.3979623484375 0.2285033671875 0.5278279546875 0.223519325 0.5223770109375 0.2073003171875 0.6580449546875 0.209617309375 0.6628903046875 0.1901545046875
4 0.524219240625 0.281122865625 0.6641210546874999 0.27550320781250004 0.6620224640625 0.22706716875000002 0.5976677015625 0.2262643546875 0.591022309375 0.2219827140625 0.5525493484374999 0.22572916250000002 0.5347118578125001 0.22358833125 0.5011354156250001 0.22840518593749998 0.42653458437499997 0.2307459234375 0.4259382234375 0.246869740625 0.3983076203125 0.247404953125 0.3983076203125 0.27951726718750003 0.524219240625 0.281122865625
4 0.9508958890624999 0.330227628125 0.96331234375 0.32732482812499997 0.9629674781249999 0.313866471875 0.9722798671874999 0.307797028125 0.9688308421875 0.15086577968749998 0.9622776546875 0.148754671875 0.9302018296875 0.14928244375 0.9253732015624999 0.15271301718750002 0.753267325 0.1529768921875 0.747748921875 0.1503711296875 0.7325732406250001 0.1514266796875 0.7073954437500001 0.15459335000000002 0.70694755625 0.1559643609375 0.7077403546875 0.3294359359375 0.7208465875 0.331810940625 0.861566415625 0.331810940625 0.9508958890624999 0.330227628125
4 0.7230845578125 0.5288005874999999 0.834487715625 0.527745034375 0.8324183390625001 0.51243945 0.9486501453124999 0.515870009375 0.9724483671874999 0.5127033296875 0.9703789890625 0.3362344625 0.959687 0.3354427875 0.9545134609374999 0.33280389375 0.94416643125 0.33280389375 0.9331295765625001 0.335706690625 0.9196784328125001 0.3314844484375 0.907261978125 0.333067796875 0.8917414109375 0.33254000625 0.8738065515625 0.3354427875 0.839661253125 0.335706690625 0.8375918296875 0.333331675 0.823105996875 0.3320122296875 0.8096548296874999 0.334651121875 0.7668870375 0.33438724375 0.7599890109375 0.33280389375 0.7355009890625 0.33419614062499997 0.7341213890625 0.35346006874999997 0.705149653125 0.3542517390625 0.7065292765625 0.524724328125 0.7230845578125 0.5288005874999999
1 0.9492804375 0.5790520156250001 0.9636330453124999 0.575736871875 0.96498706875 0.5751152859374999 0.9606542578124999 0.5620619125 0.944135153125 0.5618547171875 0.9211168125 0.5649626609375 0.8313685749999999 0.5650768796875 0.8355427609375001 0.579880796875 0.9162423390625 0.5778088343750001 0.9427811281249999 0.5773944390625 0.9492804375 0.5790520156250001
2 0.9784751093749999 0.9197231203125 0.971783403125 0.579030715625 0.9642681937500001 0.5787654484375 0.7183228109375001 0.5820714296875 0.7247483875 0.9217550859375001 0.7264213625 0.9269763375 0.7353435859374999 0.9239897156250001 0.9784751093749999 0.9197231203125
6 1 0.8802725671875 0.9990667921874999 0.8793810765625001 0.9819644578125001 0.8806577843750001 0.9817834140624999 0.9168236406249999 1 0.9148920828125 1 0.8802725671875
3 0.9940649515625 0.848389828125 0.9828016281249999 0.8492813140625 0.98357840625 0.8681511796875 0.9977546609375001 0.8668139453125001 0.9979488359375001 0.8537387624999999 0.9940649515625 0.848389828125
7 0.7894855359374999 0.127455315625 0.8264340296875 0.1234975234375 0.81830541875 0.0901391046875 0.7606657546875 0.0884429109375 0.7481032921875 0.0816581484375 0.7259341359375 0.0810927484375 0.6978532953125 0.0895737015625 0.663448453125 0.0840707640625 0.660904853125 0.11897435468749999 0.6875077593750001 0.1314130796875 0.7392355890625 0.12632450625 0.7894855359374999 0.127455315625
6 0.5779819984375 0.1203314046875 0.5818850640625 0.11777170625 0.6064186125 0.119904771875 0.6264914984375001 0.11819834062500001 0.6543705156249999 0.1186249296875 0.65831925 0.10940227656249998 0.6586753671875 0.10068289374999999 0.6536895390625 0.0974131265625 0.6447862843750001 0.094143359375 0.6369514281249999 0.0935983984375 0.623774628125 0.08869375 0.6020506921875 0.091963515625 0.5952842328125 0.096323203125 0.5023342578125 0.0957782453125 0.492362628125 0.09223599375 0.47738921718749994 0.09128383125 0.46925388124999995 0.1164918640625 0.5261270703125 0.1186249296875 0.5601394640625 0.1203314046875 0.5779819984375 0.1203314046875
1 0.2867451296875 0.635575153125 0.3534591625 0.6332861953125 0.3815807765625 0.6335151 0.38008498125 0.6209257703125 0.368417475 0.620696884375 0.34268918125000003 0.620696884375 0.3127725984375 0.620696884375 0.287642615625 0.6216124578125 0.2693934765625 0.6229858484374999 0.2652051671875 0.626877084375 0.2589226703125 0.6241303265625 0.255033515625 0.6209257703125 0.2427677203125 0.6218413625 0.23887854375 0.6218413625 0.22810856249999997 0.619781284375 0.21973189999999998 0.6220702499999999 0.2040089953125 0.6230279015625 0.1691998390625 0.6227793859374999 0.1524722234375 0.621661065625 0.1285935984375 0.62168275625 0.12941084687499999 0.6371932953125 0.2589226703125 0.633972875 0.2702909828125 0.63191280625 0.2867451296875 0.635575153125
1 0.41144078906250003 0.6518655359375 0.4234335609375 0.6540428640625 0.43725573906250004 0.6540428640625 0.43745899843749997 0.65171001875 0.460224928125 0.6529541984375 0.48786928281249997 0.65248763125 0.5187659265625 0.6503103078125 0.5518984703125 0.6499992609375 0.5767136921875 0.6493589375 0.5834215203124999 0.6506031203125 0.5974469703125 0.6504476015625 0.5952110187499999 0.6481147578125 0.6269207296875 0.64795923125 0.6549716015625 0.647803709375 0.6700133640625 0.6460929578125 0.6665578546875001 0.635206353125 0.6568010078125 0.6334956 0.65273565 0.6334956 0.6381004359375 0.6325624640624999 0.6086266765625 0.6369171046875 0.60313843125 0.633651125 0.5913489625 0.633806646875 0.5791529171875001 0.634739784375 0.5714287484375 0.6400275640624999 0.5689895515625001 0.6460929578125 0.563907853125 0.6418938437499999 0.5612653828124999 0.6362950125 0.4760964109375 0.6380057703124999 0.4498295 0.6395609984374999 0.4461706890625 0.6367615843750001 0.415883878125 0.6383168125 0.4071433703125 0.6428269734375001 0.39741624531249997 0.6400275640624999 0.350054965625 0.64142726875 0.3472092203125 0.637850240625 0.326776384375 0.6406793984375 0.3266783375 0.6546649484375 0.395585946875 0.65248763125 0.40412316875 0.6538873374999999 0.41144078906250003 0.6518655359375
2 0.27176511406250003 0.6575351125 0.11423105468750001 0.6564332859374999 0.1091439390625 0.6598674203125 0.11156077187499999 0.6696415234375 0.11984703906250001 0.9336486 0.6616688749999999 0.92663865625 0.6543392859375 0.651912596875 0.640183559375 0.6511499890625 0.27176511406250003 0.6575351125
2 0.19220494531250001 0.61858534375 0.4563723046875 0.6138443625 0.6595019140625 0.6101974546875 0.6572318187499999 0.524919653125 0.6512736984374999 0.393422446875 0.6488904828125001 0.312540809375 0.6474605265625 0.28576144375 0.52889506875 0.287584896875 0.388501984375 0.29104945312499997 0.25278573125000003 0.29305525781249997 0.1334828546875 0.2956080859375 0.1059013375 0.2954257421875 0.10560596250000001 0.2977632625 0.10491942031249998 0.32592387343749996 0.11766710625000001 0.6040491140625 0.11766710625000001 0.619312928125 0.19220494531250001 0.61858534375