7 0.4007153921875 0.10779671718749999 0.40143995156249995 0.1409205796875 0.4733149515625 0.14070231093750002 0.4751302125 0.13748421718749998 0.47487745156249994 0.10727285625 0.4007153921875 0.10779671718749999
6 0.4046875 0.0925833390625 0.4578125 0.0921984640625 0.459375 0.066668478125 0.403934153125 0.0671875 0.4046875 0.0925833390625
4 0.612589571875 0.8171875 0.6125 0.79051421875 0.2884368453125 0.790625 0.2890542484375 0.825 0.29530749218749996 0.828125 0.29842833281250003 0.8390625 0.3078125 0.8469054187499999 0.5796875 0.8469967046875 0.589112409375 0.8390625 0.5921875 0.8250762796875 0.612589571875 0.8171875
4 0.5078335328125 0.1828125 0.50625 0.1640295484375 0.34375 0.1640405265625 0.3374783 0.175 0.33125 0.1796363765625 0.27497822968749996 0.178125 0.275 0.223489634375 0.3171875 0.2205109796875 0.346875 0.2218793296875 0.371875 0.2190796046875 0.417179659375 0.221875 0.3671789578125 0.2234375 0.596875 0.22347184687500002 0.596875 0.1921569859375 0.5203125 0.188982528125 0.5078335328125 0.1828125
3 0.6586387218749999 0.0765625 0.659375 0.0988829109375 0.6984375 0.0985381484375 0.70159423125 0.0953125 0.7015625 0.0760736234375 0.6586387218749999 0.0765625
4 0.590641615625 0.9109375 0.5844481546875 0.9 0.5797215062500001 0.884375 0.5625 0.8749861296875 0.5328125 0.871800434375 0.5219045578125 0.853125 0.525 0.8515571874999999 0.3622267796875 0.8515625 0.36245046875 0.871875 0.3671875 0.876569234375 0.3734375 0.8797225843750001 0.4 0.8828891375 0.4140625 0.90627068125 0.4390625 0.9125631671875001 0.44843220468749995 0.928125 0.459375 0.9375569968749999 0.5765625 0.9391102328125 0.5875153484375 0.934375 0.5921891718750001 0.9234375 0.590641615625 0.9109375
4 0.296875 0.308182125 0.4984375 0.30832222656249997 0.4984375 0.28423120625 0.2963210140625 0.284375 0.296875 0.308182125
4 0.5828835984375 0.528125 0.5859375 0.5251075578125 0.6515625 0.5203537125000001 0.6515872593750001 0.49375 0.5953125 0.491571240625 0.40436399375 0.4921875 0.40456781875000003 0.5203125 0.43125 0.520500503125 0.4390625 0.5234814578125 0.44212591718749994 0.5265625 0.44217647656250003 0.5390625 0.4515625 0.547020915625 0.58125 0.546981384375 0.5859564296875 0.5390625 0.5859658265625 0.5328125 0.5828835984375 0.528125
4 0.609601628125 0.315625 0.371875 0.3155317734375 0.3623209890625 0.3171875 0.362480790625 0.340625 0.3671875 0.3421957671875 0.42968456875000005 0.3453125 0.4171875 0.3468764515625 0.4421875 0.3469094828125 0.44375 0.34400239843749997 0.471875 0.34393574843749997 0.495303784375 0.3453125 0.490625 0.3468826015625 0.5546875 0.3468796421875 0.5578125 0.34403305 0.609375 0.343826759375 0.609601628125 0.315625
4 0.49696261093749994 0.25 0.4969144859375 0.2328125 0.49376923125000005 0.228125 0.496875 0.22654150468749998 0.366536215625 0.2265625 0.36716769843749997 0.2515625 0.3796875 0.251751684375 0.3890625 0.25630221249999996 0.3999726796875 0.275 0.40625 0.279794971875 0.4984375 0.2798119515625 0.5016243375 0.2765625 0.50165158125 0.259375 0.49696261093749994 0.25
4 0.5406737374999999 0.6390625 0.5453269953125 0.6359375 0.5484456203125 0.6296875 0.54692485 0.615625 0.55 0.6126327593750001 0.58125 0.6110965578124999 0.58125 0.6090511015625 0.3260760265625 0.609375 0.3265625 0.6391927171875 0.4015625 0.6392547203125 0.40625 0.6422199171874999 0.421875 0.6426755984375 0.58125 0.6424882203125 0.565625 0.6406006078125001 0.5453125 0.6418758687499999 0.5406737374999999 0.6390625
4 0.6062721437499999 0.4734375 0.604702353125 0.46875 0.6000540390625 0.465625 0.6421875 0.46255039375000007 0.645452153125 0.459375 0.64375 0.43592067187500005 0.6328125 0.434028671875 0.4328125 0.4343403171875 0.4202792046875 0.4390625 0.42021768281250005 0.453125 0.425 0.4578344296875 0.440625 0.46250243125 0.4640625 0.46273877656250006 0.46715265468749995 0.465625 0.4593203859375 0.471875 0.457764334375 0.478125 0.4608649390625 0.484375 0.46866581875 0.4890625 0.4671875 0.49063493124999996 0.60625 0.49064761093750003 0.6031348624999999 0.4890625 0.6062527515625 0.4859375 0.6062721437499999 0.4734375
4 0.5390625 0.401135665625 0.4044477203125 0.4015625 0.4045300765625 0.4296875 0.4078125 0.43125800312499996 0.6140625 0.4313494828125 0.61410523125 0.40625 0.6109375 0.40463717812500005 0.5390625 0.401135665625
4 0.5328125 0.7592057234375 0.5265947093750001 0.753125 0.528128646875 0.746875 0.517209228125 0.734375 0.5734375 0.7328225171875 0.590625 0.7250031031249999 0.59531865625 0.7203125 0.5937907390625 0.7078125 0.6015838671875 0.7 0.6015625 0.6715320218749999 0.32776656718749997 0.671875 0.328125 0.7063101390625001 0.340625 0.704741725 0.35625 0.7063172921875001 0.3593587296875 0.709375 0.35936930624999996 0.715625 0.3703125 0.7297160828125 0.3984169796875 0.734375 0.3937457453125 0.74375 0.39683928125 0.7515625 0.3890625 0.756212696875 0.36875 0.7609273578125 0.354682803125 0.771875 0.3546875 0.7796980109375 0.5859375 0.779699159375 0.57970860625 0.7703125 0.5671875 0.7609296999999999 0.5328125 0.7592057234375
4 0.415625 0.6672007765625 0.609375 0.668881834375 0.609375 0.6403988859374999 0.4154253609375 0.640625 0.415625 0.6672007765625
4 0.6311274515624999 0.5539772734375 0.42483660156249997 0.5539772734375 0.42483660156249997 0.6171085859375001 0.6311274515624999 0.6171085859375001 0.6311274515624999 0.5539772734375
4 0.5514746734375 0.3493276515625 0.41122140468749996 0.3493276515625 0.41122140468749996 0.3977304296875 0.5514746734375 0.3977304296875 0.5514746734375 0.3493276515625