4 0.3328125 0.823534596875 0.36875 0.820517378125 0.4296875 0.8205251890625 0.5265625 0.8251672984375 0.628125 0.8234449500000001 0.7671875 0.8250001984375 0.878125 0.8219425421875 0.8846025875000001 0.815625 0.88454975 0.7296875 0.178125 0.729266925 0.1515625 0.7312300359374999 0.11875 0.7291732546875 0.11834690781249999 0.8375 0.1671875 0.8375793312500001 0.3140625 0.8359755375000001 0.3234375 0.8328695156249999 0.3328125 0.823534596875
4 0.459375 0.36906689375 0.7265625 0.372024715625 0.8796875 0.37033834374999997 0.881818015625 0.359375 0.8818606515624999 0.225 0.240625 0.2245386296875 0.1578125 0.22644740312499997 0.1171875 0.22434904375000003 0.11664753125 0.384375 0.1640625 0.38442578125 0.19375 0.3781268328125 0.2078125 0.3704338734375 0.459375 0.36906689375
4 0.2296875 0.4314889421875 0.878125 0.431287328125 0.8813649296875001 0.4296875 0.8816691234375 0.4265625 0.8816763265625 0.38125 0.184375 0.3807938671875 0.1703125 0.38276550625 0.15 0.390476290625 0.128125 0.39214366875 0.1203642390625 0.3890625 0.1218958265625 0.38125 0.1171875 0.38085855468749996 0.11695603750000001 0.4484375 0.1203125 0.45009109843750006 0.1796875 0.45002772812499997 0.1875 0.4469203484375 0.1984375 0.432921309375 0.2296875 0.4314889421875
4 0.66875 0.2141483515625 0.8046875 0.2127113109375 0.8734375 0.2156622921875 0.87543748125 0.2109375 0.875707925 0.184375 0.171875 0.1837108046875 0.140625 0.184359990625 0.131230096875 0.1875 0.13125 0.226890984375 0.259375 0.22519955 0.5390625 0.22657729375 0.6453125 0.22351414531249997 0.6578125 0.22033066875 0.66875 0.2141483515625
7 0.111892478125 0.5031778375 0.1125 0.5393340125 0.234375 0.5391647125000001 0.2469067703125 0.5344278375 0.246875 0.5025824296875 0.111892478125 0.5031778375
4 0.6875 0.7142668328124999 0.8390625 0.7157534015625 0.8765625 0.718760028125 0.8787940125 0.709375 0.8784277984375001 0.671875 0.8765625 0.6686926453125001 0.859375 0.6654758984375 0.834375 0.656245303125 0.8203125 0.655776996875 0.1546875 0.65623446875 0.16087697343750001 0.659375 0.15625 0.6686954968750001 0.140625 0.676481028125 0.1202192859375 0.6796875 0.12006113125 0.73125 0.171875 0.731254053125 0.340625 0.7281698359375001 0.353125 0.71417323125 0.6875 0.7142668328124999
4 0.8515625 0.607939175 0.878125 0.6047682375 0.8828167640625001 0.6 0.8833661640624999 0.546875 0.116707246875 0.546875 0.1171875 0.6127179875000001 0.1625 0.6125268140625 0.1765625 0.608043165625 0.4015625 0.606435934375 0.44207212656249995 0.609375 0.4418769453125 0.6102087203125001 0.444151275 0.60990338125 0.6765625 0.6156492499999999 0.6574318375 0.60990338125 0.6531338812499999 0.609375 0.6578125 0.60655304375 0.8515625 0.607939175
4 0.1765625 0.8371008249999999 0.17582786875 0.840625 0.176421546875 0.8609375 0.190625 0.8625106125 0.3390625 0.8656476375000001 0.8795074765625 0.86654589375 0.8795074765625 0.8378623187500001 0.3203125 0.8340122953125 0.1765625 0.8371008249999999
4 0.425 0.17815710468749998 0.42666998593749994 0.1734375 0.4328125 0.16906360468749998 0.6046875 0.1705094578125 0.61875 0.17344117187500002 0.646875 0.17344885937500001 0.6671875 0.170519396875 0.7265625 0.17189736093750002 0.8359375 0.1687696390625 0.88830255 0.15549516875 0.8729111703125 0.10114734375000001 0.1605101140625 0.10114734375000001 0.1484375 0.12338411093749999 0.1421875 0.13119079375 0.1327277625 0.134375 0.1328125 0.1690033734375 0.2515625 0.1672685578125 0.2577762265625 0.1703125 0.253125 0.173194003125 0.165625 0.173403978125 0.1515625 0.18429100781250002 0.140625 0.1875245578125 0.3890625 0.187534271875 0.378126790625 0.184375 0.4140625 0.1828272640625 0.425 0.17815710468749998
6 0.1140625 0.8973614703124999 0.203125 0.8973150921874999 0.203125 0.8696894515625001 0.113324765625 0.8703125 0.1140625 0.8973614703124999
3 0.8133305140625 0.875 0.8140625 0.90200534375 0.878125 0.90157381875 0.881253109375 0.9 0.88125 0.8745552546875001 0.8133305140625 0.875
4 0.771767809375 0.6521739125 0.7673702734375001 0.6355676328125 0.89929639375 0.6295289859375 0.89489885625 0.6053743953125 0.1671064203125 0.6068840578125 0.1627088828125 0.6280193234375 0.114335971875 0.6280193234375 0.114335971875 0.661231884375 0.771767809375 0.6521739125