4 0.9391133640625 0.1703125 0.9394354453125 0.096875 0.9375 0.088987265625 0.0606840796875 0.0890625 0.0609375 0.186394425 0.8640625 0.1859624328125 0.878125 0.179751084375 0.9328125 0.175009146875 0.9391133640625 0.1703125
4 0.27039519218749997 0.4078125 0.27193232031250003 0.3984375 0.278125 0.3939816046875 0.934375 0.3937552515625 0.9406606640625 0.3890625 0.94068635 0.3484375 0.9328125 0.338960628125 0.9265625 0.33869828750000003 0.059375 0.338735009375 0.059223778125 0.415625 0.1109375 0.4156265109375 0.1296875 0.41282148906250005 0.265625 0.4110269265625 0.27039519218749997 0.4078125
4 0.24688717031250001 0.2828125 0.25158279375000003 0.271875 0.25625 0.26889270781249996 0.934375 0.2687710859375 0.9422507296875 0.2640625 0.9422211296875 0.1984375 0.9359375 0.193715665625 0.8421875 0.19191455156249998 0.8390725859374999 0.1890625 0.8641132875 0.1875 0.859375 0.18732558593749998 0.05625 0.1871842984375 0.0561865546875 0.2890625 0.0859375 0.28907895625 0.10625 0.2863180984375 0.240625 0.2859911375 0.24688717031250001 0.2828125
4 0.9328125 0.8062677328125 0.9406474953125 0.803125 0.9407423171874999 0.73125 0.9328125 0.7249957015625 0.846875 0.7247400734375 0.790625 0.721865434375 0.1265625 0.7212939546875 0.1046875 0.7218281156249999 0.1030899390625 0.7265625 0.0984375 0.729592559375 0.0734375 0.7358777515625 0.0640224234375 0.7359375 0.0640625 0.8209230828124999 0.640625 0.8203990703124999 0.6453125 0.80636143125 0.659375 0.8048557781250001 0.9328125 0.8062677328125
4 0.93125 0.6812676171875001 0.931393578125 0.6234375 0.070097865625 0.6234375 0.0703125 0.62503516875 0.084375 0.6236021 0.10309060781249998 0.6265625 0.096875 0.63114228125 0.0796875 0.6358276187499999 0.07023081875000001 0.6359375 0.0703125 0.698520175 0.10625 0.6984626359375 0.121875 0.695553684375 0.2640625 0.6953454 0.340625 0.6954614718750001 0.340625 0.6983844921875 0.3312488265625 0.6984375 0.3515625 0.69846945625 0.353125 0.6954813468750001 0.4265625 0.6939651625 0.453125 0.69407803125 0.4562409328125 0.696875 0.45 0.698443490625 0.471875 0.6989064265625 0.559375 0.698445409375 0.56875 0.6954965234375 0.5828125 0.6953890828125 0.7984375 0.6984381609375 0.8390625 0.696882734375 0.8703125 0.685995203125 0.93125 0.6812676171875001
4 0.4203427390625 0.071875 0.4265625 0.06897622656249999 0.934375 0.07033974531250001 0.94377978125 0.0640625 0.9439000828124999 0.0359375 0.1203125 0.0353325875 0.096875 0.035914481250000005 0.0875 0.0420956359375 0.06875 0.048360142187499996 0.0546428828125 0.0453125 0.0546875 0.0876984171875 0.1890625 0.0890702921875 0.4109375 0.08754028124999999 0.417191015625 0.084375 0.4203427390625 0.071875
4 0.9171875 0.5453399296875 0.9296875 0.5421965625 0.937507940625 0.5359375 0.9375736921875 0.528125 0.9422370250000001 0.5203125 0.9423266968749999 0.5015625 0.9359375 0.4968669734375 0.925 0.49374203593750005 0.9015625 0.49218018125 0.0636480734375 0.4921875 0.0640625 0.49534745312500006 0.110887653125 0.4953125 0.109375 0.49825631093749995 0.08125 0.49999635937500003 0.0765625 0.5030462140624999 0.06875 0.5030651140625 0.0640512 0.5 0.06405031718750001 0.5484375 0.103125 0.5454701140625 0.1031183125 0.5515625 0.0937379921875 0.5578125 0.09375 0.5609489828124999 0.6109375 0.5609512203125 0.6125163687499999 0.5515625 0.6234375 0.5485304421875 0.9171875 0.5453399296875
4 0.2001377453125 0.609375 0.209375 0.6017259593750001 0.93125 0.6031315890625 0.9390625 0.600025971875 0.9437696109375 0.59375 0.9437727125 0.575 0.940625 0.5702307421875 0.928125 0.5696139484375 0.1203125 0.5699308000000001 0.1046875 0.5703098578125 0.1015625 0.5733590125 0.0828125 0.5781173796875 0.0765625 0.5827611640625 0.054614325 0.5796875 0.0546875 0.623736496875 0.1421875 0.62344749375 0.1890625 0.6203938703125 0.1984375 0.615661715625 0.2001377453125 0.609375
4 0.90625 0.3297818796875 0.9328125 0.3281488859375 0.939112996875 0.3203125 0.939492378125 0.2890625 0.1203125 0.28844167187499997 0.090625 0.28903953437499996 0.078125 0.298362140625 0.071875 0.298421225 0.06408284375 0.2953125 0.065625 0.289011984375 0.059206992187499995 0.2890625 0.059375 0.3408464171875 0.4515625 0.3377102234375 0.5078125 0.3406298015625 0.5171875 0.337825759375 0.8734375 0.337559090625 0.90625 0.3297818796875
4 0.771875 0.47662425624999993 0.828125 0.47812613906249996 0.8578125 0.47515987031250007 0.934375 0.47344061093749995 0.9437650578125 0.4640625 0.9437635203125 0.4484375 0.9328125 0.4374679203125 0.890625 0.4342604203125 0.8734375 0.4218504375 0.83125 0.42460959374999996 0.6921875 0.4245756625 0.621875 0.4140511453125 0.534375 0.4138792578125 0.5171875 0.4168711171875 0.4515625 0.415611903125 0.396875 0.42321189375 0.2828125 0.420015403125 0.20625 0.424581665625 0.1078125 0.42499646249999995 0.1015625 0.42654799218750006 0.0953002546875 0.4328125 0.09838898593749999 0.4390625 0.0921875 0.443671378125 0.0671875 0.44993981875 0.0515625 0.44841473593750003 0.043722675 0.4546875 0.04375 0.4924576734375 0.7953125 0.49221090156249997 0.75625 0.49195958281249996 0.7515938828125 0.4890625 0.771875 0.47662425624999993
4 0.9109443953125 0.884375 0.9171875 0.8814037484374999 0.9297549109375 0.88125 0.9296875 0.8248830843749999 0.0715067125 0.8234375 0.071875 0.82515536875 0.1109375 0.82521273125 0.115607409375 0.828125 0.07186622499999999 0.8359375 0.071875 0.88133871875 0.0953125 0.8812531734375 0.1203125 0.8767074062500001 0.2140567859375 0.878125 0.16875 0.8812408859374999 0.165625 0.8842091578125 0.103125 0.8874979984375001 0.096875 0.8906062015625 0.0952860953125 0.8953125 0.103125 0.9016171484375001 0.9125 0.9015956484375 0.9156304328125 0.8984375 0.9156344937500001 0.890625 0.9109443953125 0.884375
6 0.3578125 0.9956778984374999 0.6375 0.9955933375000001 0.6375 0.9697081765625001 0.35710805 0.9703125 0.3578125 0.9956778984374999
4 0.11344151875 0.90625 0.1140625 0.9331273015624999 0.2203125 0.9328718671875 0.22656954843750002 0.928125 0.2265625 0.9056382140625001 0.11344151875 0.90625
3 0.4695773234375 0.9453125 0.4703125 0.9674126781249999 0.5296875 0.9672302515625001 0.5359713859374999 0.9640625 0.5359375 0.9448383703125 0.4695773234375 0.9453125
4 0.099881909375 0.7203125 0.1203125 0.7250181265625 0.6421875 0.725000659375 0.6421875 0.699237759375 0.09949690781250001 0.7 0.099881909375 0.7203125