4 0.696875 0.9390625 0.6984375 0.9375 0.815625 0.9375 0.8171875 0.9359375 0.8203125 0.9359375 0.821875 0.934375 0.825 0.934375 0.8265625 0.9328125 0.8421875 0.9328125 0.84375 0.93125 0.8515625 0.93125 0.853125 0.9328125 0.8546875 0.9328125 0.85625 0.93125 0.88125 0.93125 0.8828125 0.9296875 0.8890625 0.9296875 0.89375 0.925 0.89375 0.7515625 0.6140625 0.7515625 0.6140625 0.9375 0.6171875 0.9375 0.61875 0.9390625 0.696875 0.9390625
4 0.339340828125 0.8046875 0.367465828125 0.8046875 0.369028328125 0.803125 0.372153328125 0.803125 0.37371582812500004 0.8015625 0.378403328125 0.8015625 0.379965828125 0.8 0.439340828125 0.8 0.440903328125 0.7984375 0.489340828125 0.7984375 0.49090332812500004 0.796875 0.533090828125 0.796875 0.534653328125 0.7953125 0.536215828125 0.7953125 0.537778328125 0.796875 0.544028328125 0.796875 0.545590828125 0.7953125 0.5784033281250001 0.7953125 0.579965828125 0.796875 0.581528328125 0.7953125 0.590903328125 0.7953125 0.5940283281250001 0.7921875 0.5940283281250001 0.7375 0.23148148124999998 0.7346523125 0.26455026406250004 0.78993308125 0.314340828125 0.80625 0.337778328125 0.80625 0.339340828125 0.8046875
4 0.5609375 0.9375 0.5625 0.9390625 0.5953125 0.9390625 0.5984375 0.9359375 0.5984375 0.8734375 0.5953125 0.8703125 0.578125 0.8703125 0.5765625 0.871875 0.5671875 0.871875 0.565625 0.8734375 0.553125 0.8734375 0.5515625 0.871875 0.55 0.8734375 0.546875 0.8734375 0.5453125 0.871875 0.540625 0.871875 0.5390625 0.8703125 0.3203125 0.8703125 0.3203125 0.9390625 0.5578125 0.9390625 0.559375 0.9375 0.5609375 0.9375
4 0.3359375 0.8109375 0.334375 0.8125 0.3203125 0.8125 0.3203125 0.8734375 0.5375 0.8734375 0.5359375 0.871875 0.5359375 0.8703125 0.5375 0.86875 0.540625 0.86875 0.5421875 0.8671875 0.565625 0.8671875 0.5671875 0.865625 0.5875 0.865625 0.5890625 0.8640625 0.59375 0.8640625 0.5953125 0.8625 0.5953125 0.8109375 0.59375 0.809375 0.565625 0.809375 0.5640625 0.8078125 0.5546875 0.8078125 0.553125 0.809375 0.5328125 0.809375 0.53125 0.8078125 0.503125 0.8078125 0.5015625 0.80625 0.3453125 0.80625 0.346875 0.8078125 0.346875 0.809375 0.3453125 0.8109375 0.3359375 0.8109375
2 0.15 0.584375 0.153125 0.58125 0.153125 0.5796875 0.1546875 0.578125 0.1546875 0.5765625 0.15625 0.575 0.15625 0.571875 0.159375 0.56875 0.165625 0.56875 0.16875 0.571875 0.16875 0.5734375 0.1703125 0.575 0.1703125 0.578125 0.1765625 0.584375 0.1765625 0.5875 0.721875 0.5875 0.721875 0.584375 0.7234375 0.5828125 0.725 0.5828125 0.7265625 0.58125 0.7390625 0.58125 0.740625 0.5796875 0.771875 0.5796875 0.7734375 0.578125 0.7828125 0.578125 0.784375 0.5765625 0.7890625 0.5765625 0.790625 0.575 0.80625 0.575 0.8078125 0.5734375 0.8296875 0.5734375 0.83125 0.575 0.846875 0.575 0.8484375 0.5765625 0.8625 0.5765625 0.8640625 0.575 0.8671875 0.575 0.86875 0.5734375 0.875 0.5734375 0.8765625 0.571875 0.884375 0.571875 0.8859375 0.5703125 0.890625 0.5703125 0.89375 0.5734375 0.89375 0.0875 0.109375 0.0875 0.109375 0.5875 0.1484375 0.5875 0.15 0.5859375 0.15 0.584375
6 0.4921875 0.665625 0.4953125 0.6625 0.4953125 0.6359375 0.3140625 0.6359375 0.3140625 0.6671875 0.4890625 0.6671875 0.490625 0.665625 0.4921875 0.665625
7 0.3265625 0.7234375 0.328125 0.725 0.3359375 0.725 0.3375 0.7265625 0.3546875 0.7265625 0.35625 0.728125 0.39375 0.728125 0.3953125 0.7296875 0.465625 0.7296875 0.4671875 0.728125 0.49375 0.728125 0.4953125 0.7265625 0.51875 0.7265625 0.5203125 0.728125 0.5671875 0.728125 0.56875 0.7296875 0.684375 0.7296875 0.6859375 0.728125 0.7515625 0.728125 0.753125 0.7296875 0.878125 0.7296875 0.8796875 0.728125 0.8828125 0.728125 0.884375 0.7265625 0.884375 0.6703125 0.3125 0.6703125 0.3125 0.721875 0.3171875 0.721875 0.31875 0.7234375 0.3265625 0.7234375
1 0.8984375 0.596875 0.8984375 0.58125 0.71875 0.58125 0.71875 0.6015625 0.8921875 0.6015625 0.896875 0.596875 0.8984375 0.596875
4 0.727204584375 0.73760774375 0.614704584375 0.73760774375 0.614704584375 0.75167024375 0.725642084375 0.75167024375 0.727204584375 0.75010774375 0.727204584375 0.73760774375
3 0.8953125 0.9453125 0.8546875 0.9453125 0.8546875 0.9625 0.8921875 0.9625 0.8953125 0.959375 0.8953125 0.9453125
6 0.75618055625 0.9528665984375 0.22928240781250003 0.9528665984375 0.22928240781250003 0.984872709375 0.75618055625 0.984872709375 0.75618055625 0.9528665984375
6 0.764992284375 0.06255600781250001 0.7209027781249999 0.06255600781250001 0.7209027781249999 0.08292260625 0.764992284375 0.08292260625 0.764992284375 0.06255600781250001