7 0.467642775 0.1187865234375 0.45795263906250006 0.07476775 0.23411085156250003 0.0762856921875 0.09651119687500001 0.0869109 0.10232519531249999 0.1392779984375 0.2970966796875 0.12865279062499999 0.467642775 0.1187865234375
6 0.791293071875 0.1392779984375 0.8843180828125 0.1316885125 0.8959460796875 0.0922235046875 0.7607756265625001 0.081548203125 0.75737765 0.0740088296875 0.737028396875 0.138518996875 0.791293071875 0.1392779984375
4 0.751563340625 0.184055653125 0.7942001234375 0.1787430484375 0.7874170390625 0.14914420625 0.533439671875 0.1465971203125 0.53547361875 0.1924040390625 0.7302453125 0.1916450375 0.751563340625 0.184055653125
4 0.9560248578125 0.847185546875 0.5436188953125 0.8435498078125001 0.5461327375 0.9678575578125 0.9608701843749999 0.96709871875 0.9560248578125 0.847185546875
2 0.525783484375 0.58686799375 0.3726795921875 0.5845911109374999 0.36105169843749996 0.6058415265625 0.077071228125 0.6178698890625001 0.07616194375 0.9018294687499999 0.5345046375 0.9063832328125001 0.525783484375 0.58686799375
2 0.9608701843749999 0.52842935 0.5419223578125 0.5183052203125 0.5432259984375001 0.8426319843750001 0.9579632359374999 0.8426319843750001 0.9608701843749999 0.52842935
6 0.174032384375 0.4936424171875 0.078767765625 0.49042711250000004 0.0732548921875 0.52324111875 0.174032384375 0.517169675 0.174032384375 0.4936424171875
6 0.9881142046875 0.9094198078125 0.9599115703125 0.90950515 0.9632449640624999 0.9489019359374999 0.9908026781249999 0.9462697890625 0.9881142046875 0.9094198078125
3 0.9844173375 0.8823087484375 0.9640302796875 0.8828014265625 0.9632449640624999 0.90652445625 0.9874420140625 0.9033658984375 0.9844173375 0.8823087484375
2 0.9397543687500001 0.505859375 0.9534825203124999 0.4970703125 0.9559785484375001 0.3251953125 0.95098649375 0.3134765625 0.9534825203124999 0.1591796875 0.9497384796875 0.154296875 0.8449053234375 0.154296875 0.8349212125 0.15625 0.8274331296874999 0.166015625 0.8024728546875 0.171875 0.7987288140625 0.1884765625 0.7924887453125 0.19140625 0.78000860625 0.185546875 0.770024496875 0.1875 0.7625364140625 0.1953125 0.75504833125 0.185546875 0.7225999734374999 0.189453125 0.7088718218750001 0.1982421875 0.7088718218750001 0.2021484375 0.7225999734374999 0.2109375 0.7350801109375 0.208984375 0.746312234375 0.2177734375 0.746312234375 0.2275390625 0.740072165625 0.232421875 0.7288400421875 0.2294921875 0.738824153125 0.2255859375 0.7375761390625 0.21875 0.6901516156249999 0.21875 0.6801675046875 0.2109375 0.6626953125 0.2109375 0.6527112015625 0.21484375 0.60778270625 0.21484375 0.5903105140625 0.21875 0.5728383203125 0.216796875 0.55786215625 0.220703125 0.5541181140625 0.2294921875 0.5416379765625 0.2353515625 0.5441340046875001 0.2548828125 0.5391419484375 0.2587890625 0.5391419484375 0.3564453125 0.549126059375 0.3701171875 0.5516220875 0.3818359375 0.5690942796875 0.3837890625 0.5368496609375 0.42865968906249996 0.5395921203125 0.47720333281249994 0.5417862765625 0.5145777390624999 0.5423347578125 0.5167256250000001 0.6185758515625001 0.5141481156250001 0.616518803125 0.4560546875 0.622758871875 0.4609375 0.635239009375 0.462890625 0.6402310640625 0.45703125 0.650215175 0.45703125 0.660199284375 0.46484375 0.6726794218750001 0.4609375 0.677671478125 0.466796875 0.6826635328124999 0.455078125 0.7038797671875 0.4521484375 0.7038797671875 0.4462890625 0.6988877125 0.4443359375 0.702631753125 0.439453125 0.7038797671875 0.4443359375 0.7101198359375 0.443359375 0.7188559328124999 0.4541015625 0.7188559328124999 0.4736328125 0.7038797671875 0.4794921875 0.7038797671875 0.4833984375 0.71136785 0.4853515625 0.70637579375 0.4892578125 0.7101198359375 0.498046875 0.740072165625 0.5 0.745064221875 0.5078125 0.7500562765625001 0.5 0.757544359375 0.5 0.7587923734375 0.5068359375 0.7650324421875 0.509765625 0.768776484375 0.5087890625 0.768776484375 0.5009765625 0.7750165515624999 0.5 0.78000860625 0.509765625 0.807464909375 0.515625 0.8311771718750001 0.5146484375 0.8698655984375 0.509765625 0.8823457375 0.513671875 0.9023139578125001 0.513671875 0.9397543687500001 0.505859375
2 0.10627958906249999 0.2125757203125 0.08763061875 0.22890017031249998 0.1068280125 0.243506240625 0.1090220796875 0.25338679062499997 0.08379113906249999 0.275295890625 0.08708219687499999 0.28216935468750004 0.08598520625 0.31009274375 0.0826941484375 0.3289946890625 0.09092167500000001 0.3315722203125 0.09640665312499999 0.35262214531249997 0.11011906875 0.361214009375 0.12602549375 0.350474190625 0.13425287187499998 0.34961501250000004 0.155644246875 0.3586364078125 0.1720992390625 0.3586364078125 0.1978785125 0.372383359375 0.18032661875 0.3951516390625 0.14028633125 0.39386281562500003 0.139737909375 0.49009105937499997 0.1748416390625 0.49524612343749996 0.17868111874999998 0.51973275625 0.5258797046875 0.5188736015625001 0.5171039046875 0.21816038437500002 0.48858205468750004 0.21816038437500002 0.3821734921875 0.22245631718749997 0.3284207890625 0.2310481234375 0.30264145781249996 0.22374505937500003 0.3053839171875 0.20656144531249998 0.2933170015625 0.19925842656249998 0.2615041515625 0.203983925 0.2423067578125 0.177778903125 0.23943902343749998 0.17780252968750002 0.22091538437499997 0.1859411328125 0.21104244687499998 0.19796966093749999 0.19897553125 0.1988288265625 0.16935674843749998 0.19195539687500002 0.1369954203125 0.201835959375 0.10627958906249999 0.2125757203125
4 0.3731469203125 0.5786425953125 0.5105960875 0.5811077921875001 0.5179407015625 0.52769268125 0.0779405359375 0.52815171875 0.0657223078125 0.60904814375 0.352162275 0.60740460625 0.3731469203125 0.5786425953125
4 0.2461899625 0.1801505484375 0.26927334062499997 0.19576421875 0.29235615937500004 0.19494249375 0.30809458749999996 0.20973435 0.31963610781249996 0.222882734375 0.36580230468749997 0.22206094375 0.5158425281250001 0.2121997 0.5242361171875001 0.1415273171875 0.07426656875 0.1486710109375 0.03634385 0.17439814843749998 0.08251004687499999 0.17932878125 0.2461899625 0.1801505484375