2 0.9985599593750001 0.0947265625 0.7541755484375 0.0947265625 0.7498790515625 0.526788925 1 0.5321826671875 0.9985599593750001 0.4892578125 0.9985599593750001 0.0947265625
2 0.4940244 0.1943359375 0.4940244 0.1611328125 0.50190776875 0.1552734375 0.49533829531249995 0.146484375 0.4716881921875 0.142578125 0.461177034375 0.1328125 0.45066587656249996 0.1328125 0.4401547203125 0.142578125 0.41913240468749996 0.134765625 0.3928545109375 0.134765625 0.36920440625 0.142578125 0.3639488265625 0.134765625 0.3534376703125 0.1328125 0.3376709328125 0.14453125 0.3192764078125 0.146484375 0.31007914531249997 0.1533203125 0.3179625140625 0.1630859375 0.32059030312500003 0.1943359375 0.312706934375 0.2041015625 0.3192764078125 0.208984375 0.3402987234375 0.212890625 0.3534376703125 0.22265625 0.3613210375 0.22265625 0.3718321953125 0.21484375 0.3954823 0.220703125 0.41650461562499996 0.220703125 0.4401547203125 0.21484375 0.45329366562500006 0.22265625 0.4598631390625 0.2216796875 0.4716881921875 0.212890625 0.49271050625 0.208984375 0.50190776875 0.2021484375 0.4940244 0.1943359375
2 0.15898125624999998 0.908203125 0.1510978875 0.916015625 0.1327033625 0.904296875 0.11430883750000001 0.904296875 0.0998559953125 0.9150390625 0.0998559953125 0.9287109375 0.10642546875 0.93359375 0.135331153125 0.935546875 0.1510978875 0.927734375 0.15898125624999998 0.935546875 0.1918286234375 0.9345703125 0.199711990625 0.9267578125 0.199711990625 0.9189453125 0.1773757828125 0.904296875 0.15898125624999998 0.908203125
7 0.1957703078125 0.529296875 0.20233978125 0.5224609375 0.199711990625 0.5126953125 0.187886940625 0.509765625 0.074891996875 0.509765625 0.0683225234375 0.5146484375 0.0735781015625 0.5458984375 0.08540315312499999 0.55078125 0.135331153125 0.55078125 0.1957703078125 0.529296875
1 0.9445331171875001 0.544007778125 0.9430965656250001 0.5327966265625 0.7671189125 0.531728896875 0.7671189125 0.5482786921875 0.7405426953124999 0.547744828125 0.7419792484375 0.5637607578125 0.8080606515625 0.5626930296875 0.8080606515625 0.5461432359375 0.9445331171875001 0.544007778125
4 0.7383878671875 0.9577526531249999 0.9488427749999999 0.9556171953125 0.9524341546875 0.5733703171875 0.7455706281250001 0.575505775 0.7383878671875 0.9577526531249999
4 0.5468786421875 0.8264220218749999 0.5195841484375 0.8440395453124999 0.5174293203125 0.9492108234375 0.7211492390625 0.9529478734374999 0.7250111234375 0.8728682203125 0.724292846875 0.8269558859374999 0.5468786421875 0.8264220218749999
4 0.7271659515625 0.5536173359375 0.518865871875 0.5546850640625001 0.5195841484375 0.823218834375 0.5547796796875 0.823218834375 0.554061403125 0.806669040625 0.7257293984375 0.8072029046875 0.7271659515625 0.5536173359375
4 0.5533431265625001 0.26853377031250003 0.5253303578125 0.2712030921875 0.5217389765625 0.5392029984375 0.7293207796875001 0.5365336765625 0.7293207796875001 0.2498485171875 0.5533431265625001 0.25038238281249997 0.5533431265625001 0.26853377031250003
4 0.52461208125 0.087019890625 0.526048634375 0.24344214531250002 0.716391809375 0.24290828125 0.7293207796875001 0.2242230296875 0.7307573328125 0.08435056875 0.52461208125 0.087019890625
4 0.4956816421875 0.2914899375 0.49065370937499997 0.2802787859375 0.3297598546875 0.28241424375 0.29887398125 0.3043026828125 0.29815570468749997 0.33419908593750003 0.2895363921875 0.344342509375 0.2995922578125 0.353418203125 0.2995922578125 0.40627077500000003 0.35418124375 0.4052030453125 0.35418124375 0.38972097968749997 0.5071740609375001 0.39399189375 0.510047165625 0.3502150171875 0.5057375078125 0.30857359687499997 0.4956816421875 0.2914899375
4 0.5057375078125 0.40787236718750003 0.3240136453125 0.40787236718750003 0.3247319234375 0.4249560265625 0.29743742968750003 0.4276253484375 0.2960008765625 0.5311950328124999 0.44037437968750004 0.5327966265625 0.44252920937500007 0.5183822890625 0.4992730234375 0.5162468312499999 0.5057375078125 0.40787236718750003
4 0.29528260156249997 0.5562866578125 0.29025466718750004 0.95134628125 0.498554746875 0.9492108234375 0.5035826812499999 0.5354659484375001 0.31467605625 0.531728896875 0.29528260156249997 0.5562866578125
4 0.091860765625 0.5909878421875 0.0652845484375 0.592589434375 0.0645662734375 0.8958243875 0.2701429359375 0.896358253125 0.272148075 0.5696332671875 0.0911424890625 0.57390418125 0.091860765625 0.5909878421875
4 0.107662840625 0.38278074218749997 0.06959420625 0.38171301406249997 0.0667211015625 0.49168907187500005 0.2750211796875 0.4922229359375 0.26999324687500004 0.3646293546875 0.10909939375 0.3656970828125 0.107662840625 0.38278074218749997
4 0.285077046875 0.288820615625 0.2764577328125 0.27867719375 0.27789428437499997 0.1190517515625 0.28723187499999997 0.1067728703125 0.2793308375 0.0848844328125 0.27717600937500003 0.08007965312500001 0.0710307578125 0.08007965312500001 0.068157653125 0.3646293546875 0.2570642765625 0.3640954890625 0.2563460015625 0.3491472875 0.2750211796875 0.3454102375 0.285077046875 0.288820615625