4 0.43125 0.83285529375 0.4313338421875 0.825 0.434375 0.820450253125 0.46875 0.8204791468750001 0.4765625 0.823454653125 0.515625 0.8218938874999999 0.553125 0.8235463968750001 0.7015625 0.8190075953125 0.9203125 0.8203293578125 0.9226174968749999 0.809375 0.9221849875 0.7109375 0.6203125 0.710897103125 0.546875 0.7124955468749999 0.521875 0.715495703125 0.3765625 0.7105960765625 0.12116058437499999 0.7109375 0.1234337796875 0.721875 0.1211147609375 0.746875 0.121875 0.8427674843749999 0.309375 0.8421953140625 0.3359375 0.8392797421875 0.4171875 0.8375165000000001 0.43125 0.83285529375
4 0.46882097343750007 0.178125 0.475 0.175220775 0.6765625 0.1750011484375 0.746875 0.1705147609375 0.8921875 0.1672165125 0.8941821187500001 0.1578125 0.89386538125 0.0640625 0.259375 0.0635095359375 0.240625 0.0640269265625 0.240625 0.067039309375 0.221875 0.06854210937500001 0.2046875 0.066992978125 0.2015625 0.0639684640625 0.1359375 0.064061309375 0.134375 0.0669313890625 0.1265625 0.0669623125 0.1203125 0.06696096093750001 0.11875 0.0640344421875 0.082256821875 0.0640625 0.0828125 0.197335125 0.140625 0.1968974625 0.1859375 0.1890667875 0.1953125 0.181392078125 0.209375 0.1796934375 0.23125 0.1673671234375 0.2421875 0.16410498125 0.2640625 0.1423009703125 0.29375 0.1328220234375 0.3046886453125 0.1234375 0.31105621875 0.1125 0.321875 0.10167473593750001 0.3578125 0.08765730000000001 0.3765625 0.0843905234375 0.384375 0.0860441015625 0.39206556875 0.0953125 0.3920696609375 0.1078125 0.387383396875 0.11875 0.346875 0.14685746718749998 0.3234375 0.16867004531250002 0.309375 0.176516571875 0.29370524531250003 0.1953125 0.3078125 0.19708271093750002 0.403125 0.1969217296875 0.4625 0.1922183609375 0.46723718124999997 0.1890625 0.46882097343750007 0.178125
4 0.5703125 0.4030631890625 0.5640625 0.40589751406249996 0.4796875 0.409089215625 0.4578125 0.40767435937499996 0.4453125 0.410655865625 0.415625 0.40622563281249996 0.3921875 0.40611564843750003 0.384375 0.40311091875000005 0.10577102812500001 0.403125 0.10625 0.4063957875 0.1296540203125 0.4078125 0.10616646406250001 0.41875 0.10625 0.571087303125 0.9046875 0.5704328984375 0.9046875 0.40252335625 0.584375 0.40245447968750003 0.5703125 0.4030631890625
4 0.86875 0.3094981796875 0.896875 0.3094822921875 0.8973559796874999 0.196875 0.2953125 0.19686594531249998 0.2390625 0.20778015 0.225 0.22646028281250002 0.2078125 0.2343660984375 0.203125 0.24053313906249998 0.16875 0.25779885937499997 0.159375 0.26712689843750004 0.1390625 0.2749429671875 0.12657285000000001 0.271875 0.13594303125 0.259375 0.1343784890625 0.2453125 0.1312743890625 0.2390625 0.159383678125 0.203125 0.140625 0.19685963125 0.08396295468750001 0.196875 0.084375 0.2000493390625 0.1155861984375 0.2015625 0.1125 0.20457731406250002 0.08431309687500001 0.2125 0.084375 0.32090464218750003 0.6328125 0.32031890625 0.8359375 0.3171994421875 0.853125 0.31564286875 0.86875 0.3094981796875
4 0.38594347500000004 0.70625 0.3875616890625 0.696875 0.390625 0.693903015625 0.3984375 0.6923502921875 0.528125 0.6938416671875001 0.9140625 0.6906340890625 0.9140808953124999 0.5859375 0.8859375 0.5856241468750001 0.8703170296874999 0.5828125 0.8703603296875 0.5796875 0.8765625 0.5735004046875 0.8921875 0.570367678125 0.9125 0.570313496875 0.9141664031250001 0.5671875 0.1132824890625 0.5671875 0.1140625 0.5891416703125001 0.1515625 0.587509040625 0.2281205640625 0.5890625 0.2203125 0.59189935 0.121875 0.5921726078125 0.11402339375 0.6 0.1140625 0.716216259375 0.328125 0.715625259375 0.334375 0.7127960328125 0.378125 0.7109909484375 0.38594347500000004 0.70625
4 0.1296875 0.9460340453124999 0.9171875 0.9456993718750001 0.9171875 0.8633152953125001 0.1296740078125 0.8640625 0.1296875 0.9460340453124999
4 0.4046875 0.3815601265625 0.6578125 0.3812556609375 0.78125 0.37969540468749996 0.8078125 0.3767645328125 0.896875 0.376680803125 0.89761515 0.3265625 0.1390625 0.3259450921875 0.1140625 0.326549465625 0.1015625 0.3343133015625 0.09216633125 0.334375 0.0921875 0.405062678125 0.3890625 0.40472972343749997 0.39850479375000003 0.396875 0.398539228125 0.3875 0.4046875 0.3815601265625
4 0.4515736296875 0.0453125 0.4421875 0.03905543125 0.43125 0.03874109375 0.06968624375 0.0390625 0.0703125 0.07037274375 0.2015625 0.0689757546875 0.328125 0.0719082921875 0.4390625 0.06877183125 0.4500452140625 0.0640625 0.4515736296875 0.0453125
4 0.6890703890625 0.8578125 0.6875867015625 0.8515625 0.6937747265625 0.8390625 0.359375 0.8384344109375 0.29375 0.8390561062499999 0.278125 0.84198005625 0.1483911453125 0.8421875 0.1484375 0.8689804156250001 0.3203125 0.8687669874999999 0.671875 0.8672101812499999 0.6796875 0.8656884046875 0.6890703890625 0.8578125
7 0.65 0.9820640062500001 0.649243109375 0.9984375 0.6926068484375 0.9984375 0.6927276546875001 0.9828125 0.65 0.9820640062500001
6 0.1802434453125 0.24971623125 0.21067415781249998 0.23269012500000003 0.2551498125 0.1986379109375 0.3136704125 0.17309875156250001 0.3745318359375 0.1276958 0.419007490625 0.09931895625 0.3815543078125 0.0709421109375 0.35580524375 0.0822928484375 0.2949438203125 0.1319523265625 0.22237827656250003 0.1702610671875 0.1521535578125 0.20005675312500001 0.12874531875 0.25255391562499996 0.0866104875 0.24829738906249998 0.11704119843750001 0.276674234375 0.1591760296875 0.27099886562500003 0.1802434453125 0.24971623125