2 0.2798336328125 0.0849609375 0.273356003125 0.076171875 0.08161814218749999 0.078125 0.08161814218749999 0.19140625 0.23189916875 0.193359375 0.2798336328125 0.1884765625 0.2798336328125 0.0849609375
2 0.273356003125 0.24609375 0.0673673546875 0.2470703125 0.0673673546875 0.4599609375 0.27594705468749997 0.4609375 0.2798336328125 0.2509765625 0.273356003125 0.24609375
2 0.4948909625 0.5966796875 0.36145177500000003 0.591796875 0.2992665234375 0.591796875 0.2953799453125 0.5966796875 0.2901978421875 0.9404296875 0.3692249328125 0.9453125 0.4858222796875 0.943359375 0.4948909625 0.5966796875
6 0.049229990625 0.9130859375 0.0453434125 0.90625 0.031092626562499996 0.9091796875 0.0285015734375 0.9384765625 0.0427523609375 0.94140625 0.049229990625 0.9384765625 0.049229990625 0.9130859375
3 0.030120103125 0.8768602124999999 0.031158728125 0.8948671640624999 0.045699467187499995 0.8956500734375 0.046738090625 0.8768602124999999 0.030120103125 0.8768602124999999
7 0.41068176718749994 0.078125 0.30703968125 0.076171875 0.3031531015625 0.0888671875 0.3122217859375 0.091796875 0.41441107656250004 0.0923834875 0.41068176718749994 0.078125
7 0.20469312031250003 0.5947265625 0.20339759375000002 0.587890625 0.0738449875 0.587890625 0.069958409375 0.5927734375 0.08939129999999999 0.599609375 0.180078125 0.599609375 0.20469312031250003 0.5947265625
4 0.2578096890625 0.8515625 0.2668783734375 0.8447265625 0.2720604765625 0.7939453125 0.2720604765625 0.6103515625 0.0976306796875 0.605973040625 0.0725494609375 0.6279296875 0.069958409375 0.6904296875 0.0673673546875 0.8408203125 0.0738449875 0.845703125 0.10752866406249999 0.849609375 0.2578096890625 0.8515625
4 0.2241260109375 0.94140625 0.269469425 0.9208984375 0.2720604765625 0.8916015625 0.2655828453125 0.87109375 0.06866288125 0.87109375 0.0621852515625 0.8759765625 0.064776303125 0.9365234375 0.07902709062499999 0.94140625 0.2241260109375 0.94140625
6 0.7812022265625 0.93359375 0.6542406703125 0.93359375 0.6542406703125 0.9453125 0.7630648609375 0.947265625 0.7850888046875 0.9423828125 0.7812022265625 0.93359375
4 0.9366653546875 0.931640625 0.9431429859374999 0.9267578125 0.947225315625 0.7210609421874999 0.556702596875 0.7210609421874999 0.5515094765625 0.73593625 0.5276211187500001 0.7406337140625 0.5259835890625 0.8212890625 0.5233925359375 0.8974609375 0.5259835890625 0.9287109375 0.53246121875 0.93359375 0.9366653546875 0.931640625
4 0.941847459375 0.703125 0.9483250906249999 0.6962890625 0.9509161421875 0.5009765625 0.9392564078125 0.4765625 0.566144896875 0.478515625 0.5311656921875 0.5009765625 0.528574640625 0.6669921875 0.537643321875 0.71484375 0.6283301484375 0.716796875 0.941847459375 0.703125
7 0.93148325 0.150390625 0.935369828125 0.1455078125 0.9285300796874999 0.1190024578125 0.688607878125 0.1190024578125 0.678221634375 0.078291090625 0.5583717390625 0.076171875 0.5518941093749999 0.0810546875 0.5493030578125 0.1220703125 0.5583717390625 0.15234375 0.8356143203125 0.15234375 0.93148325 0.150390625
4 0.9555343093750001 0.46348325468749996 0.9555343093750001 0.35857319374999996 0.56189571875 0.3624877484375 0.5608570953124999 0.378145965625 0.530736990625 0.3812776109375 0.530736990625 0.479924384375 0.5951316953125 0.47600982968750005 0.599286190625 0.4658319875 0.9555343093750001 0.46348325468749996
4 0.9544956843750001 0.1511018046875 0.557741221875 0.1581480015625 0.530736990625 0.1785036859375 0.530736990625 0.360139015625 0.835053896875 0.353875728125 0.834015271875 0.34369788749999997 0.956572934375 0.3413491546875 0.9544956843750001 0.1511018046875
4 0.5030703671875 0.0976239109375 0.325401271875 0.0986050546875 0.301321578125 0.1172468078125 0.3019723796875 0.35124985 0.3546873875 0.3517404234375 0.3553381890625 0.33702325 0.509578390625 0.3360421046875 0.5030703671875 0.0976239109375
4 0.5063243796875 0.353212140625 0.3273536796875 0.35272156718750003 0.300670775 0.3659670234375 0.2993691703125 0.41845827187499995 0.3546873875 0.4174771265625 0.354036584375 0.401778809375 0.5030703671875 0.40226938125 0.5063243796875 0.353212140625
4 0.5050227734375 0.424345140625 0.3240996671875 0.4199299890625 0.3234488640625 0.43808116874999997 0.29741676250000004 0.43857174062500004 0.2993691703125 0.47094951875 0.49395913125 0.47389295468750003 0.49330832812500003 0.45672292031249995 0.5024195640625 0.45377948593750006 0.5050227734375 0.424345140625