2 0.9943072640624999 0.016551418749999998 0.6691858500000001 0.0157111609375 0.6717564874999999 0.4921572109375 0.9997557546875001 0.4913300828125 0.9943072640624999 0.016551418749999998
2 0.6464087000000001 0.491146746875 0.37637986093750003 0.494964921875 0.38186873125 0.7357837078125 0.6473402359375 0.7364907406250001 0.6464087000000001 0.491146746875
6 0.8699635906250001 0.9251992250000001 0.6745025390625 0.9243704062500001 0.675284596875 0.936511959375 0.865306196875 0.937926025 0.8699635906250001 0.9251992250000001
1 0.8168693328125001 0.50845155625 0.883004378125 0.50845155625 0.883004378125 0.495017725 0.6733379984375001 0.494964921875 0.66969566875 0.5218853609375 0.8168693328125001 0.523299453125 0.8168693328125001 0.50845155625
6 0.8379242609374999 0.958984375 0.8520827343749999 0.9599609375 0.868815478125 0.958984375 0.8701026125 0.9501953125 0.8340628593750001 0.9501953125 0.8379242609374999 0.958984375
6 0.8842610859375 0.9609375 0.91901370625 0.9599609375 0.9177265718750001 0.94921875 0.8842610859375 0.947265625 0.8803996843749999 0.9501953125 0.8842610859375 0.9609375
3 0.9331721796875 0.9609375 0.9499049234375001 0.9599609375 0.95119205625 0.94921875 0.9331721796875 0.94921875 0.9293107781250001 0.9521484375 0.9331721796875 0.9609375
4 0.2702206171875 0.146151871875 0.35035544218750003 0.1443270765625 0.3487527078125 0.08289212343749999 0.070329965625 0.0822445125 0.0730889015625 0.1595337515625 0.2710219546875 0.1613585484375 0.2702206171875 0.146151871875
4 0.07549297187500001 0.3383407140625 0.2293518078125 0.3395572296875 0.22774913593749999 0.324958834375 0.3519581140625 0.324350553125 0.3495540453125 0.1668093859375 0.3335270796875 0.161334984375 0.10038551250000001 0.1635768875 0.10514283124999999 0.18079953437500002 0.0738902984375 0.1801912765625 0.07549297187500001 0.3383407140625
4 0.0803010484375 0.646665790625 0.14761431249999998 0.6484905640624999 0.15642913125 0.6320673718750001 0.3543621828125 0.6351087078125001 0.3519581140625 0.341315709375 0.10339106875 0.34068383125 0.106745565625 0.3571306546875 0.077897040625 0.3565224078125 0.0803010484375 0.646665790625
4 0.081102384375 0.6801204796875 0.22774913593749999 0.6831618140625 0.23175587812499998 0.6667385765625 0.35516351875 0.6655220609375 0.35516351875 0.6515318999999999 0.14521024375 0.650315384375 0.109402178125 0.6508110140625 0.10995097031250001 0.6649138031249999 0.0803010484375 0.6655220609375 0.081102384375 0.6801204796875
4 0.08190378125 0.71357516875 0.1187657875 0.714791684375 0.12116979531250001 0.698368490625 0.358368925 0.69958500625 0.35676619062500003 0.6831618140625 0.1104040296875 0.6842561015624999 0.1075469 0.69958500625 0.0803010484375 0.698368490625 0.08190378125 0.71357516875
4 0.2157289125 0.716256059375 0.109402178125 0.716941075 0.11235497812499999 0.72902968125 0.21252350781249998 0.730854478125 0.2157289125 0.716256059375
4 0.083506453125 0.7726433828125 0.0899172640625 0.7811591078125 0.3118907015625 0.7793343125 0.3094866328125 0.7635193765625 0.3591702609375 0.7635193765625 0.3591702609375 0.7531788328125 0.35516351875 0.73249774375 0.10840032656250001 0.7321433875000001 0.1115536421875 0.7495292390625 0.08751319375 0.7501374968750001 0.083506453125 0.7726433828125
4 0.086711859375 0.8138318625000001 0.180469578125 0.8132236046875001 0.18527765624999998 0.7968003890625 0.36157426875 0.7937590546875 0.36157426875 0.78098544375 0.11541328749999999 0.7830711359375 0.1203684609375 0.8010582625 0.086711859375 0.8004500046875 0.086711859375 0.8138318625000001
4 0.08751319375 0.8944128484375 0.29265833125 0.8925880515625 0.29826780625 0.8798144515624999 0.3591702609375 0.8761648359375 0.3607729328125 0.81229680625 0.1164151390625 0.8142358765625 0.11716305468749999 0.833586153125 0.08751319375 0.833586153125 0.08751319375 0.8944128484375
4 0.086711859375 0.9424528640625001 0.3591702609375 0.9424528640625001 0.3607729328125 0.89439975625 0.1144114359375 0.8970884828125 0.1195671234375 0.9144725890625001 0.086711859375 0.9144725890625001 0.086711859375 0.9424528640625001
4 0.40409231874999996 0.0967286453125 0.64049005 0.0918625140625 0.641291384375 0.0790889265625 0.36687804375 0.081484396875 0.3688329828125 0.111935321875 0.40168824843750006 0.111935321875 0.40409231874999996 0.0967286453125
4 0.3736410609375 0.47065317812499996 0.45457728125 0.4700449203125 0.457782625 0.45544650156250005 0.6460994609374999 0.4517969078125 0.643695453125 0.1129921609375 0.4377489203125 0.11360041875 0.395931740625 0.1141693703125 0.399284240625 0.1294153640625 0.3688329828125 0.1330649796875 0.3736410609375 0.47065317812499996
4 0.6460994609374999 0.47226068281250005 0.42973543750000004 0.47347722187499997 0.39793544375 0.4752243 0.4008869125 0.4868591015625 0.6452981265625 0.484426025 0.6460994609374999 0.47226068281250005
4 0.45938535781249995 0.7606490765625 0.64850353125 0.7576077421875 0.6509076 0.744225884375 0.4754123234375 0.7454424000000001 0.3768965609375 0.7488659328125 0.3760451296875 0.7788970890625 0.45938535781249995 0.776464034375 0.45938535781249995 0.7606490765625
4 0.3776478015625 0.9066069890625 0.42653009375 0.907823528125 0.42973543750000004 0.89200859375 0.6493048671875 0.8883589781250001 0.6509076 0.775829571875 0.4425570578125 0.77887090625 0.40394655312500005 0.7800306734375 0.4080990578125 0.7965106609375 0.376846465625 0.795294121875 0.3776478015625 0.9066069890625
4 0.376846465625 0.9397091124999999 0.6493048671875 0.9348429796875 0.6493048671875 0.9062544234375001 0.439351653125 0.9092957593750001 0.40394655312500005 0.9100104484375 0.4089003953125 0.9269355125000001 0.376846465625 0.9281520515624999 0.376846465625 0.9397091124999999
4 0.767544646875 0.5430867140625 0.7683459828125 0.5290965765625 0.6684353796875 0.5284323953125 0.66897885 0.5339627078125 0.6713828578125 0.543694971875 0.767544646875 0.5430867140625
4 0.670581521875 0.5748518578125 0.9093833218749999 0.5730270625 0.9189994765625 0.576068396875 0.9318210359375 0.5730270625 0.9318210359375 0.5602534625 0.9430399234375001 0.5602534625 0.943841259375 0.543830246875 0.736292053125 0.54565504375 0.696487225 0.5466751703125 0.7050395203125001 0.561469978125 0.670581521875 0.562078259375 0.670581521875 0.5748518578125
4 0.9430399234375001 0.58319829375 0.9117873296875001 0.577723915625 0.7266758984374999 0.57894043125 0.6974890765625 0.57936014375 0.6970260374999999 0.591105771875 0.943841259375 0.591105771875 0.9430399234375001 0.58319829375
4 0.6697801859375 0.688879678125 0.716258346875 0.688879678125 0.716258346875 0.67306474375 0.9422385875 0.6718482046875 0.9406358546875 0.5933817546875 0.73468938125 0.5927734859375 0.695485375 0.59456245625 0.7010327796875 0.609804959375 0.668177453125 0.6110214984375 0.6697801859375 0.688879678125
4 0.6693061921875 0.90241249375 0.8057441140625 0.8994250828125001 0.8077119375 0.8839900984375 0.9421819843750001 0.8834922031250001 0.9434939171875 0.6957827640625001 0.93955821875 0.692297440625 0.9231594328125 0.6898079265625 0.87724283125 0.69130165 0.69804820625 0.6932553515625 0.7040716390624999 0.71121776875 0.6706181265625 0.70773244375 0.6693061921875 0.90241249375