4 0.266389 0.053128600000000005 0.0720951 0.053128600000000005 0.0720951 0.100724 0.27454100000000004 0.100234 0.266389 0.053128600000000005
4 0.679432 0.0683395 0.744649 0.06735820000000001 0.74397 0.0506752 0.636633 0.0526379 0.62984 0.0835505 0.678073 0.0835505 0.679432 0.0683395
4 0.912448 0.0820785 0.890709 0.053128600000000005 0.83772 0.0546006 0.828209 0.100234 0.9151659999999999 0.10317799999999999 0.912448 0.0820785
4 0.698454 0.319076 0.695736 0.29356 0.663807 0.271971 0.57753 0.271971 0.588739 0.295032 0.59859 0.317113 0.698454 0.319076
4 0.8961439999999999 0.289635 0.881198 0.288163 0.871008 0.275405 0.77522 0.278349 0.770465 0.319076 0.9076930000000001 0.326926 0.8961439999999999 0.289635
4 0.10334499999999999 0.318094 0.176035 0.317113 0.173658 0.303865 0.251952 0.303129 0.275899 0.29159799999999997 0.252802 0.286691 0.24668800000000002 0.273443 0.0734538 0.273933 0.0741332 0.300921 0.09791029999999999 0.299939 0.10334499999999999 0.318094
4 0.292204 0.533992 0.31394299999999997 0.5369360000000001 0.31258400000000003 0.515346 0.294242 0.49866299999999997 0.190302 0.498173 0.201851 0.56147 0.289486 0.564414 0.292204 0.533992
4 0.558508 0.5894389999999999 0.5979099999999999 0.5703020000000001 0.601986 0.515346 0.578889 0.49719100000000005 0.47494800000000004 0.498173 0.476307 0.546504 0.493291 0.586495 0.558508 0.5894389999999999
4 0.667883 0.579134 0.684867 0.603668 0.730383 0.5997429999999999 0.792883 0.566868 0.790845 0.549203 0.768427 0.549694 0.752802 0.532029 0.6617689999999999 0.53939 0.646823 0.559017 0.646823 0.583551 0.667883 0.579134
4 0.542204 0.734188 0.521823 0.716033 0.381878 0.717505 0.389351 0.750871 0.53609 0.750381 0.542204 0.734188
4 0.20320900000000003 0.7390950000000001 0.188943 0.73566 0.183508 0.719468 0.0693777 0.721431 0.0734538 0.7974859999999999 0.16244799999999998 0.795523 0.20320900000000003 0.7390950000000001
4 0.402719 0.170852 0.405889 0.18720699999999998 0.44846199999999997 0.18393600000000002 0.44755599999999995 0.168235 0.468389 0.16529 0.46703 0.141738 0.48922299999999996 0.138794 0.48741 0.120148 0.517302 0.11818500000000001 0.506886 0.0998665 0.419477 0.0982316 0.343389 0.11491499999999999 0.343842 0.13813899999999998 0.366486 0.178048 0.402719 0.170852
2 0.924677 0.7111270000000001 0.375764 0.714071 0.375764 0.92408 0.9233180000000001 0.919664 0.924677 0.7111270000000001
2 0.354024 0.713089 0.0639429 0.7165239999999999 0.0632636 0.926043 0.355383 0.926043 0.354024 0.713089
2 0.315302 0.493757 0.0653016 0.493757 0.0653016 0.701804 0.31869800000000004 0.700822 0.315302 0.493757
2 0.616932 0.493757 0.338399 0.49277499999999996 0.339306 0.699186 0.617611 0.69886 0.616932 0.493757
2 0.918563 0.492448 0.64003 0.491467 0.6409360000000001 0.697878 0.919242 0.6975520000000001 0.918563 0.492448
2 0.3605 0.267456 0.065663 0.26991 0.0658899 0.47877400000000003 0.35914100000000004 0.47844699999999996 0.3605 0.267456
2 0.9215070000000001 0.27017199999999997 0.38210500000000003 0.270662 0.381425 0.478219 0.9215070000000001 0.47919999999999996 0.9215070000000001 0.27017199999999997
2 0.921288 0.0488361 0.6232800000000001 0.046873399999999996 0.6246389999999999 0.25688300000000003 0.9226470000000001 0.257865 0.921288 0.0488361
2 0.604938 0.0480186 0.06281790000000001 0.0470373 0.064856 0.25704699999999997 0.601541 0.257538 0.604938 0.0480186