0 0.9271898828125 0.7361902859375 0.925058396875 0.7239110984375 0.0845620734375 0.728667690625 0.08810371875 0.9411994218749999 0.9286108375 0.9358606421875001 0.9271898828125 0.7361902859375
3 0.9534779109375 0.8883347734375 0.9662667140625001 0.8872670546875 0.9647512812500001 0.8740234375 0.9556093953125 0.871250715625 0.949148834375 0.8759765625 0.9534779109375 0.8883347734375
6 0.9504490375 0.9296875 0.9647512812500001 0.9287109375 0.969108621875 0.8982249124999999 0.9499254718750001 0.896623303125 0.9465484265624999 0.9267578125 0.9504490375 0.9296875
2 0.7218588359375 0.1228059171875 0.51803160625 0.12289012031249999 0.517238375 0.2984517453125 0.7197274593749999 0.30058726562500004 0.7218588359375 0.1228059171875
2 0.2763829921875 0.5164018515625 0.0765677578125 0.516512109375 0.07602541874999999 0.651472975 0.2785144765625 0.6525407359375001 0.2763829921875 0.5164018515625
7 0.1859291546875 0.50390625 0.21583384374999998 0.5029296875 0.21453364062500002 0.4921875 0.1742273203125 0.4912109375 0.1742273203125 0.4951171875 0.1859291546875 0.50390625
7 0.803526 0.6474609375 0.803526 0.6552734375 0.815227834375 0.662109375 0.8659357859375 0.6611328125 0.86853619375 0.6474609375 0.8516335421875001 0.640625 0.815227834375 0.642578125 0.803526 0.6474609375
4 0.1868615375 0.18019358125 0.2735410296875 0.18019358125 0.2735410296875 0.08783269375 0.0703499578125 0.0868637 0.07034152187500001 0.196743790625 0.188993021875 0.197277659375 0.1868615375 0.18019358125
4 0.074604465625 0.46959002187500004 0.12931200625 0.46959002187500004 0.1300225109375 0.4530398546875 0.27425156093749997 0.45517533437499996 0.27283055312500004 0.198879309375 0.08722684375 0.19894589375 0.0866827375 0.21546413437499998 0.07247297968750001 0.2143963734375 0.074604465625 0.46959002187500004
4 0.0753149421875 0.7022066984374999 0.1200756703125 0.7064777390625 0.2735410296875 0.7054099593750001 0.27425156093749997 0.660564225 0.1470742015625 0.6584287453125001 0.08811510156249999 0.6579491625 0.09023517656249999 0.6739111734375001 0.0738939625 0.6723095234375001 0.0753149421875 0.7022066984374999
4 0.49663421718749995 0.345009415625 0.498055225 0.08661250781249999 0.2959672953125 0.0855293890625 0.29414518749999996 0.364229053125 0.48952933906249996 0.3620935328125 0.49663421718749995 0.345009415625
4 0.2969871484375 0.5907317140624999 0.498055225 0.589130084375 0.4952132625 0.36485788750000003 0.3092911546875 0.366402028125 0.31190738281249997 0.3825193296875 0.2969871484375 0.384120959375 0.2969871484375 0.5907317140624999
4 0.29911863437499997 0.7006027515625 0.38508765 0.703272140625 0.4994761796875 0.7022044015625 0.49876570156250005 0.5932932953125001 0.47603005937500004 0.5911577953125 0.31017941250000003 0.593235040625 0.31403886875000003 0.6093096328125001 0.2976976265625 0.6087757625 0.29911863437499997 0.7006027515625
4 0.613864709375 0.10053239218750001 0.7225693671875 0.0973291328125 0.7190169281250001 0.08665157343749999 0.520696378125 0.0855293890625 0.5215012906250001 0.11548099062499999 0.6167066703125 0.1149471 0.613864709375 0.10053239218750001
4 0.517238375 0.46230786718749994 0.7190169281250001 0.4644433453125 0.7175959749999999 0.30481385625 0.5313554640625 0.3023550609375 0.53144813125 0.3186946734375 0.515817421875 0.3186946734375 0.517238375 0.46230786718749994
4 0.5179488515624999 0.5353541421875 0.515106890625 0.5801998765625 0.5200803374999999 0.644265228125 0.5215012906250001 0.7051273609375001 0.7218588359375 0.703525690625 0.7211484140625 0.470754915625 0.53046720625 0.46847688437499996 0.53144813125 0.48463572812500005 0.5193698609374999 0.48463572812500005 0.5179488515624999 0.5353541421875
4 0.7371517359374999 0.7012308609375 0.9375093343750001 0.7006969703125 0.9375093343750001 0.671867575 0.9204576703124999 0.669198184375 0.841593478125 0.6707998140625 0.7507550015625 0.67329375 0.7520719687499999 0.6894855421874999 0.7371517359374999 0.690553303125 0.7371517359374999 0.7012308609375
4 0.8472774031249999 0.1665593890625 0.9389302890625 0.16762713906249999 0.9375093343750001 0.088079328125 0.9126422609375 0.0864776984375 0.7383194 0.0881980125 0.7392832203124999 0.1836434765625 0.8451459171875 0.181507978125 0.8472774031249999 0.1665593890625
4 0.73857274375 0.40638929218750003 0.828804675 0.40799094062499996 0.8323571140625001 0.391974603125 0.9410617734375 0.3925084734375 0.9403512421875 0.1853638390625 0.83377806875 0.1842960796875 0.75430803125 0.1856027765625 0.7556244078125001 0.19871078749999999 0.73857274375 0.19817692656250002 0.73857274375 0.40638929218750003
4 0.736441259375 0.6307053484375 0.8202788421875 0.6323069984374999 0.8245418140625 0.61896005 0.9396408203125001 0.6173584 0.9410617734375 0.4107476359375 0.7551962890625 0.41043431874999997 0.760597909375 0.4262301046875 0.73857274375 0.42836562499999997 0.736441259375 0.6307053484375