6 0.9647608703125 0.8871898593750001 0.9394710140625 0.8871898593750001 0.9394710140625 0.924935275 0.9647608703125 0.924935275 0.9647608703125 0.8871898593750001
3 0.962956521875 0.8603128375000001 0.94518840625 0.8603128375000001 0.94518840625 0.877184465625 0.962956521875 0.877184465625 0.962956521875 0.8603128375000001
2 0.9370724640624999 0.6513969796875 0.0452753625 0.6513969796875 0.0452753625 0.93019956875 0.9370724640624999 0.93019956875 0.9370724640624999 0.6513969796875
1 0.9328840578125 0.61512405625 0.7440434781249999 0.61512405625 0.7440434781249999 0.6489967640625001 0.9328840578125 0.6489967640625001 0.9328840578125 0.61512405625
4 0.936268115625 0.402793959375 0.7269202906250001 0.402793959375 0.7269202906250001 0.6155663437500001 0.936268115625 0.6155663437500001 0.936268115625 0.402793959375
4 0.9351449281249999 0.2802049625 0.7275797093749999 0.2802049625 0.7275797093749999 0.4032254578125 0.9351449281249999 0.4032254578125 0.9351449281249999 0.2802049625
1 0.939282609375 0.2561812296875 0.5721086953125 0.2561812296875 0.5721086953125 0.27490830625 0.939282609375 0.27490830625 0.939282609375 0.2561812296875
2 0.9317608703125 0.059546924999999994 0.49635507187499994 0.059546924999999994 0.49635507187499994 0.24599784218749998 0.9317608703125 0.24599784218749998 0.9317608703125 0.059546924999999994
4 0.47658695624999997 0.0592286953125 0.2716159421875 0.0592286953125 0.2716159421875 0.10661812343749999 0.47658695624999997 0.10661812343749999 0.47658695624999997 0.0592286953125
4 0.477079709375 0.10563646093750001 0.2697028984375 0.10563646093750001 0.2697028984375 0.272076590625 0.477079709375 0.272076590625 0.477079709375 0.10563646093750001
4 0.481217390625 0.2718716296875 0.2762898546875 0.2718716296875 0.2762898546875 0.40937971875 0.481217390625 0.40937971875 0.481217390625 0.2718716296875
4 0.4819782609375 0.40916397031249996 0.2776159421875 0.40916397031249996 0.2776159421875 0.5167259984375 0.4819782609375 0.5167259984375 0.4819782609375 0.40916397031249996
7 0.397681159375 0.5283279390625 0.279594203125 0.5283279390625 0.279594203125 0.5453290187500001 0.397681159375 0.5453290187500001 0.397681159375 0.5283279390625
4 0.4831086953125 0.545 0.28222463750000004 0.545 0.28222463750000004 0.6195307437500001 0.4831086953125 0.6195307437500001 0.4831086953125 0.545
4 0.48160145 0.6205070125 0.2894710140625 0.6205070125 0.2894710140625 0.6382847890625001 0.48160145 0.6382847890625001 0.48160145 0.6205070125
4 0.7085217390625 0.557745415625 0.49962318906250003 0.557745415625 0.49962318906250003 0.637443365625 0.7085217390625 0.637443365625 0.7085217390625 0.557745415625
4 0.7017463765625 0.2811812296875 0.4910652171875 0.2811812296875 0.4910652171875 0.362335490625 0.7017463765625 0.362335490625 0.7017463765625 0.2811812296875
4 0.7021159421875 0.36994066875 0.4890724640625 0.36994066875 0.4890724640625 0.45085760468749997 0.7021159421875 0.45085760468749997 0.7021159421875 0.36994066875
4 0.712282609375 0.44860841406249996 0.50113768125 0.44860841406249996 0.50113768125 0.5435382953125 0.712282609375 0.5435382953125 0.712282609375 0.44860841406249996
4 0.24837681093750003 0.606925565625 0.04881159375 0.606925565625 0.04881159375 0.637820928125 0.24837681093750003 0.637820928125 0.24837681093750003 0.606925565625
4 0.2503840578125 0.49951456250000004 0.04431159375 0.49951456250000004 0.04431159375 0.6069147781249999 0.2503840578125 0.6069147781249999 0.2503840578125 0.49951456250000004
4 0.24723188437500002 0.2265318234375 0.0392898546875 0.2265318234375 0.0392898546875 0.49994066875 0.24723188437500002 0.49994066875 0.24723188437500002 0.2265318234375
4 0.241507246875 0.1068122984375 0.0362898546875 0.1068122984375 0.0362898546875 0.227988134375 0.241507246875 0.227988134375 0.241507246875 0.1068122984375
4 0.20859420312500002 0.0889212515625 0.038797101562500005 0.0889212515625 0.038797101562500005 0.10469255625 0.20859420312500002 0.10469255625 0.20859420312500002 0.0889212515625
4 0.2392101453125 0.057211434375 0.0387898546875 0.057211434375 0.0387898546875 0.08977885625000001 0.2392101453125 0.08977885625000001 0.2392101453125 0.057211434375