2 0.7014763546875 0.0085658578125 0.024844290625 0.0085658578125 0.024844290625 0.3669107453125 0.7014763546875 0.3669107453125 0.7014763546875 0.0085658578125
2 0.9299134953125 0.06778596249999999 0.7168915796875 0.06778596249999999 0.7168915796875 0.3171533796875 0.9299134953125 0.3171533796875 0.9299134953125 0.06778596249999999
2 0.9277739328125 0.6064904671875 0.50927335625 0.6064904671875 0.50927335625 0.8789688046874999 0.9277739328125 0.8789688046874999 0.9277739328125 0.6064904671875
1 0.7057439453125001 0.37107885625 0.232456746875 0.37107885625 0.232456746875 0.38938908125 0.7057439453125001 0.38938908125 0.7057439453125001 0.37107885625
1 0.8596133203124999 0.3948557015625 0.8575642140624999 0.37439732187499997 0.9350570234375001 0.37439732187499997 0.9313466328125 0.32325139531249997 0.7223304578125 0.3186017765625 0.7235672765625 0.387416296875 0.8596133203124999 0.3948557015625
4 0.5058935671875 0.5585226453125001 0.6765695484375 0.56131245625 0.6790431203125 0.5482934546875 0.8880592937499999 0.54550369375 0.8855857234375 0.41624398593749995 0.5478370515625001 0.41410870156249996 0.5442338296875 0.4283330328125 0.5058935671875 0.43112279375 0.5058935671875 0.5585226453125001
1 0.85342935625 0.5864204546875 0.5077451875000001 0.5797742640625 0.50218324375 0.5966496453125 0.85342935625 0.6022291656250001 0.85342935625 0.5864204546875
4 0.1059956671875 0.7882143484374999 0.3286164875 0.786354490625 0.329853240625 0.7705457796874999 0.485687790625 0.7705457796874999 0.483244603125 0.5755907890625 0.148046253125 0.57712116875 0.1492830390625 0.59014011875 0.1072324546875 0.5919999765624999 0.1059956671875 0.7882143484374999
4 0.48692460937500004 0.41717391406250004 0.15051982656250001 0.41438412812500003 0.135678428125 0.4227534609375 0.0985749875 0.43205272343749995 0.1043216875 0.5730807046875 0.3335635640625 0.573401453125 0.33232681249999996 0.562242359375 0.485687790625 0.5585226453125001 0.48692460937500004 0.41717391406250004
4 0.1065490125 0.41327200625 0.331090059375 0.413454225 0.3286164875 0.39671555937499997 0.10970602656249999 0.3939257734375 0.1065490125 0.41327200625
4 0.4226119453125 0.83471068125 0.4238486984375 0.819831821875 0.48939818125 0.8207617765625 0.4807406453125 0.7844946328125 0.14775454062499999 0.789784646875 0.14557271562500002 0.8012332984375 0.103522096875 0.8030931562499999 0.1010485578125 0.8384303453124999 0.4226119453125 0.83471068125
4 0.48692460937500004 0.8867864859375001 0.485687790625 0.835640584375 0.14309914375 0.8384303453124999 0.1418623578125 0.85237925 0.0985749875 0.85237925 0.1022853109375 0.8858565828125 0.48692460937500004 0.8867864859375001
4 0.500785684375 0.41327200625 0.8805112265625 0.41252429687500003 0.8854583703125 0.39950532031249997 0.5057662140625 0.39857539062499997 0.500785684375 0.41327200625