2 0.24835474062500001 0 0.205922271875 0.01953125 0.1797139828125 0.0400390625 0.1572497359375 0.0693359375 0.147265625 0.0908203125 0.1397775421875 0.1240234375 0.14476959843749998 0.1767578125 0.16972987343749998 0.2255859375 0.187202065625 0.2451171875 0.21590638125 0.267578125 0.2683229609375 0.291015625 0.30077131874999996 0.296875 0.3419557734375 0.2958984375 0.3756521453125 0.2890625 0.4130925578125 0.271484375 0.439300846875 0.2509765625 0.4617650953125 0.2255859375 0.4767412609375 0.1962890625 0.48422934375000004 0.1630859375 0.4792372875 0.1142578125 0.46925317812499995 0.0869140625 0.441796875 0.0478515625 0.420580640625 0.029296875 0.38563625468749996 0.0078125 0.365668034375 0 0.24835474062500001 0
2 0.511685646875 0.8466796875 0.519173728125 0.8427734375 0.52166975625 0.8271484375 0.517925715625 0.75 0.2932832359375 0.748046875 0.2570908375 0.7509765625 0.2570908375 0.9833984375 0.26582693281249997 0.98828125 0.33446769062500004 0.9873046875 0.517925715625 0.986328125 0.52166975625 0.9833984375 0.52166975625 0.8583984375 0.511685646875 0.8466796875
2 0.9434984109375 0.6513671875 0.9397543687500001 0.6484375 0.7974808 0.6484375 0.542885990625 0.65234375 0.5416379765625 0.8095703125 0.54663003125 0.8447265625 0.5441340046875001 0.9560546875 0.5478780453125001 0.958984375 0.8511453921875001 0.9580078125 0.9459944390624999 0.9560546875 0.9484904656250001 0.9150390625 0.9434984109375 0.8798828125 0.9434984109375 0.6513671875
1 0.1822100109375 0.8056640625 0.1859540515625 0.8125 0.1959381609375 0.814453125 0.23462658906249997 0.8134765625 0.24461070000000001 0.8095703125 0.2408666578125 0.802734375 0.1859540515625 0.802734375 0.1822100109375 0.8056640625
1 0.44304488906249995 0.265625 0.439300846875 0.2685546875 0.4530289984375 0.27734375 0.481733315625 0.2783203125 0.49546146718750006 0.27734375 0.49670948125000003 0.2685546875 0.4680051640625 0.263671875 0.44304488906249995 0.265625
1 0.87735368125 0.623046875 0.8673695703125001 0.619140625 0.85364141875 0.6259765625 0.8598814875 0.634765625 0.9060579984375 0.6357421875 0.9197861484375001 0.634765625 0.923530190625 0.6259765625 0.9098020390625001 0.62109375 0.87735368125 0.623046875
7 0.542885990625 0.306640625 0.5391419484375 0.3134765625 0.5416379765625 0.3232421875 0.54538201875 0.326171875 0.564102225 0.3251953125 0.60778270625 0.32421875 0.6115267484375 0.3115234375 0.59530256875 0.3046875 0.542885990625 0.306640625
7 0.20217823125 0.3037109375 0.20342624531250003 0.287109375 0.10732918437500001 0.2880859375 0.1110732265625 0.3046875 0.20217823125 0.3037109375
4 0.5166777015624999 0.6904296875 0.5104376328125 0.685546875 0.45053297187499997 0.6875 0.42806872343749997 0.68359375 0.285795153125 0.6875 0.23837063125000002 0.6875 0.20342624531250003 0.68359375 0.168481859375 0.6875 0.1510096671875 0.685546875 0.1397775421875 0.6904296875 0.14102555625 0.69921875 0.1148172671875 0.7060546875 0.1148172671875 0.7158203125 0.1098252109375 0.7216796875 0.1185613078125 0.7421875 0.3481958421875 0.744140625 0.3731561171875 0.740234375 0.4093485171875 0.7431640625 0.4530289984375 0.740234375 0.5104376328125 0.7421875 0.5166777015624999 0.7373046875 0.5166777015624999 0.6904296875
4 0.5166777015624999 0.6298828125 0.5079416046875 0.626953125 0.14601761093750001 0.62890625 0.1397775421875 0.6318359375 0.14102555625 0.642578125 0.1148172671875 0.6474609375 0.1123212390625 0.6669921875 0.11102523906249999 0.6867124515625 0.20723132031249997 0.68179900625 0.2358746015625 0.66796875 0.5079416046875 0.66796875 0.5141816734375 0.6650390625 0.5166777015624999 0.6298828125
4 0.500453521875 0.611328125 0.511685646875 0.6064453125 0.511685646875 0.5869140625 0.48797338437500004 0.58203125 0.31075542968750003 0.58203125 0.2982752921875 0.5859375 0.1360335 0.583984375 0.1297934328125 0.5908203125 0.1347854875 0.5966796875 0.1123212390625 0.6025390625 0.1123212390625 0.6220703125 0.12105733593750001 0.626953125 0.1797139828125 0.6259765625 0.19843418906250002 0.625 0.21091432812500002 0.61328125 0.23088254843749997 0.611328125 0.500453521875 0.611328125
4 0.2982752921875 0.5703125 0.303267346875 0.57421875 0.3332196765625 0.5703125 0.340707759375 0.576171875 0.353187896875 0.5703125 0.3606759796875 0.576171875 0.383140228125 0.576171875 0.3906283109375 0.572265625 0.41059653125000006 0.5703125 0.445540915625 0.572265625 0.46550913749999995 0.568359375 0.5079416046875 0.568359375 0.5141816734375 0.5634765625 0.5141816734375 0.5439453125 0.5079416046875 0.541015625 0.3906283109375 0.541015625 0.3756521453125 0.544921875 0.3456998140625 0.5390625 0.3332196765625 0.5390625 0.32573159375 0.54296875 0.1360335 0.54296875 0.137281515625 0.5498046875 0.131041446875 0.5546875 0.11356925312499999 0.556640625 0.1098252109375 0.5615234375 0.1148172671875 0.5771484375 0.12105733593750001 0.58203125 0.14227356875 0.5830078125 0.168481859375 0.58203125 0.205922271875 0.572265625 0.23088254843749997 0.5703125 0.2982752921875 0.5703125
4 0.5104376328125 0.5234375 0.5141816734375 0.5205078125 0.5166777015624999 0.4912109375 0.5141816734375 0.4716796875 0.5104376328125 0.46875 0.1510096671875 0.46875 0.14102555625 0.470703125 0.1335374734375 0.482421875 0.1123212390625 0.4873046875 0.1123212390625 0.5341796875 0.1185613078125 0.5390625 0.15350569375 0.5390625 0.16348980468750002 0.54296875 0.2208984375 0.5390625 0.26333090625 0.54296875 0.285795153125 0.5390625 0.35069187031250004 0.5390625 0.3669160484375 0.5419921875 0.37814817343749996 0.53515625 0.3906283109375 0.53515625 0.3881322828125 0.52734375 0.5104376328125 0.5234375
4 0.5166777015624999 0.4462890625 0.5166777015624999 0.4228515625 0.5079416046875 0.40625 0.1360335 0.41015625 0.137281515625 0.4150390625 0.1148172671875 0.4267578125 0.1123212390625 0.4619140625 0.1160652796875 0.46484375 0.14976165156250001 0.4638671875 0.14976165156250001 0.4580078125 0.15600172031249998 0.455078125 0.5079416046875 0.451171875 0.5166777015624999 0.4462890625
4 0.5189674609375 0.3133437171875 0.1324697375 0.31923990468749996 0.128705171875 0.328084159375 0.12745030625 0.331032253125 0.10988221093749999 0.3320149234375 0.0998433125 0.40669974375000006 0.24164280625 0.4057170734375 0.24164280625 0.392942028125 0.5227320265625 0.3899939078125 0.5189674609375 0.3133437171875
4 0.9372583421874999 0.580078125 0.9410023828125 0.5771484375 0.9410023828125 0.5576171875 0.9197861484375001 0.5546875 0.8748576531250001 0.5546875 0.8648735437499999 0.55859375 0.85239340625 0.5546875 0.7101198359375 0.5546875 0.6701833953125 0.55859375 0.5753343484375 0.556640625 0.5690942796875 0.5595703125 0.5715903078125 0.5654296875 0.5653502390625 0.5703125 0.54538201875 0.572265625 0.5391419484375 0.5791015625 0.5391419484375 0.5927734375 0.5528701 0.59765625 0.7937367578125001 0.5966796875 0.8099609375 0.595703125 0.8199450468749999 0.5859375 0.8324251859375 0.58203125 0.9372583421874999 0.580078125
4 0.9434984109375 0.5087890625 0.9372583421874999 0.498046875 0.91479409375 0.5 0.8973219015625 0.49609375 0.85239340625 0.5 0.837417240625 0.49609375 0.7775125796875 0.49609375 0.740072165625 0.5 0.727592028125 0.49609375 0.6951436703125 0.49609375 0.6452231203125 0.5 0.6277509265625 0.49609375 0.57034229375 0.49609375 0.5665982515625 0.4990234375 0.567846265625 0.509765625 0.5503740734375 0.51171875 0.5416379765625 0.5166015625 0.54663003125 0.5244140625 0.5416379765625 0.5361328125 0.549126059375 0.5439453125 0.54663003125 0.5498046875 0.5528701 0.552734375 0.6327429812500001 0.55078125 0.6427270921875 0.5546875 0.807464909375 0.552734375 0.88359375 0.5556640625 0.8948258734375001 0.552734375 0.9322662875000001 0.5546875 0.9434984109375 0.5498046875 0.9434984109375 0.5087890625
4 0.9537176890625 0.3373325671875 0.563455365625 0.3373325671875 0.5596908 0.3471595453125 0.5371032734375001 0.354038403125 0.5383581046875 0.40906932031250004 0.8181924593750001 0.4100519921875 0.8181924593750001 0.398259671875 0.9461884906250001 0.3953115515625 0.9537176890625 0.3373325671875
4 0.789330634375 0.4827714171875 0.9574822546874999 0.480806021875 0.9537176890625 0.40906932031250004 0.5660153484375 0.412850596875 0.5408678390625 0.42774049999999997 0.53961300625 0.4955464625 0.790585534375 0.4955464625 0.789330634375 0.4827714171875
4 0.5659650984375 0.164378284375 0.529574075 0.17911869687499998 0.5258095093749999 0.2990074859375 0.7002354265624999 0.29704208906249996 0.7117780609375 0.2802246015625 0.95120795625 0.275422790625 0.95120795625 0.1624128890625 0.5659650984375 0.164378284375
4 0.9424239249999999 0.1152435265625 0.5596908 0.1191743171875 0.529574075 0.132932034375 0.535506875 0.1652820734375 0.7178034875 0.15848209687499998 0.7178034875 0.1516032390625 0.941169025 0.14963784375 0.9424239249999999 0.1152435265625
4 0.8846876609375001 0.11229543281250001 0.8846876609375001 0.109347365625 0.9373919140625 0.1044338765625 0.9424113109375 0.075935746875 0.5568164796875 0.07686474374999999 0.5358358265625001 0.094606925 0.5358358265625001 0.11720892187500001 0.8846876609375001 0.11229543281250001
4 0.5270517953125 0.07790111562499999 0.9361370125 0.07397035156250001 0.9386467453125 0.04547219375 0.529561528125 0.0425241015625 0.5270517953125 0.07790111562499999