4 0.228125 0.753125 0.2375 0.753125 0.2390625 0.7515625 0.2421875 0.7515625 0.24375 0.75 0.2453125 0.75 0.246875 0.7484375 0.2546875 0.7484375 0.25625 0.746875 0.3078125 0.746875 0.309375 0.7453125 0.34375 0.7453125 0.3453125 0.746875 0.3671875 0.746875 0.36875 0.7453125 0.3953125 0.7453125 0.396875 0.746875 0.4328125 0.746875 0.434375 0.7453125 0.478125 0.7453125 0.4796875 0.746875 0.5078125 0.746875 0.509375 0.7453125 0.525 0.7453125 0.5265625 0.74375 0.5421875 0.74375 0.54375 0.7453125 0.5765625 0.7453125 0.578125 0.746875 0.6484375 0.746875 0.65 0.7453125 0.6546875 0.7453125 0.65625 0.746875 0.659375 0.746875 0.6609375 0.7453125 0.7125 0.7453125 0.7140625 0.74375 0.7484375 0.74375 0.75 0.7453125 0.76875 0.7453125 0.7703125 0.746875 0.778125 0.746875 0.7796875 0.7453125 0.7921875 0.7453125 0.79375 0.74375 0.8015625 0.74375 0.803125 0.7421875 0.8046875 0.74375 0.809375 0.74375 0.8109375 0.7421875 0.8171875 0.7421875 0.81875 0.740625 0.8203125 0.740625 0.8203125 0.6625 0.171875 0.6625 0.171875 0.753125 0.1734375 0.7546875 0.2265625 0.7546875 0.228125 0.753125
4 0.6234375 0.5765625 0.625 0.575 0.6265625 0.575 0.628125 0.5734375 0.6421875 0.5734375 0.64375 0.571875 0.65 0.571875 0.6515625 0.5734375 0.6921875 0.5734375 0.69375 0.571875 0.73125 0.571875 0.7328125 0.5703125 0.7640625 0.5703125 0.765625 0.56875 0.7953125 0.56875 0.796875 0.5671875 0.81875 0.5671875 0.8203125 0.565625 0.8203125 0.5046875 0.1765625 0.5046875 0.1765625 0.578125 0.61875 0.578125 0.6203125 0.5765625 0.6234375 0.5765625
4 0.1765625 0.5859375 0.1765625 0.6578125 0.55625 0.6578125 0.5578125 0.65625 0.5625 0.65625 0.5640625 0.6546875 0.565625 0.6546875 0.5671875 0.653125 0.571875 0.653125 0.5734375 0.6515625 0.5828125 0.6515625 0.584375 0.65 0.5921875 0.65 0.59375 0.6484375 0.6 0.6484375 0.6015625 0.65 0.6296875 0.65 0.63125 0.6484375 0.65625 0.6484375 0.6578125 0.646875 0.69375 0.646875 0.6953125 0.6453125 0.746875 0.6453125 0.7484375 0.646875 0.765625 0.646875 0.7671875 0.6484375 0.7890625 0.6484375 0.790625 0.646875 0.7953125 0.646875 0.796875 0.6453125 0.815625 0.6453125 0.8171875 0.64375 0.821875 0.64375 0.821875 0.5859375 0.81875 0.5859375 0.8171875 0.584375 0.7671875 0.584375 0.765625 0.5828125 0.1890625 0.5828125 0.190625 0.584375 0.1890625 0.5859375 0.1765625 0.5859375
4 0.184375 0.425 0.434375 0.425 0.4359375 0.4234375 0.634375 0.4234375 0.6359375 0.425 0.6515625 0.425 0.653125 0.4234375 0.6609375 0.4234375 0.6625 0.421875 0.665625 0.421875 0.6671875 0.4203125 0.671875 0.4203125 0.6734375 0.41875 0.678125 0.41875 0.6796875 0.4171875 0.7046875 0.4171875 0.70625 0.415625 0.778125 0.415625 0.7796875 0.4140625 0.7953125 0.4140625 0.796875 0.4125 0.8140625 0.4125 0.8140625 0.353125 0.178125 0.353125 0.178125 0.425 0.18125 0.425 0.1828125 0.4265625 0.184375 0.425
4 0.58125 0.303125 0.5828125 0.3015625 0.5859375 0.3015625 0.5875 0.3 0.60625 0.3 0.6078125 0.2984375 0.73125 0.2984375 0.7328125 0.296875 0.7640625 0.296875 0.765625 0.2953125 0.79375 0.2953125 0.7953125 0.29375 0.8203125 0.29375 0.821875 0.2921875 0.8234375 0.2921875 0.825 0.290625 0.825 0.246875 0.1734375 0.246875 0.1734375 0.3046875 0.571875 0.3046875 0.5734375 0.303125 0.58125 0.303125
4 0.7609375 0.815625 0.7625 0.8140625 0.765625 0.8140625 0.7671875 0.8125 0.7796875 0.8125 0.78125 0.8109375 0.809375 0.8109375 0.8109375 0.809375 0.815625 0.809375 0.815625 0.75625 0.1765625 0.75625 0.1765625 0.8171875 0.75625 0.8171875 0.7578125 0.815625 0.7609375 0.815625
4 0.5875 0.3453125 0.5890625 0.34375 0.64375 0.34375 0.6453125 0.3421875 0.6671875 0.3421875 0.66875 0.34375 0.678125 0.34375 0.6796875 0.3421875 0.7 0.3421875 0.7015625 0.340625 0.7828125 0.340625 0.784375 0.3390625 0.809375 0.3390625 0.8109375 0.3375 0.8125 0.3375 0.8125 0.3078125 0.1828125 0.3078125 0.1828125 0.346875 0.58125 0.346875 0.5828125 0.3453125 0.5875 0.3453125
6 0.5875 0.1296875 0.4765625 0.1296875 0.4765625 0.1640625 0.5859375 0.1640625 0.5875 0.1625 0.5875 0.1296875
6 0.3921875 0.2421875 0.3921875 0.2234375 0.1984375 0.2234375 0.1984375 0.24375 0.3859375 0.24375 0.3875 0.2421875 0.3921875 0.2421875
6 0.6703125 0.1296875 0.6703125 0.1484375 0.79375 0.1484375 0.79375 0.1296875 0.6703125 0.1296875
6 0.6203125 0.0703125 0.621875 0.06875 0.621875 0.0484375 0.3484375 0.0484375 0.3484375 0.071875 0.6171875 0.071875 0.61875 0.0703125 0.6203125 0.0703125
6 0.353125 0.1125 0.278125 0.1125 0.278125 0.128125 0.3515625 0.128125 0.353125 0.1265625 0.353125 0.1125
6 0.4953125 0.1125 0.4953125 0.1265625 0.5671875 0.1265625 0.5671875 0.1125 0.4953125 0.1125
4 0.51875 0.45 0.5203125 0.4484375 0.5375 0.4484375 0.5390625 0.45 0.553125 0.45 0.5546875 0.4515625 0.70625 0.4515625 0.709375 0.4484375 0.7125 0.4484375 0.7140625 0.446875 0.725 0.446875 0.7265625 0.4484375 0.73125 0.4484375 0.7328125 0.45 0.7421875 0.45 0.7421875 0.428125 0.20625 0.428125 0.20625 0.4515625 0.4671875 0.4515625 0.46875 0.45 0.51875 0.45
6 0.7640625 0.1125 0.703125 0.1125 0.703125 0.1265625 0.7609375 0.1265625 0.7640625 0.1234375 0.7640625 0.1125
6 0.5484375 0.2171875 0.5484375 0.196875 0.475 0.196875 0.475 0.21875 0.5453125 0.21875 0.546875 0.2171875 0.5484375 0.2171875
6 0.28125 0.13125 0.28125 0.146875 0.35 0.146875 0.35 0.13125 0.28125 0.13125
3 0.8265625 0.0375 0.828125 0.0359375 0.828125 0.0140625 0.7734375 0.0140625 0.7734375 0.0390625 0.8234375 0.0390625 0.825 0.0375 0.8265625 0.0375
7 0.534375 0.5 0.5359375 0.4984375 0.5375 0.4984375 0.5390625 0.496875 0.540625 0.496875 0.540625 0.4828125 0.484375 0.4828125 0.484375 0.4984375 0.4859375 0.4984375 0.4875 0.5 0.534375 0.5
7 0.540625 0.475 0.540625 0.45625 0.484375 0.45625 0.484375 0.478125 0.534375 0.478125 0.5375 0.475 0.540625 0.475
5 0.83129085 0.1136363640625 0.1817810453125 0.1136363640625 0.1817810453125 0.16571969687500002 0.83129085 0.16571969687500002 0.83129085 0.1136363640625