3 0.0039402171875 0.865234375 0 0.8818359375 0.015900865625 0.8864109015625001 0.0157608703125 0.8681640625 0.0039402171875 0.865234375
6 0.00131340625 0.89453125 0 0.9287109375 0.0118206515625 0.9296875 0.0157608703125 0.9013671875 0.00131340625 0.89453125
2 0.4938405796875 0.4189453125 0.408469203125 0.4140625 0.0748641296875 0.412109375 0.0591032609375 0.412109375 0.047282609375 0.4189453125 0.0420289859375 0.9462890625 0.48464673906250005 0.951171875 0.49121376874999995 0.9404296875 0.4938405796875 0.4189453125
6 0.4938405796875 0.4072265625 0.48990036249999996 0.3984375 0.39533514531249997 0.3984375 0.3940217390625 0.4072265625 0.408469203125 0.412109375 0.48990036249999996 0.412109375 0.4938405796875 0.4072265625
1 0.2679347828125 0.2568359375 0.2679347828125 0.2490234375 0.25348731875 0.244140625 0.1326539859375 0.244140625 0.116893115625 0.248046875 0.1129528984375 0.2548828125 0.1274003625 0.259765625 0.1956974640625 0.26171875 0.2679347828125 0.2568359375
2 0.080117753125 0.07421875 0.0761775359375 0.0771484375 0.073550725 0.1513671875 0.073550725 0.1767578125 0.073550725 0.2333984375 0.0774909421875 0.236328125 0.1589221015625 0.23828125 0.27358417031250004 0.2390444359375 0.27318840624999996 0.1943359375 0.27318840624999996 0.0791015625 0.2692481890625 0.076171875 0.080117753125 0.07421875
4 0.27318840624999996 0.3701171875 0.27318840624999996 0.2880859375 0.26662137656249996 0.275390625 0.082744565625 0.271484375 0.07092391249999999 0.2763671875 0.065670290625 0.3291015625 0.0696105078125 0.40625 0.2653079703125 0.4052734375 0.27318840624999996 0.3701171875
4 0.4925271734375 0.1953125 0.5017210140625 0.1884765625 0.5043478265625 0.0947265625 0.4951539859375 0.078125 0.3033967390625 0.07421875 0.29420289843749997 0.0791015625 0.2955163046875 0.2109375 0.3139039859375 0.21484375 0.42685688437499997 0.21484375 0.4925271734375 0.1953125
4 0.5017210140625 0.2431640625 0.49866752812500004 0.2193469640625 0.318021221875 0.2171930453125 0.29097254375000003 0.2358603734375 0.2915760875 0.3662109375 0.291938625 0.38663508593749996 0.44263822656249996 0.38878895 0.49770151875 0.372993503125 0.5017210140625 0.2431640625
7 0.7447010875 0.08203125 0.52536231875 0.0810546875 0.526675725 0.111328125 0.742074275 0.11328125 0.7460144921875 0.1083984375 0.7447010875 0.08203125
4 0.6851101046875 0.2035556796875 0.6899402203125 0.18991416562500002 0.7305131640625 0.18632429374999998 0.7353432796875 0.11668075468750001 0.548550703125 0.11332614999999999 0.5218520984375 0.1310402734375 0.5170219828125 0.200683771875 0.6851101046875 0.2035556796875
4 0.5614590328125 0.28181491875 0.56628915 0.2674554265625 0.727615065625 0.270327309375 0.727615065625 0.217915171875 0.54793476875 0.21001746250000003 0.517987990625 0.23012074531249999 0.518954071875 0.2832508453125 0.5614590328125 0.28181491875
4 0.5894737203125 0.394536903125 0.5894737203125 0.380895403125 0.7256830484375 0.380895403125 0.7208529312499999 0.2933025 0.5425120546875 0.289331896875 0.51412395625 0.30981590937500003 0.513157875 0.39310097499999996 0.5894737203125 0.394536903125
4 0.5991339515624999 0.518356325 0.6078282500000001 0.500406959375 0.7218188671875 0.5011249234374999 0.7218188671875 0.41496797656249995 0.5400965953125 0.40786637968750006 0.51412395625 0.4257375953125 0.5121918671875 0.515484415625 0.5991339515624999 0.518356325
4 0.6957362703125 0.5901537796875 0.71988685 0.56861454375 0.71988685 0.5377416421875 0.535265678125 0.53178879375 0.5063957421875 0.5542550515625 0.5063957421875 0.5844099890625001 0.6957362703125 0.5901537796875
4 0.6097602671875 0.6554894546875001 0.6097602671875 0.64328388125 0.715056734375 0.6440018734375 0.7131247171874999 0.6052312343749999 0.5286143046875 0.6009233984375 0.508327759375 0.623898590625 0.5073617500000001 0.6547714906250001 0.6097602671875 0.6554894546875001
4 0.6947703359374999 0.748826146875 0.7121586343749999 0.73446665625 0.7102266187499999 0.6799006000000001 0.5268115718749999 0.6772629328125 0.5054297328125 0.69569601875 0.504463725 0.748108184375 0.6947703359374999 0.748826146875
4 0.612658365625 0.8186091265625001 0.612658365625 0.803531671875 0.7111927 0.805685590625 0.7102266187499999 0.753273453125 0.5195651953125 0.7491020125000001 0.502531634375 0.7611711609375 0.504463725 0.8178911624999999 0.612658365625 0.8186091265625001
4 0.724716965625 0.8207630453125001 0.775916225 0.8207630453125001 0.775916225 0.8071215437499999 0.93531005 0.8099934265625001 0.93531005 0.7920440625 0.7562801703125 0.7823275875 0.7536976609375 0.8006597624999999 0.7256830484375 0.803531671875 0.724716965625 0.8207630453125001
4 0.643571078125 0.9377929203125 0.653231309375 0.9212794843750001 0.7102266187499999 0.9205615203124999 0.70732851875 0.830096709375 0.5268115718749999 0.8272270125000001 0.504463725 0.85091798125 0.5034976437500001 0.935638975 0.643571078125 0.9377929203125
4 0.7797802578125 0.7749469 0.7797802578125 0.7541256546875 0.9382081484375 0.7569975359375001 0.937242065625 0.7203808453125 0.7585277765625 0.71607298125 0.7266489828125 0.7404841265625 0.7266489828125 0.7720750187500001 0.7797802578125 0.7749469
4 0.7334112625 0.4820830046875 0.7305131640625 0.557470334375 0.7305131640625 0.611318425 0.7237510296874999 0.6701923453124999 0.7256830484375 0.7118348375 0.9063293531250001 0.7103989109375 0.937242065625 0.6953214562500001 0.9430382640625 0.6228060625 0.9565625296875 0.6055746078124999 0.9440041984375 0.6012668265625 0.9430382640625 0.5847533625 0.950766478125 0.562496134375 0.9440041984375 0.5459827234375 0.9440041984375 0.3944900890625 0.9565625296875 0.368643015625 0.94497028125 0.3212566921875 0.7635265484375 0.31986350625000004 0.7334112625 0.3420779515625 0.7334112625 0.4138754359375 0.7334112625 0.4820830046875
4 0.737275296875 0.31086895000000003 0.873484625 0.3101509578125 0.878314740625 0.29507350312499997 0.9478683796875 0.2936375484375 0.946902296875 0.21753225468749998 0.7662559921875001 0.21968617343750002 0.7392073124999999 0.2361995828125 0.7363092140624999 0.2606107296875 0.737275296875 0.31086895000000003
4 0.9488343140625 0.20819859218749998 0.950766478125 0.170863909375 0.7635265484375 0.170797415625 0.7401733953125 0.1916851546875 0.7392073124999999 0.2053266828125 0.9488343140625 0.20819859218749998
4 0.74307149375 0.127785421875 0.74307149375 0.1615302453125 0.91985361875 0.1615302453125 0.9536644296875 0.1421449125 0.958494546875 0.090450753125 0.7647342765625 0.08548850625 0.7585277765625 0.1012203703125 0.7450035109375001 0.11055403593749999 0.74307149375 0.127785421875