2 0.5812790703124999 0.0671182796875 0.0579941859375 0.0671182796875 0.0579941859375 0.378064515625 0.5812790703124999 0.378064515625 0.5812790703124999 0.0671182796875
2 0.920261628125 0.141037634375 0.66482558125 0.141037634375 0.66482558125 0.3780591390625 0.920261628125 0.3780591390625 0.920261628125 0.141037634375
2 0.5671584296875001 0.6060967734375 0.0452834296875 0.6060967734375 0.0452834296875 0.9203333328125 0.5671584296875001 0.9203333328125 0.5671584296875001 0.6060967734375
2 0.9121874999999999 0.614161290625 0.6593822671875 0.614161290625 0.6593822671875 0.8531075265625001 0.9121874999999999 0.8531075265625001 0.9121874999999999 0.614161290625
1 0.843520053125 0.38671875 0.653431028125 0.38671875 0.6468307140625 0.3916015625 0.6468307140625 0.4072265625 0.656071153125 0.4140625 0.7709166062499999 0.4150390625 0.7933576718750001 0.404296875 0.9200836890625 0.404296875 0.9214037515625 0.3916015625 0.843520053125 0.38671875
1 0.389418490625 0.40234375 0.5451858875 0.40234375 0.5517862 0.3974609375 0.5517862 0.3876953125 0.5478260125000001 0.3828125 0.479182753125 0.384765625 0.46862225156250004 0.380859375 0.0726034484375 0.3828125 0.06600313437500001 0.3896484375 0.06600313437500001 0.3974609375 0.0739235109375 0.4052734375 0.0712833859375 0.4130859375 0.0752435734375 0.41796875 0.0950445125 0.4189453125 0.3471764859375 0.416015625 0.3550968625 0.4140625 0.36037711250000004 0.40625 0.389418490625 0.40234375
1 0.8091984249999999 0.59375 0.745835415625 0.58984375 0.7326347875 0.59375 0.6626714671875 0.5966796875 0.6666316546875 0.60546875 0.707553596875 0.6064453125 0.8514404296875 0.60546875 0.8580407421875 0.5947265625 0.843520053125 0.58984375 0.8091984249999999 0.59375
1 0.19668934062500001 0.5859375 0.21517021718749998 0.58984375 0.2679727234375 0.5859375 0.2758931 0.58984375 0.32341535781249997 0.58984375 0.3445363609375 0.5859375 0.3484965484375 0.5732421875 0.32341535781249997 0.568359375 0.064683071875 0.568359375 0.060722884374999994 0.5712890625 0.063363009375 0.5986328125 0.0950445125 0.6025390625 0.11220532812499999 0.5859375 0.162367709375 0.5859375 0.1729282109375 0.58984375 0.19668934062500001 0.5859375
4 0.3511366734375 0.4287109375 0.3484965484375 0.5478515625 0.3550968625 0.55859375 0.41053949375 0.5625 0.6230695859375001 0.5615234375 0.6283498375 0.5419921875 0.6243896484375 0.4296875 0.41317961875 0.42578125 0.3511366734375 0.4287109375
4 0.8329595515625 0.072265625 0.76959654375 0.07421875 0.748475540625 0.0703125 0.7167940359375 0.07421875 0.6639915296875001 0.072265625 0.654751090625 0.0791015625 0.654751090625 0.1123046875 0.6666316546875 0.1171875 0.8527604921874999 0.1201171875 0.9280040656249999 0.1171875 0.9319642531250001 0.1142578125 0.9319642531250001 0.0791015625 0.8329595515625 0.072265625
4 0.9148034390625 0.45703125 0.7326347875 0.45703125 0.706233534375 0.453125 0.668212578125 0.4581651390625 0.6582301140625 0.45693332187499996 0.6482477421875 0.4680193265625 0.660031340625 0.4638671875 0.658711278125 0.470703125 0.653431028125 0.46875 0.6415504640624999 0.4755859375 0.6415504640624999 0.5439453125 0.6481507765625001 0.560546875 0.8738814953125 0.5615234375 0.9121633125 0.560546875 0.9214037515625 0.5556640625 0.9240438781250001 0.5244140625 0.9148034390625 0.45703125
4 0.745835415625 0.443359375 0.7563959171875 0.447265625 0.8197589265625 0.447265625 0.8408799281249999 0.439453125 0.8488003031250001 0.447265625 0.8620009312500001 0.447265625 0.8804818078125001 0.4375 0.8884021843750001 0.443359375 0.9148034390625 0.443359375 0.9240438781250001 0.4326171875 0.9174435640624999 0.42578125 0.9068830625000001 0.423828125 0.7616761671875001 0.423828125 0.7590360421875 0.41796875 0.7326347875 0.42578125 0.6771921562500001 0.42578125 0.67191190625 0.419921875 0.6692717796875 0.423828125 0.6389103375 0.4306640625 0.6481507765625001 0.453125 0.6613514046875 0.45703125 0.6996332203125 0.4560546875 0.706233534375 0.453125 0.7379150390625 0.455078125 0.7365949765625001 0.4501953125 0.745835415625 0.443359375
4 0.32077523124999996 0.455078125 0.3300156703125 0.4501953125 0.3300156703125 0.4287109375 0.299654228125 0.421875 0.252131971875 0.423828125 0.1782084625 0.419921875 0.1438868328125 0.423828125 0.1095652015625 0.423828125 0.1016448265625 0.419921875 0.0990047 0.423828125 0.0805238234375 0.421875 0.052802507812499996 0.4267578125 0.052802507812499996 0.4560546875 0.059402821875 0.466796875 0.2112100296875 0.4677734375 0.22837084375 0.46484375 0.22837084375 0.45703125 0.2442115953125 0.455078125 0.32077523124999996 0.455078125
4 0.096364575 0.46875 0.0831639484375 0.47265625 0.07788369843750001 0.482421875 0.052802507812499996 0.4873046875 0.052802507812499996 0.5400390625 0.059402821875 0.5546875 0.11484545312500001 0.55859375 0.32209529375 0.5595703125 0.3300156703125 0.5556640625 0.3260554828125 0.47265625 0.12276582968750001 0.47265625 0.096364575 0.46875
4 0.6851125312499999 0.876953125 0.6428705265625 0.87890625 0.6362702125 0.8837890625 0.6336300875 0.9150390625 0.6402304015625 0.921875 0.8580407421875 0.9228515625 0.9108432499999999 0.9208984375 0.913483375 0.8935546875 0.9068830625000001 0.880859375 0.6851125312499999 0.876953125
6 0.9161235015625 0.9189453125 0.9319642531250001 0.9208984375 0.9372445046875001 0.8916015625 0.925363940625 0.888671875 0.9161235015625 0.9052734375 0.9161235015625 0.9189453125
3 0.9372445046875001 0.8740234375 0.934604378125 0.8623046875 0.9280040656249999 0.861328125 0.9240438781250001 0.8740234375 0.9372445046875001 0.8740234375