4 0.2109375 0.6078125 0.23125 0.6078125 0.2328125 0.60625 0.2546875 0.60625 0.25625 0.6078125 0.696875 0.6078125 0.6984375 0.60625 0.7515625 0.60625 0.753125 0.6046875 0.76875 0.6046875 0.7703125 0.60625 0.778125 0.60625 0.7796875 0.6046875 0.8140625 0.6046875 0.815625 0.603125 0.8171875 0.603125 0.81875 0.6015625 0.8203125 0.6015625 0.8234375 0.5984375 0.8234375 0.5125 0.821875 0.5109375 0.171875 0.5109375 0.171875 0.6078125 0.2078125 0.6078125 0.209375 0.60625 0.2109375 0.6078125
4 0.26875 0.5015625 0.2703125 0.503125 0.7328125 0.503125 0.734375 0.5015625 0.78125 0.5015625 0.7828125 0.5 0.7953125 0.5 0.796875 0.4984375 0.8140625 0.4984375 0.815625 0.496875 0.8171875 0.496875 0.8234375 0.490625 0.8234375 0.4203125 0.1734375 0.4203125 0.1734375 0.503125 0.1921875 0.503125 0.19375 0.5015625 0.26875 0.5015625
4 0.3953125 0.6953125 0.396875 0.69375 0.4 0.69375 0.4015625 0.6953125 0.403125 0.69375 0.4796875 0.69375 0.48125 0.6953125 0.5046875 0.6953125 0.50625 0.69375 0.715625 0.69375 0.7171875 0.6921875 0.8140625 0.6921875 0.815625 0.690625 0.8171875 0.690625 0.81875 0.6890625 0.8203125 0.6890625 0.8234375 0.6859375 0.825 0.6859375 0.825 0.615625 0.1703125 0.615625 0.1703125 0.696875 0.34375 0.696875 0.3453125 0.6953125 0.3953125 0.6953125
4 0.678125 0.8015625 0.6796875 0.8 0.73125 0.8 0.7328125 0.7984375 0.765625 0.7984375 0.7671875 0.8 0.7890625 0.8 0.790625 0.7984375 0.8140625 0.7984375 0.815625 0.796875 0.8171875 0.796875 0.8203125 0.79375 0.821875 0.79375 0.821875 0.7046875 0.171875 0.7046875 0.171875 0.803125 0.6 0.803125 0.6015625 0.8015625 0.678125 0.8015625
4 0.7578125 0.409375 0.759375 0.4078125 0.7671875 0.4078125 0.76875 0.409375 0.7734375 0.409375 0.775 0.4078125 0.7921875 0.4078125 0.79375 0.40625 0.8109375 0.40625 0.8125 0.4046875 0.8171875 0.4046875 0.81875 0.403125 0.8203125 0.403125 0.8203125 0.284375 0.175 0.284375 0.175 0.4109375 0.7359375 0.4109375 0.7375 0.409375 0.7578125 0.409375
4 0.490625 0.89375 0.4921875 0.8921875 0.5109375 0.8921875 0.5125 0.89375 0.5203125 0.89375 0.521875 0.8921875 0.6203125 0.8921875 0.621875 0.890625 0.7015625 0.890625 0.703125 0.8890625 0.7453125 0.8890625 0.746875 0.8875 0.7546875 0.8875 0.75625 0.8890625 0.7640625 0.8890625 0.765625 0.8875 0.8171875 0.8875 0.81875 0.8859375 0.8234375 0.8859375 0.8234375 0.809375 0.16875 0.809375 0.16875 0.8953125 0.425 0.8953125 0.4265625 0.89375 0.490625 0.89375
7 0.2296875 0.26875 0.23125 0.2703125 0.2390625 0.2703125 0.240625 0.271875 0.2453125 0.271875 0.246875 0.2734375 0.25625 0.2734375 0.2578125 0.275 0.3109375 0.275 0.3125 0.2765625 0.6828125 0.2765625 0.684375 0.275 0.7140625 0.275 0.715625 0.2765625 0.7421875 0.2765625 0.74375 0.275 0.7484375 0.275 0.75 0.2734375 0.7578125 0.2734375 0.759375 0.271875 0.7640625 0.271875 0.765625 0.2703125 0.7671875 0.2703125 0.76875 0.26875 0.7703125 0.26875 0.771875 0.2671875 0.7734375 0.2671875 0.7765625 0.2640625 0.7796875 0.2640625 0.78125 0.2625 0.784375 0.2625 0.784375 0.2296875 0.2140625 0.2296875 0.2140625 0.2671875 0.215625 0.2671875 0.2171875 0.26875 0.2296875 0.26875
6 0.8 0.2171875 0.8015625 0.215625 0.8015625 0.203125 0.665625 0.203125 0.665625 0.21875 0.796875 0.21875 0.7984375 0.2171875 0.8 0.2171875
6 0.4625 0.2171875 0.4640625 0.215625 0.4640625 0.2015625 0.1890625 0.2015625 0.1890625 0.21875 0.459375 0.21875 0.4609375 0.2171875 0.4625 0.2171875
6 0.6296875 0.2171875 0.63125 0.215625 0.63125 0.203125 0.490625 0.203125 0.490625 0.21875 0.6234375 0.21875 0.625 0.2171875 0.6296875 0.2171875
6 0.290625 0.1828125 0.290625 0.196875 0.3609375 0.196875 0.3609375 0.1828125 0.290625 0.1828125
6 0.6265625 0.1296875 0.6265625 0.109375 0.3671875 0.109375 0.3671875 0.13125 0.6234375 0.13125 0.625 0.1296875 0.6265625 0.1296875
6 0.7015625 0.18125 0.7015625 0.196875 0.7640625 0.196875 0.7640625 0.18125 0.7015625 0.18125
3 0.8265625 0.115625 0.8265625 0.096875 0.78125 0.096875 0.78125 0.1171875 0.8234375 0.1171875 0.825 0.115625 0.8265625 0.115625
6 0.5828125 0.196875 0.5828125 0.1828125 0.5390625 0.1828125 0.5390625 0.1984375 0.5796875 0.1984375 0.58125 0.196875 0.5828125 0.196875
5 0.817962184375 0.1776573640625 0.18190336093749998 0.1776573640625 0.18190336093749998 0.2212381234375 0.817962184375 0.2212381234375 0.817962184375 0.1776573640625
6 0.3650966390625 0.179130046875 0.2897941171875 0.179130046875 0.2897941171875 0.1982571265625 0.3650966390625 0.1982571265625 0.3650966390625 0.179130046875
6 0.4646554625 0.201122328125 0.19020168125 0.201122328125 0.19020168125 0.2183076015625 0.4646554625 0.2183076015625 0.4646554625 0.201122328125
6 0.587726890625 0.183521378125 0.5408613453125 0.183521378125 0.5408613453125 0.1943408546875 0.587726890625 0.1943408546875 0.587726890625 0.183521378125
6 0.636810925 0.2025861046875 0.4931386546875 0.2025861046875 0.4931386546875 0.2148842046875 0.636810925 0.2148842046875 0.636810925 0.2025861046875
6 0.75504621875 0.181327196875 0.7078949578125 0.181327196875 0.7078949578125 0.19629750625 0.75504621875 0.19629750625 0.75504621875 0.181327196875
6 0.79376470625 0.19965558125 0.6695126046875 0.19965558125 0.6695126046875 0.2139073640625 0.79376470625 0.2139073640625 0.79376470625 0.19965558125