5 0.9748820515625001 0.73501863125 0.866841025 0.73501863125 0.866841025 0.8038092812500001 0.9748820515625001 0.8038092812500001 0.9748820515625001 0.73501863125
5 0.973441025 0.8552184953124999 0.86143076875 0.8552184953124999 0.86143076875 0.94126524375 0.973441025 0.94126524375 0.973441025 0.8552184953124999
5 0.855064103125 0.8523577234375 0.7227923078125 0.8523577234375 0.7227923078125 0.9417411921875001 0.855064103125 0.9417411921875001 0.855064103125 0.8523577234375
5 0.8644461531250001 0.7314430890625 0.7238717953125 0.7314430890625 0.7238717953125 0.8319715453125 0.8644461531250001 0.8319715453125 0.8644461531250001 0.7314430890625
4 0.0921875 0.9875 0.09375 0.9890625 0.134375 0.9890625 0.1359375 0.9875 0.1859375 0.9875 0.1875 0.9859375 0.1875 0.984375 0.1890625 0.9828125 0.1875 0.98125 0.1875 0.96875 0.1859375 0.9671875 0.1859375 0.9390625 0.1875 0.9375 0.1875 0.7921875 0.1890625 0.790625 0.1890625 0.7859375 0.025 0.7859375 0.025 0.9890625 0.0328125 0.9890625 0.034375 0.9875 0.0921875 0.9875
4 0.6171875 0.4 0.61875 0.3984375 0.6234375 0.3984375 0.625 0.4 0.6921875 0.4 0.6921875 0.3953125 0.69375 0.39375 0.69375 0.390625 0.6953125 0.3890625 0.6953125 0.3421875 0.696875 0.340625 0.696875 0.3078125 0.5328125 0.3078125 0.5328125 0.3984375 0.534375 0.3984375 0.5359375 0.4 0.6171875 0.4
4 0.621875 0.971875 0.6234375 0.9703125 0.6359375 0.9703125 0.6375 0.96875 0.653125 0.96875 0.6546875 0.9671875 0.6953125 0.9671875 0.6953125 0.8453125 0.534375 0.8453125 0.534375 0.9734375 0.603125 0.9734375 0.6046875 0.971875 0.621875 0.971875
4 0.3578125 0.6671875 0.359375 0.665625 0.3609375 0.665625 0.3609375 0.58125 0.3625 0.5796875 0.3625 0.5765625 0.3640625 0.575 0.209375 0.575 0.209375 0.66875 0.2140625 0.66875 0.215625 0.6671875 0.3578125 0.6671875
4 0.5265625 0.984375 0.5265625 0.971875 0.525 0.9703125 0.525 0.96875 0.5265625 0.9671875 0.5265625 0.95625 0.525 0.9546875 0.525 0.903125 0.3640625 0.903125 0.3640625 0.9859375 0.365625 0.9875 0.5234375 0.9875 0.5265625 0.984375
4 0.9046875 0.346875 0.90625 0.3453125 0.915625 0.3453125 0.9171875 0.34375 0.946875 0.34375 0.9484375 0.3421875 0.971875 0.3421875 0.9734375 0.340625 0.9734375 0.29375 0.971875 0.2921875 0.971875 0.2890625 0.71875 0.2890625 0.71875 0.3484375 0.8984375 0.3484375 0.9 0.346875 0.9046875 0.346875
4 0.42940705156250003 0.8789718828125 0.4309695515625 0.8774093828125 0.4340945515625 0.8774093828125 0.4356570515625 0.8758468828125 0.4575320515625 0.8742843828125 0.4590945515625 0.8727218828125001 0.4700320515625 0.8727218828125001 0.4715945515625 0.8711593828125 0.5122195515625 0.8711593828125 0.5137820515625 0.8695968828125 0.5137820515625 0.8680343828125 0.5153445515625 0.8664718828125 0.5153445515625 0.8555343828125 0.5137820515625 0.8539718828125 0.5137820515625 0.8102218828125001 0.5153445515625 0.8086593828125 0.5153445515625 0.8008468828125 0.5169070515625 0.7992843828125 0.5169070515625 0.7977218828125 0.5184695515625 0.7961593828125 0.5184695515625 0.7914718828125 0.3325320515625 0.7914718828125 0.3309695515625 0.7930343828125 0.3075320515625 0.7930343828125 0.3059695515625 0.7945968828125001 0.28096955156250003 0.7945968828125001 0.2794070515625 0.7930343828125 0.22159455156250002 0.7930343828125 0.2200320515625 0.7914718828125 0.20596955156250002 0.7914718828125 0.20596955156250002 0.8805343828125001 0.4247195515625 0.8805343828125001 0.4262820515625 0.8789718828125 0.42940705156250003 0.8789718828125
4 0.5390625 0.515625 0.6453125 0.515625 0.646875 0.5140625 0.6515625 0.5140625 0.653125 0.5125 0.65625 0.5125 0.6578125 0.5109375 0.6734375 0.5109375 0.6765625 0.5140625 0.684375 0.5140625 0.6859375 0.515625 0.690625 0.515625 0.6921875 0.5140625 0.690625 0.5125 0.690625 0.509375 0.69375 0.50625 0.6953125 0.50625 0.6953125 0.5046875 0.696875 0.503125 0.696875 0.484375 0.6953125 0.4828125 0.6953125 0.4015625 0.69375 0.4 0.534375 0.4 0.534375 0.5125 0.5359375 0.5140625 0.5375 0.5140625 0.5390625 0.515625
4 0.7765625 0.2875 0.778125 0.2859375 0.84375 0.2859375 0.8453125 0.284375 0.8515625 0.284375 0.853125 0.2859375 0.9125 0.2859375 0.9140625 0.284375 0.915625 0.284375 0.9171875 0.2859375 0.9703125 0.2859375 0.9734375 0.2828125 0.9734375 0.2140625 0.7171875 0.2140625 0.7171875 0.2890625 0.74375 0.2890625 0.7453125 0.2875 0.7765625 0.2875
4 0.36875 0.721875 0.36875 0.7234375 0.3703125 0.7234375 0.371875 0.725 0.5140625 0.725 0.515625 0.7234375 0.5171875 0.7234375 0.5203125 0.7203125 0.51875 0.71875 0.51875 0.625 0.5171875 0.6234375 0.5171875 0.59375 0.36875 0.59375 0.36875 0.63125 0.3671875 0.6328125 0.3671875 0.7203125 0.36875 0.721875
4 0.5328125 0.725 0.540625 0.725 0.5421875 0.7234375 0.56875 0.7234375 0.5703125 0.721875 0.61875 0.721875 0.6203125 0.7203125 0.6546875 0.7203125 0.65625 0.71875 0.6734375 0.71875 0.675 0.7171875 0.6765625 0.7171875 0.678125 0.715625 0.678125 0.6953125 0.6765625 0.69375 0.6765625 0.659375 0.675 0.6578125 0.6765625 0.65625 0.6765625 0.646875 0.675 0.6453125 0.675 0.6328125 0.671875 0.6296875 0.525 0.6296875 0.525 0.721875 0.5265625 0.7234375 0.53125 0.7234375 0.5328125 0.725
4 0.1875 0.515625 0.1875 0.4328125 0.1859375 0.43125 0.1859375 0.409375 0.1875 0.4078125 0.1875 0.4046875 0.1859375 0.403125 0.1859375 0.3953125 0.040625 0.3953125 0.0390625 0.396875 0.0375 0.3953125 0.025 0.3953125 0.025 0.51875 0.1859375 0.51875 0.1859375 0.5171875 0.1875 0.515625
4 0.603125 0.8203125 0.6046875 0.81875 0.6203125 0.81875 0.621875 0.8171875 0.6921875 0.8171875 0.69375 0.815625 0.6953125 0.815625 0.6953125 0.7734375 0.5328125 0.7734375 0.5328125 0.821875 0.6 0.821875 0.6015625 0.8203125 0.603125 0.8203125
4 0.7296875 0.2109375 0.73125 0.2125 0.7796875 0.2125 0.78125 0.2109375 0.8296875 0.2109375 0.83125 0.209375 0.859375 0.209375 0.8609375 0.2109375 0.878125 0.2109375 0.8796875 0.209375 0.96875 0.209375 0.9703125 0.2078125 0.9703125 0.1671875 0.96875 0.165625 0.7203125 0.165625 0.7203125 0.2125 0.7234375 0.2125 0.725 0.2109375 0.7296875 0.2109375
4 0.8078125 0.521875 0.8125 0.521875 0.8140625 0.5203125 0.878125 0.5203125 0.8796875 0.51875 0.903125 0.51875 0.9046875 0.5171875 0.9703125 0.5171875 0.9703125 0.45 0.96875 0.45 0.9671875 0.4484375 0.89375 0.4484375 0.8921875 0.446875 0.890625 0.446875 0.8875 0.44375 0.8875 0.4421875 0.8859375 0.440625 0.8859375 0.3828125 0.71875 0.3828125 0.71875 0.521875 0.7203125 0.5234375 0.80625 0.5234375 0.8078125 0.521875
4 0.184375 0.3921875 0.1859375 0.390625 0.1859375 0.3859375 0.1875 0.384375 0.1875 0.3421875 0.1859375 0.340625 0.1859375 0.321875 0.1875 0.3203125 0.1875 0.3078125 0.1859375 0.30625 0.025 0.30625 0.025 0.39375 0.059375 0.39375 0.0609375 0.3921875 0.184375 0.3921875
4 0.2921875 0.9890625 0.29375 0.9875 0.353125 0.9875 0.35625 0.984375 0.35625 0.9328125 0.1953125 0.9328125 0.1953125 0.9875 0.2625 0.9875 0.2640625 0.9890625 0.2921875 0.9890625
4 0.6390625 0.628125 0.640625 0.6265625 0.65 0.6265625 0.6515625 0.625 0.671875 0.625 0.6765625 0.6203125 0.6765625 0.5765625 0.678125 0.575 0.678125 0.56875 0.5265625 0.56875 0.5265625 0.6296875 0.6265625 0.6296875 0.628125 0.628125 0.6390625 0.628125
4 0.7296875 0.121875 0.728125 0.1234375 0.71875 0.1234375 0.71875 0.1484375 0.8234375 0.1484375 0.825 0.146875 0.828125 0.146875 0.8296875 0.1453125 0.865625 0.1453125 0.8671875 0.14375 0.96875 0.14375 0.9703125 0.1421875 0.971875 0.1421875 0.971875 0.11875 0.7390625 0.11875 0.7375 0.1203125 0.7359375 0.1203125 0.734375 0.121875 0.7296875 0.121875
4 0.059375 0.7078125 0.0609375 0.709375 0.075 0.709375 0.0765625 0.7109375 0.178125 0.7109375 0.1796875 0.709375 0.1796875 0.7078125 0.18125 0.70625 0.18125 0.6078125 0.0421875 0.6078125 0.0421875 0.70625 0.0515625 0.70625 0.053125 0.7078125 0.059375 0.7078125
2 0.9078125 0.64375 0.909375 0.6453125 0.96875 0.6453125 0.9703125 0.64375 0.9703125 0.6421875 0.971875 0.640625 0.971875 0.559375 0.7953125 0.559375 0.7953125 0.6453125 0.8453125 0.6453125 0.846875 0.64375 0.9078125 0.64375
4 0.0453125 0.29375 0.046875 0.2953125 0.05 0.2953125 0.0515625 0.296875 0.0546875 0.296875 0.05625 0.2984375 0.1546875 0.2984375 0.15625 0.296875 0.1578125 0.296875 0.159375 0.2953125 0.1640625 0.2953125 0.165625 0.29375 0.1796875 0.29375 0.18125 0.2921875 0.184375 0.2921875 0.1875 0.2890625 0.1875 0.2734375 0.1859375 0.271875 0.1859375 0.2609375 0.1875 0.259375 0.1875 0.2171875 0.1890625 0.215625 0.1890625 0.184375 0.1875 0.1828125 0.1875 0.18125 0.1828125 0.1765625 0.0234375 0.1765625 0.0234375 0.2921875 0.0296875 0.2921875 0.03125 0.29375 0.0453125 0.29375
4 0.4140625 0.5046875 0.415625 0.503125 0.46875 0.503125 0.4703125 0.5015625 0.5015625 0.5015625 0.503125 0.5 0.521875 0.5 0.5234375 0.4984375 0.525 0.4984375 0.5265625 0.496875 0.5265625 0.4734375 0.525 0.471875 0.525 0.4609375 0.5265625 0.459375 0.5265625 0.403125 0.3640625 0.403125 0.3640625 0.503125 0.3703125 0.503125 0.371875 0.5046875 0.4140625 0.5046875
4 0.1921875 0.3578125 0.19375 0.359375 0.1921875 0.3609375 0.1921875 0.384375 0.19375 0.3859375 0.19375 0.43125 0.31875 0.43125 0.3203125 0.4296875 0.33125 0.4296875 0.3328125 0.43125 0.35 0.43125 0.3484375 0.4296875 0.3390625 0.4296875 0.3375 0.428125 0.3390625 0.4265625 0.3421875 0.4265625 0.34375 0.425 0.353125 0.425 0.35625 0.421875 0.35625 0.34375 0.3546875 0.3421875 0.19375 0.3421875 0.19375 0.3484375 0.1921875 0.35 0.1921875 0.3578125
4 0.4734375 0.4 0.475 0.3984375 0.521875 0.3984375 0.525 0.3953125 0.525 0.3796875 0.5265625 0.378125 0.5265625 0.375 0.525 0.3734375 0.525 0.36875 0.5265625 0.3671875 0.5265625 0.353125 0.525 0.3515625 0.525 0.34375 0.5265625 0.3421875 0.5265625 0.3125 0.365625 0.3125 0.365625 0.4015625 0.45625 0.4015625 0.4578125 0.4 0.4734375 0.4
4 0.359375 0.7234375 0.3609375 0.721875 0.3609375 0.703125 0.3625 0.7015625 0.3609375 0.7 0.3609375 0.69375 0.2078125 0.69375 0.2078125 0.725 0.35625 0.725 0.3578125 0.7234375 0.359375 0.7234375
2 0.96875 0.384375 0.890625 0.384375 0.890625 0.44375 0.9671875 0.44375 0.96875 0.4421875 0.96875 0.384375
4 0.3546875 0.5171875 0.3546875 0.515625 0.35625 0.5140625 0.35625 0.4328125 0.3546875 0.43125 0.3546875 0.4296875 0.1953125 0.4296875 0.1953125 0.5171875 0.196875 0.51875 0.353125 0.51875 0.3546875 0.5171875
2 0.3390625 0.29375 0.340625 0.2953125 0.3609375 0.2953125 0.3625 0.29375 0.4546875 0.29375 0.45625 0.2953125 0.4671875 0.2953125 0.46875 0.296875 0.65 0.296875 0.6515625 0.2953125 0.65625 0.2953125 0.6578125 0.29375 0.68125 0.29375 0.68125 0.128125 0.2078125 0.128125 0.2078125 0.2953125 0.21875 0.2953125 0.2203125 0.29375 0.3390625 0.29375
4 0.8859375 0.1640625 0.8875 0.1625 0.9703125 0.1625 0.971875 0.1609375 0.971875 0.15 0.9703125 0.1484375 0.71875 0.1484375 0.71875 0.165625 0.875 0.165625 0.8765625 0.1640625 0.8859375 0.1640625
4 0.415625 0.5953125 0.4171875 0.59375 0.4546875 0.59375 0.45625 0.5921875 0.5140625 0.5921875 0.5171875 0.5890625 0.5171875 0.56875 0.3703125 0.56875 0.3703125 0.59375 0.39375 0.59375 0.3953125 0.5953125 0.415625 0.5953125
4 0.821875 0.9859375 0.8234375 0.984375 0.8640625 0.984375 0.865625 0.9828125 0.89375 0.9828125 0.8953125 0.98125 0.9640625 0.98125 0.965625 0.9796875 0.9671875 0.9796875 0.9671875 0.978125 0.96875 0.9765625 0.96875 0.9640625 0.9671875 0.9625 0.7171875 0.9625 0.7171875 0.9875 0.7796875 0.9875 0.78125 0.9859375 0.821875 0.9859375
4 0.928125 0.834375 0.9296875 0.8328125 0.94375 0.8328125 0.9453125 0.83125 0.9703125 0.83125 0.971875 0.8296875 0.971875 0.8109375 0.86875 0.8109375 0.86875 0.8359375 0.921875 0.8359375 0.9234375 0.834375 0.928125 0.834375
4 0.3515625 0.3390625 0.353125 0.3375 0.3546875 0.3375 0.3546875 0.3359375 0.35625 0.334375 0.35625 0.3109375 0.3578125 0.309375 0.3578125 0.30625 0.19375 0.30625 0.19375 0.340625 0.3015625 0.340625 0.303125 0.3390625 0.3515625 0.3390625
4 0.31875 0.690625 0.3203125 0.6921875 0.3234375 0.6921875 0.325 0.690625 0.35 0.690625 0.3515625 0.6921875 0.359375 0.6921875 0.359375 0.6875 0.3609375 0.6859375 0.3609375 0.6703125 0.209375 0.6703125 0.209375 0.6921875 0.303125 0.6921875 0.3046875 0.690625 0.31875 0.690625
4 0.9671875 0.95625 0.9671875 0.953125 0.96875 0.9515625 0.96875 0.95 0.9671875 0.9484375 0.9671875 0.9453125 0.7171875 0.9453125 0.7171875 0.9609375 0.965625 0.9609375 0.965625 0.9578125 0.9671875 0.95625
7 0.334375 0.790625 0.334375 0.78125 0.20625 0.78125 0.20625 0.7921875 0.33125 0.7921875 0.3328125 0.790625 0.334375 0.790625
7 0.1421875 0.78125 0.1421875 0.771875 0.0265625 0.771875 0.0265625 0.7828125 0.1375 0.7828125 0.1390625 0.78125 0.1421875 0.78125
6 0.0265625 0.74375 0.0265625 0.759375 0.115625 0.759375 0.115625 0.74375 0.0265625 0.74375
7 0.8625 0.534375 0.7953125 0.534375 0.7953125 0.546875 0.8609375 0.546875 0.8625 0.5453125 0.8625 0.534375
7 0.9171875 0.0296875 0.8046875 0.0296875 0.8046875 0.0484375 0.915625 0.0484375 0.9171875 0.046875 0.9171875 0.0296875
2 0.14375 0.146875 0.1421875 0.1453125 0.1421875 0.134375 0.14375 0.1328125 0.14375 0.1265625 0.1421875 0.125 0.1421875 0.1203125 0.0703125 0.1203125 0.0703125 0.171875 0.1421875 0.171875 0.14375 0.1703125 0.14375 0.146875
7 0.3015625 0.0578125 0.303125 0.05625 0.3046875 0.05625 0.3078125 0.053125 0.3078125 0.0265625 0.1640625 0.0265625 0.1640625 0.059375 0.2953125 0.059375 0.296875 0.0578125 0.3015625 0.0578125
4 0.7171875 0.7 0.7171875 0.7015625 0.7203125 0.7046875 0.7859375 0.7046875 0.7875 0.703125 0.790625 0.703125 0.7921875 0.7015625 0.8015625 0.7015625 0.803125 0.7 0.9015625 0.7 0.903125 0.6984375 0.9703125 0.6984375 0.971875 0.696875 0.9734375 0.696875 0.9734375 0.6671875 0.975 0.665625 0.975 0.659375 0.9734375 0.6578125 0.9734375 0.6546875 0.96875 0.65 0.95 0.65 0.9484375 0.6484375 0.915625 0.6484375 0.9140625 0.646875 0.846875 0.646875 0.8453125 0.6484375 0.834375 0.6484375 0.8328125 0.65 0.8046875 0.65 0.803125 0.6515625 0.796875 0.6515625 0.7921875 0.646875 0.7921875 0.5578125 0.7140625 0.5578125 0.7140625 0.6921875 0.715625 0.69375 0.715625 0.6984375 0.7171875 0.7
4 0.446875 0.5203125 0.4484375 0.51875 0.521875 0.51875 0.5234375 0.5171875 0.525 0.5171875 0.525 0.50625 0.365625 0.50625 0.365625 0.51875 0.41875 0.51875 0.4203125 0.5203125 0.446875 0.5203125
6 0.20625 0.7484375 0.20625 0.7609375 0.33125 0.7609375 0.33125 0.7484375 0.20625 0.7484375
7 0.728125 0.1140625 0.75625 0.1140625 0.7578125 0.115625 0.903125 0.115625 0.903125 0.1140625 0.9046875 0.1125 0.909375 0.1125 0.9109375 0.1109375 0.9125 0.1109375 0.9140625 0.109375 0.915625 0.109375 0.9171875 0.1078125 0.9203125 0.1078125 0.921875 0.10625 0.9234375 0.10625 0.925 0.1046875 0.9265625 0.1046875 0.9265625 0.084375 0.7140625 0.084375 0.7140625 0.1109375 0.715625 0.1125 0.7265625 0.1125 0.728125 0.1140625
2 0.1421875 0.6046875 0.14375 0.603125 0.146875 0.603125 0.1515625 0.5984375 0.1515625 0.596875 0.153125 0.5953125 0.153125 0.5703125 0.1515625 0.56875 0.1515625 0.5671875 0.15 0.565625 0.15 0.5640625 0.0765625 0.5640625 0.0765625 0.603125 0.078125 0.603125 0.0796875 0.6046875 0.1421875 0.6046875
6 0.8015625 0.38125 0.8046875 0.378125 0.8046875 0.375 0.7203125 0.375 0.7203125 0.3828125 0.796875 0.3828125 0.7984375 0.38125 0.8015625 0.38125
7 0.8234375 0.359375 0.8234375 0.371875 0.865625 0.371875 0.865625 0.359375 0.8234375 0.359375
6 0.9515625 0.8421875 0.878125 0.8421875 0.878125 0.8484375 0.95 0.8484375 0.9515625 0.846875 0.9515625 0.8421875
6 0.1796875 0.7234375 0.1796875 0.7140625 0.0578125 0.7140625 0.0578125 0.725 0.1765625 0.725 0.178125 0.7234375 0.1796875 0.7234375
6 0.965625 0.725 0.9671875 0.7234375 0.9671875 0.71875 0.965625 0.7171875 0.8640625 0.7171875 0.8640625 0.7265625 0.9546875 0.7265625 0.95625 0.725 0.965625 0.725
7 0.534375 0.8296875 0.534375 0.840625 0.6921875 0.840625 0.6921875 0.8296875 0.534375 0.8296875
6 0.90625 0.065625 0.76875 0.065625 0.76875 0.0796875 0.9046875 0.0796875 0.90625 0.078125 0.90625 0.065625
6 0.26875 0.571875 0.26875 0.5671875 0.2109375 0.5671875 0.2109375 0.575 0.2125 0.5734375 0.2671875 0.5734375 0.26875 0.571875
6 0.196875 0.903125 0.196875 0.9125 0.2640625 0.9125 0.2640625 0.903125 0.196875 0.903125
6 0.83125 0.7234375 0.83125 0.7203125 0.8328125 0.71875 0.8328125 0.7171875 0.753125 0.7171875 0.753125 0.7265625 0.8296875 0.7265625 0.8296875 0.725 0.83125 0.7234375
3 0.9671875 0.0296875 0.93125 0.0296875 0.93125 0.05 0.9625 0.05 0.9671875 0.0453125 0.9671875 0.0296875
6 0.69375 0.9859375 0.6953125 0.984375 0.6953125 0.9734375 0.615625 0.9734375 0.615625 0.9875 0.690625 0.9875 0.6921875 0.9859375 0.69375 0.9859375
6 0.9078125 0.5234375 0.9078125 0.5296875 0.9703125 0.5296875 0.9703125 0.5234375 0.9078125 0.5234375
6 0.971875 0.7109375 0.9734375 0.709375 0.9734375 0.7046875 0.90625 0.7046875 0.90625 0.7125 0.9484375 0.7125 0.95 0.7109375 0.971875 0.7109375
6 0.8359375 0.840625 0.8 0.840625 0.8 0.8484375 0.834375 0.8484375 0.8359375 0.846875 0.8359375 0.840625
6 0.7390625 0.840625 0.7390625 0.8484375 0.7765625 0.8484375 0.7765625 0.840625 0.7390625 0.840625
6 0.8515625 0.7625 0.8578125 0.7625 0.8609375 0.759375 0.8609375 0.75625 0.859375 0.7546875 0.85 0.7546875 0.8484375 0.75625 0.8484375 0.7609375 0.85 0.7609375 0.8515625 0.7625
6 0.8828125 0.346875 0.8828125 0.3546875 0.9703125 0.3546875 0.9703125 0.346875 0.8828125 0.346875
7 0.040625 0.1140625 0.0421875 0.1125 0.14375 0.1125 0.1453125 0.1140625 0.1484375 0.1140625 0.15 0.1125 0.278125 0.1125 0.2796875 0.1140625 0.59375 0.1140625 0.5953125 0.1125 0.6828125 0.1125 0.684375 0.1109375 0.6859375 0.1109375 0.6875 0.109375 0.6875 0.0828125 0.0328125 0.0828125 0.0328125 0.1125 0.0375 0.1125 0.0390625 0.1140625 0.040625 0.1140625
6 0.859375 0.74375 0.859375 0.7421875 0.8609375 0.740625 0.8609375 0.7328125 0.846875 0.7328125 0.846875 0.74375 0.8484375 0.7453125 0.8578125 0.7453125 0.859375 0.74375
6 0.8 0.828125 0.8 0.8265625 0.7984375 0.825 0.7859375 0.825 0.7859375 0.8296875 0.796875 0.8296875 0.7984375 0.828125 0.8 0.828125
6 0.4453125 0.08125 0.446875 0.0796875 0.446875 0.065625 0.2703125 0.065625 0.2703125 0.0796875 0.271875 0.0796875 0.2734375 0.08125 0.4453125 0.08125
6 0.8828125 0.9359375 0.8828125 0.93125 0.865625 0.93125 0.865625 0.9375 0.8734375 0.9375 0.875 0.9359375 0.8828125 0.9359375
7 0.196875 0.9203125 0.196875 0.928125 0.2921875 0.928125 0.2921875 0.9203125 0.196875 0.9203125
6 0.8390625 0.8234375 0.8234375 0.8234375 0.8234375 0.8296875 0.840625 0.8296875 0.840625 0.825 0.8390625 0.8234375
4 0.54375 0.821875 0.54375 0.83125 0.6921875 0.83125 0.6921875 0.821875 0.54375 0.821875
6 0.9046875 0.534375 0.8828125 0.534375 0.8828125 0.546875 0.9 0.546875 0.9046875 0.5421875 0.9046875 0.534375
2 0.1984375 0.7421875 0.1328125 0.7421875 0.1328125 0.7640625 0.1953125 0.7640625 0.1984375 0.7609375 0.1984375 0.7421875
6 0.83125 0.7953125 0.8296875 0.79375 0.8296875 0.790625 0.81875 0.790625 0.815625 0.79375 0.815625 0.796875 0.83125 0.796875 0.83125 0.7953125
6 0.6265625 0.0296875 0.6265625 0.04375 0.79375 0.04375 0.79375 0.0296875 0.6265625 0.0296875
6 0.7390625 0.9328125 0.725 0.9328125 0.725 0.9390625 0.7265625 0.9375 0.734375 0.9375 0.7390625 0.9328125
6 0.7546875 0.8015625 0.7546875 0.80625 0.7671875 0.80625 0.7671875 0.8015625 0.7546875 0.8015625
6 0.7380512828125 0.7341039968749999 0.7257230765625 0.7341039968749999 0.7257230765625 0.7419054875 0.7380512828125 0.7419054875 0.7380512828125 0.7341039968749999
6 0.7392282046875 0.7448475609375 0.72431025625 0.7448475609375 0.72431025625 0.7535873984375 0.7392282046875 0.7535873984375 0.7392282046875 0.7448475609375
6 0.752653846875 0.75558435 0.7419820515625 0.75558435 0.7419820515625 0.7626202578125 0.752653846875 0.7626202578125 0.752653846875 0.75558435
6 0.76466923125 0.7679573171875 0.7529410249999999 0.7679573171875 0.7529410249999999 0.7752337390624999 0.76466923125 0.7752337390624999 0.76466923125 0.7679573171875
6 0.7378128203125 0.7677252703125 0.7221871796875 0.7677252703125 0.7221871796875 0.774612128125 0.7378128203125 0.774612128125 0.7378128203125 0.7677252703125
6 0.7495948718750001 0.7761280484374999 0.7398615390625001 0.7761280484374999 0.7398615390625001 0.7870697828125001 0.7495948718750001 0.7870697828125001 0.7495948718750001 0.7761280484374999
6 0.7660794875 0.7915379406249999 0.7543512828125001 0.7915379406249999 0.7543512828125001 0.795948509375 0.7660794875 0.795948509375 0.7660794875 0.7915379406249999
6 0.7983512828125 0.7913075875 0.7875769234375001 0.7913075875 0.7875769234375001 0.797195121875 0.7983512828125 0.797195121875 0.7983512828125 0.7913075875
6 0.7844564109375 0.7775304875 0.7713179484375 0.7775304875 0.7713179484375 0.7856673437499999 0.7844564109375 0.7856673437499999 0.7844564109375 0.7775304875
6 0.799764103125 0.753484078125 0.782625640625 0.753484078125 0.782625640625 0.763399390625 0.799764103125 0.763399390625 0.799764103125 0.753484078125
6 0.78256923125 0.7392411921875001 0.7642512828125 0.7392411921875001 0.7642512828125 0.754051490625 0.78256923125 0.754051490625 0.78256923125 0.7392411921875001
6 0.7992923078125 0.737140921875 0.7847487171875 0.737140921875 0.7847487171875 0.7445528453125 0.7992923078125 0.7445528453125 0.7992923078125 0.737140921875
6 0.8160128203125 0.746012871875 0.8077205125000001 0.746012871875 0.8077205125000001 0.7545223578125 0.8160128203125 0.7545223578125 0.8160128203125 0.746012871875
6 0.8273230765624999 0.7555860437499999 0.8169128203125 0.7555860437499999 0.8169128203125 0.764021003125 0.8273230765624999 0.764021003125 0.8273230765624999 0.7555860437499999
6 0.8412179484375001 0.7667903109374999 0.8317564109375001 0.7667903109374999 0.8317564109375001 0.772742209375 0.8412179484375001 0.772742209375 0.8412179484375001 0.7667903109374999
6 0.848284615625 0.7800982390625 0.8289256406250001 0.7800982390625 0.8289256406250001 0.7856673437499999 0.848284615625 0.7856673437499999 0.848284615625 0.7800982390625
6 0.8584128203124999 0.787804878125 0.85013076875 0.787804878125 0.85013076875 0.7964159890625 0.8584128203124999 0.7964159890625 0.8584128203124999 0.787804878125
6 0.8581769234375001 0.8022781171875 0.851546153125 0.8022781171875 0.851546153125 0.8098086046875 0.8581769234375001 0.8098086046875 0.8581769234375001 0.8022781171875
6 0.8473410250000001 0.8013448515625001 0.834935896875 0.8013448515625001 0.834935896875 0.8107418703124999 0.8473410250000001 0.8107418703124999 0.8473410250000001 0.8013448515625001
6 0.8431051281249999 0.8120867203125 0.8356435890625 0.8120867203125 0.8356435890625 0.8216463421875 0.8431051281249999 0.8216463421875 0.8431051281249999 0.8120867203125
6 0.8143666671875 0.81068428125 0.8034794875 0.81068428125 0.8034794875 0.8191531171875001 0.8143666671875 0.8191531171875001 0.8143666671875 0.81068428125
6 0.8007051281249999 0.7999457999999999 0.786515384375 0.7999457999999999 0.786515384375 0.8101219515625001 0.8007051281249999 0.8101219515625001 0.8007051281249999 0.7999457999999999
6 0.76961025625 0.8221222906250001 0.755764103125 0.8221222906250001 0.755764103125 0.8320782515625 0.76961025625 0.8320782515625 0.76961025625 0.8221222906250001
6 0.75713076875 0.8130165984375 0.7437512828124999 0.8130165984375 0.7437512828124999 0.8203980359375 0.75713076875 0.8203980359375 0.75713076875 0.8130165984375
6 0.7378179484375 0.8013431578124999 0.721484615625 0.8013431578124999 0.721484615625 0.8105877375 0.7378179484375 0.8105877375 0.7378179484375 0.8013431578124999
6 0.7361666671875 0.8113838078125 0.7239564109375001 0.8113838078125 0.7239564109375001 0.820865515625 0.7361666671875 0.820865515625 0.7361666671875 0.8113838078125
6 0.8115384609375 0.7686568421875 0.801005128125 0.7686568421875 0.801005128125 0.7778810968750001 0.8115384609375 0.7778810968750001 0.8115384609375 0.7686568421875
6 0.8442794875 0.7338719515625 0.83528974375 0.7338719515625 0.83528974375 0.7425304875000001 0.8442794875 0.7425304875000001 0.8442794875 0.7338719515625
6 0.76891025625 0.7336382109375 0.7557666671875001 0.7336382109375 0.7557666671875001 0.7440853656249999 0.76891025625 0.7440853656249999 0.76891025625 0.7336382109375
6 0.8809692312499999 0.7345714765625 0.8720461531250001 0.7345714765625 0.8720461531250001 0.740347221875 0.8809692312499999 0.740347221875 0.8809692312499999 0.7345714765625
6 0.890158975 0.733172425 0.8819435890625 0.733172425 0.8819435890625 0.740350609375 0.890158975 0.740350609375 0.890158975 0.733172425
6 0.8894487171875 0.7420443765625 0.8776999999999999 0.7420443765625 0.8776999999999999 0.7472035906250001 0.8894487171875 0.7472035906250001 0.8894487171875 0.7420443765625
6 0.9014615390625 0.7413431578125 0.89218974375 0.7413431578125 0.89218974375 0.7482909890625 0.9014615390625 0.7482909890625 0.9014615390625 0.7413431578125
6 0.9108846156249999 0.7420460703125 0.9052692312499999 0.7420460703125 0.9052692312499999 0.7476693765625 0.9108846156249999 0.7476693765625 0.9108846156249999 0.7420460703125
6 0.9231307687499999 0.7425101625 0.9137512828125001 0.7425101625 0.9137512828125001 0.7486009484375 0.9231307687499999 0.7486009484375 0.9231307687499999 0.7425101625
6 0.9356179484375 0.7411111109374999 0.926474359375 0.7411111109374999 0.926474359375 0.7461111109375 0.9356179484375 0.7461111109375 0.9356179484375 0.7411111109374999
6 0.9469230765625 0.740875678125 0.9377846156249999 0.740875678125 0.9377846156249999 0.7473560296875 0.9469230765625 0.7473560296875 0.9469230765625 0.740875678125
6 0.9575205125 0.741578590625 0.9483871796875001 0.741578590625 0.9483871796875001 0.747825203125 0.9575205125 0.747825203125 0.9575205125 0.741578590625
6 0.9674179484375 0.74250846875 0.9589923078125 0.74250846875 0.9589923078125 0.7479793359375 0.9674179484375 0.7479793359375 0.9674179484375 0.74250846875
6 0.9704769234375 0.7504471546875 0.95581025625 0.7504471546875 0.95581025625 0.7567005421874999 0.9704769234375 0.7567005421874999 0.9704769234375 0.7504471546875
6 0.958464103125 0.7492801484375 0.949094871875 0.7492801484375 0.949094871875 0.7563905828124999 0.958464103125 0.7563905828124999 0.958464103125 0.7492801484375
6 0.9483384609375 0.7495138890625 0.9367282046875 0.7495138890625 0.9367282046875 0.7573221546875 0.9483384609375 0.7573221546875 0.9483384609375 0.7495138890625
6 0.936794871875 0.7485823171875 0.9264769234375001 0.7485823171875 0.9264769234375001 0.75561145 0.936794871875 0.75561145 0.936794871875 0.7485823171875
6 0.9269025640624999 0.749747628125 0.9169333328124999 0.749747628125 0.9169333328124999 0.75623475625 0.9269025640624999 0.75623475625 0.9269025640624999 0.749747628125
6 0.915594871875 0.7495138890625 0.9066820515625 0.7495138890625 0.9066820515625 0.7570105015624999 0.915594871875 0.7570105015624999 0.915594871875 0.7495138890625
6 0.9012282046875001 0.7492801484375 0.8939615390625001 0.7492801484375 0.8939615390625001 0.7548323171875 0.9012282046875001 0.7548323171875 0.9012282046875001 0.7492801484375
6 0.8805 0.749048103125 0.8734589749999999 0.749048103125 0.8734589749999999 0.7557689703125 0.8805 0.7557689703125 0.8805 0.749048103125
6 0.8906282046875 0.7569867890624999 0.882294871875 0.7569867890624999 0.882294871875 0.7613736453125 0.8906282046875 0.7613736453125 0.8906282046875 0.7569867890624999
6 0.900284615625 0.76632283125 0.8936025640624999 0.76632283125 0.8936025640624999 0.77118394375 0.900284615625 0.77118394375 0.900284615625 0.76632283125
6 0.909946153125 0.7677252703125 0.9024435890625 0.7677252703125 0.9024435890625 0.7707164640624999 0.909946153125 0.7707164640624999 0.909946153125 0.7677252703125
6 0.9236025640625 0.7726270328125 0.9137512828125001 0.7726270328125 0.9137512828125001 0.7789718828125001 0.9236025640625 0.7789718828125001 0.9236025640625 0.7726270328125
6 0.9325538468750001 0.7744969515625 0.925415384375 0.7744969515625 0.925415384375 0.7788160562499999 0.9325538468750001 0.7788160562499999 0.9325538468750001 0.7744969515625
6 0.943153846875 0.7744969515625 0.936015384375 0.7744969515625 0.936015384375 0.779127709375 0.943153846875 0.779127709375 0.943153846875 0.7744969515625
6 0.9455102562500001 0.7588533203125001 0.936725640625 0.7588533203125001 0.936725640625 0.7657334015624999 0.9455102562500001 0.7657334015624999 0.9455102562500001 0.7588533203125001
6 0.9565820515624999 0.7660907859375 0.9455615390625001 0.7660907859375 0.9455615390625001 0.77180894375 0.9565820515624999 0.77180894375 0.9565820515624999 0.7660907859375
6 0.9690615390625 0.7667903109374999 0.9596974359375 0.7667903109374999 0.9596974359375 0.7732096890625 0.9690615390625 0.7732096890625 0.9690615390625 0.7667903109374999
6 0.9688282046875001 0.7812669375 0.9600538468750001 0.7812669375 0.9600538468750001 0.7862940375 0.9688282046875001 0.7862940375 0.9688282046875001 0.7812669375
6 0.9375 0.7817310296875 0.9282435890625 0.7817310296875 0.9282435890625 0.7878489156249999 0.9375 0.7878489156249999 0.9375 0.7817310296875
6 0.9120641031250001 0.7826659890625 0.9059769234375 0.7826659890625 0.9059769234375 0.7886280484375 0.9120641031250001 0.7886280484375 0.9120641031250001 0.7826659890625
6 0.8899230765624999 0.782198509375 0.881235896875 0.782198509375 0.881235896875 0.7880047421875 0.8899230765624999 0.7880047421875 0.8899230765624999 0.782198509375
6 0.8779076921875 0.7754302171874999 0.8724000000000001 0.7754302171874999 0.8724000000000001 0.7800643625 0.8779076921875 0.7800643625 0.8779076921875 0.7754302171874999
6 0.87908974375 0.7674932250000001 0.8706333328125 0.7674932250000001 0.8706333328125 0.7738346890625001 0.87908974375 0.7738346890625001 0.87908974375 0.7674932250000001
6 0.8795564109375 0.75745088125 0.8727512828125 0.75745088125 0.8727512828125 0.765889228125 0.8795564109375 0.765889228125 0.8795564109375 0.75745088125
6 0.889215384375 0.766558265625 0.881235896875 0.766558265625 0.881235896875 0.77180894375 0.889215384375 0.77180894375 0.889215384375 0.766558265625
6 0.9158333328125 0.7588533203125001 0.9031512828125001 0.7588533203125001 0.9031512828125001 0.7679149734374999 0.9158333328125 0.7679149734374999 0.9158333328125 0.7588533203125001
6 0.8800282046874999 0.790604675 0.8720435890625 0.790604675 0.8720435890625 0.7981283875 0.8800282046874999 0.7981283875 0.8800282046874999 0.790604675
6 0.8906256406249999 0.7899051484374999 0.8840615390625001 0.7899051484374999 0.8840615390625001 0.7967276421875 0.8906256406249999 0.7967276421875 0.8906256406249999 0.7899051484374999
6 0.902405128125 0.78943766875 0.893605128125 0.78943766875 0.893605128125 0.797506775 0.902405128125 0.797506775 0.902405128125 0.78943766875
6 0.9231333328125 0.7908401078125 0.9165794875 0.7908401078125 0.9165794875 0.797195121875 0.9231333328125 0.797195121875 0.9231333328125 0.7908401078125
6 0.9440974359375 0.7910721546875 0.9381384609375001 0.7910721546875 0.9381384609375001 0.79750508125 0.9440974359375 0.79750508125 0.9440974359375 0.7910721546875
6 0.9690615390625 0.7913075875 0.9589897437499999 0.7913075875 0.9589897437499999 0.797818428125 0.9690615390625 0.797818428125 0.9690615390625 0.7913075875
6 0.9596435890624999 0.7985416671875 0.945915384375 0.7985416671875 0.945915384375 0.8037347562500001 0.9596435890624999 0.8037347562500001 0.9596435890624999 0.7985416671875
6 0.93703076875 0.799009146875 0.927184615625 0.799009146875 0.927184615625 0.80498136875 0.93703076875 0.80498136875 0.93703076875 0.799009146875
6 0.916535896875 0.7980758812500001 0.9038538468749999 0.7980758812500001 0.9038538468749999 0.8051355015624999 0.916535896875 0.8051355015624999 0.916535896875 0.7980758812500001
6 0.8925128203125 0.799009146875 0.883005128125 0.799009146875 0.883005128125 0.805293021875 0.8925128203125 0.805293021875 0.8925128203125 0.799009146875
6 0.937264103125 0.765625 0.9261205125 0.765625 0.9261205125 0.7749237812499999 0.937264103125 0.7749237812499999 0.937264103125 0.765625
6 0.92548974375 0.7590853656250001 0.9151666671875001 0.7590853656250001 0.9151666671875001 0.767757453125 0.92548974375 0.767757453125 0.92548974375 0.7590853656250001
6 0.7360615390625 0.855975609375 0.72643076875 0.855975609375 0.72643076875 0.8633197828125001 0.7360615390625 0.8633197828125001 0.7360615390625 0.855975609375
6 0.752784615625 0.8562110437499999 0.7437487171875 0.8562110437499999 0.7437487171875 0.86316565 0.752784615625 0.86316565 0.752784615625 0.8562110437499999
6 0.7949461531249999 0.8566785234375001 0.7815666671875 0.8566785234375001 0.7815666671875 0.8647239156250001 0.7949461531249999 0.8647239156250001 0.7949461531249999 0.8566785234375001
6 0.8246230765625 0.8555081296875 0.813725640625 0.8555081296875 0.813725640625 0.86441056875 0.8246230765625 0.86441056875 0.8246230765625 0.8555081296875
6 0.81048974375 0.8664820453125 0.7935820515625001 0.8664820453125 0.7935820515625001 0.8746900406250001 0.81048974375 0.8746900406250001 0.81048974375 0.8664820453125
6 0.7947102562499999 0.867183265625 0.7737923078125 0.867183265625 0.7737923078125 0.8731351625 0.7947102562499999 0.8731351625 0.7947102562499999 0.867183265625
6 0.73983076875 0.8769884828125001 0.72536923125 0.8769884828125001 0.72536923125 0.883411246875 0.73983076875 0.883411246875 0.73983076875 0.8769884828125001
6 0.733705128125 0.8975355687500001 0.7253717953125001 0.8975355687500001 0.7253717953125001 0.907240853125 0.733705128125 0.907240853125 0.733705128125 0.8975355687500001
6 0.7925923078125 0.9080403109375 0.777325640625 0.9080403109375 0.777325640625 0.9164312328124999 0.7925923078125 0.9164312328124999 0.7925923078125 0.9080403109375
6 0.82438974375 0.88819444375 0.8162051281249999 0.88819444375 0.8162051281249999 0.8954031171875 0.82438974375 0.8954031171875 0.82438974375 0.88819444375
6 0.8528923078125 0.886559959375 0.8430666671875 0.886559959375 0.8430666671875 0.8946256781249999 0.8528923078125 0.8946256781249999 0.8528923078125 0.886559959375
6 0.82108974375 0.9099068421875 0.8116076921875001 0.9099068421875 0.8116076921875001 0.915940040625 0.82108974375 0.915940040625 0.82108974375 0.9099068421875
6 0.7885871796874999 0.9094393625 0.7776794875 0.9094393625 0.7776794875 0.9176541328125 0.7885871796874999 0.9176541328125 0.7885871796874999 0.9094393625
6 0.7426564109375 0.9288211375 0.727846153125 0.9288211375 0.727846153125 0.9417953921875 0.7426564109375 0.9417953921875 0.7426564109375 0.9288211375
6 0.7713923078125 0.919713753125 0.7575307687499999 0.919713753125 0.7575307687499999 0.9266886859374999 0.7713923078125 0.9266886859374999 0.7713923078125 0.919713753125
6 0.8083717953124999 0.919715446875 0.797115384375 0.919715446875 0.797115384375 0.9274661249999999 0.8083717953124999 0.9274661249999999 0.8083717953124999 0.919715446875
6 0.8154410249999999 0.934422425 0.7882820515625 0.934422425 0.7882820515625 0.938992209375 0.8154410249999999 0.938992209375 0.8154410249999999 0.934422425
6 0.841584615625 0.9110772359375 0.8282205125000001 0.9110772359375 0.8282205125000001 0.9168766937499999 0.841584615625 0.9168766937499999 0.841584615625 0.9110772359375
6 0.87708974375 0.8569122625000001 0.8660384609375 0.8569122625000001 0.8660384609375 0.8630877375000001 0.87708974375 0.8630877375000001 0.87708974375 0.8569122625000001
6 0.8893384609374999 0.85620935 0.8773487171875001 0.85620935 0.8773487171875001 0.863397696875 0.8893384609374999 0.863397696875 0.8893384609374999 0.85620935
6 0.9051205124999999 0.8580792687500001 0.8936076921874999 0.8580792687500001 0.8936076921874999 0.864021003125 0.9051205124999999 0.864021003125 0.9051205124999999 0.8580792687500001
6 0.9225512828125 0.867183265625 0.9070384609375 0.867183265625 0.9070384609375 0.8758587390624999 0.9225512828125 0.8758587390624999 0.9225512828125 0.867183265625
6 0.9340897437500001 0.8674153109375 0.9218794875 0.8674153109375 0.9218794875 0.8744546078125 0.9340897437500001 0.8744546078125 0.9340897437500001 0.8674153109375
6 0.9319717953125 0.8758214765625001 0.92046923125 0.8758214765625001 0.92046923125 0.8842665984375 0.9319717953125 0.8842665984375 0.9319717953125 0.8758214765625001
6 0.9039435890625 0.8776897015625 0.893605128125 0.8776897015625 0.893605128125 0.8830216796875 0.9039435890625 0.8830216796875 0.9039435890625 0.8776897015625
6 0.88038974375 0.87628895625 0.866041025 0.87628895625 0.866041025 0.8848899046875 0.88038974375 0.8848899046875 0.88038974375 0.87628895625
6 0.9421025640625 0.85620935 0.9353128203125 0.85620935 0.9353128203125 0.8601253390625001 0.9421025640625 0.8601253390625001 0.9421025640625 0.85620935
6 0.9552923078125 0.8557418703125 0.9459179484375 0.8557418703125 0.9459179484375 0.8629302171875001 0.9552923078125 0.8629302171875001 0.9552923078125 0.8557418703125
6 0.9687179484374999 0.85620935 0.9628820515625 0.85620935 0.9628820515625 0.8626185640624999 0.9687179484374999 0.8626185640624999 0.9687179484374999 0.85620935
6 0.9463410250000001 0.8881961374999999 0.936725640625 0.8881961374999999 0.936725640625 0.8942361109375 0.9463410250000001 0.8942361109375 0.9463410250000001 0.8881961374999999
6 0.9559974359375 0.8886636171875001 0.948741025 0.8886636171875001 0.948741025 0.8934569781249999 0.9559974359375 0.8934569781249999 0.9559974359375 0.8886636171875001
6 0.9670666671875001 0.8884281843749999 0.9607589750000001 0.8884281843749999 0.9607589750000001 0.8936111109375 0.9670666671875001 0.8936111109375 0.9670666671875001 0.8884281843749999
6 0.9675384609375 0.8982350953125 0.9614666671875 0.8982350953125 0.9614666671875 0.904048103125 0.9675384609375 0.904048103125 0.9675384609375 0.8982350953125
6 0.9687179484374999 0.910376015625 0.9628820515625 0.910376015625 0.9628820515625 0.9144817078124999 0.9687179484374999 0.9144817078124999 0.9687179484374999 0.910376015625
6 0.9597666671875 0.9117750671874999 0.945915384375 0.9117750671874999 0.945915384375 0.9172831984375 0.9597666671875 0.9172831984375 0.9597666671875 0.9117750671874999
6 0.8902794875 0.8991700546875 0.8830025640624999 0.8991700546875 0.8830025640624999 0.9042039296875 0.8902794875 0.9042039296875 0.8902794875 0.8991700546875
6 0.8749717953125 0.8865633468749999 0.8617974359374999 0.8865633468749999 0.8617974359374999 0.8939244578125001 0.8749717953125 0.8939244578125001 0.8749717953125 0.8865633468749999
6 0.876384615625 0.8984688343749999 0.8688666671874999 0.8984688343749999 0.8688666671874999 0.9063821140625 0.876384615625 0.9063821140625 0.876384615625 0.8984688343749999
6 0.8945179484375 0.8669495250000001 0.8798205125 0.8669495250000001 0.8798205125 0.8763228312500001 0.8945179484375 0.8763228312500001 0.8945179484375 0.8669495250000001
6 0.919015384375 0.9087398375 0.9077435890625001 0.9087398375 0.9077435890625001 0.9180420046875 0.919015384375 0.9180420046875 0.919015384375 0.9087398375
6 0.91736923125 0.9192462734375001 0.9073897437499999 0.9192462734375001 0.9073897437499999 0.9269190375 0.91736923125 0.9269190375 0.91736923125 0.9192462734375001
6 0.9333871796875 0.929754403125 0.9197615390625 0.929754403125 0.9197615390625 0.9392225609375 0.9333871796875 0.9392225609375 0.9333871796875 0.929754403125
6 0.9432794875000001 0.931854675 0.9310692312500001 0.931854675 0.9310692312500001 0.938443428125 0.9432794875000001 0.938443428125 0.9432794875000001 0.931854675
6 0.9531692312500001 0.9311551484375 0.943794871875 0.9311551484375 0.943794871875 0.9370426828125 0.9531692312500001 0.9370426828125 0.9531692312500001 0.9311551484375
6 0.9673025640624999 0.931854675 0.9579282046875001 0.931854675 0.9579282046875001 0.9376642953125 0.9673025640624999 0.9376642953125 0.9673025640624999 0.931854675
6 0.9595282046875001 0.9204132796875 0.949446153125 0.9204132796875 0.949446153125 0.9280081296875 0.9595282046875001 0.9280081296875 0.9595282046875001 0.9204132796875
6 0.9041794875000001 0.92998475625 0.8925487171875 0.92998475625 0.8925487171875 0.9385992546875 0.9041794875000001 0.9385992546875 0.9041794875000001 0.92998475625
6 0.9100692312499999 0.9206487125 0.8925461531250001 0.9206487125 0.8925461531250001 0.930658875 0.9100692312499999 0.930658875 0.9100692312499999 0.9206487125
6 0.9025307687499999 0.897765921875 0.895725640625 0.897765921875 0.895725640625 0.9057367890625001 0.9025307687499999 0.9057367890625001 0.9025307687499999 0.897765921875
7 0.65313076875 0.5354793359375 0.20244871718750002 0.5354793359375 0.20244871718750002 0.5594800140625 0.65313076875 0.5594800140625 0.65313076875 0.5354793359375
6 0.44923076875 0.0467479671875 0.311794871875 0.0467479671875 0.311794871875 0.055555556250000006 0.44923076875 0.055555556250000006 0.44923076875 0.0467479671875
6 0.153846153125 0.032520325 0.025641025 0.032520325 0.025641025 0.0420054203125 0.153846153125 0.0420054203125 0.153846153125 0.032520325