2 0.4604811609375 0.06814000625 0.035573103125 0.0779674484375 0.044462690625 0.2873374859375 0.47046491718750005 0.2778071609375 0.4604811609375 0.06814000625
0 0.4864938859375 0.7270004109375 0.067817746875 0.7361651453125 0.081318765625 0.9455625546875 0.4931497 0.937302921875 0.4864938859375 0.7270004109375
0 0.934932028125 0.9224044499999999 0.93243605625 0.6664028546874999 0.9191242984375 0.42687402343749997 0.49739960625 0.43604605 0.507293428125 0.6684363609374999 0.51727718125 0.9357468953125 0.934932028125 0.9224044499999999
6 0.904980634375 0.1639655875 0.7865612453125 0.1629217953125 0.78767129375 0.18239086875 0.9024846640625 0.184932346875 0.904980634375 0.1639655875
4 0.825942375 0.0603899640625 0.47763676093749996 0.066057959375 0.47817406875 0.080085959375 0.8276063140625001 0.07246169375 0.825942375 0.0603899640625
4 0.48150194375 0.1671250421875 0.604635259375 0.162677553125 0.6038032906249999 0.1442522484375 0.9041487296874999 0.1372633515625 0.901652759375 0.07436319687500001 0.5182026015625001 0.08352520937499999 0.520605121875 0.10168348125 0.47900603750000004 0.10358954218750001 0.48150194375 0.1671250421875
7 0.7957643562500001 0.2138671875 0.776573896875 0.208984375 0.7126057015625 0.208984375 0.7074882453125 0.212890625 0.640961321875 0.2109375 0.635843865625 0.21484375 0.6140946796875 0.2177734375 0.6140946796875 0.2236328125 0.6230502265625 0.232421875 0.6447994140625 0.2333984375 0.7049295171875001 0.228515625 0.7893675359375 0.228515625 0.7957643562500001 0.2216796875 0.7957643562500001 0.2138671875
1 0.4582064953125 0.2845909671875 0.1370615453125 0.289673803125 0.0480549 0.2923382296875 0.0497034671875 0.305557678125 0.4582064953125 0.29729805468750004 0.4582064953125 0.2845909671875
4 0.0505354375 0.47011463437499995 0.294306065625 0.4656671453125 0.294306065625 0.4497832703125 0.4731821265625 0.444065065625 0.4640303421875 0.3144526703125 0.1121020953125 0.3201708390625 0.08550029218750001 0.32330289843750004 0.086310675 0.3379607734375 0.045543559375 0.33859614374999997 0.0505354375 0.47011463437499995
4 0.053863376562499996 0.5394740640625 0.11293406406249999 0.536932634375 0.1137660640625 0.5197780437499999 0.476510065625 0.5108830875 0.47567809843750003 0.4632314625 0.1803246 0.47149107187499995 0.093821490625 0.4741564125 0.0979584 0.4905517234375 0.0513674375 0.49182242499999995 0.053863376562499996 0.5394740640625
4 0.1450476390625 0.6045140359375 0.0960080171875 0.6092258828125 0.0988527265625 0.623346590625 0.055470670312500005 0.6276914203125 0.0597377484375 0.7216484296875 0.48431309687499996 0.7102432515625 0.478623621875 0.5934758546875 0.47720128125 0.5940189609375001 0.1450476390625 0.6045140359375
4 0.0547276171875 0.6048810421875 0.4771693453125 0.5918465671875001 0.47574700312499996 0.529932678125 0.14433646718749998 0.5369930265625 0.0935358703125 0.5410479578125 0.093131425 0.556001671875 0.053305221874999996 0.5598034046875 0.0547276171875 0.6048810421875
4 0.487184346875 0.358135671875 0.5440788609375 0.3597650015625 0.543367690625 0.3423856640625 0.689159884375 0.34021324062499997 0.6905822796875001 0.2419114015625 0.5176482046875 0.245141146875 0.5142092625 0.26037693906250003 0.487184346875 0.26200626875 0.487184346875 0.358135671875
4 0.4921626484375 0.4094484953125 0.6905822796875001 0.4040174546875 0.6898710546875 0.35731050781249996 0.51675908125 0.3605176546875 0.5170539984375 0.3779484609375 0.48860674218750005 0.37903467343749997 0.4921626484375 0.4094484953125
4 0.8724862453125001 0.2683949359375 0.9158683015625 0.26893803125 0.9130236187499999 0.23526558125000002 0.707920825 0.24039035000000003 0.7096256859375 0.2890328875 0.870352678125 0.285774271875 0.8724862453125001 0.2683949359375
4 0.7160263296875 0.4058003171875 0.782166225 0.40362785 0.782166225 0.3873347265625 0.9201354343749999 0.38136063125 0.9158683015625 0.337912259375 0.8966664249999999 0.3330243140625 0.8952440828125001 0.3194467109375 0.9130236187499999 0.31510188281249996 0.9130236187499999 0.2868604640625 0.7417075515625 0.29129174999999996 0.74162885 0.31130015 0.7117592515625 0.312929478125 0.7160263296875 0.4058003171875
3 0.0550904515625 0.9088918546875 0.06673820781249999 0.9079388249999999 0.0639681953125 0.8916015625 0.0575713765625 0.890625 0.053733284375 0.8974609375 0.0550904515625 0.9088918546875
6 0.053733284375 0.9345703125 0.0562920125 0.9443359375 0.0639681953125 0.9443359375 0.0713141015625 0.9432010484375001 0.06798619375 0.9165161078124999 0.056338437500000005 0.9168337937500001 0.053733284375 0.9345703125