2 0.070502575 0.020486221875 0.0756236125 0.25610751875000004 0.5122319671875 0.2527957375 0.503775115625 0.018773075 0.070502575 0.020486221875
2 0.5184244296875 0.015914496875 0.520701390625 0.2506229203125 0.9544422703125001 0.24887943125 0.95327944375 0.014812470312500001 0.5184244296875 0.015914496875
1 0.5276269499999999 0.2533923984375 0.39761416562499996 0.2574963046875 0.4000091265625 0.26955150156249996 0.6484019953125 0.2698080015625 0.6439541796875 0.2526229390625 0.5276269499999999 0.2533923984375
5 0.6845322265625 0.5327826921875001 0.8484480859374999 0.523422971875 0.8613358078125 0.5312730609375 0.911621134375 0.5280625 0.913585903125 0.4234821078125 0.947478696875 0.4249550765625 0.94846108125 0.40138765625 0.7156707921875001 0.399890140625 0.5785880203125 0.406174784375 0.5540425484375 0.41172845 0.562501478125 0.5358019546875 0.6289538593749999 0.5342923234375 0.6845322265625 0.5327826921875001
6 0.5625415109375 0.523744109375 0.5629302093749999 0.5280422625 0.5641934921875 0.5348173234375 0.60597888125 0.534088821875 0.6108376484375 0.5312476671875 0.6191947328125 0.5316847703125 0.6218184640625 0.5335060203124999 0.6448490234375 0.5330689203125 0.64455749375 0.5265852609375 0.6434885593749999 0.522651353125 0.6213325875 0.521850003125 0.621041059375 0.5235255546875 0.5638047890625 0.5236712546875 0.5633189125 0.5235255546875 0.5639991390625 0.523744109375 0.5625415109375 0.523744109375
6 0.6201664859375 0.5184988953125 0.639893075 0.5171147453125 0.6423224578125 0.508809828125 0.6399902562500001 0.5061143734375 0.625316775 0.5056772734375 0.618028625 0.5077170765625 0.6182229796875001 0.5105582328125 0.6086026203125 0.51033968125 0.603063621875 0.5064057734375 0.5770206359375 0.5060415234375 0.56187320625 0.5073517953125 0.5624443328125001 0.51777039375 0.5693437828125 0.5197373484375001 0.6087969671875 0.5184988953125 0.60811674375 0.51638624375 0.6182229796875001 0.515366340625 0.6201664859375 0.5184988953125
6 0.6061732375 0.5025012546875 0.6063675843749999 0.49871305 0.6175427484375 0.4983487984375 0.6181257984374999 0.50301120625 0.6285235640625 0.5003157500000001 0.6340625546875 0.5014085015624999 0.6393100328125 0.5035211625 0.6434885593749999 0.5026469546875 0.641059175 0.491209484375 0.631633171875 0.489971034375 0.618611675 0.4892425328125 0.6043269046875 0.4892425328125 0.57682628125 0.49026243437500006 0.5609867015625001 0.49077238593750006 0.5611810546875 0.501117103125 0.5697324859374999 0.502137003125 0.5896534296875 0.5026469546875 0.6061732375 0.5025012546875
6 0.6254139484375 0.486109978125 0.6413507046875 0.4860371265625 0.6396987281250001 0.475838109375 0.631244475 0.47394400625 0.618028625 0.47314265468750005 0.6104489531249999 0.4750367578125 0.560090759375 0.4744191421875 0.5610838796875 0.487129878125 0.602383396875 0.4862556765625 0.6094771999999999 0.4835602234375 0.6254139484375 0.486109978125
6 0.6168625234375 0.46506394687499997 0.618611675 0.46965350624999996 0.6330908015625 0.4687064515625 0.6434885593749999 0.46754085781250004 0.6420309296875 0.4587259875 0.6379495687500001 0.45654048437499994 0.6266772453125 0.4571961328125 0.6171540453125 0.45654048437499994 0.61210093125 0.45901738593749997 0.6013144703125 0.45879883593750004 0.590528009375 0.4566133328125 0.5697324859374999 0.457123284375 0.5600149484375 0.457706084375 0.559917775 0.4575603828125 0.5610838796875 0.4701634546875 0.607728040625 0.468196503125 0.606950634375 0.46550104843750006 0.6168625234375 0.46506394687499997
6 0.6139472625 0.4496925703125 0.6217212890625 0.44947402031249994 0.62813486875 0.4539907296875 0.641642234375 0.4521694765625 0.642905515625 0.445248715625 0.638143915625 0.4408048546875 0.6255111296875 0.4401492046875 0.6188060296875 0.4420433078125 0.617639921875 0.4447387625 0.6129755109375 0.4448116125 0.6071449890625 0.4449573125 0.6058817078125001 0.44102340624999997 0.5591403734375 0.440003503125 0.5583629718750001 0.43956640468749997 0.558754375 0.43980463593749997 0.5611810546875 0.4539907296875 0.602383396875 0.452096625 0.6048127812499999 0.4496197234375 0.6139472625 0.4496925703125
6 0.595775471875 0.420268775 0.6025777453125001 0.41757332187499996 0.6051043093749999 0.40795710625000003 0.5974274562499999 0.40759285468749995 0.5780895640625 0.40744715468750003 0.570607065625 0.40948695781250005 0.5741053765624999 0.4200502265625 0.58226810625 0.420341625 0.595775471875 0.420268775
6 0.6046184328125 0.4355673078125 0.6049099546875001 0.4319976453125 0.618611675 0.43214334687499995 0.6225958687500001 0.4339645984375 0.6240535 0.436660059375 0.6366862859375 0.43775281250000003 0.642905515625 0.43585870312499997 0.6405732984375 0.4332360984375 0.6420309296875 0.43003069375 0.6412535375 0.42711668906250005 0.6358117140624999 0.42624248593749997 0.629106621875 0.425004034375 0.618320153125 0.4236927328125 0.6162794734375 0.4277723390625 0.606561940625 0.42799088906250005 0.601800346875 0.4246397828125 0.59081953125 0.423838434375 0.57682628125 0.4246397828125 0.5596048015624999 0.423772653125 0.559334725 0.4356401515625 0.573813846875 0.436660059375 0.5987879125 0.4357858515625 0.6046184328125 0.4355673078125
6 0.8792011484375 0.5294699515625 0.8929168953125 0.52846530625 0.9035388671875 0.5279243453125 0.9090045390625001 0.527692503125 0.9074576593750001 0.51903710625 0.90322949375 0.5184188625 0.8955981656249999 0.5184188625 0.8864199734374999 0.5187279828125 0.8799230234375001 0.51942350625 0.87394171875 0.5192689500000001 0.8682697890625001 0.5183415828125 0.8628041078124999 0.5189598265625001 0.85695864375 0.519282340625 0.8562040515625 0.5254513734375 0.861050971875 0.529856353125 0.8662072625 0.5297017921875 0.8792011484375 0.5294699515625
6 0.874869853125 0.515636771875 0.8848730781249999 0.5154822109375 0.8860074578124999 0.5144002859375 0.8944637890625 0.513859325 0.9026107328125 0.5141684453125 0.9072514015625 0.515095809375 0.9089014093750001 0.5147866890625 0.9094170421875001 0.5109226703124999 0.9075607890624999 0.5059767296875 0.9060139093749999 0.5038128828125 0.901991971875 0.50218999375 0.8562626 0.5020602328125 0.8551727890624999 0.5122364359375 0.8570290546875 0.5162550140625 0.867960415625 0.515636771875 0.874869853125 0.515636771875
6 0.88146991875 0.4937051484375 0.8959075390625 0.4944779515625 0.8973513046875 0.4981874046875 0.9073545296875001 0.4969509203125 0.9085920515625 0.48906832656250004 0.900341978125 0.4855134296875 0.8860074578124999 0.484663346875 0.8688885484375 0.48489518593750003 0.8563786078125 0.485533965625 0.8584728203124999 0.49710548125000004 0.8708479312499999 0.49749188125000005 0.8836355578124999 0.49795556406249997 0.88146991875 0.4937051484375
6 0.8778604984375 0.4824995 0.8798198953125 0.479408284375 0.8830167984375 0.47809451718749996 0.8850793234375001 0.479253721875 0.8931231531250001 0.4824222171875 0.9028169921875 0.48041292812499997 0.906942028125 0.477167153125 0.906632640625 0.47106200937500003 0.8968356734375 0.4697482421875 0.8812636734374999 0.46959368125 0.8706416875 0.46959368125 0.8680953421875 0.4703993859375 0.8639385015625001 0.4765489109375 0.8662072625 0.4808766109375 0.8711573187500001 0.4824222171875 0.8778604984375 0.4824995
6 0.8795105203125001 0.4635187 0.8827074250000001 0.463750540625 0.8834293000000001 0.46668719531249997 0.893432525 0.466455353125 0.9052920046875 0.4670735953125 0.9067357703125 0.46174125468750005 0.9067357703125 0.45702715312500003 0.9026107328125 0.4557133890625 0.8926075203125 0.4550951453125 0.8822949359375001 0.45494058437499996 0.8771386375000001 0.4567953109375 0.8713635625 0.45463146249999997 0.8653111687499999 0.45448198125 0.8657947609375001 0.4622822140625 0.8664135203125 0.4678463984375 0.8767261203125001 0.466609915625 0.8795105203125001 0.4635187
6 0.8981763234375 0.4510870140625 0.9036419953125 0.4510870140625 0.9052920046875 0.449077725 0.90570450625 0.44451818593750003 0.9056013921874999 0.4399586453125 0.8961137984375 0.4388767203125 0.891266871875 0.440035925 0.8850793234375001 0.43864487968750004 0.8781699 0.43903128125 0.87703549375 0.4410405703125 0.8772599187499999 0.4407390875 0.876932365625 0.445059146875 0.8768292499999999 0.4494641265625 0.8880699671875 0.4503142109375 0.8981763234375 0.4510870140625
6 0.8966151171875 0.43381864375 0.9029058093750001 0.4328139984375 0.9092996015624999 0.42964550625 0.905690196875 0.42377219843749997 0.8945525921874999 0.42222659374999993 0.8861993890625 0.42315395625 0.8767958890625 0.42377791875000004 0.8785680687499999 0.4316547921875 0.881043090625 0.4337413609375 0.8878494140625 0.43474600625 0.8966151171875 0.43381864375
6 0.80129625625 0.4191148703125 0.8161692468749999 0.4191148703125 0.8272177624999999 0.4191148703125 0.8338751875 0.417841096875 0.8419285140625 0.4172992296875 0.8502857125000001 0.41984677187499997 0.8606259890624999 0.41889144375000004 0.8794651265625 0.4182545578125 0.89051364375 0.4181484109375 0.9032965953125001 0.41751152343750003 0.91193706875 0.418573003125 0.9258185250000001 0.418573003125 0.9378585671874999 0.4184668546875 0.9426745953125 0.41995291874999996 0.9463574265625001 0.41782996875 0.9467823640624999 0.4068967671875 0.9418247031250001 0.40371233906250004 0.93077620625 0.405304553125 0.91760296875 0.40413693281249996 0.9113704796875 0.4042430765625 0.9064128203124999 0.40328774999999994 0.8997553953124999 0.4026508640625 0.8959308921875 0.40572914843749996 0.8892734671875001 0.4046676734375 0.8853073296874999 0.4023324203125 0.8742588140625 0.4025447203125 0.8575444062500001 0.4050922578125 0.8398384562500001 0.4056229953125 0.8108007031250001 0.4049861109375 0.7996105546875001 0.402226275 0.7855666765625 0.40382502656249997 0.7833070109375 0.4091369953125 0.7820321828125001 0.414444371875 0.7906726859375001 0.4165673234375 0.80129625625 0.4191148703125
4 0.519145175 0.403542359375 0.566435271875 0.40601476875 0.6182515296875 0.4031807953125 0.61563015 0.385992196875 0.6427178390625 0.389593615625 0.88707075 0.385992196875 0.9513956328125 0.3846825828125 0.949270390625 0.3038346953125 0.792630559375 0.303519153125 0.699365715625 0.30667459375 0.63031101875 0.306847234375 0.5662433296875 0.31046675 0.5668018203125 0.3233257796875 0.523544259375 0.3233257796875 0.5187785859375 0.38321348906249997 0.519145175 0.403542359375
4 0.651567146875 0.30551371875 0.66723805 0.306380715625 0.6983705859375 0.3040950015625 0.7138166703125 0.30504081250000004 0.7128700734375 0.290695996875 0.7854763296875 0.2885456203125 0.95106066875 0.2870094859375 0.9466680625 0.26901480312500003 0.7203031390625 0.2753787671875 0.702439946875 0.27208705625 0.5268168890625 0.2754318734375 0.521013696875 0.2836944265625 0.5256616000000001 0.30836597656250003 0.6091452625 0.3059378421875 0.651567146875 0.30551371875
4 0.5374332015625 0.7687960078125 0.536793403125 0.8295594390625001 0.7568845468750001 0.8250046375 0.7386502640625 0.8089429984375001 0.9648513296875001 0.8039087593750001 0.9619693781249999 0.7030446171875 0.957810728125 0.6359507625 0.957814159375 0.5323516171875 0.938573740625 0.529581753125 0.8634884250000001 0.5334933796875 0.849033503125 0.5307853265625 0.7546455328125 0.5338453953125 0.575950621875 0.5380994765625 0.5751503671875 0.550845925 0.532954596875 0.5532419890625 0.5319949 0.65080815625 0.5374332015625 0.7687960078125
4 0.9650089515625 0.9216579234375001 0.9637240921875 0.8593952874999999 0.8723223499999999 0.857247390625 0.8544164796875 0.8620205249999999 0.6980462453125 0.8641684218749999 0.6930300703125 0.861735625 0.6824832578125 0.8640932749999999 0.6131026609375 0.8663268296875 0.603167496875 0.8644655312499999 0.5862983984375 0.8657063968750001 0.5797348953125 0.8683926046874999 0.5783978656250001 0.8788861984375 0.538552159375 0.8809037249999999 0.5401675203125 0.9333596171874999 0.9650089515625 0.9216579234375001
7 0.3079739546875 0.8431805421874999 0.3551576796875 0.8431805421874999 0.41539523125000005 0.8423791421875 0.4342583390625 0.8432272828125 0.47726623124999995 0.842520503125 0.4806615640625 0.8320601578125 0.4544418546875 0.8302225312499999 0.445576184375 0.8252750703125 0.4333151828125 0.8290916828125001 0.3591831796875 0.8289503265624999 0.305611978125 0.8305052421875001 0.28340560312499996 0.8299398171875 0.276237625 0.8275367656249999 0.2700128046875 0.8297984609375 0.2643538828125 0.8289503265624999 0.25435641875 0.8275367656249999 0.2456793984375 0.831070665625 0.23853718437500002 0.8306465968750001 0.23401004374999998 0.8278194781250001 0.226255509375 0.8306465968750001 0.22229425468750003 0.8276781234374999 0.1977722375 0.8297984609375 0.1577142453125 0.8307879546875 0.1436622671875 0.8279608359375 0.1187629625 0.8279608359375 0.10574743906249999 0.8303638859375001 0.0945959453125 0.8294385203125 0.0882977546875 0.8344785828125 0.11010163125000001 0.8447937421875 0.2213079046875 0.8442071296875 0.3079739546875 0.8431805421874999
7 0.61155734375 0.8586187578125 0.64496885625 0.8589981171875 0.668761909375 0.8581129390625 0.6667369765625 0.8462262812500001 0.53797864375 0.847139828125 0.54034695625 0.8606420140625 0.5997452046875 0.8607684687500001 0.6081824578125 0.8622859171874999 0.61155734375 0.8586187578125
4 0.25897664374999996 0.3572274171875 0.3346601796875 0.357532328125 0.3383222875 0.359971709375 0.34930860625000004 0.358142171875 0.375960590625 0.3549404921875 0.3740402109375 0.33949467968749997 0.4592355171875 0.3448384 0.5121542734375 0.337525925 0.5099023468749999 0.2790261390625 0.490761578125 0.2748074015625 0.47199608125000003 0.273963653125 0.42545763125 0.2756511453125 0.39768478281249997 0.2756511453125 0.34251415 0.275932403125 0.251313884375 0.27677614687499996 0.08453713125 0.279856040625 0.0865368734375 0.3595784921875 0.1508288734375 0.361891103125 0.24598106406250003 0.359193075 0.25897664374999996 0.3572274171875
4 0.5132241859375 0.46638683125 0.5131135015625 0.4240180515625 0.5116746546875001 0.38650599531249996 0.5123387593750001 0.36104645 0.509682403125 0.3552405359375 0.4982822953125 0.3547428828125 0.49783957343749996 0.3593046734375 0.46339314062500003 0.35971938125 0.4610011046875 0.3572311328125 0.45213283281249994 0.3567334828125 0.45258939062500003 0.360299975 0.3774431125 0.36063174375 0.3555850984375 0.36129527499999997 0.3281933734375 0.36170998125 0.32719726250000003 0.3584752578125 0.3180107453125 0.35822643125 0.317139125 0.36170998125 0.28808904687500003 0.3616270390625 0.26411306093750003 0.36146116093749997 0.2609693265625 0.359030825 0.254949609375 0.35894880625000003 0.25016141875 0.361942325 0.20300538437500001 0.362598478125 0.15589029062499998 0.3628445359375 0.130635325 0.362756571875 0.13000864843749999 0.376845325 0.08593168749999999 0.37747149375 0.086558378125 0.396321709375 0.086558378125 0.46503725156250003 0.08446941875 0.5374890671875 0.09496592499999999 0.5853776578125001 0.190790365625 0.5860038328125 0.2818871953125 0.5856884906250001 0.3468798515625 0.584686346875 0.385745540625 0.5831635484375 0.38042186875 0.5702527265625 0.516245121875 0.5678564390624999 0.5132241859375 0.46638683125
4 0.0881440703125 0.6826957499999999 0.08348040625 0.69287115 0.090350875 0.7024327890625 0.08593415 0.81275935625 0.1507127921875 0.8145981390625 0.1526757734375 0.7976813859375 0.5177918171875 0.7958426296875001 0.5147480375 0.5825872234375 0.4022268859375 0.5821875999999999 0.3950448921875 0.587654003125 0.3748567859375 0.5842771 0.36112900312499996 0.585140803125 0.34911879687499997 0.585140803125 0.3368006265625 0.585140803125 0.3080217015625 0.5864149328125 0.2802118390625 0.587368534375 0.276212471875 0.585870021875 0.2665776609375 0.5855975625000001 0.265013665625 0.58982065 0.14022102812499998 0.58886705 0.1362372859375 0.591124690625 0.1362372859375 0.600686328125 0.0945237765625 0.6028928640625 0.09305155781249999 0.6245904171875 0.0881440703125 0.6826957499999999
4 0.10911712656250001 0.9317198250000001 0.5141937890625 0.9299769078125 0.5184577781249999 0.9186480421875001 0.5161319609375 0.849222415625 0.49558746718749996 0.8468985437500001 0.47543045937499995 0.850965321875 0.44479078124999993 0.8495619578125 0.43687038281249996 0.8475835015625 0.42630986249999997 0.8474186250000001 0.416189346875 0.8507160593749999 0.3092639734375 0.8518701609375 0.2677950296875 0.8512106718749999 0.2629547765625 0.8489024687500001 0.2521742515625 0.8485727328125 0.2343533421875 0.8489024687500001 0.2288850734375 0.8508809296875001 0.1374047984375 0.851726846875 0.137414334375 0.8657799890625 0.0885725546875 0.8657799890625 0.0936117921875 0.9262006234375001 0.10911712656250001 0.9317198250000001
6 0.0854654734375 0.9250001953125 0.0889765265625 0.8953563421874999 0.08148626406250001 0.8934268624999999 0.0835929 0.8857089390624999 0.0729655734375 0.8860608781250001 0.070016809375 0.8941284968750001 0.0651013390625 0.92219366875 0.0854654734375 0.9250001953125
3 0.08624356093749999 0.8718303171875 0.0850623421875 0.8695681890625 0.0720689375 0.87124019375 0.0727251734375 0.8851080124999999 0.0777125328125 0.8861899015624999 0.0850623421875 0.8851080124999999 0.08624356093749999 0.8718303171875