3 0.0993783 0.0120813 0.033545000000000005 0.0100733 0.0318783 0.0331657 0.100212 0.0341697 0.0993783 0.0120813
6 0.964378 0.0090692796875 0.754378 0.0100733 0.755212 0.0376837 0.9635450000000001 0.0376837 0.964378 0.0090692796875
4 0.588823 0.07366059999999999 0.5954900000000001 0.0505683 0.503823 0.0495643 0.20632299999999998 0.0480582 0.03049 0.0460502 0.032990000000000005 0.0716526 0.38215699999999997 0.07315859999999999 0.588823 0.07366059999999999
4 0.0343783 0.119428 0.158267 0.119594 0.305767 0.119594 0.48521200000000003 0.12093400000000001 0.688267 0.12059800000000001 0.758267 0.119594 0.760767 0.0976737 0.9613229999999999 0.0968373 0.9646570000000001 0.07675699999999999 0.8129899999999999 0.07625499999999999 0.657157 0.07675699999999999 0.29771200000000003 0.07508329999999999 0.0827117 0.073745 0.0793783 0.100351 0.033266699999999996 0.10068600000000001 0.0343783 0.119428
4 0.0334067 0.241416 0.138823 0.242169 0.139657 0.220833 0.962712 0.219996 0.9624330000000001 0.12235499999999999 0.799933 0.12235499999999999 0.5949329999999999 0.12402899999999999 0.49882299999999996 0.124699 0.309933 0.12402899999999999 0.199657 0.122691 0.08159999999999999 0.123193 0.082295 0.147038 0.034795 0.14754 0.0334067 0.241416
4 0.0316 0.34006 0.189517 0.338554 0.32535 0.33880499999999997 0.3266 0.31897600000000004 0.732017 0.31797200000000003 0.9624330000000001 0.31772100000000003 0.964933 0.243926 0.458683 0.244428 0.21118299999999998 0.244177 0.0820167 0.244679 0.07785 0.268775 0.0345167 0.268022 0.0316 0.34006
4 0.031740000000000004 0.436697 0.17507299999999998 0.436697 0.18965700000000002 0.413102 0.5709069999999999 0.415361 0.9613229999999999 0.416616 0.9604900000000001 0.342821 0.61424 0.342319 0.392157 0.341315 0.154657 0.340813 0.0800733 0.341566 0.0832667 0.36541199999999996 0.03035 0.36666699999999997 0.031740000000000004 0.436697
4 0.0313233 0.486479 0.30021200000000003 0.486813 0.30799 0.464391 0.9629899999999999 0.466064 0.9657669999999999 0.44096399999999997 0.9068780000000001 0.44096399999999997 0.760767 0.441298 0.2391 0.43929 0.0824333 0.438956 0.07743330000000001 0.46405599999999997 0.0352117 0.46405599999999997 0.0313233 0.486479
4 0.036045 0.58663 0.289378 0.5851230000000001 0.40840699999999996 0.585291 0.588823 0.586797 0.717573 0.585793 0.719657 0.564458 0.9704900000000001 0.563956 0.969657 0.48940799999999995 0.43799 0.48940799999999995 0.07799 0.48965899999999996 0.0818783 0.515846 0.036045 0.516097 0.036045 0.58663
4 0.03705895 0.6581483921875 0.151086484375 0.6555724671875 0.1503738140625 0.63625304375 0.964795 0.635743 0.9681279999999999 0.60989 0.874795 0.609388 0.515212 0.60989 0.411045 0.6101409999999999 0.411045 0.588554 0.35937800000000003 0.587048 0.0839617 0.588554 0.0818783 0.6344879999999999 0.04133498125 0.641404890625 0.03705895 0.6581483921875
4 0.0375733 0.7335499999999999 0.269657 0.7317929999999999 0.47549 0.730287 0.697157 0.7310399999999999 0.782573 0.7330479999999999 0.79299 0.707948 0.9704900000000001 0.708701 0.97299 0.680839 0.692712 0.681426 0.692295 0.6600900000000001 0.24437799999999998 0.6600900000000001 0.08604500000000001 0.6626000000000001 0.0859067 0.710709 0.039240000000000004 0.71096 0.0375733 0.7335499999999999
4 0.041045 0.8104419999999999 0.268545 0.807179 0.538128 0.8049200000000001 0.641462 0.805171 0.6477120000000001 0.781576 0.9693780000000001 0.782329 0.975212 0.734639 0.926045 0.734137 0.8243779999999999 0.734388 0.738962 0.733886 0.5802120000000001 0.732882 0.24271199999999998 0.733384 0.0827117 0.7361449999999999 0.0839617 0.7594879999999999 0.042295 0.7599899999999999 0.041045 0.8104419999999999
4 0.04049 0.858886 0.24465699999999999 0.8585499999999999 0.357157 0.85738 0.37299000000000004 0.834789 0.973545 0.8326129999999999 0.9741 0.809689 0.758267 0.808851 0.6071570000000001 0.810357 0.30799 0.8110269999999999 0.09049 0.812365 0.0882667 0.835793 0.04549 0.83596 0.04049 0.858886
4 0.0463236859375 0.9084422671875 0.1838694015625 0.9011438187499999 0.18465700000000002 0.882814 0.901878 0.880388 0.9768779999999999 0.881225 0.977712 0.855789 0.945767 0.855789 0.7518779999999999 0.8559570000000001 0.482712 0.8576309999999999 0.385212 0.8596389999999999 0.15660000000000002 0.861311 0.08993330000000001 0.8621489999999999 0.093545 0.88181 0.0448983421875 0.886976240625 0.0463236859375 0.9084422671875
4 0.40937799999999996 0.952593 0.48549 0.952928 0.517157 0.951757 0.603545 0.952593 0.612433 0.9300029999999999 0.753545 0.930673 0.757433 0.903731 0.5115999999999999 0.904568 0.228823 0.906409 0.0963233 0.908082 0.0938233 0.953597 0.235767 0.953095 0.40937799999999996 0.952593
4 0.983545 0.975435 0.9841 0.952844 0.6416000000000001 0.954518 0.532712 0.9536809999999999 0.411878 0.955354 0.0982667 0.95686 0.0934067 0.9799530000000001 0.49424 0.9784470000000001 0.983545 0.975435
6 0.645073 0.82182 0.610907 0.783166 0.35840700000000003 0.9101739999999999 0.395907 0.9367800000000001 0.645073 0.82182