7 0.5709869999999999 0.0154638 0.40990200000000004 0.0154638 0.40717100000000006 0.0395189 0.568257 0.0412372 0.5709869999999999 0.0154638
4 0.732071 0.0481096 0.049509199999999996 0.054982699999999995 0.0440484 0.0807562 0.72934 0.0773196 0.732071 0.0481096
4 0.20240300000000003 0.132302 0.289771 0.132302 0.300692 0.10652900000000001 0.9559519999999999 0.10652900000000001 0.94776 0.0807562 0.0440484 0.0807562 0.05223950000000001 0.10481100000000002 0.196942 0.10481100000000002 0.20240300000000003 0.132302
4 0.336185 0.13058399999999998 0.046778799999999995 0.13058399999999998 0.0549699 0.156357 0.330725 0.154639 0.336185 0.13058399999999998
4 0.8276300000000001 0.154639 0.0385877 0.156357 0.035857299999999995 0.18384799999999998 0.8358209999999999 0.18384799999999998 0.8276300000000001 0.154639
4 0.72934 0.18384799999999998 0.035857299999999995 0.18384799999999998 0.0549699 0.21134 0.726611 0.20962200000000003 0.72934 0.18384799999999998
4 0.188751 0.26116799999999996 0.33891499999999997 0.25773199999999996 0.344376 0.237114 0.9559519999999999 0.237114 0.9532209999999999 0.207904 0.0413181 0.207904 0.0549699 0.233677 0.183291 0.22852199999999998 0.188751 0.26116799999999996
4 0.712959 0.266323 0.0440484 0.264605 0.0549699 0.28866 0.707499 0.286942 0.712959 0.266323
4 0.330725 0.28866 0.0549699 0.28866 0.049509199999999996 0.314433 0.325264 0.314433 0.330725 0.28866
4 0.199673 0.393471 0.327995 0.391753 0.336185 0.364261 0.94503 0.365979 0.94503 0.316152 0.049509199999999996 0.314433 0.0549699 0.345361 0.19148199999999999 0.340206 0.199673 0.393471
4 0.205134 0.45017199999999996 0.9423009999999999 0.448454 0.94776 0.393471 0.049509199999999996 0.391753 0.049509199999999996 0.42268 0.188751 0.41065300000000005 0.205134 0.45017199999999996
4 0.188751 0.527492 0.265199 0.5257729999999999 0.267929 0.496563 0.9504910000000001 0.49484500000000003 0.94776 0.45017199999999996 0.049509199999999996 0.445017 0.0631597 0.498282 0.186021 0.48797300000000005 0.188751 0.527492
4 0.20240300000000003 0.604811 0.797597 0.604811 0.797597 0.5807559999999999 0.9423009999999999 0.57732 0.9532209999999999 0.5309280000000001 0.0385877 0.527492 0.0413181 0.553264 0.18056 0.549828 0.20240300000000003 0.604811
4 0.19148199999999999 0.661512 0.262469 0.661512 0.27066 0.634021 0.94776 0.634021 0.94776 0.608247 0.05223950000000001 0.608247 0.0440484 0.634021 0.186021 0.634021 0.19148199999999999 0.661512
4 0.61467 0.661512 0.0549699 0.661512 0.0385877 0.6872849999999999 0.620131 0.685567 0.61467 0.661512
4 0.188751 0.764605 0.486348 0.768041 0.49453899999999995 0.738832 0.9559519999999999 0.738832 0.9395709999999999 0.685567 0.0385877 0.6872849999999999 0.0604293 0.7113400000000001 0.188751 0.707904 0.188751 0.764605
4 0.655624 0.768041 0.330725 0.768041 0.34164500000000003 0.793815 0.663815 0.793815 0.655624 0.768041
4 0.188751 0.848797 0.327995 0.8470789999999999 0.330725 0.819587 0.9504910000000001 0.817869 0.94776 0.790378 0.0440484 0.795533 0.05223950000000001 0.824742 0.188751 0.823024 0.188751 0.848797
4 0.19148199999999999 0.9020619999999999 0.240626 0.90378 0.240626 0.876288 0.9504910000000001 0.8728529999999999 0.9504910000000001 0.8453609999999999 0.049509199999999996 0.848797 0.057699 0.878007 0.19148199999999999 0.876288 0.19148199999999999 0.9020619999999999
4 0.183291 0.953608 0.24608599999999997 0.953608 0.24608599999999997 0.9295540000000001 0.9532209999999999 0.9295540000000001 0.9532209999999999 0.9020619999999999 0.046778799999999995 0.90378 0.046778799999999995 0.9312720000000001 0.186021 0.924399 0.183291 0.953608
4 0.6692750000000001 0.953608 0.049509199999999996 0.953608 0.05223950000000001 0.984536 0.677466 0.9776630000000001 0.6692750000000001 0.953608