4 0.259386 0.10057400000000001 0.933451 0.10057400000000001 0.9404600000000001 0.0471553 0.053778000000000006 0.049292 0.0736379 0.12051700000000001 0.248871 0.11980500000000001 0.259386 0.10057400000000001
4 0.5491050000000001 0.238751 0.5467690000000001 0.21168499999999998 0.9276099999999999 0.215246 0.943965 0.121229 0.11218900000000001 0.122654 0.06662850000000001 0.146158 0.0771425 0.237326 0.5491050000000001 0.238751
4 0.36335700000000004 0.309976 0.366862 0.284335 0.9276099999999999 0.287184 0.9299459999999999 0.23803800000000003 0.116862 0.23946299999999998 0.0631237984375 0.257981 0.0713014 0.308551 0.36335700000000004 0.309976
4 0.44046 0.3114 0.109853 0.3114 0.11218900000000001 0.330631 0.441629 0.331343 0.44046 0.3114
4 0.25004 0.37764000000000003 0.27223600000000003 0.35627200000000003 0.933451 0.35912099999999997 0.953311 0.334905 0.11218900000000001 0.334905 0.06429209999999999 0.35769700000000004 0.0759742984375 0.37906399999999996 0.25004 0.37764000000000003
4 0.24186200000000002 0.38048899999999997 0.09349770156250001 0.38048899999999997 0.0946659 0.403993 0.23602099999999998 0.40256800000000004 0.24186200000000002 0.38048899999999997
4 0.598171 0.404705 0.10284299999999999 0.404705 0.111021 0.426073 0.601675 0.428922 0.598171 0.404705
4 0.36335700000000004 0.473081 0.371535 0.448152 0.938124 0.44886499999999996 0.9404600000000001 0.430346 0.111021 0.430346 0.0724696 0.445303 0.0701332015625 0.47023200000000004 0.36335700000000004 0.473081
4 0.44513299999999995 0.474506 0.111021 0.474506 0.11803 0.495873 0.449806 0.495873 0.44513299999999995 0.474506
4 0.941629 0.495873 0.11478516875 0.49657194374999997 0.0759742984375 0.522939 0.0771425 0.6632520000000001 0.487189 0.660403 0.504713 0.638323 0.938124 0.638323 0.941629 0.495873
4 0.331815 0.777925 0.332984 0.752283 0.924105 0.757981 0.939292 0.661115 0.111021 0.6632520000000001 0.0596192015625 0.685332 0.0491051 0.777925 0.331815 0.777925
4 0.561956 0.8263579999999999 0.568965 0.8057019999999999 0.945133 0.8049899999999999 0.9509740000000001 0.778637 0.109853 0.778637 0.068965 0.8014290000000001 0.06779670156249999 0.8235089999999999 0.561956 0.8263579999999999
4 0.529245 0.871942 0.525741 0.8491500000000001 0.925273 0.8491500000000001 0.9276099999999999 0.82707 0.108685 0.8284940000000001 0.0724696 0.8470129999999999 0.0572827015625 0.872654 0.529245 0.871942
4 0.44396500000000005 0.8733660000000001 0.0970022984375 0.876927 0.0853201 0.897583 0.442797 0.8940210000000001 0.44396500000000005 0.8733660000000001
4 0.385554 0.8990069999999999 0.113357 0.900432 0.11452599999999999 0.9225110000000001 0.38321700000000003 0.921799 0.385554 0.8990069999999999
3 0.932283 0.9339069999999999 0.8621495328125001 0.934472934375 0.8714953265625001 0.952991453125 0.928778 0.957412 0.932283 0.9339069999999999
6 0.195133 0.599862 0.287033 0.69198 0.822857 0.370043 0.695133 0.314011 0.195133 0.599862