6 0.5361100000000001 0.100505 0.445552 0.101127 0.451332 0.132873 0.5361100000000001 0.13411900000000002 0.5361100000000001 0.100505
4 0.30393400000000004 0.178314 0.477344 0.175824 0.8318709999999999 0.17893699999999998 0.830908 0.153415 0.48216000000000003 0.148435 0.1469 0.152793 0.14979 0.21006 0.30297 0.206948 0.30393400000000004 0.178314
6 0.276958 0.253633 0.193143 0.25301 0.193143 0.276042 0.276958 0.276042 0.276958 0.253633
6 0.275224 0.220641 0.191409 0.22001900000000002 0.191409 0.24305 0.275224 0.24305 0.275224 0.220641
6 0.27426 0.386841 0.190445 0.386218 0.190445 0.40925 0.27426 0.40925 0.27426 0.386841
6 0.281968 0.42169999999999996 0.198153 0.42107700000000003 0.198153 0.444109 0.281968 0.444109 0.281968 0.42169999999999996
6 0.28003999999999996 0.48954899999999996 0.196225 0.488926 0.196225 0.511958 0.28003999999999996 0.511958 0.28003999999999996 0.48954899999999996
6 0.282931 0.521918 0.19911600000000002 0.5212950000000001 0.19911600000000002 0.544327 0.282931 0.544327 0.282931 0.521918
6 0.279078 0.62587 0.19526300000000002 0.625247 0.19526300000000002 0.6482789999999999 0.279078 0.6482789999999999 0.279078 0.62587
6 0.281004 0.659484 0.197189 0.658861 0.197189 0.681893 0.281004 0.681893 0.281004 0.659484
6 0.281968 0.723599 0.198153 0.722976 0.198153 0.746007 0.281968 0.746007 0.281968 0.723599
6 0.282931 0.8157249999999999 0.282931 0.793316 0.19911600000000002 0.792693 0.19911600000000002 0.8157249999999999 0.240061 0.8157249999999999 0.282931 0.8157249999999999
6 0.8020060000000001 0.758457 0.671948 0.755967 0.671948 0.786468 0.8020060000000001 0.787091 0.8020060000000001 0.758457
6 0.80586 0.827551 0.565975 0.823194 0.566939 0.8574299999999999 0.8077859999999999 0.856185 0.80586 0.827551
4 0.80297 0.792693 0.304896 0.79207 0.30682200000000004 0.817592 0.8087500000000001 0.817592 0.80297 0.792693
4 0.395455 0.7198640000000001 0.295263 0.721108 0.302006 0.7447630000000001 0.400272 0.7447630000000001 0.395455 0.7198640000000001
4 0.156535 0.716752 0.665205 0.718619 0.665204 0.682515 0.842468 0.683138 0.842468 0.656372 0.304896 0.654504 0.307786 0.689985 0.155571 0.68874 0.156535 0.716752
4 0.553451 0.6227579999999999 0.30297 0.622135 0.299116 0.6482789999999999 0.5553790000000001 0.650147 0.553451 0.6227579999999999
6 0.796225 0.588522 0.670986 0.586655 0.668095 0.616533 0.7991159999999999 0.612798 0.796225 0.588522
4 0.154607 0.58292 0.392565 0.5773170000000001 0.391601 0.544327 0.838616 0.547439 0.839578 0.523162 0.299116 0.51756 0.304896 0.5517960000000001 0.152681 0.553664 0.154607 0.58292
4 0.57272 0.48581399999999997 0.291409 0.48581399999999997 0.295263 0.509469 0.57272 0.513204 0.57272 0.48581399999999997
4 0.14979 0.480212 0.838616 0.480212 0.836688 0.41920999999999997 0.301043 0.41858700000000004 0.304896 0.450333 0.1469 0.45220099999999996 0.14979 0.480212
4 0.617999 0.390576 0.292373 0.386219 0.295263 0.40862800000000005 0.617035 0.411118 0.617999 0.390576
4 0.15123599999999998 0.375949 0.7336050000000001 0.380617 0.72927 0.347937 0.8405419999999999 0.347937 0.839097 0.253633 0.294299 0.249898 0.29718900000000004 0.28071100000000004 0.145455 0.28071100000000004 0.15123599999999998 0.375949
4 0.788519 0.22002000000000002 0.292854 0.215351 0.292854 0.246163 0.789964 0.249898 0.788519 0.22002000000000002