2 0.091839334375 0.6904296875 0.094463315625 0.8876953125 0.27814198437500004 0.8876953125 0.2886379078125 0.8857421875 0.2860139265625 0.6865234375 0.09577530625 0.6875 0.091839334375 0.6904296875
2 0.9420091703125 0.1591796875 0.9498811140625 0.1279296875 0.9498811140625 0.0458984375 0.9459451421875 0.041015625 0.86197775 0.041015625 0.86197775 0.044921875 0.8436098843750001 0.044921875 0.8436098843750001 0.041015625 0.7622664734375 0.041015625 0.758330503125 0.0439453125 0.753082540625 0.3095703125 0.7898182734375 0.3115234375 0.9433211625 0.310546875 0.9472571328124999 0.3076171875 0.9498811140625 0.1728515625 0.9420091703125 0.1591796875
2 0.541852071875 0.04296875 0.5352921187499999 0.0498046875 0.5326681390625 0.0927734375 0.5326681390625 0.1376953125 0.5379161 0.1474609375 0.5352921187499999 0.3095703125 0.541852071875 0.3125 0.695354959375 0.3115234375 0.7320906921875 0.3095703125 0.7294667109375 0.0537109375 0.7045388921875 0.046875 0.541852071875 0.04296875
2 0.3201256796875 0.1767578125 0.3148777171875 0.1845703125 0.3148777171875 0.3095703125 0.3188136890625 0.3125 0.509052309375 0.3115234375 0.509052309375 0.0419921875 0.32406165 0.041015625 0.3175016984375 0.0458984375 0.3201256796875 0.1767578125
6 0.9708729625 0.8857421875 0.9708729625 0.8544921875 0.9590650484375001 0.853515625 0.9525050953124999 0.8837890625 0.9708729625 0.8857421875
3 0.95775305625 0.8388671875 0.965625 0.8408203125 0.9708729625 0.8388671875 0.9695609703124999 0.82421875 0.95775305625 0.8271484375 0.95775305625 0.8388671875
1 0.373917290625 0.68359375 0.38966117499999997 0.685546875 0.46969259531249996 0.6845703125 0.4683806046875 0.673828125 0.3765412703125 0.673828125 0.3726052984375 0.6767578125 0.373917290625 0.68359375
1 0.240718984375 0.6743733078124999 0.116833503125 0.6738462953125001 0.105422315625 0.68623043125 0.240718984375 0.6849129703125 0.240718984375 0.6743733078124999
4 0.2981979671875 0.04086344375 0.0895050609375 0.0402047140625 0.0974636890625 0.0869744796875 0.0983479578125 0.0869744796875 0.1434468640625 0.0849983046875 0.149636903125 0.0698475421875 0.29289219843750003 0.0691887921875 0.2981979671875 0.04086344375
4 0.0895050609375 0.2921594578125 0.268131996875 0.2915007265625 0.268131996875 0.277667409375 0.296429378125 0.27273611875000003 0.2937764703125 0.0915855796875 0.120814815625 0.090642046875 0.1248767015625 0.10573910625 0.093926509375 0.10903274375000001 0.0895050609375 0.2921594578125
4 0.08508356406249999 0.377794253125 0.29289219843750003 0.377794253125 0.296429378125 0.2967705578125 0.115240978125 0.2963045203125 0.116033803125 0.31258005 0.0895050609375 0.3138975125 0.08508356406249999 0.377794253125
4 0.08685215156250001 0.5675082421875 0.15494262187500002 0.5675082421875 0.1584798 0.5543336546875001 0.29289219843750003 0.5510400171875001 0.291123609375 0.384381528125 0.1169180734375 0.3830640640625 0.1169180734375 0.40019103906250003 0.0895050609375 0.39953232656250004 0.08685215156250001 0.5675082421875
4 0.29289219843750003 0.5725241796875 0.11514948437500001 0.5758178171874999 0.11514948437500001 0.5909685796875 0.08685215156250001 0.5916273296875 0.0865755296875 0.640063121875 0.1920829 0.6390558265624999 0.193851490625 0.621928853125 0.2920079296875 0.621270140625 0.29289219843750003 0.5725241796875
4 0.2858178421875 0.6739684859375 0.291123609375 0.6443256749999999 0.1120559296875 0.6459899953125 0.0841992921875 0.6614526125 0.07977784375 0.6739684859375 0.2858178421875 0.6739684859375
4 0.3118396796875 0.6697047109375001 0.5143425484375 0.6700161 0.508152509375 0.44868310625 0.3427899203125 0.4513180125 0.326872665625 0.46515132968749995 0.3118396796875 0.4704211609375 0.3118396796875 0.6697047109375001
4 0.3118396796875 0.4467069125 0.3498642296875 0.4467069125 0.35163281875 0.43089742031249995 0.5120491234375 0.42728840156250003 0.5161111375 0.3334055 0.314492540625 0.33077057656250003 0.3118396796875 0.4467069125
4 0.5536435171874999 0.865235515625 0.52623045625 0.872481503125 0.528883340625 0.884997378125 0.529767634375 0.8863148390625 0.530363159375 0.8866210156250001 0.7305018890625 0.8863148390625 0.733154796875 0.8579894906250001 0.56071785 0.855354565625 0.5536435171874999 0.865235515625
2 0.5118971234374999 0.88933349375 0.5107128359375 0.88805806875 0.512081790625 0.6884211203125 0.31204711406249996 0.685127475 0.3111628203125 0.88933349375 0.5118971234374999 0.88933349375
4 0.736507284375 0.441441471875 0.6701853546875001 0.4407827421875 0.6728382640625 0.451981134375 0.6701853546875001 0.4552747828125 0.5313515078125 0.45790970625 0.5273215953125 0.8475036578124999 0.5941362578125 0.850743465625 0.5941362578125 0.8375688796875 0.7320857875 0.8369101484374999 0.736507284375 0.441441471875
4 0.5695235046875 0.43617870937500003 0.6639953171874999 0.4340674171875 0.663111046875 0.42023411875 0.5605331578125 0.42089284843749997 0.5695235046875 0.43617870937500003
4 0.7382758734375 0.3339405921875 0.538425865625 0.3339405921875 0.5336916953124999 0.41602734375 0.6825654812499999 0.41891665624999996 0.684334021875 0.40178969999999997 0.7373915546875 0.40178969999999997 0.7382758734375 0.3339405921875
4 0.7845541500000001 0.6988765578125 0.9490324203125 0.6975590953124999 0.9561067781249999 0.3365755171875 0.7510713390625 0.335421878125 0.7474138703125 0.7133685703125 0.7836698296875 0.7133685703125 0.7845541500000001 0.6988765578125
4 0.9472638796874999 0.8691488765625 0.945495290625 0.716323703125 0.772174025 0.7150062421875 0.772174025 0.7347681203125 0.7482981421875 0.7347681203125 0.7456452828125 0.8875932750000001 0.82346296875 0.8842996375000001 0.8287687359374999 0.8665139515625 0.9428423828125 0.8744186875000001 0.9472638796874999 0.8691488765625