2 0.99361581875 0.5304022984375 0.5177514125 0.5304022984375 0.5177514125 0.99461980625 0.99361581875 0.99461980625 0.99361581875 0.5304022984375
2 0.5007966109375 0.0735853234375 0.295067796875 0.0735853234375 0.295067796875 0.218297965625 0.5007966109375 0.218297965625 0.5007966109375 0.0735853234375
7 0.1884124296875 0.5631564984375 0.0959039546875 0.5631564984375 0.0959039546875 0.5802564109375 0.1884124296875 0.5802564109375 0.1884124296875 0.5631564984375
4 0.5092642140625 0.5908305640625 0.1271961328125 0.5917400171875 0.09351839375 0.608109684375 0.0961241125 0.6790935796875 0.14577694375 0.6817731859375 0.14577694375 0.6672223765624999 0.51390943125 0.6663129234375 0.5092642140625 0.5908305640625
4 0.398940621875 0.734519903125 0.3977792859375 0.7245162125 0.4500378359375 0.72178795 0.446553953125 0.71087480625 0.371069375 0.7081465453125 0.365262884375 0.6945051390625 0.21637913593749997 0.69545858125 0.217777609375 0.7608932609375 0.47790908437499996 0.759074403125 0.4732638640625 0.7381576187500001 0.398940621875 0.734519903125
4 0.5104254859374999 0.8454698578125001 0.5104254859374999 0.7663497828125 0.12371221875 0.768168640625 0.122550915625 0.7699874984374999 0.122550915625 0.7845383078125 0.0993249171875 0.7845383078125 0.10164749531249999 0.8481981187500001 0.5104254859374999 0.8454698578125001
4 0.51390943125 0.4584049125 0.12371221875 0.4611331734375 0.1190670328125 0.4747745796875 0.095841003125 0.47659343749999994 0.095841003125 0.5557135109375 0.0961241125 0.54981006875 0.47907035625 0.5475286765625 0.4732638640625 0.5375249875 0.516232040625 0.5338872718750001 0.51390943125 0.4584049125
4 0.50578033125 0.43203155468750004 0.122550915625 0.4338504109375 0.1213896109375 0.44476350625 0.0946797 0.44567296093750003 0.0940327203125 0.45980255937500003 0.2444875203125 0.4574955078125 0.2444875203125 0.44658236406249996 0.5104254859374999 0.44385410312499995 0.50578033125 0.43203155468750004
4 0.5081029406249999 0.37110000468750004 0.1167444234375 0.37473771875 0.1190670328125 0.3856508140625 0.0865505984375 0.3847414109375 0.098215503125 0.42870905625000005 0.47210259218750006 0.4283938390625 0.4709412546875 0.414752484375 0.50578033125 0.4129336265625 0.5081029406249999 0.37110000468750004
4 0.511586821875 0.3238098609375 0.126034828125 0.3292664328125 0.1213896109375 0.34199838437499996 0.09351839375 0.34290778906249997 0.09298702343750001 0.3722498015625 0.1422930625 0.37019060000000004 0.1411317578125 0.35654919375 0.5081029406249999 0.35654919375 0.511586821875 0.3238098609375
4 0.0981636125 0.254693478125 0.0981636125 0.3280215875 0.16900297343749998 0.326538121875 0.16900297343749998 0.31471562343750004 0.50578033125 0.30925905 0.506941603125 0.241961525 0.1190670328125 0.2401426671875 0.0981636125 0.254693478125
1 0.313004334375 0.23650497812500001 0.4500378359375 0.2392332390625 0.45352178125 0.22559185781250002 0.313004334375 0.223773 0.313004334375 0.23650497812500001
1 0.52695080625 0.526899065625 0.7754068796875 0.5265791828124999 0.7626325609375 0.5074812546875 0.5280497234375 0.508390659375 0.52695080625 0.526899065625
4 0.9345051375000001 0.4192669171875 0.54895314375 0.4274517765625 0.54895314375 0.44018372812499995 0.519920590625 0.44109313281249996 0.5245658093750001 0.4992964203125 0.827665428125 0.4992964203125 0.82534281875 0.48838332656250005 0.9426342375000001 0.48110789687500005 0.9345051375000001 0.4192669171875
4 0.9345051375000001 0.34924113125 0.5454692296875 0.3528788203125 0.5431466203124999 0.3692484875 0.519920590625 0.3692484875 0.52067663125 0.42298130624999997 0.6116634015625 0.4219952046875 0.615147284375 0.411082084375 0.9333438015625 0.4056255359375 0.9345051375000001 0.34924113125
4 0.9298599187500001 0.217374365625 0.54895314375 0.22101205625000003 0.5454692296875 0.232834603125 0.5210818953125 0.237381721875 0.5185852390625 0.35097529843749997 0.806762009375 0.3483317015625 0.805600671875 0.33378089375000003 0.9356664109375 0.336509153125 0.9298599187500001 0.217374365625
4 0.9333438015625 0.1130240390625 0.550114446875 0.1166617546875 0.5512757203125 0.12939370781249998 0.5245658093750001 0.1303031359375 0.51753954375 0.22087353593749998 0.8973434515625 0.21306090000000003 0.8915369609375 0.20123837656250002 0.93798901875 0.20123837656250002 0.9333438015625 0.1130240390625
4 0.93798901875 0.067552753125 0.5245658093750001 0.07119044375 0.5245658093750001 0.11393346875000002 0.5248594140625 0.11450102656250001 0.8265040921875 0.1102957796875 0.8265040921875 0.10120151562499999 0.93798901875 0.099382659375 0.93798901875 0.067552753125