4 0.298639 0.0133498 0.0179672 0.0161211 0.0218891 0.0315606 0.291917 0.028393099999999998 0.298639 0.0133498
4 0.261665 0.124593 0.323289 0.105986 0.32104900000000003 0.0311645 0.0504605 0.0319561 0.0246899 0.0501669 0.025810100000000002 0.126968 0.261665 0.124593
4 0.12328900000000001 0.39221 0.323289 0.37677 0.319368 0.131719 0.040376499999999996 0.13567800000000002 0.0202084 0.154284 0.0325328 0.39696 0.12328900000000001 0.39221
4 0.332253 0.047 0.437575 0.0462078 0.643177 0.033935900000000005 0.638135 0.0145374 0.3409137296875 0.014143865624999998 0.332253 0.047
4 0.38323399999999996 0.12103 0.646539 0.10915299999999999 0.643738 0.0545214 0.366427 0.0505629 0.333934 0.0703569 0.343457 0.122613 0.38323399999999996 0.12103
4 0.493597 0.198227 0.648219 0.182787 0.643177 0.12776 0.36754699999999996 0.125385 0.34177599999999997 0.14280299999999999 0.342337 0.198623 0.493597 0.198227
4 0.606763 0.313033 0.642057 0.29323899999999997 0.641497 0.20297700000000002 0.363625 0.201394 0.340096 0.220397 0.342337 0.312637 0.606763 0.313033
4 0.581553 0.39577300000000004 0.646539 0.376374 0.6448579999999999 0.322534 0.364746 0.32293 0.34681799999999996 0.34668299999999996 0.348499 0.396564 0.581553 0.39577300000000004
4 0.272309 0.559668 0.330572 0.540666 0.33281299999999997 0.398148 0.0622252 0.397752 0.035334500000000005 0.419526 0.0392555 0.561647 0.272309 0.559668
4 0.0986395 0.885084 0.335054 0.8728109999999999 0.32833100000000004 0.565606 0.05606219999999999 0.563627 0.035334500000000005 0.5826290000000001 0.0465387 0.881521 0.0986395 0.885084
4 0.335054 0.910816 0.336175 0.8898339999999999 0.06894789999999999 0.885084 0.044297500000000004 0.915963 0.28911600000000004 0.9207129999999999 0.335054 0.910816
4 0.34065599999999996 0.9741569999999999 0.331692 0.9238799999999999 0.0706286 0.9207129999999999 0.0454185 0.9409029999999999 0.054942000000000005 0.9713860000000001 0.34065599999999996 0.9741569999999999
4 0.648219 0.977324 0.645978 0.8732070000000001 0.37483 0.871228 0.357463 0.891418 0.347379 0.9765330000000001 0.648219 0.977324
4 0.47286900000000004 0.868061 0.646539 0.853809 0.653822 0.820951 0.37483 0.818971 0.352421 0.8439120000000001 0.35522200000000004 0.870832 0.47286900000000004 0.868061
4 0.9630660000000001 0.9797 0.9501799999999999 0.9120039999999999 0.6840729999999999 0.9088369999999999 0.661665 0.926651 0.6678270000000001 0.979304 0.9630660000000001 0.9797
3 0.95074 0.980096 0.90144 0.981679 0.911524 0.999098 0.956903 0.997119 0.95074 0.980096
4 0.69976 0.905274 0.958583 0.8922100000000001 0.956343 0.820951 0.688555 0.820555 0.665026 0.840349 0.6667069999999999 0.905274 0.69976 0.905274
4 0.5193679999999999 0.815409 0.648219 0.801552 0.651581 0.747317 0.37427 0.7449410000000001 0.352982 0.765923 0.345138 0.816596 0.5193679999999999 0.815409
4 0.960824 0.818971 0.958583 0.7279180000000001 0.687435 0.7314809999999999 0.667267 0.746129 0.667267 0.818179 0.960824 0.818971
4 0.46558700000000003 0.744545 0.64878 0.729106 0.6448579999999999 0.5826290000000001 0.371469 0.5826290000000001 0.347379 0.588963 0.342897 0.741774 0.46558700000000003 0.744545
4 0.6622250000000001 0.730293 0.704802 0.7275229999999999 0.9669869999999999 0.713271 0.9613849999999999 0.674078 0.687435 0.6748700000000001 0.693037 0.676058 0.6622250000000001 0.693476 0.6622250000000001 0.730293
4 0.8751099999999999 0.671703 0.9630660000000001 0.649138 0.9658659999999999 0.584609 0.685755 0.584609 0.660545 0.596485 0.664466 0.6732859999999999 0.8751099999999999 0.671703
4 0.392197 0.57867 0.644297 0.56521 0.647659 0.5101829999999999 0.379872 0.511371 0.353541 0.528789 0.34962 0.579462 0.392197 0.57867
4 0.49751899999999993 0.470198 0.642057 0.45198799999999995 0.646539 0.443675 0.6398159999999999 0.396564 0.36754699999999996 0.402106 0.344578 0.41675399999999996 0.339536 0.469407 0.49751899999999993 0.470198
4 0.626931 0.506224 0.641497 0.494743 0.64878 0.470594 0.370908 0.472574 0.344018 0.490784 0.345698 0.507412 0.626931 0.506224
4 0.951301 0.577483 0.9703480000000001 0.551355 0.9658659999999999 0.510578 0.688555 0.512162 0.663345 0.530373 0.660545 0.581442 0.951301 0.577483
4 0.820208 0.5066200000000001 0.968667 0.490784 0.9759499999999999 0.437736 0.685194 0.436153 0.658864 0.45792599999999994 0.663906 0.508599 0.820208 0.5066200000000001
4 0.729452 0.43338099999999996 0.968667 0.41912900000000003 0.9658659999999999 0.265923 0.685755 0.264735 0.661104 0.273049 0.656062 0.43417300000000003 0.729452 0.43338099999999996
4 0.834774 0.258797 0.9636250000000001 0.241378 0.9625049999999999 0.0703569 0.687435 0.0735238 0.661104 0.0901508 0.663345 0.259985 0.834774 0.258797
4 0.8599840000000001 0.0683777 0.966427 0.051354500000000004 0.9613849999999999 0.0343314 0.686314 0.0374988 0.663345 0.054917499999999994 0.6622250000000001 0.070753 0.8599840000000001 0.0683777
4 0.84878 0.0165166 0.660545 0.0177043 0.660545 0.033935900000000005 0.844858 0.0319561 0.84878 0.0165166