4 0.8608370000000001 0.19476100000000002 0.137303 0.197939 0.131223 0.23501500000000003 0.861195 0.235809 0.8608370000000001 0.19476100000000002
2 0.8383050000000001 0.370608 0.668419 0.38384999999999997 0.674142 0.42463300000000004 0.834371 0.413511 0.8383050000000001 0.370608
2 0.845934 0.77518 0.677122 0.785773 0.686063 0.8252330000000001 0.8509410000000001 0.82232 0.845934 0.77518
6 0.298605 0.06552329999999999 0.158047 0.06552329999999999 0.15911999999999998 0.0962436 0.298605 0.0959788 0.298605 0.06552329999999999
6 0.597961 0.053870799999999996 0.396602 0.053870799999999996 0.387303 0.105778 0.612268 0.106042 0.597961 0.053870799999999996
6 0.870851 0.120608 0.63015 0.11531100000000001 0.633369 0.152388 0.869421 0.157684 0.870851 0.120608
6 0.336516 0.126434 0.150536 0.12775799999999998 0.151252 0.146297 0.33830499999999997 0.143913 0.336516 0.126434
7 0.567561 0.15900799999999998 0.438805 0.155566 0.430937 0.17569300000000002 0.568991 0.1794 0.567561 0.15900799999999998
6 0.623712 0.318701 0.141237 0.320025 0.141237 0.33459099999999997 0.6197779999999999 0.334061 0.623712 0.318701
6 0.628362 0.301752 0.145887 0.303076 0.145887 0.317642 0.624428 0.317112 0.628362 0.301752
6 0.6255010000000001 0.282684 0.14302600000000001 0.284008 0.14302600000000001 0.298574 0.621567 0.29804400000000003 0.6255010000000001 0.282684
6 0.631938 0.267324 0.14946399999999999 0.268648 0.14946399999999999 0.28321399999999997 0.628004 0.282684 0.631938 0.267324
6 0.6255010000000001 0.247462 0.14302600000000001 0.248786 0.14302600000000001 0.263352 0.621567 0.262822 0.6255010000000001 0.247462
6 0.433798 0.348362 0.20275400000000002 0.348362 0.201323 0.365576 0.43451399999999996 0.36822499999999997 0.433798 0.348362
6 0.354757 0.380936 0.192382 0.38305500000000003 0.199177 0.403447 0.351538 0.39921 0.354757 0.380936
6 0.8096920000000001 0.426752 0.638019 0.425428 0.636409 0.48091 0.808619 0.47865900000000006 0.8096920000000001 0.426752
6 0.864532 0.508761 0.641714 0.507172 0.649225 0.544778 0.8677509999999999 0.549015 0.864532 0.508761
6 0.389926 0.510614 0.14529 0.5151169999999999 0.136707 0.54107 0.394217 0.54107 0.389926 0.510614
6 0.558738 0.5617270000000001 0.192501 0.5617270000000001 0.192501 0.5821189999999999 0.5605260000000001 0.582913 0.558738 0.5617270000000001
6 0.855948 0.679576 0.14386000000000002 0.681695 0.14529 0.695201 0.856306 0.695731 0.855948 0.679576
6 0.8505839999999999 0.694936 0.13849499999999998 0.697055 0.139926 0.710561 0.8509410000000001 0.7110909999999999 0.8505839999999999 0.694936
6 0.8523720000000001 0.712945 0.140283 0.715064 0.141714 0.72857 0.85273 0.7291000000000001 0.8523720000000001 0.712945
6 0.853087 0.728835 0.140999 0.730953 0.142429 0.74446 0.853445 0.744989 0.853087 0.728835
6 0.848795 0.7468429999999999 0.136707 0.748962 0.138137 0.7624679999999999 0.8491529999999999 0.762998 0.848795 0.7468429999999999
6 0.848438 0.661568 0.136349 0.663686 0.13777999999999999 0.677193 0.848795 0.6777219999999999 0.848438 0.661568
6 0.8498680000000001 0.6440889999999999 0.13777999999999999 0.646208 0.13921 0.6597139999999999 0.8502259999999999 0.6602439999999999 0.8498680000000001 0.6440889999999999
6 0.8480800000000001 0.625021 0.135991 0.62714 0.137422 0.640646 0.848438 0.641176 0.8480800000000001 0.625021
6 0.851299 0.609131 0.13921 0.61125 0.140641 0.624756 0.851657 0.625286 0.851299 0.609131
6 0.8480800000000001 0.5905929999999999 0.135991 0.592712 0.137422 0.6062179999999999 0.848438 0.606748 0.8480800000000001 0.5905929999999999