4 0.242427 0.164025 0.10734999999999999 0.162341 0.145477 0.21958000000000003 0.22935500000000003 0.221263 0.242427 0.164025
4 0.6879609999999999 0.107627 0.5289189999999999 0.105102 0.5681350000000001 0.164025 0.641119 0.16570800000000002 0.6879609999999999 0.107627
4 0.792536 0.49904099999999996 0.648745 0.508301 0.6879609999999999 0.546179 0.770749 0.548705 0.792536 0.49904099999999996
4 0.14003000000000002 0.8003880000000001 0.175978 0.774294 0.180336 0.7557750000000001 0.129137 0.715371 0.0637778 0.715371 0.028919099999999996 0.759142 0.0496168 0.802071 0.14003000000000002 0.8003880000000001
4 0.352449 0.712846 0.40146800000000005 0.717055 0.439595 0.704429 0.462471 0.677492 0.441774 0.647189 0.37750300000000003 0.638772 0.33828800000000003 0.648031 0.314323 0.659816 0.31650100000000003 0.68591 0.352449 0.712846
4 0.58039 0.691802 0.653102 0.677914 0.679246 0.6539240000000001 0.631043 0.610363 0.568952 0.611626 0.533004 0.651398 0.537089 0.674126 0.58039 0.691802
4 0.8712389999999999 0.7088479999999999 0.9333310000000001 0.66655 0.9137230000000001 0.628671 0.800978 0.631196 0.776468 0.663393 0.8271219999999999 0.7056910000000001 0.8712389999999999 0.7088479999999999
2 0.9676450000000001 0.631828 0.925978 0.635616 0.8981999999999999 0.61857 0.85735 0.612888 0.812416 0.617307 0.783821 0.629302 0.680063 0.638141 0.679246 0.9121309999999999 0.950488 0.900136 0.9676450000000001 0.631828
2 0.6808799999999999 0.631196 0.6449320000000001 0.6097319999999999 0.602449 0.601525 0.559148 0.607838 0.540357 0.615414 0.38431099999999996 0.610994 0.368788 0.624883 0.33447499999999997 0.638141 0.314867 0.6690750000000001 0.317318 0.698747 0.358167 0.722737 0.382677 0.723999 0.375324 0.9228630000000001 0.6612720000000001 0.927914 0.666174 0.673494 0.6784290000000001 0.65708 0.6808799999999999 0.631196
2 0.0162557 0.762352 0.0226895 0.786302 0.05853509999999999 0.810253 0.043625000000000004 0.9263350000000001 0.367563 0.926177 0.36551999999999996 0.726525 0.32630499999999996 0.71011 0.317318 0.689908 0.318135 0.6564490000000001 0.362252 0.631196 0.366337 0.616045 0.05751389999999999 0.6135200000000001 0.0630286 0.7131879999999999 0.028204200000000002 0.732088 0.0162557 0.762352
2 0.992154 0.106575 0.696948 0.09142360000000001 0.663178 0.0771136 0.5694969999999999 0.07037940000000001 0.5259240000000001 0.0804804 0.0204771 0.0888984 0.059692800000000004 0.596474 0.9398669999999999 0.60405 0.992154 0.106575