4 0.634518 0.155588 0.8984059999999999 0.148798 0.89543 0.11960699999999999 0.0849152 0.11960699999999999 0.08987500000000001 0.183422 0.6226130000000001 0.177991 0.634518 0.155588
4 0.0928512 0.21600799999999998 0.0859063 0.272356 0.816065 0.277787 0.82301 0.247237 0.8914630000000001 0.247237 0.8914630000000001 0.183422 0.14840599999999998 0.188853 0.149399 0.196321 0.170232 0.21125699999999997 0.0928512 0.21600799999999998
4 0.878565 0.281181 0.161304 0.27982399999999996 0.16428 0.30833699999999997 0.893446 0.307658 0.878565 0.281181
4 0.0938438 0.469912 0.328963 0.467197 0.33491499999999996 0.438004 0.89543 0.433931 0.8993990000000001 0.313768 0.14543 0.311731 0.15237499999999998 0.34296000000000004 0.08987500000000001 0.345676 0.0938438 0.469912
4 0.868644 0.47126999999999997 0.125589 0.476701 0.14047 0.496389 0.8547560000000001 0.500462 0.868644 0.47126999999999997
4 0.8924540000000001 0.502499 0.15634399999999998 0.50182 0.170232 0.5296540000000001 0.886501 0.528976 0.8924540000000001 0.502499
4 0.8527720000000001 0.537122 0.124597 0.5337270000000001 0.14047 0.5602039999999999 0.855749 0.563599 0.8527720000000001 0.537122
4 0.10178000000000001 0.62334 0.809121 0.624019 0.7972159999999999 0.594827 0.8924540000000001 0.594827 0.9003909999999999 0.56835 0.122613 0.566993 0.125589 0.594149 0.102772 0.5995790000000001 0.10178000000000001 0.62334
4 0.862692 0.691908 0.9093199999999999 0.632166 0.129558 0.627413 0.0988036 0.661358 0.0918586 0.691908 0.862692 0.691908
4 0.293249 0.697339 0.165272 0.695982 0.16924 0.719063 0.29225599999999996 0.7211000000000001 0.293249 0.697339
4 0.104756 0.786952 0.394439 0.786273 0.404359 0.7597959999999999 0.89543 0.755045 0.8984059999999999 0.72721 0.122613 0.724495 0.142454 0.747576 0.0968199 0.758439 0.104756 0.786952
4 0.503565 0.78831 0.153368 0.795778 0.181144 0.818181 0.494637 0.822255 0.503565 0.78831
4 0.09781100000000001 0.879959 0.5273749999999999 0.884712 0.526382 0.852125 0.893446 0.8548410000000001 0.9033680000000001 0.825649 0.23570799999999997 0.822255 0.16328700000000002 0.822255 0.17618499999999998 0.8507680000000001 0.100787 0.852125 0.09781100000000001 0.879959
4 0.373606 0.888785 0.162296 0.888785 0.178168 0.9139039999999999 0.352772 0.915262 0.373606 0.888785
4 0.679161 0.9172980000000001 0.13551 0.9166190000000001 0.153368 0.9478479999999999 0.658327 0.9458119999999999 0.679161 0.9172980000000001
3 0.5283680000000001 0.9994440000000001 0.513487 0.972288 0.467851 0.9797560000000001 0.467851 0.9994440000000001 0.5283680000000001 0.9994440000000001