2 0.5388318703125 0.4416280828125 0.6986846812499999 0.36923761875 0.80625854375 0.3558611703125 0.8997573796875 0.33776349375 0.974154215625 0.2866180390625 0.9801864578125 0.24412795781250002 0.9480148578125001 0.0796756578125 0.9088055890625 0.0749545359375 0.8233496921875 0.0781019453125 0.7439260390625 0.0851836359375 0.6675183515625001 0.09541271875 0.5277728109375001 0.0686597171875 0.4805207578125 0.0190879671875 0.40511849531250005 0.00020348749999999998 0.3437913375 0.004924609375 0.292517815625 0.019874815625 0.2693944234375 0.030103923437500003 0.20706191875000002 0.0741676796875 0.06430025624999999 0.1457713171875 0.0632949078125 0.20006419531250003 0.0592734390625 0.285044328125 0.074409228125 0.374827925 0.14975615312499999 0.4526440390625 0.4935905140625 0.45421778125 0.5388318703125 0.4416280828125
7 0.886689546875 0.4003461671875 0.9198882140625001 0.398134828125 0.9220073 0.3649648734375 0.8845704609375 0.3616478875 0.833006575 0.3616478875 0.766699084375 0.36421212187499996 0.7425931046875001 0.3771271953125 0.74612488125 0.3959235109375 0.886689546875 0.4003461671875
6 0.8464273312499999 0.4390285828125 0.8676179828125001 0.4390285828125 0.8676179828125001 0.43460592656249997 0.9128246624999999 0.43405308125 0.9135310609375 0.4130454484375 0.7428556421875 0.4146436171875 0.75177574375 0.43792291250000004 0.8386573828125 0.43350025781249996 0.8464273312499999 0.4390285828125
4 0.08370423593750001 0.591296275 0.1621096359375 0.5929547687500001 0.1635223515625 0.5758169671875 0.4990410015625 0.5719471359375 0.50045374375 0.454746625 0.1211599890625 0.454712478125 0.1077203171875 0.474095765625 0.0815851765625 0.4746486109375 0.08370423593750001 0.591296275
4 0.0858232953125 0.6972814921875 0.4665486796875 0.691753165625 0.4665486796875 0.6762739 0.5011600875 0.6751681890625 0.4990410015625 0.5927961484375001 0.2214434984375 0.592243303125 0.12469235000000001 0.5949534875 0.1260855390625 0.6104867734375 0.08370423593750001 0.6099339500000001 0.0858232953125 0.6972814921875
4 0.0879423546875 0.9037220125 0.1929715015625 0.90407083125 0.50398551875 0.8981936875000001 0.5018664328125 0.6969626437499999 0.127341621875 0.6999615343750001 0.131736375 0.7174174515625 0.0844105796875 0.7174174515625 0.0879423546875 0.9037220125
4 0.38721914062499996 0.9186056640625001 0.3879255390625 0.9031263562499999 0.1317570734375 0.905832575 0.129399546875 0.9208170015625001 0.285504003125 0.9219226718750001 0.38721914062499996 0.9186056640625001
4 0.51567874375 0.482390634375 0.6329337265625 0.482943478125 0.6343464140624999 0.46856981875 0.9352536562499999 0.4652528328125 0.9359600546875001 0.45143200781250004 0.5609390171874999 0.44849489687500005 0.5587664453125 0.46580565625 0.5170914859375 0.4652528328125 0.51567874375 0.482390634375
4 0.5163851421875 0.5520475499999999 0.7692602187500001 0.552600375 0.7692602187500001 0.536015396875 0.9359600546875001 0.5338040578125 0.9366663453124999 0.482943478125 0.5609390171874999 0.4858003875 0.561591821875 0.50118695 0.5206232609375 0.5000812812500001 0.5163851421875 0.5520475499999999
4 0.654830721875 0.5543707 0.5618221078125 0.5541937859375 0.5622982203125 0.5709556874999999 0.6534179796874999 0.5687443484375 0.654830721875 0.5543707
4 0.5170914859375 0.6057841359375 0.6336400703125 0.6024671484375 0.6336400703125 0.5869878187500001 0.9373727437499999 0.5869878187500001 0.9373727437499999 0.5715085125 0.5618221078125 0.5721556890625 0.564417253125 0.5897519828125 0.5177978296875 0.5903048281250001 0.5170914859375 0.6057841359375
4 0.52274229375 0.7225436421875 0.625870175 0.7253078046875 0.625870175 0.708722828125 0.9366663453124999 0.7081700046875 0.9359600546875001 0.6058959890625 0.5618221078125 0.6066978093750001 0.561591821875 0.625245128125 0.51921051875 0.6257979421875 0.52274229375 0.7225436421875
4 0.52132960625 0.7592852031249999 0.5686553734375 0.7587323578125 0.5757189234375 0.7454643890625 0.9359600546875001 0.7410417125000001 0.9373727437499999 0.72777374375 0.5618221078125 0.7269043890625 0.5594727890625 0.7432530515625 0.51921051875 0.7432530515625 0.52132960625 0.7592852031249999
4 0.518504175 0.812487209375 0.938079140625 0.8097230453125001 0.9373727437499999 0.7605209375 0.5609390171874999 0.7649007218749999 0.560885478125 0.7793172546875 0.5206232609375 0.7793172546875 0.518504175 0.812487209375
4 0.6286955515625 0.8148246468749999 0.5635882875 0.8146413765625 0.563710909375 0.828092615625 0.625870175 0.8275397906249999 0.6286955515625 0.8148246468749999
4 0.5206232609375 0.8642956312500001 0.5686553734375 0.8631899609374999 0.5686553734375 0.8493691468750001 0.938079140625 0.8471578078125 0.93878543125 0.8300200078125 0.5635882875 0.8319124359375 0.5601791328125 0.8515804640625 0.5206232609375 0.8515804640625 0.5206232609375 0.8642956312500001
4 0.914769403125 0.8651109859374999 0.564471378125 0.8664545562500001 0.561591821875 0.8816959625 0.9140630046875 0.87782613125 0.914769403125 0.8651109859374999
4 0.5206232609375 0.91707725625 0.938079140625 0.9137602484375 0.938079140625 0.8822488078124999 0.562705196875 0.8844164593749999 0.565123596875 0.9027035968750001 0.5199169171875 0.9027035968750001 0.5206232609375 0.91707725625
6 0.076898703125 0.8742572578125 0.0567496046875 0.8725663718750001 0.056540115625 0.909075496875 0.0761446921875 0.90730508125 0.076898703125 0.8742572578125
3 0.074636640625 0.8471108125000001 0.0605203453125 0.8474926249999999 0.0618182515625 0.8648150078124999 0.074636640625 0.8642248765625 0.074636640625 0.8471108125000001