2 0.4902908234375 0.1923828125 0.48246703437500005 0.1064453125 0.46812341875 0.099609375 0.2999119390625 0.1044921875 0.297304009375 0.2880859375 0.48377099843750004 0.2890625 0.4902908234375 0.2841796875 0.4902908234375 0.1923828125
2 0.7119648671875 0.1044921875 0.5150661578125 0.1015625 0.51376219375 0.2880859375 0.7054450421875 0.2890625 0.7119648671875 0.2841796875 0.7119648671875 0.1044921875
2 0.744563990625 0.100940621875 0.7380441656250001 0.105823434375 0.7354362359375 0.283557809375 0.9323349437499999 0.286487496875 0.933638909375 0.103870309375 0.744563990625 0.100940621875
2 0.24123351718750002 0.7578125 0.07440838281249999 0.75787031875 0.0677943046875 0.9485762484375 0.2612561 0.9485762484375 0.260792990625 0.9404296875 0.2618072734375 0.75787031875 0.24123351718750002 0.7578125
2 0.291806615625 0.7580754296875 0.2926393234375 0.9462890625 0.484322171875 0.947265625 0.48735494687500003 0.758359246875 0.291806615625 0.7580754296875
2 0.5111542625000001 0.7607421875 0.511271384375 0.9520762062499999 0.7054450421875 0.94921875 0.71163449375 0.75933251875 0.5111542625000001 0.7607421875
1 0.3860587890625 0.3204294875 0.3879536375 0.301129925 0.4498679109375 0.298828125 0.4543840140625 0.291682503125 0.40814103125 0.291015625 0.295106078125 0.29119632812499996 0.2962429875 0.300562290625 0.3227708609375 0.3008461078125 0.32314983124999996 0.31929421874999997 0.3860587890625 0.3204294875
1 0.6294398015625 0.32197105000000004 0.6288886296875 0.30628528125 0.6715419515625001 0.302734375 0.678061778125 0.2958984375 0.6767578125 0.29296875 0.5176740875 0.29296875 0.5142446031250001 0.3013318796875 0.525819240625 0.30504693125000004 0.525819240625 0.3232094 0.6294398015625 0.32197105000000004
1 0.8780189187499999 0.3186687828125 0.879121265625 0.30339579687499996 0.933638909375 0.2998046875 0.9369944515625 0.2910122953125 0.7732512203125 0.2890625 0.7760518750000001 0.300919096875 0.8074687484374999 0.302157446875 0.8071543078125 0.31640625 0.8780189187499999 0.3186687828125
4 0.8857353437500001 0.44209101874999995 0.9362468375 0.4384765625 0.9414627 0.3603515625 0.9397503171875 0.3232094 0.73967444375 0.318256 0.7380441640625001 0.3974609375 0.7402256171875 0.4540617375 0.8884912093749999 0.45488730468750005 0.8857353437500001 0.44209101874999995
7 0.89843185625 0.46875 0.8853922046875 0.466796875 0.744563990625 0.462890625 0.744563990625 0.4765625 0.895823925 0.478515625 0.8997358203125 0.4736328125 0.89843185625 0.46875
7 0.18464302500000002 0.65467446875 0.10040530156250001 0.654296875 0.0665022125 0.66015625 0.0651982484375 0.6689453125 0.071718071875 0.673828125 0.185745371875 0.6728369390625 0.18464302500000002 0.65467446875
6 0.0599823875 0.9091796875 0.048246703125 0.908203125 0.044334809375 0.9365234375 0.0560704921875 0.939453125 0.0625903171875 0.9189453125 0.0599823875 0.9091796875
4 0.2694474078125 0.096213990625 0.0666986546875 0.097349259375 0.06442483593750001 0.1790885796875 0.2603521375 0.17994003125 0.26111007656249996 0.164897725 0.2671735890625 0.163194821875 0.2694474078125 0.096213990625
4 0.2698263765625 0.34909501249999997 0.2694474078125 0.1833458359375 0.09133168124999999 0.1827782015625 0.088299925 0.20151012812500002 0.06480380625 0.2017939453125 0.0655617453125 0.34881119531250004 0.2698263765625 0.34909501249999997
4 0.2698263765625 0.35164936562500004 0.093226528125 0.35250081718750004 0.0920896203125 0.367826940625 0.06480380625 0.3692460265625 0.06404586718750001 0.648805853125 0.22813971875 0.64823821875 0.2292766265625 0.6283710234375001 0.2671735890625 0.6297901078125 0.2698263765625 0.35164936562500004
4 0.06404586718750001 0.6947842203125 0.0651827765625 0.7268555515624999 0.267931528125 0.7262879171875001 0.267931528125 0.6766199265624999 0.092847559375 0.68002573125 0.06404586718750001 0.6947842203125
1 0.07541495625 0.7538181734375 0.2357191109375 0.7543858078125 0.23723499062500003 0.7433169421875 0.0742780484375 0.742465490625 0.07541495625 0.7538181734375
1 0.3005229171875 0.7532505390625001 0.471438221875 0.75353435625 0.4676485265625 0.7382082343749999 0.3005229171875 0.7387758671875 0.3005229171875 0.7532505390625001
1 0.5658016609375001 0.749844734375 0.713220846875 0.755521075 0.710568059375 0.7393435015625001 0.568075478125 0.73650533125 0.5658016609375001 0.749844734375
4 0.535863059375 0.5159794578125 0.53472615 0.533859934375 0.5112300328125 0.53442756875 0.5108510640625 0.7262879171875001 0.710568059375 0.7251526484374999 0.7086732109375 0.5117222015625 0.535863059375 0.5159794578125
4 0.7060204234375 0.340012865625 0.535863059375 0.3402966828125 0.5339682109375 0.3598800609375 0.5085772453125 0.3604476953125 0.510093125 0.5094516640625 0.55594845 0.5091678468749999 0.5555694796874999 0.49327409062500005 0.7101890890625 0.4918550046875 0.7060204234375 0.340012865625
4 0.289800503125 0.7268555515624999 0.3621837015625 0.7271393671874999 0.362562671875 0.7132323296874999 0.49027543749999997 0.7086912578125 0.4934184609375 0.47596124843750004 0.31594940781249997 0.4790832375 0.3155704375 0.49497699375000004 0.29131638125000003 0.496679896875 0.289800503125 0.7268555515624999
4 0.48913852812499997 0.3212809390625 0.2905584421875 0.32099712187499996 0.2837369890625 0.475109796875 0.41637635937499995 0.47255544374999997 0.4144815109375 0.4558102359375 0.4906544078125 0.45439115 0.48913852812499997 0.3212809390625
3 0.045582178125 0.9029159765625 0.061891396875000004 0.8997841140625 0.0593822859375 0.8866302921875 0.04265488125 0.8881962234375 0.045582178125 0.9029159765625
4 0.7657734265625 0.5024550375 0.7383679078125 0.5024550375 0.7352057328125 0.6528363171875 0.7352057328125 0.65323101875 0.9365308875 0.657572734375 0.9407471218750001 0.4850881703125 0.7652463968750001 0.48587757187499997 0.7657734265625 0.5024550375
4 0.9354768281249999 0.6595462421875 0.76471936875 0.6583621374999999 0.762084221875 0.6757290046875 0.7325705859375 0.676913109375 0.7325705859375 0.8813684984375 0.8479899812499999 0.8845261093750001 0.85273324375 0.8683433468749999 0.9338957406249999 0.8663698390624999 0.9354768281249999 0.6595462421875
4 0.7562869 0.8857102140625001 0.7562869 0.901498275 0.7325705859375 0.901498275 0.7304624703125 0.9504412640625001 0.9333687125000001 0.953598875 0.9344227703125 0.8864996171874999 0.7562869 0.8857102140625001