2 0.9233572234375 0.9169921875 0.9259292484375001 0.6240234375 0.9220712093750001 0.62109375 0.38708986562500003 0.6171875 0.3690856859375 0.619140625 0.362655621875 0.6279296875 0.3600835953125 0.9111328125 0.36651366093750004 0.91796875 0.9169271578125 0.919921875 0.9233572234375 0.9169921875
2 0.9233572234375 0.4521484375 0.9259292484375001 0.3916015625 0.9259292484375001 0.0693359375 0.9220712093750001 0.06640625 0.8371943609375 0.064453125 0.667440665625 0.064453125 0.6584385765625 0.0712890625 0.653294525 0.4482421875 0.6648686406250001 0.453125 0.919499184375 0.455078125 0.9233572234375 0.4521484375
7 0.312501121875 0.44140625 0.318931184375 0.4384765625 0.318931184375 0.4248046875 0.266204659375 0.390625 0.23534035000000003 0.38671875 0.07073070625 0.390625 0.06687266875 0.3935546875 0.06687266875 0.4365234375 0.0758747578125 0.44140625 0.312501121875 0.44140625
7 0.17232572031249999 0.3486328125 0.16589565625 0.345703125 0.1427474265625 0.341796875 0.104167040625 0.345703125 0.1067390671875 0.361328125 0.1684676828125 0.361328125 0.17232572031249999 0.3583984375 0.17232572031249999 0.3486328125
1 0.9272152609375001 0.60546875 0.9014950031250001 0.603515625 0.8114741046875 0.6015625 0.7394573859375 0.60546875 0.7420294109375 0.6171875 0.8757747468750001 0.619140625 0.9285012734375 0.6162109375 0.9272152609375001 0.60546875
1 0.9285012734375 0.4736328125 0.9246432359375 0.462890625 0.883490825 0.458984375 0.7548895390625 0.458984375 0.734313334375 0.462890625 0.7330273218750001 0.4677734375 0.7394573859375 0.47265625 0.9220712093750001 0.4765625 0.9285012734375 0.4736328125
6 0.617286165625 0.3271484375 0.617286165625 0.3193359375 0.6049426734375001 0.315691953125 0.5276191734375 0.31500116093749997 0.524693240625 0.3251953125 0.5388393828125 0.330078125 0.6031400234375 0.33203125 0.617286165625 0.3271484375
7 0.0625176578125 0.20116755 0.2334292390625 0.20185063281249999 0.232979471875 0.1864812953125 0.062967425 0.1871643765625 0.0625176578125 0.20116755
4 0.3382250234375 0.10177916875 0.09040323125000001 0.10690228125000001 0.0908529984375 0.1209054546875 0.0598190546875 0.1205639140625 0.0593692859375 0.168721171875 0.15022228437500001 0.170087334375 0.1497725171875 0.1557426203125 0.342722696875 0.154034915625 0.3382250234375 0.10177916875
4 0.34002409375 0.0553296140625 0.0652162625 0.05806194218750001 0.061618123437500005 0.10485303593749999 0.195648784375 0.102803790625 0.1942994828125 0.088117534375 0.33957432656250003 0.08675137187500001 0.34002409375 0.0553296140625
4 0.34002409375 0.2042414171875 0.1016474140625 0.20594912187499997 0.06431672656250001 0.22541695 0.0634171921875 0.28757738125 0.171811115625 0.28621121718750003 0.174059953125 0.271183421875 0.3445217671875 0.26640184843750003 0.34002409375 0.2042414171875
4 0.093101834375 0.288602003125 0.091302765625 0.3036298 0.06431672656250001 0.30397134062500003 0.0634171921875 0.317632975 0.3413733953125 0.317974515625 0.340923628125 0.28552813593750004 0.093101834375 0.288602003125
4 0.6351538515625 0.202192171875 0.38778182656250004 0.20389987656250003 0.36079578749999996 0.221318459375 0.3553985796875 0.3159252703125 0.617163159375 0.31319294375 0.6185124609375 0.3015805546875 0.6342543187499999 0.2947497390625 0.6351538515625 0.202192171875
4 0.6342543187499999 0.056695778125 0.358097184375 0.053621910937499996 0.358097184375 0.20185063281249999 0.41566739999999996 0.20150909218750002 0.414767865625 0.1857982125 0.6356036203125 0.1864812953125 0.6342543187499999 0.056695778125
4 0.3396567234375 0.4491261953125 0.09543306875 0.44980927656249997 0.06439912343750001 0.46961864531249997 0.0536047078125 0.7069895234375 0.1372614296875 0.708014146875 0.1381609640625 0.6946940546875 0.332460446875 0.6943525125 0.3396567234375 0.4491261953125
4 0.3347092828125 0.7083556875 0.0877870234375 0.7090387687499999 0.086437721875 0.7250911890625 0.05810238125 0.725432728125 0.054054475000000005 0.9009847171875001 0.0981316734375 0.9006431765625 0.0990312078125 0.8852738390624999 0.3347092828125 0.8886892468750001 0.3347092828125 0.7083556875
4 0.08194005 0.91908638125 0.3329102140625 0.92045254375 0.334259515625 0.9050832062499999 0.0855381890625 0.9023508796874999 0.08194005 0.91908638125
4 0.6333875 0.380176428125 0.35442747343750003 0.37915307187499997 0.35712273906249997 0.5065607859375 0.40226844375 0.5065607859375 0.40428989375 0.49581555625 0.636082765625 0.4891637484375 0.6333875 0.380176428125
4 0.3564489234375 0.529586275 0.35779655625 0.595081003125 0.6381042156250001 0.5935459703125 0.636082765625 0.5116775609374999 0.39148737968749997 0.5121892390625 0.3564489234375 0.529586275
4 0.65764489375 0.5930342921875 0.9359311046875 0.5976393921875001 0.932562021875 0.479441875 0.6556234437499999 0.47739516406250004 0.65764489375 0.5930342921875