4 0.814946 0.09543789999999999 0.171577 0.09428879999999999 0.16172 0.124748 0.8203229999999999 0.124173 0.814946 0.09543789999999999
4 0.28896099999999997 0.216703 0.724445 0.21612800000000001 0.7325090000000001 0.186817 0.8893190000000001 0.189116 0.8893190000000001 0.12589699999999998 0.16172 0.12359899999999999 0.170681 0.153484 0.280897 0.15520799999999998 0.28896099999999997 0.216703
4 0.701147 0.24658699999999997 0.24505400000000002 0.24428899999999998 0.240574 0.295438 0.7145870000000001 0.298886 0.701147 0.24658699999999997
4 0.271039 0.35118499999999997 0.243262 0.35233400000000004 0.239677 0.380496 0.269247 0.38107 0.266559 0.405208 0.49236599999999997 0.406358 0.488781 0.381645 0.838243 0.38107 0.8400359999999999 0.358082 0.45741899999999996 0.354059 0.45294 0.328772 0.8740859999999999 0.32819699999999996 0.8722939999999999 0.298886 0.237886 0.298886 0.233405 0.324173 0.26835200000000003 0.324748 0.271039 0.35118499999999997
4 0.287168 0.46325399999999994 0.409929 0.46210399999999996 0.409032 0.435093 0.883942 0.436817 0.883047 0.408082 0.17784899999999998 0.407507 0.179641 0.433369 0.288065 0.435668 0.287168 0.46325399999999994
4 0.847204 0.465553 0.17784899999999998 0.464978 0.180538 0.49313900000000005 0.850789 0.49141500000000005 0.847204 0.465553
4 0.286273 0.555208 0.58466 0.554059 0.585555 0.524173 0.8893190000000001 0.525323 0.8902150000000001 0.497162 0.17516099999999998 0.49486299999999994 0.180538 0.521875 0.28448 0.522449 0.286273 0.555208
4 0.277312 0.6092310000000001 0.378566 0.6109549999999999 0.37408600000000003 0.583944 0.883942 0.58222 0.8875270000000001 0.555783 0.17336800000000002 0.552334 0.174265 0.579921 0.277312 0.580496 0.277312 0.6092310000000001
4 0.741469 0.6103799999999999 0.174265 0.614978 0.17516099999999998 0.642565 0.744157 0.639691 0.741469 0.6103799999999999
4 0.69577 0.702909 0.746845 0.702909 0.74595 0.6770470000000001 0.241469 0.6770470000000001 0.243262 0.728772 0.692187 0.730496 0.69577 0.702909
4 0.271039 0.778772 0.244157 0.7810699999999999 0.240574 0.8109550000000001 0.266559 0.812104 0.267456 0.8345179999999999 0.521039 0.832794 0.512974 0.809806 0.854372 0.808656 0.854372 0.7799210000000001 0.495054 0.777622 0.5004299999999999 0.755208 0.848101 0.754059 0.848996 0.728197 0.23698899999999998 0.7333689999999999 0.237886 0.751185 0.274624 0.753484 0.271039 0.778772
4 0.27999999999999997 0.8937139999999999 0.769247 0.888541 0.7674559999999999 0.8632540000000001 0.903656 0.863828 0.8946949999999999 0.8345179999999999 0.16978500000000002 0.833944 0.17516099999999998 0.865553 0.271935 0.8678520000000001 0.27999999999999997 0.8937139999999999
7 0.616918 0.05750690000000001 0.433226 0.0615302 0.43860200000000005 0.0845181 0.6142299999999999 0.0845181 0.616918 0.05750690000000001
3 0.89828 0.0644034 0.8418279999999999 0.0644034 0.8427239999999999 0.0845181 0.89828 0.083369 0.89828 0.0644034
6 0.585555 0.218427 0.510286 0.217277 0.514767 0.24601299999999998 0.581972 0.244863 0.585555 0.218427
6 0.8588530000000001 0.889691 0.741469 0.890841 0.7495339999999999 0.913254 0.85706 0.912104 0.8588530000000001 0.889691
6 0.8185309999999999 0.916703 0.78 0.918427 0.778208 0.939116 0.8185309999999999 0.937966 0.8185309999999999 0.916703
6 0.574802 0.649461 0.49595 0.65061 0.49595 0.671875 0.5730109999999999 0.669576 0.574802 0.649461