4 0.860222 0.0906875 0.8525969999999999 0.041024 0.157608 0.0469167 0.151072 0.113415 0.30139900000000003 0.11509799999999999 0.306846 0.08984600000000001 0.860222 0.0906875
4 0.305212 0.15929 0.8585879999999999 0.160132 0.8509629999999999 0.11046800000000001 0.174493 0.11594 0.174492 0.140772 0.148893 0.149189 0.157063 0.17528300000000002 0.305212 0.17528300000000002 0.305212 0.15929
4 0.505103 0.271664 0.505103 0.245569 0.8667579999999999 0.238836 0.856954 0.174021 0.19573400000000002 0.179913 0.19573400000000002 0.203482 0.141268 0.208533 0.14671499999999998 0.26998 0.505103 0.271664
4 0.197913 0.271664 0.19900199999999998 0.29523299999999997 0.62275 0.301125 0.6249279999999999 0.272506 0.197913 0.271664
4 0.630375 0.36509800000000003 0.644536 0.337321 0.8591329999999999 0.337321 0.849329 0.296917 0.196824 0.296074 0.192467 0.326378 0.151072 0.33227 0.152162 0.37099099999999996 0.630375 0.36509800000000003
4 0.28451499999999996 0.488415 0.28451499999999996 0.464846 0.8694810000000001 0.456429 0.8596769999999999 0.363836 0.198458 0.369728 0.198458 0.393297 0.143991 0.39834800000000004 0.154885 0.488415 0.28451499999999996 0.488415
4 0.760005 0.6150979999999999 0.756737 0.586479 0.8613120000000001 0.586479 0.8536860000000001 0.49051900000000004 0.197913 0.48967700000000003 0.197913 0.512405 0.141268 0.515771 0.148894 0.613415 0.760005 0.6150979999999999
4 0.499493 0.708487 0.499493 0.682393 0.861148 0.675659 0.8513439999999999 0.6108439999999999 0.19012400000000002 0.6167360000000001 0.19012400000000002 0.640306 0.135658 0.645356 0.14110499999999998 0.706804 0.499493 0.708487
4 0.198307 0.706824 0.198307 0.734602 0.735344 0.741336 0.749505 0.716083 0.198307 0.706824
4 0.446673 0.799417 0.446673 0.77248 0.8519019999999999 0.775847 0.848634 0.743861 0.188503 0.740494 0.190681 0.7632209999999999 0.15582400000000002 0.7640629999999999 0.15909199999999998 0.798574 0.446673 0.799417
4 0.569222 0.8562350000000001 0.565954 0.830982 0.8589829999999999 0.837716 0.855715 0.80573 0.195584 0.8023619999999999 0.197762 0.82509 0.162904 0.8259320000000001 0.16617200000000001 0.8604430000000001 0.569222 0.8562350000000001
4 0.196672 0.8604430000000001 0.196672 0.888221 0.8687849999999999 0.89748 0.872053 0.8671770000000001 0.196672 0.8604430000000001
6 0.20702099999999998 0.933255 0.20702099999999998 0.960191 0.312686 0.9610329999999999 0.313775 0.9383060000000001 0.20702099999999998 0.933255
3 0.479353 0.90716 0.48479900000000004 0.934938 0.540355 0.933255 0.538176 0.911369 0.479353 0.90716