4 0.3183533609375 0.07793919218749999 0.42104986406249995 0.07763138124999999 0.43748129843749994 0.07793919218749999 0.43748129843749994 0.06316423437499999 0.29493857968750004 0.06303216406249999 0.1178860015625 0.06655638750000001 0.1211760875 0.083171990625 0.22551574218749998 0.07886263437499999 0.238250103125 0.080401690625 0.3183533609375 0.07793919218749999
4 0.1162466625 0.12490231562500001 0.11830058437499999 0.219400515625 0.14335853125 0.22063175781250002 0.1651301921875 0.2221708 0.18908529375 0.2190502015625 0.25266233437499996 0.2202762140625 0.2982414484375 0.217649025 0.393373278125 0.217649025 0.4562490484375 0.215547278125 0.45250923906249996 0.1997841171875 0.5159648453125001 0.199608959375 0.5305994203125 0.1982077953125 0.5310995734375 0.189856315625 0.53097110625 0.172048203125 0.531613421875 0.15022664375 0.5327695859375 0.14420620625 0.5321272703125 0.13284751875 0.5327695859375 0.1044368578125 0.5313565078125 0.09866125625 0.5325126874999999 0.082361253125 0.5286557890625 0.0801333828125 0.3326067328125 0.08143630625 0.32478214375 0.079319059375 0.30848094375 0.0809477078125 0.2442576625 0.081924896875 0.23751983124999998 0.0802962484375 0.2242615234375 0.08078484062499999 0.1907101953125 0.081599165625 0.1446381953125 0.081924896875 0.14422551249999999 0.08529593125 0.14869874375 0.0981226953125 0.13021337500000002 0.09904613749999999 0.1211760875 0.099661753125 0.1162466625 0.12490231562500001
4 0.1194633875 0.24769436250000001 0.1194633875 0.24787908593750002 0.11909388125 0.30402354531250003 0.1289547296875 0.3062402421875 0.3005335703125 0.30402354531250003 0.306203565625 0.2975581890625 0.30176618125 0.289245596875 0.3251857109375 0.28961505781249997 0.5317005109374999 0.2855511125 0.5329331234375 0.24361870312499997 0.5317005109374999 0.2175725875 0.3021891609375 0.221267071875 0.15955020312499998 0.22163651562500003 0.145897953125 0.22581374687500003 0.1480598609375 0.2373498171875 0.1480598609375 0.2404901109375 0.12020295624999999 0.239197053125 0.1194633875 0.24769436250000001
4 0.529646340625 0.30621271562499996 0.2953329078125 0.3080443578125 0.276126875 0.30647436875 0.238064071875 0.3088293546875 0.1442080375 0.31279966406250004 0.1472719609375 0.325575859375 0.531741559375 0.32138923125 0.53243998125 0.3119693234375 0.529646340625 0.30621271562499996
0 0.942282059375 0.95818693125 0.987216178125 0.9584624249999999 0.998245465625 0.9490959671875 0.9989808265625 0.8471566171875 0.998245465625 0.7246426109375 0.9978778109374999 0.6532971937500001 0.9692016499999999 0.6487363296875001 0.7548233093750001 0.6501426203125 0.58507433125 0.6509690734375 0.3563643609375 0.65124455625 0.22637006875000001 0.65124455625 0.074361153125 0.6520710046875 0.065749225 0.654856040625 0.0742165375 0.9538434499999999 0.0964866921875 0.96305034375 0.8638446046875 0.9595977578125 0.942282059375 0.95818693125
0 0.6408222859375 0.1673738578125 0.581606115625 0.1977516734375 0.5456208953125 0.33019846406250003 0.5424323296875 0.45474961562500005 0.538332746875 0.5448590859375 0.53651071875 0.645890915625 0.7282660437499999 0.6435016703125 0.9974719500000001 0.6404297328124999 0.9974719500000001 0.46653494218749997 0.9947388109374999 0.4590258125 0.922312975 0.44285979218750005 0.977885025 0.40941005312499995 0.9847176187500001 0.28726652812500003 0.9391667 0.192163384375 0.906370109375 0.1443780609375 1 0.1340573828125 0.9997495015625001 0.090367934375 0.9936342343750001 0.08311497500000001 0.8450288703125001 0.08381530937500001 0.8497020093750001 0.054401170312500004 0.5436737140625 0.057629153125 0.5446539671874999 0.10122296718749998 0.581606115625 0.13528945 0.6408222859375 0.1673738578125
6 0.9952708593749999 0.9611614890625001 0.9909795499999999 0.9586349249999999 0.9578748390625 0.9588646187500001 0.9453073218749999 0.9584052484375001 0.9066852093750001 0.9593239890625 0.905515353125 0.9630001281249999 0.90760476875 0.973794221875 0.98760771875 0.9712676765625 0.9983360734375 0.9698895640625 0.9952708593749999 0.9611614890625001
3 0.0691990015625 0.9043945359375 0.0665873 0.8953211781249999 0.0592270984375 0.89389790625 0.045931259375 0.8960328140625 0.0487803609375 0.9164923406250001 0.0620762328125 0.9180935281249999 0.0654001671875 0.9129341640625 0.0691990015625 0.9043945359375
7 0.3007415109375 0.3700249953125 0.3007415109375 0.3565977953125 0.27696708124999997 0.354679621875 0.22813805625 0.35604974375 0.22352448749999998 0.3523829015625 0.2066949640625 0.352671646875 0.13568660625 0.351175515625 0.10979143281249999 0.3569504125 0.1105622484375 0.36888520625 0.112547415625 0.36970264531249997 0.1273710375 0.3742723671875 0.20710682500000002 0.37482042187500003 0.298912728125 0.37317626875 0.3007415109375 0.3700249953125
4 0.11152557656249999 0.40285203437500006 0.1108743078125 0.45827500624999995 0.1106138109375 0.4913342296875 0.168055553125 0.4931883375 0.1757405046875 0.4908463078125 0.179257346875 0.476208609375 0.308876765625 0.4745496703125 0.3087465078125 0.44496466406249996 0.3087465078125 0.390859340625 0.3075742265625 0.3843482453125 0.23476258906249997 0.38249413906249996 0.1572260140625 0.382689309375 0.13495268437500002 0.38756854375 0.13471068749999998 0.3877264109375 0.136534228125 0.398948646875 0.129240040625 0.39904623125 0.126765221875 0.402071359375 0.11152557656249999 0.40285203437500006
4 0.110080965625 0.565402078125 0.1116827046875 0.5746021328124999 0.1346409234375 0.5763021390625 0.177353896875 0.5753021296874999 0.181625196875 0.5578020390625 0.27649895 0.55800204375 0.31333889375 0.55860204375 0.3116036640625 0.53392233125 0.31600846250000003 0.5125960421875 0.3098684515625 0.50889601875 0.264886353125 0.5057960046875001 0.181988365625 0.5061960046875 0.181988365625 0.50839601875 0.14381364375 0.50889601875 0.1375271765625 0.512120015625 0.13717701875 0.523092953125 0.11328443437499999 0.523092953125 0.11101531406250001 0.5258929671875 0.110080965625 0.565402078125
4 0.1271288890625 0.59779491875 0.1064397890625 0.598094921875 0.10710718281250001 0.6272741359375 0.10665759999999999 0.6468714906249999 0.111331875 0.647695478125 0.1272794171875 0.6475924765625 0.16508608593750002 0.6475924765625 0.1665983609375 0.6304948328125 0.23863116718750002 0.6324517953125001 0.3049930125 0.6328637828125 0.3065052890625 0.6273019 0.3052679796875 0.5817665953125 0.2324042078125 0.5822815859375 0.216731621875 0.5792946484375 0.16032345312500001 0.5787796625 0.1381475765625 0.5824292046874999 0.13607192031249998 0.590894884375 0.136338875 0.5937949 0.13033236406249998 0.595594909375 0.1271288890625 0.59779491875
4 0.32778748125 0.6428165359375 0.3548281265625 0.6434398640625 0.45591859843749993 0.6445307140625001 0.4885753515625 0.6434398640625 0.4885753515625 0.6262979734375 0.5220641500000001 0.6269213062500001 0.5268482671875 0.6161686640624999 0.524976221875 0.5764208328125 0.4760950421875 0.5740832984375001 0.3783326953125 0.5728366203124999 0.343387859375 0.5759533328125 0.3420954703125 0.5780180546875 0.3423478328125 0.593597003125 0.3265394703125 0.594687846875 0.324043390625 0.6312846984375 0.32778748125 0.6428165359375
4 0.3243344390625 0.5116202734375 0.32581504375 0.555019653125 0.33858518125 0.5586246984375001 0.42668064375 0.559179340625 0.4725791375 0.5597339531250001 0.472949271875 0.5429565640625 0.525880596875 0.5415699984375 0.5292119640624999 0.5174438359375 0.5286566984375 0.47049965625 0.52717610625 0.4334457984375 0.52662089375 0.42021394375 0.41261498281250003 0.415222315625 0.369862775 0.413974415625 0.35320606718750003 0.41619290937500003 0.35456151406249997 0.4183232875 0.3561672609375 0.434520928125 0.32859115625 0.4356301765625 0.3274807140625 0.4847086390625 0.3243344390625 0.5116202734375
4 0.3249174921875 0.40317075156250004 0.3404956046875 0.408357840625 0.4492539 0.40554816406249994 0.48935312968750005 0.404683634375 0.488487653125 0.3869610375 0.5248365828125 0.3869610375 0.5259905109375 0.3538932625 0.4881992015625 0.350651328125 0.3566506828125 0.3545416546875 0.3508201921875 0.3552258421875 0.351457978125 0.371183603125 0.326936859375 0.3729126375 0.3237635421875 0.38047716249999997 0.3249174921875 0.40317075156250004