4 0.4921875 0.91901723125 0.9 0.918762334375 0.9005734015625 0.8859375 0.1515625 0.8853275109375 0.1234375 0.8859343281250001 0.11872233750000001 0.890625 0.11875 0.944132021875 0.4671875 0.9437698843750001 0.476572996875 0.9375 0.48132811562500005 0.921875 0.4921875 0.91901723125
4 0.27980402656250003 0.4578125 0.2828946140625 0.4453125 0.2921875 0.4423492140625 0.3640625 0.44064650156249996 0.5125 0.44375060624999996 0.8234375 0.4407859890625 0.8953125 0.4422509375 0.90472366875 0.434375 0.9062508390625 0.428125 0.8984375 0.4139974515625 0.884375 0.4109244109375 0.3890625 0.4124439171875 0.1140625 0.41079746562499997 0.12497858749999999 0.4140625 0.1234375 0.41705264062499997 0.1139966703125 0.4203125 0.11382414062499999 0.465625 0.1375 0.46564361718749997 0.1796875 0.46284294218750005 0.271875 0.46254845156249996 0.27980402656250003 0.4578125
4 0.453193640625 0.334375 0.4578125 0.33145993906250004 0.771875 0.328256571875 0.859375 0.3312728984375 0.865625 0.3297339953125 0.8734686500000001 0.321875 0.8750171046874999 0.3015625 0.8515625 0.2993393015625 0.146875 0.299311028125 0.1171875 0.29997242343749997 0.115622284375 0.303125 0.11874504687500001 0.3203125 0.124887690625 0.3296875 0.12494869374999999 0.3421875 0.13125 0.35316985 0.35625 0.3531310734375 0.446875 0.35000271875 0.4531336546875 0.3453125 0.453193640625 0.334375
4 0.6094175421875 0.1765625 0.609375 0.15923866250000002 0.32118715 0.159375 0.321875 0.2126362828125 0.590625 0.2125720859375 0.6000232453125001 0.203125 0.6001355640625 0.1890625 0.6094175421875 0.1765625
7 0.46643793125000005 0.1203125 0.4671875 0.145565784375 0.521875 0.14533690625 0.5251936015625 0.1421875 0.525 0.11975564375 0.46643793125000005 0.1203125
6 0.4515625 0.09246650937499999 0.5375 0.0922421078125 0.5390625 0.0619419765625 0.45083016875000004 0.0625 0.4515625 0.09246650937499999
7 0.46644587499999995 0.6235791421875 0.4671875 0.6486710796875 0.5234375 0.6486522046875 0.5297820734375 0.6454541421875 0.5296875 0.6230335390625 0.46644587499999995 0.6235791421875
4 0.6078404796875 0.684375 0.6078125 0.6623860453125 0.3321700515625 0.6625 0.3328125 0.6938807046875 0.396875 0.693926340625 0.40306296406250003 0.6984375 0.4046670609375 0.70625 0.415625 0.715682415625 0.590625 0.7156941890625 0.6015683359375 0.70625 0.600048928125 0.690625 0.6078404796875 0.684375
4 0.1953125 0.3876595296875 0.7296875 0.3875123140625 0.8921875 0.38441445937499996 0.89275223125 0.3546875 0.6828125 0.35412225625 0.5890625 0.3608938453125 0.440625 0.3543140234375 0.1453125 0.354204165625 0.1296875 0.35463670468749997 0.12339995781249999 0.3609375 0.1234375 0.4097494484375 0.1828125 0.4094173875 0.18752448125 0.4046875 0.1892094875 0.396875 0.1953125 0.3876595296875
3 0.8336522609375001 0.0625 0.834375 0.0925859921875 0.8890625 0.0922089640625 0.8937573703125 0.0890625 0.89375 0.0619949421875 0.8336522609375001 0.0625
4 0.603163034375 0.853125 0.60003070625 0.834375 0.61875 0.8281592421875 0.6234590625 0.8203125 0.6250121953125001 0.809375 0.6297326140624999 0.80625 0.6301760859375001 0.78125 0.628125 0.774924075 0.33393173125 0.775 0.334375 0.85639366875 0.415625 0.8579741734375 0.41872041875 0.8640625 0.40934630624999996 0.871875 0.41875 0.8781583749999999 0.428125 0.879691646875 0.6046875 0.8798273625 0.61095103125 0.871875 0.6109416750000001 0.865625 0.603163034375 0.853125
4 0.14301041718750002 0.4703125 0.14375 0.4938618375 0.7265625 0.49396412500000003 0.7265625 0.46647296718750003 0.1453125 0.4666291203125 0.14301041718750002 0.4703125
4 0.66875 0.23588140468750002 0.6656566546875 0.2328125 0.6671892796875001 0.2265625 0.6640625 0.2171691390625 0.40622809687499994 0.2171875 0.4057722640625 0.2640625 0.4078125 0.268776103125 0.7046875 0.270497534375 0.7046978953124999 0.2390625 0.6953125 0.24042270000000002 0.66875 0.23588140468750002
4 0.86875 0.567235825 0.8765625 0.5671927125 0.887517725 0.559375 0.8880074499999999 0.4984375 0.125 0.49825876406249997 0.121875 0.49842903906249997 0.1202851859375 0.5015625 0.11874528437500001 0.5109375 0.1234375 0.5172104656250001 0.13121199687500001 0.521875 0.1296258015625 0.525 0.121875 0.5311592875 0.10309995000000001 0.5375 0.11658031093750001 0.6067064515625 0.6217616578125 0.6024438765625 0.8359375 0.57969251875 0.8453125 0.5781735375 0.86875 0.567235825
4 0.6015625 0.7657285640625 0.609375 0.765629296875 0.6140917453125 0.759375 0.6109577328125 0.753125 0.6172361625 0.7484375 0.6171875 0.7213299656250001 0.333696059375 0.721875 0.334375 0.7486022875 0.3953125 0.75015619375 0.3999609125 0.753125 0.395308975 0.759375 0.40928144218750007 0.7703125 0.409375 0.7734631984375 0.6171875 0.7735480765625 0.596875 0.7732932031249999 0.593907203125 0.7703125 0.6015625 0.7657285640625
4 0.6141176890625 0.75 0.61411323125 0.7171875 0.5953125 0.7170260468749999 0.5922937687500001 0.7140625 0.6031287125 0.70625 0.6016086546875 0.6953125 0.6032065015625 0.6890625 0.6140709281250001 0.68125 0.6140625 0.6640232828125 0.3305791703125 0.6640625 0.33125 0.6939639171875001 0.4 0.6954196921875 0.40468372031250005 0.7078125 0.4123824015625 0.7140625 0.403125 0.71852565 0.33125 0.7171515671875001 0.33125 0.7500298 0.3765625 0.7485587953125 0.4015625 0.7501906984375 0.40456052812500004 0.753125 0.4015600328125 0.7578125 0.403104103125 0.7640625 0.4125 0.771960546875 0.5921875 0.7720211265625 0.6062714203125 0.759375 0.6015923671875 0.753125 0.6141176890625 0.75
4 0.7140629921875 0.2890625 0.715640196875 0.278125 0.7125365375 0.271875 0.715625 0.27025959843749997 0.6515625 0.26967061875 0.3109375 0.270305184375 0.30312170625 0.284375 0.3078125 0.29219911875000004 0.3187413953125 0.2953125 0.2983088359375 0.296875 0.3390625 0.29736911093749996 0.73125 0.297486109375 0.73125 0.2920144140625 0.71875 0.2920272296875 0.7140629921875 0.2890625