2 0.742684940625 0.759765625 0.7387829171875 0.9326171875 0.9455901078125001 0.93359375 0.9468907828124999 0.7607421875 0.742684940625 0.759765625
2 0.7322795484375 0.759765625 0.56420334375 0.7575411359374999 0.561891234375 0.8759765625 0.56579325625 0.935546875 0.6438337062499999 0.9375 0.7361815703125 0.9326171875 0.7322795484375 0.759765625
2 0.2003038203125 0.1669921875 0.203250534375 0.06160153593749999 0.0637330328125 0.06640625 0.0598310109375 0.1923828125 0.0949492140625 0.197265625 0.19640179687499998 0.1953125 0.2003038203125 0.1669921875
1 0.1521788765625 0.212890625 0.1690876390625 0.2080078125 0.16258426875 0.19921875 0.0689357296875 0.19921875 0.0650337078125 0.2060546875 0.071537078125 0.2109375 0.09234786406249999 0.212890625 0.1521788765625 0.212890625
1 0.33427325625000004 0.19921875 0.2224152796875 0.201171875 0.21851325781250003 0.2080078125 0.2276179765625 0.212890625 0.340776628125 0.2099609375 0.33427325625000004 0.19921875
1 0.46434067187499994 0.197265625 0.38630022343750003 0.19921875 0.388901571875 0.2109375 0.47344539062499996 0.2080078125 0.47344539062499996 0.2001953125 0.46434067187499994 0.197265625
1 0.638631009375 0.1953125 0.531975728125 0.197265625 0.5254723578125 0.2021484375 0.531975728125 0.2109375 0.6425330312499999 0.2080078125 0.638631009375 0.1953125
1 0.7556916828125 0.197265625 0.7088674125 0.19921875 0.7075667390625 0.2080078125 0.7140701093749999 0.2109375 0.762195053125 0.2099609375 0.7556916828125 0.197265625
1 0.926079996875 0.2119140625 0.926079996875 0.2060546875 0.9117725796875 0.201171875 0.8259280859375 0.201171875 0.8220260640625 0.2099609375 0.8285294343749999 0.21484375 0.8571442671874999 0.21875 0.926079996875 0.2119140625
1 0.22111460625 0.7548828125 0.2198139328125 0.74609375 0.071537078125 0.744140625 0.06763505625 0.7568359375 0.0741384265625 0.759765625 0.19900314531250002 0.759765625 0.22111460625 0.7548828125
1 0.5059622453125 0.7421875 0.425320446875 0.748046875 0.42792179687500004 0.759765625 0.5202696609374999 0.7548828125 0.5202696609374999 0.7470703125 0.5059622453125 0.7421875
1 0.387600896875 0.7470703125 0.3706921328125 0.7421875 0.23282067343750001 0.74609375 0.2289186515625 0.7548828125 0.23802336875000002 0.759765625 0.387600896875 0.7568359375 0.387600896875 0.7470703125
1 0.58400269375 0.74609375 0.581401346875 0.7578125 0.7127694359375 0.7548828125 0.7088674125 0.744140625 0.58400269375 0.74609375
1 0.905269209375 0.7509765625 0.9013671875 0.7421875 0.8103199968749999 0.740234375 0.7973132546875 0.744140625 0.7960125812500001 0.7529296875 0.8051173 0.7578125 0.8987658390625001 0.755859375 0.905269209375 0.7509765625
2 0.36192494375 0.06388183124999999 0.2009707234375 0.0602777515625 0.20138494062499998 0.19539228749999998 0.366122084375 0.19539228749999998 0.36192494375 0.06388183124999999
2 0.5193172296874999 0.0607318671875 0.36232451875 0.06126268124999999 0.3682206953125 0.19617979375 0.5203664156250001 0.19539228749999998 0.5193172296874999 0.0607318671875
2 0.80891879375 0.06309432499999999 0.6561720859375 0.06323254218749999 0.6578223390625 0.19617979375 0.811017484375 0.19460481093749998 0.80891879375 0.06309432499999999
2 0.65677299375 0.06230684843749999 0.5144955812500001 0.0602777515625 0.5182678843749999 0.19617979375 0.6578223390625 0.19539228749999998 0.65677299375 0.06230684843749999
2 0.9484732484375 0.0591568859375 0.8044076890625 0.06126268124999999 0.80891879375 0.19617979375 0.9526704703125001 0.19539228749999998 0.9484732484375 0.0591568859375
2 0.23286338281250002 0.7591024203125001 0.067165134375 0.7585935203124999 0.066027628125 0.9417996203125 0.23496191406250003 0.9386496578125 0.23286338281250002 0.7591024203125001
2 0.5644363609374999 0.7575274390625 0.3938081875 0.7585935203124999 0.398649790625 0.9386496578125 0.563387015625 0.9378621812500001 0.5644363609374999 0.7575274390625
2 0.3944527296875 0.7591024203125001 0.2298307515625 0.7576085890625001 0.23181411718749997 0.9410121140625 0.39655126093750004 0.9378621812500001 0.3944527296875 0.7591024203125001
4 0.3503828640625 0.238269340625 0.465803815625 0.24063176875 0.465803815625 0.22173206093750003 0.06191785625 0.2208214328125 0.060781220312499995 0.25323157812499997 0.3503828640625 0.25323157812499997 0.3503828640625 0.238269340625
4 0.1646600921875 0.48790296718750004 0.1646600921875 0.47294071562499995 0.467902346875 0.47136579375 0.4668531609375 0.34694265 0.465803815625 0.25323157812499997 0.0881542453125 0.2552940015625 0.060781220312499995 0.26740636875 0.0586826890625 0.48790296718750004 0.1646600921875 0.48790296718750004
4 0.22237056875 0.642691178125 0.22237056875 0.6293038484375 0.465803815625 0.627728896875 0.4700010375 0.48913100781249996 0.0855306078125 0.48773761562500006 0.0597319546875 0.5017308015624999 0.0565840796875 0.6450536062500001 0.22237056875 0.642691178125
4 0.054485548437499996 0.737977203125 0.4101919515625 0.7371897281249999 0.46160675468749995 0.734827240625 0.463705284375 0.7033277234375 0.0842187875 0.7044223390625 0.084914725 0.7198649578125 0.0586826890625 0.720652434375 0.054485548437499996 0.737977203125
4 0.054485548437499996 0.7064776875 0.44062104687500003 0.7033277234375 0.463705284375 0.6867904890625 0.4626559390625 0.6411161671875 0.08684242656249999 0.647296365625 0.0723232984375 0.6592284125 0.054485548437499996 0.6639533281250001 0.054485548437499996 0.7064776875
4 0.954814296875 0.7316772765625 0.9527157671875001 0.6907279296875 0.954814296875 0.6056792109375 0.569592 0.6108539359375 0.544545215625 0.627728896875 0.54874235625 0.734827240625 0.954814296875 0.7316772765625
4 0.6263891953125 0.608829175 0.6263891953125 0.59701685625 0.9558634828124999 0.5938668921875 0.9527157671875001 0.47101879062499996 0.5709038203125 0.4709937953125 0.544545215625 0.48834353124999996 0.54559448125 0.6119791078125 0.6263891953125 0.608829175
4 0.7680421796875 0.47101879062499996 0.7680421796875 0.45684401562500004 0.9527157671875001 0.4536940515625 0.9527157671875001 0.407232253125 0.5770729218749999 0.41038221718749995 0.5413974203125 0.426131975 0.5424466859375 0.4733812484375 0.7680421796875 0.47101879062499996
4 0.64317768125 0.41038221718749995 0.64317768125 0.395419934375 0.9527157671875001 0.39227000156249997 0.9527157671875001 0.3158836671875 0.574839278125 0.31931448906250004 0.54349595 0.3339958828125 0.5424466859375 0.4119571984375 0.64317768125 0.41038221718749995
4 0.8089640906250001 0.3024963671875 0.9558634828124999 0.3024963671875 0.9558634828124999 0.256034584375 0.9495678906249999 0.22296009374999998 0.542043790625 0.223776225 0.5413974203125 0.3213960734375 0.8110627812500001 0.3158836671875 0.8089640906250001 0.3024963671875
3 0.0561292828125 0.8667084765625 0.035742015625 0.8669055765625 0.0383722140625 0.8840332140625 0.0561292828125 0.8873648921875 0.0561292828125 0.8667084765625
3 0.036596465625000005 0.8980262703124999 0.035742015625 0.9360780078125 0.06056855 0.9340084078125 0.0587928015625 0.8940282515625 0.036596465625000005 0.8980262703124999