4 0.16039781718749999 0.176632934375 0.4419439859375 0.1789420015625 0.4454692515625 0.1645927765625 0.46419715781250004 0.161459034375 0.4694850234375 0.1186326078125 0.46926471562499994 0.06683911718749999 0.23505571875000003 0.063210575 0.05251600468749999 0.0619017359375 0.045565375000000005 0.1748283390625 0.0556978265625 0.177853121875 0.14277155156250002 0.1784472015625 0.16039781718749999 0.176632934375
4 0.0975806390625 0.2096578671875 0.462685421875 0.2136220625 0.4644586265625 0.200126746875 0.464163115625 0.1828704390625 0.3627933234375 0.1797731484375 0.1797566703125 0.178224503125 0.0703460265625 0.180481625 0.069263546875 0.1933402546875 0.048076671875 0.19379775625 0.045835739062500006 0.2073703515625 0.0975806390625 0.2096578671875
7 0.38941535625 0.30284401875 0.22029952812500003 0.3009921984375 0.155768971875 0.299444565625 0.149989584375 0.2991849828125 0.144210196875 0.30143468125 0.0935748046875 0.303684378125 0.0931191171875 0.318624378125 0.3269944453125 0.32068880312500003 0.40043489218749995 0.3196787234375 0.40223397031249997 0.3050325296875 0.38941535625 0.30284401875
4 0.0420861296875 0.5334616203125 0.04253155 0.565796453125 0.20755585468749999 0.5667967328125 0.3907012453125 0.5687972875 0.438679371875 0.5662952453125001 0.4397023046875 0.5509804015624999 0.46118372812499997 0.5502146515625 0.46322954687499995 0.5249451609375 0.4601607953125 0.3317876671875 0.4194037578125 0.32872385312499997 0.2973977046875 0.32778505468749997 0.10974866093749999 0.3271144875 0.06649066406250001 0.3289976734375 0.06573815 0.345815590625 0.042640553125 0.345926425 0.0395312625 0.40667877656250007 0.0420861296875 0.5334616203125
7 0.3390409984375 0.6057438421875 0.27517049375 0.5992881765625 0.21561191562499998 0.59969165625 0.19750579375 0.603875146875 0.2037541203125 0.6212777859374999 0.288106278125 0.6236986609375 0.3411969328125 0.6208743203125 0.3390409984375 0.6057438421875
4 0.0416555671875 0.763150871875 0.0405548890625 0.8492329421875 0.0726947375 0.8517047890624999 0.08105991093750001 0.8507160468749999 0.0817203078125 0.8365441359375 0.0978989234375 0.8340722906250001 0.3072482265625 0.8367089234374999 0.4608793140625 0.834401871875 0.4652862375 0.8086769281249999 0.46435652968749996 0.6815297124999999 0.4640340453125 0.6323025609374999 0.44366526562499997 0.6301334625 0.292148753125 0.6295599015625 0.1380260328125 0.6284127734375 0.0765539796875 0.6276031375 0.07051024375 0.6288946890625 0.068071884375 0.644854671875 0.0436367953125 0.6430419875 0.041215303125000005 0.645349040625 0.0416555671875 0.763150871875
3 0.0269191421875 0.866606828125 0.026456779687499998 0.85553139375 0.025532074999999998 0.8531086421875 0.0189435765625 0.8529355890625 0.0117341015625 0.854675325 0.0116615546875 0.8670394625 0.0154759453125 0.8683373640625 0.0243761984375 0.8690295828125001 0.0269191421875 0.866606828125
6 0.0080783265625 0.9084200609374999 0.0278438296875 0.9070356281249999 0.027728253125 0.8749963390625 0.014666834375000002 0.8750180375 0.011777140625 0.876467296875 0.011445084375000001 0.877186146875 0.011545959375000001 0.8871136890625 0.0080783265625 0.8876328515624999 0.0080783265625 0.891872665625 0.0080783265625 0.9084200609374999
0 0.4975606453125 0.916817228125 0.8848235875 0.91940104375 0.8978891796875 0.9104187953125 0.8978891796875 0.9062270828125 0.90028896875 0.7497480109375 0.8893565453125 0.741963403125 0.8829570390624999 0.7409653765625 0.49294795156250004 0.7391484484374999 0.48449523437500003 0.7454049125 0.483435878125 0.908887075 0.4915576171875 0.9161563828125001 0.4975606453125 0.916817228125
0 0.8831638359375 0.6661535796875 0.8950253328125 0.665631275 0.9016538609375001 0.654401546875 0.90801584375 0.265580853125 0.9010384796875 0.2585296328125 0.8930144999999999 0.25435113593750003 0.882548453125 0.25278420625 0.5019686640625001 0.2496503203125 0.492200371875 0.2493891671875 0.4859668703125 0.2590957828125 0.4802587921875 0.6559684906250001 0.49142259062500004 0.662497396875 0.510261453125 0.6653701125 0.8831638359375 0.6661535796875
4 0.5002299765625 0.216091921875 0.5062152281250001 0.21683865624999998 0.661105090625 0.21629968125 0.659514175 0.2012144515625 0.7709812125 0.20081747343749998 0.9091513812500001 0.20047993437499997 0.9086210671874999 0.1519592453125 0.8835197640624999 0.1498420234375 0.6889281453125 0.15050365625 0.5608876328125 0.1514299453125 0.52138214375 0.1509883359375 0.5197347203125 0.1532029734375 0.5193257828125 0.16961634375 0.4916796109375 0.16972301875 0.49267715 0.21470510781250002 0.5002299765625 0.216091921875
4 0.49115631562499995 0.1461242546875 0.5011592578124999 0.1478625484375 0.5963129859375 0.1478030796875 0.703762009375 0.1472686140625 0.7039931828125 0.1316937828125 0.8157819625 0.13005651875 0.9066080281250001 0.13027760156249998 0.9065791437499999 0.0838508640625 0.8926190203125 0.0828623234375 0.838099159375 0.081450125 0.8207358390625 0.08342720625 0.6988558171875 0.08159134999999999 0.5899925109375 0.08130890625000001 0.5164189718750001 0.0821562234375 0.5163537609375 0.0841582515625 0.5152705578125001 0.0981207125 0.508125596875 0.0979870015625 0.49169219374999995 0.1009287171875 0.49115631562499995 0.1461242546875
4 0.7838419359375 0.07774590625 0.7841597640625 0.0663255375 0.68880965625 0.0643031796875 0.661952721875 0.06466006875 0.590940165625 0.0644221421875 0.48938614999999996 0.066243196875 0.4909243 0.078721578125 0.573243234375 0.07907846406249999 0.7334103578125 0.079173453125 0.7838419359375 0.07774590625
6 0.325144509375 0.9009740265625 0.4010115609375 0.922619046875 0.437138728125 0.91856060625 0.4642341046875 0.8955627703125 0.442557803125 0.8644480515625 0.37030346875000003 0.865800865625 0.32875722500000004 0.8793290046875001 0.325144509375 0.9009740265625
6 0.346820809375 0.5695346328124999 0.363078034375 0.6033549781249999 0.4606213875 0.6006493500000001 0.46242774531249997 0.5695346328124999 0.346820809375 0.5695346328124999