2 0.7064959328125 0.4267578125 0.7039268562500001 0.1904296875 0.6987887046875 0.0927734375 0.6936505515625 0.0849609375 0.2761756828125 0.0859375 0.26975299218750004 0.0908203125 0.267183915625 0.1708984375 0.2774602203125 0.4306640625 0.7000732421875 0.431640625 0.7064959328125 0.4267578125
7 0.5934565843749999 0.0771484375 0.5934565843749999 0.0615234375 0.5870338937499999 0.056640625 0.42132848437500003 0.0556640625 0.411052178125 0.0712890625 0.41490579375000003 0.080078125 0.5741885124999999 0.08203125 0.5934565843749999 0.0771484375
0 0.9145910984375 0.6748046875 0.89275395 0.65625 0.8516487328125001 0.642578125 0.81825074375 0.642578125 0.7797146015624999 0.65625 0.7604465312500001 0.6708984375 0.7501702265625 0.6845703125 0.7424629984375 0.7197265625 0.7501702265625 0.8994140625 0.7643001453125 0.90234375 0.8221043578125 0.9013671875 0.9287210171875 0.900390625 0.9351437062500001 0.8916015625 0.9248674031249999 0.6943359375 0.9145910984375 0.6748046875
3 0.048812446875 0.8720703125 0.056519675000000005 0.8740234375 0.0616578265625 0.8701171875 0.0616578265625 0.8564453125 0.050096984375 0.85546875 0.048812446875 0.8720703125
6 0.048812446875 0.8837890625 0.0462433703125 0.8935546875 0.0462433703125 0.9072265625 0.0513815234375 0.9091796875 0.0616578265625 0.9072265625 0.0616578265625 0.8837890625 0.05780421249999999 0.880859375 0.048812446875 0.8837890625
4 0.9374502765624999 0.5223233328125 0.76173106875 0.5234375 0.74760115 0.5283203125 0.73218669375 0.5439453125 0.731979790625 0.623398125 0.9411193359375 0.6199127875 0.9374502765624999 0.5223233328125
4 0.909452946875 0.0556640625 0.9081684078125001 0.048828125 0.8901848749999999 0.044921875 0.7283330796875 0.048828125 0.73090215625 0.05859375 0.78701659375 0.058021789062499995 0.8640679656250001 0.055930578125 0.909452946875 0.0556640625
4 0.9484575953125001 0.5194804937499999 0.9479890875000001 0.4677734375 0.9454200109374999 0.1982421875 0.9411193359375 0.06081005625 0.7429871796875 0.062901253125 0.72647613125 0.0782367453125 0.727048540625 0.2705078125 0.7301452609375 0.5034479734375 0.7292279265625 0.5208746625 0.9484575953125001 0.5194804937499999
4 0.5113616249999999 0.7723988390625001 0.5139908046875 0.9051438546874999 0.7223358390625 0.9013563343750001 0.7140802453124999 0.7549721500000001 0.5251208078125 0.755669234375 0.5113616249999999 0.7723988390625001
4 0.5095270953125 0.7110569 0.5086098296875 0.755669234375 0.5682329578124999 0.7549721500000001 0.5709847515625001 0.739636659375 0.715914915625 0.7340601234374999 0.723253034375 0.712451040625 0.7168321093750001 0.701995028125 0.7241703687500001 0.6532003 0.712245715625 0.6057997125 0.52431190625 0.6069747171875 0.5095270953125 0.6239234578125 0.5049407 0.6657475093749999 0.5095270953125 0.7110569
4 0.7067421265625 0.44059469218749997 0.50481649375 0.4421970359375 0.5021888359375 0.45802137343749993 0.7067421265625 0.4573243171875 0.7067421265625 0.44059469218749997
4 0.5040234359375 0.607890909375 0.71316305 0.6023143734375 0.7168321093750001 0.520757453125 0.70857665625 0.45941551406250003 0.51972475 0.4587619890625 0.501271571875 0.47614513281250004 0.5021888359375 0.5221516203125 0.5040234359375 0.607890909375
4 0.28479376562500003 0.8644117859374999 0.2880733734375 0.9129904109375 0.49485064687499997 0.9062358390625 0.49209878281249997 0.8386202546874999 0.30222207968750003 0.844893875 0.28479376562500003 0.8644117859374999
4 0.4141300765625 0.8407114796874999 0.41504734218749995 0.826770128125 0.49209878281249997 0.8246789046874999 0.49209878281249997 0.806555159375 0.298394475 0.810113340625 0.28571103125 0.826770128125 0.2866282953125 0.8434997609374999 0.4141300765625 0.8407114796874999
4 0.28479376562500003 0.65389735625 0.28479376562500003 0.8051610453125001 0.338913234375 0.803766878125 0.338913234375 0.7891284703125 0.4911815171875 0.7891284703125 0.4985197765625 0.651806159375 0.4875123875 0.491480625 0.29610089687499996 0.4918918921875 0.282041903125 0.5096043828125 0.2811246375 0.5486401546875 0.28479376562500003 0.65389735625
4 0.4196337359375 0.47614513281250004 0.4875123875 0.4740539359375 0.4875123875 0.44129175624999994 0.282339428125 0.4430688765625 0.2811246375 0.491480625 0.4113782828125 0.490086484375 0.4196337359375 0.47614513281250004
4 0.0802405453125 0.833740803125 0.0664813984375 0.8518645499999999 0.065596309375 0.91386225 0.2719518484375 0.9152976859375 0.271034584375 0.8344378609374999 0.1765548296875 0.8323466375 0.0802405453125 0.833740803125
4 0.268490159375 0.6511091015625 0.084117115625 0.652503215625 0.0630196734375 0.6699299046875 0.06026787812499999 0.83513491875 0.2181192453125 0.83016565 0.218957084375 0.8177082296875 0.27124202343750003 0.8177082296875 0.268490159375 0.6511091015625
4 0.17676226875 0.6499271249999999 0.1749277390625 0.6338945515625001 0.2666556296875 0.6325004375 0.268490159375 0.557914178125 0.262069234375 0.5363050953124999 0.0759174109375 0.5372275515625 0.061185143750000004 0.555125896875 0.0630196734375 0.6541095203125 0.17676226875 0.6499271249999999
4 0.057516014062499995 0.41850067031249993 0.059350614062499994 0.5349110078125 0.24739278593749997 0.5335168140625 0.2629865 0.51887840625 0.26757289375000004 0.41850067031249993 0.2611519703125 0.3327613671875 0.074770621875 0.3358326078125 0.058433278125 0.3564616734375 0.0621024078125 0.40734760000000003 0.057516014062499995 0.41850067031249993
4 0.11989100625 0.3348525640625 0.11989100625 0.3195170859375 0.262069234375 0.31672880625 0.26023463593749996 0.23517191093749998 0.07133025468750001 0.23818657499999998 0.05292961875 0.25538689375 0.058433278125 0.3362467046875 0.11989100625 0.3348525640625
4 0.097863353125 0.223019703125 0.2602216890625 0.21883728125 0.253800765625 0.053632281250000004 0.0449541078125 0.056843942187499996 0.051082143749999996 0.2355669140625 0.09694608906249999 0.23626397031250002 0.097863353125 0.223019703125