6 0.03010735625 0.8583984375 0.0238349890625 0.857421875 0.015053678125 0.8974609375 0.018817096875 0.900390625 0.03010735625 0.8994140625 0.0351252484375 0.8974609375 0.0351252484375 0.8701171875 0.03010735625 0.8662109375 0.03010735625 0.8583984375
3 0.020071570312500002 0.8564453125 0.03010735625 0.8583984375 0.0351252484375 0.8447265625 0.0288528828125 0.83984375 0.020071570312500002 0.8447265625 0.020071570312500002 0.8564453125
2 0.8919304046875001 0.494140625 0.5231153 0.4921875 0.48297215937500004 0.498046875 0.38512325468749997 0.5 0.14175546562500002 0.5 0.1292107328125 0.49609375 0.0689960234375 0.498046875 0.052687871875 0.5029296875 0.0476699796875 0.5537109375 0.0476699796875 0.9033203125 0.0514333984375 0.90625 0.3700695765625 0.90625 0.38010536250000004 0.8984375 0.3813598359375 0.9033203125 0.390141146875 0.90625 0.6761610234375001 0.904296875 0.6912147015625 0.908203125 0.880640146875 0.9072265625 0.8982027703125001 0.9033203125 0.9007117171875001 0.8818359375 0.9007117171875001 0.5048828125 0.8919304046875001 0.494140625
1 0.044012093749999995 0.4974474265625 0.4451869421875 0.5020273890625 0.520866428125 0.4934398921875 0.5201316968749999 0.47454721875 0.046861617187499996 0.477102565625 0.027112671875 0.48599724687499996 0.030786440625 0.4985924328125 0.044012093749999995 0.4974474265625
1 0.9014683578125 0.2730253796875 0.8985292796875 0.2512701921875 0.48938245 0.24577577343749998 0.46869901406250003 0.2615752453125 0.47678128124999997 0.28447548437500003 0.9014683578125 0.2730253796875
2 0.8982027703125001 0.0498046875 0.8944393515625 0.0390625 0.5155884609375 0.03515625 0.4904989984375 0.037109375 0.4867355796875 0.0400390625 0.48297215937500004 0.25 0.73888468125 0.25 0.787809134375 0.2529296875 0.8643319953124999 0.25 0.8919304046875001 0.251953125 0.8982027703125001 0.2470703125 0.8982027703125001 0.0498046875
7 0.0462162453125 0.0423996359375 0.0410729765625 0.1231229 0.10352704531250001 0.1219778625 0.22549586562499999 0.11281780156250001 0.220525315625 0.033475860937500004 0.17406318437499999 0.035529615625 0.154959728125 0.0532772375 0.0462162453125 0.0423996359375
6 0.3606903796875 0.087627565625 0.43710483125 0.0922076203125 0.4466566375 0.0836200296875 0.4495956375 0.064727371875 0.3695076140625 0.052704765625000004 0.24110767968750002 0.0595126421875 0.2247611359375 0.0813299875 0.23651736875 0.0922076203125 0.3606903796875 0.087627565625
4 0.3678718578125 0.4142476984375 0.46683499375000004 0.4160727859375 0.4721053796875 0.127745125 0.035297209375 0.1296351015625 0.02354975625 0.4293047875 0.3590881515625 0.4315861609375 0.3678718578125 0.4142476984375
4 0.029991143749999997 0.471207125 0.452781028125 0.46481929062500005 0.4656639921875 0.46071282968749994 0.46917731093750004 0.4264922859375 0.0633693046875 0.4292299421875 0.0774233328125 0.44565578749999996 0.034090215624999996 0.44793716093749997 0.029991143749999997 0.471207125
4 0.891016740625 0.472662446875 0.9097972265625 0.4715649578125 0.9102668250000001 0.28937943125 0.47876565937500004 0.28823381875 0.47549909843749993 0.43607903906249995 0.47268201562499995 0.4708332921875 0.891016740625 0.472662446875