7 0.4541348140625 0.4537180921875 0.3482889515625 0.44787538437499996 0.342967065625 0.435740346875 0.298027090625 0.4348414625 0.2938878671875 0.4469765 0.0863713625 0.44372996562499994 0.081013321875 0.491471353125 0.4440824046875 0.495066959375 0.4541348140625 0.4537180921875
6 0.23298197968749998 0.5278763484375 0.2418518546875 0.5211346828125001 0.2418518546875 0.49596584374999997 0.08326554375 0.49247175312499997 0.07510023125000001 0.5220335203124999 0.0993441796875 0.530123496875 0.23298197968749998 0.5278763484375
6 0.062682559375 0.9006934781249999 0.0418546078125 0.9004876906250001 0.0360731890625 0.9388961218749999 0.0662303875 0.9361995171874999 0.062682559375 0.9006934781249999
3 0.06741301875 0.8899067781250001 0.0668217828125 0.87147965 0.04288988125 0.8729721640625 0.042577674999999995 0.8939517671875 0.052630084375 0.8948506500000001 0.06741301875 0.8899067781250001
6 0.2290798921875 0.233279740625 0.098833521875 0.2318917453125 0.111110509375 0.26212295937499996 0.20845573437499998 0.2646310625 0.2290798921875 0.233279740625
7 0.9063716734374999 0.10285781875 0.54946494375 0.0980839390625 0.5392646156249999 0.13985248749999998 0.9063716734374999 0.142360590625 0.9063716734374999 0.10285781875
2 0.30092700625 0.2939453125 0.30478504375000004 0.296875 0.49640095781250004 0.2958984375 0.49640095781250004 0.0986328125 0.30478504375000004 0.09765625 0.30092700625 0.1005859375 0.30092700625 0.2939453125
4 0.5172336578125 0.8841885484375 0.62987581875 0.883943925 0.629232065625 0.86730993125 0.9378713484375 0.8592375656250001 0.93594033125 0.8142280265625 0.563142740625 0.8187168453125 0.5629341546875 0.8330635328125 0.5136935171875 0.8350205015625001 0.5172336578125 0.8841885484375
4 0.5127279765625 0.7981033281250001 0.51015334375 0.8110680718750001 0.60187614375 0.8203634875000001 0.9221014578125001 0.8127803921875 0.9195267921875001 0.8029957046874999 0.9378713484375 0.7973695125 0.933365665625 0.77535395 0.8615965624999999 0.7741308484375 0.5642696703125 0.7776404140625 0.5500608234375 0.7866063203125 0.5687271703125 0.79908183125 0.5127279765625 0.7981033281250001
4 0.611209334375 0.7768417234375 0.613462175 0.76118619375 0.9372276984375001 0.7592292515625 0.9372276984375001 0.7274290406249999 0.716127375 0.7271844171875 0.559761953125 0.7275785140625 0.5597158046875 0.7428399203125 0.5111188 0.7465091828125 0.512406184375 0.7753739859375 0.611209334375 0.7768417234375
4 0.5413712484375 0.731118365625 0.5664743296875 0.7259814046875 0.70775969375 0.727938309375 0.7190239 0.7259814046875 0.7080815171875 0.7073904703125 0.812034153125 0.7149736046874999 0.940446015625 0.71008129375 0.9407680453125 0.6782810312499999 0.9262853171875 0.674856390625 0.89313634375 0.677302578125 0.7766322703124999 0.6775471890625 0.684909521875 0.677302578125 0.5587503484375 0.6775471890625 0.561452346875 0.686074203125 0.5568193484374999 0.6963827078125 0.51433715 0.696871946875 0.515946359375 0.723779853125 0.5413712484375 0.731118365625
4 0.5783822546875 0.676608809375 0.7756667625 0.6788104015624999 0.7766322703124999 0.6641333375 0.9369058750000001 0.6616872015624999 0.9410898703124999 0.6281746187499999 0.7515292578125 0.6303761703124999 0.5620158109375 0.6300219890625 0.5635778375 0.6460316984375 0.508865959375 0.6445639640625 0.509187834375 0.6780765468750001 0.5783822546875 0.676608809375
4 0.5590721890625 0.5459832640625 0.56486520625 0.56579724375 0.515946359375 0.5653080125 0.5133716421875001 0.6313546750000001 0.5638996625 0.6298869375 0.7460579984375 0.6313546750000001 0.7457053124999999 0.6154740859375 0.9381931734375 0.610806809375 0.9372276984375001 0.548429434375 0.5590721890625 0.5459832640625
4 0.1873951828125 0.6094570171875 0.1814448265625 0.59400484375 0.5057317515624999 0.5977736546875 0.5067235828125 0.54501010625 0.12538306875 0.542174071875 0.12491778125 0.55669346875 0.0758284390625 0.559708521875 0.07929939999999999 0.6075726125 0.1873951828125 0.6094570171875
4 0.07334925625 0.6573211031249999 0.23450096718750002 0.6576979953125 0.2354927984375 0.6448839578125 0.5062277468749999 0.648275896875 0.5092027125 0.6105876515625 0.1262512015625 0.6074383828125 0.130372140625 0.6230247953125 0.0773160015625 0.6237785375 0.07334925625 0.6573211031249999
4 0.45614673124999994 0.7255368671875 0.4526757703125 0.712722809375 0.503748353125 0.71083839375 0.5057317515624999 0.6592054984375 0.1262512015625 0.65622180625 0.125909453125 0.6750345624999999 0.07483681875 0.6723963859375 0.07186164218749999 0.72365245 0.45614673124999994 0.7255368671875
4 0.07334925625 0.7925910046875 0.221112959375 0.79070665 0.2161544359375 0.7714855843749999 0.504740184375 0.7778925921875001 0.504740184375 0.727013459375 0.1227786734375 0.7261007640625 0.1224384921875 0.7394506046875 0.07334925625 0.7394506046875 0.07334925625 0.7850534031249999 0.07334925625 0.7925910046875
4 0.0817786875 0.862252490625 0.11103393749999999 0.855091740625 0.3644141875 0.85886055 0.355984596875 0.8407701781249999 0.4997816609375 0.8422777328125 0.49878982968749996 0.7872528671875 0.12017427656249999 0.7926835453125001 0.12144682031250001 0.8068507828125 0.072853340625 0.8076045453124999 0.07334925625 0.8520767109375 0.0817786875 0.862252490625
4 0.170040378125 0.8878805421875 0.16904854687499998 0.8728052 0.49581486406249997 0.8769509015624999 0.49878982968749996 0.8520767109375 0.12017427656249999 0.8572886203125 0.12045509375 0.8679057765625 0.0768202171875 0.8701670234375 0.0812829046875 0.8908955515624999 0.170040378125 0.8878805421875
4 0.39714039687499997 0.94328226875 0.397636128125 0.9270762734375 0.5017649546875 0.922930571875 0.499285825 0.8875036109375 0.1227786734375 0.8869542156250001 0.122934434375 0.9014482609375 0.0773160015625 0.9037096078125 0.0783077265625 0.9380059140625001 0.39714039687499997 0.94328226875
4 0.164703315625 0.1833068375 0.2836949734375 0.1747111109375 0.28812014218750004 0.07529963437500001 0.23157458281249998 0.069693725 0.0657946234375 0.0806872984375 0.0589877953125 0.1990033859375 0.1622448890625 0.1978822578125 0.164703315625 0.1833068375
4 0.22026560781249999 0.355533934375 0.22911610468750002 0.340211121875 0.2851700828125 0.34619075625 0.2836949734375 0.2860206515625 0.08042931875 0.285300578125 0.06537983750000001 0.3073230609375 0.0673467109375 0.35889743749999997 0.22026560781249999 0.355533934375
4 0.07959710625000001 0.408648525 0.284241846875 0.4046084109375 0.280993525 0.35702477187500004 0.087596740625 0.3558685875 0.07014746093749999 0.373858596875 0.0666037953125 0.3933858328125 0.07959710625000001 0.408648525
4 0.4315034890625 0.35702477187500004 0.44981225625 0.35926929687500003 0.49233585 0.353433559375 0.5008996140625 0.3520868578125 0.5023762078125 0.3224593234375 0.295435903125 0.3217119328125 0.29359727812499997 0.3731852765625 0.4267787296875 0.3713896390625 0.4315034890625 0.35702477187500004
4 0.5026714390625 0.40617956875 0.5000136703125 0.3731852765625 0.30481877812499997 0.3720630078125 0.2953691015625 0.38530559375 0.2962549203125 0.40573066718749995 0.5026714390625 0.40617956875
4 0.7238974093749999 0.31982073906249997 0.5146493484375 0.31778588124999996 0.5065546515625 0.40398985468750004 0.7194677859375 0.4055610109375 0.7238974093749999 0.31982073906249997
4 0.7341360406249999 0.39501181406249997 0.7864046046875 0.3954607140625 0.7955590515625001 0.3775046703125 0.9461632640625 0.3784024453125 0.9396666171874999 0.32004519062500003 0.737186028125 0.3202696453125 0.737679753125 0.32004519062500003 0.735612634375 0.3173517765625 0.7341360406249999 0.39501181406249997
4 0.509788084375 0.300105846875 0.873223553125 0.30033030312500003 0.8776530828125001 0.284843190625 0.9405525609375 0.281251965625 0.93848544375 0.165696528125 0.55859254375 0.1599585828125 0.54729159375 0.1800613890625 0.510083440625 0.1802858265625 0.509788084375 0.300105846875
4 0.516773071875 0.5511943109375 0.55849335625 0.550637975 0.5672763890625 0.5367299109375 0.9449551484375001 0.5367299109375 0.9464188171875 0.4415986328125 0.5464532984375 0.44123544062500003 0.5057938328125 0.4599573203125 0.503598015625 0.49556193750000005 0.516773071875 0.5511943109375
4 0.5171664203125 0.9355570500000001 0.5632791593750001 0.9376362281249999 0.5683593921875 0.9221908750000001 0.9427325671875 0.916547390625 0.9368707859375001 0.8755578921874999 0.8294046093749999 0.8767460046875 0.5613246453125 0.8829395953124999 0.556245015625 0.8957556343749999 0.5195111078125 0.8921913109374999 0.5171664203125 0.9355570500000001