7 0.29932801875 0.1147230421875 0.296277465625 0.0908442765625 0.181350096875 0.0903930140625 0.182642621875 0.107151721875 0.20247150781249998 0.1118109984375 0.29932801875 0.1147230421875
7 0.2169618671875 0.1383260640625 0.20933536875 0.134831596875 0.1666269859375 0.13599641875 0.1279557421875 0.13697234375 0.1330703796875 0.15346868281249998 0.2154365328125 0.15230386093749998 0.2169618671875 0.1383260640625
7 0.391494390625 0.42136494999999996 0.3818850109375 0.4189188046875 0.3513729875 0.42323144062500007 0.35397203125 0.43534274687499996 0.3901216078125 0.43674050624999994 0.391494390625 0.42136494999999996
1 0.9617023390625 0.319764590625 0.8001731140624999 0.3155712453125 0.556735253125 0.313474578125 0.539588090625 0.31624454218750003 0.5393468390625 0.3435268640625 0.9607871734375 0.34632243749999997 0.9617023390625 0.319764590625
2 0.96444790625 0.1397581875 0.536155596875 0.135895196875 0.5311102234375 0.3057446640625 0.9649054546875 0.30749189062500004 0.96444790625 0.1397581875
7 0.7170003171875 0.5556849734375 0.71493145 0.539886125 0.436157959375 0.539886125 0.3880578734375 0.5390961796875 0.3525337546875 0.5430282953125001 0.3554739796875 0.5556849734375 0.6497636609375 0.557264871875 0.7170003171875 0.5556849734375
4 0.1066876140625 0.2645644125 0.2759958984375 0.26356599375 0.27534215781250004 0.24696895156249998 0.29495315624999996 0.2479673703125 0.2923383953125 0.167594959375 0.2387349734375 0.1645997125 0.10150374531249999 0.168558953125 0.08707661718750001 0.1861888296875 0.0923061875 0.262068375 0.1066876140625 0.2645644125
4 0.21454809843749997 0.36490513281250003 0.2923383953125 0.3639066953125 0.29495315624999996 0.27005568750000003 0.251808971875 0.26556281249999997 0.105590046875 0.2658764828125 0.0909988078125 0.28603033125 0.089691428125 0.3629082953125 0.21454809843749997 0.36490513281250003
4 0.086279646875 0.47011907031250005 0.090109146875 0.5124407343749999 0.12468258593749999 0.5116642015624999 0.1251910109375 0.4972981296875 0.292973984375 0.49690983437499997 0.29399087343749997 0.370333003125 0.22711564375 0.3656737375 0.104373240625 0.36690926875 0.10536214531250002 0.38392254062500003 0.0906175734375 0.38392254062500003 0.086279646875 0.47011907031250005
4 0.09136398125 0.5332804531249999 0.090347090625 0.5961805859375 0.2499951390625 0.597345415625 0.2499951390625 0.5802614484374999 0.2937203921875 0.5802614484374999 0.29321200625 0.5165847218749999 0.10407481249999999 0.51425509375 0.10458323750000001 0.5332804531249999 0.09136398125 0.5332804531249999
4 0.09136398125 0.7317279906249999 0.0867880734375 0.79928740625 0.0888218140625 0.8493745953125 0.086279646875 0.8979086421875 0.08373748125 0.94178341875 0.29016137343750004 0.94644270625 0.29524570781250004 0.6461457421875 0.29422885625 0.6022709515625 0.24948671406249998 0.5996831328125001 0.1315301765625 0.5969652078125 0.1037375921875 0.600291121875 0.09085551562500001 0.6159905593749999 0.08983866406249999 0.6672425328125 0.09136398125 0.7317279906249999
4 0.3953043015625 0.20635332812499999 0.5137693046875 0.20712987656249998 0.51580300625 0.1694674390625 0.5132608390625 0.1318050109375 0.3942874515625 0.1306401890625 0.30968724999999997 0.13061620625 0.311412815625 0.22499040468749998 0.3942874515625 0.22421387187500003 0.3953043015625 0.20635332812499999
4 0.310904390625 0.4067821578125 0.4095404484375 0.40600562343749996 0.4100488734375 0.3904747234375 0.511735525 0.39008645625 0.514277690625 0.2316712625 0.5107186734375 0.22740025625000002 0.470552478125 0.22740025625000002 0.35157905 0.2262354421875 0.3249427796875 0.2291120828125 0.328699553125 0.24564906718750001 0.3098875390625 0.24487251875 0.310904390625 0.4067821578125
4 0.311412815625 0.512026840625 0.3978464671875 0.5139682031249999 0.5137693046875 0.5128033890625 0.5122439890625 0.45145632812500003 0.44004648281250003 0.44679706250000006 0.3249427796875 0.4493934984375 0.328191128125 0.46776378437500005 0.310904390625 0.46776378437500005 0.311412815625 0.512026840625
4 0.5856265109375001 0.4676044703125 0.7391733765625 0.46993409843749995 0.7361227453125 0.359276434375 0.7178191953125 0.3546171609375 0.635452984375 0.353452346875 0.5308924375 0.355264434375 0.5358000359374999 0.48430016875000004 0.5856265109375001 0.483911903125 0.5856265109375001 0.4676044703125
4 0.5363085015625 0.5176916281249999 0.7381565250000001 0.519632990625 0.7386649125 0.48779462812499996 0.550597496875 0.4862688015625 0.5525783484375 0.5068199875 0.5352916109375 0.5037137953124999 0.5363085015625 0.5176916281249999
4 0.7894088734375 0.45080235 0.9622762187499999 0.4519671640625 0.960750903125 0.4096454546875 0.9571918859374999 0.40110345625 0.9561750359375001 0.3587817546875 0.75591150625 0.35720524062500003 0.7568691765625 0.4690511453125 0.7883920234375 0.4674980640625 0.7894088734375 0.45080235
4 0.7573776015625 0.6342157046875 0.8605895671875 0.6338274234375 0.8610979546875001 0.617519975 0.933803925 0.6206261671875 0.9622762187499999 0.617519975 0.9627846046874999 0.563161825 0.9617677546875001 0.47580051718750005 0.8621148828124999 0.4711412453125 0.7724383312499999 0.4736535671875 0.7751727671875 0.486283871875 0.75941134375 0.48550733125 0.7573776015625 0.6342157046875
4 0.7553438609375001 0.7482167953125 0.91143289375 0.7486050765625001 0.9104160421874999 0.731909346875 0.9592255875 0.731909346875 0.9597340531249999 0.6395004937500001 0.8005944296875 0.6363943171875001 0.7705313890625 0.638622028125 0.7721221734375 0.65541966875 0.7578860281249999 0.6550313937500001 0.7553438609375001 0.7482167953125
4 0.7553438609375001 0.94787860625 0.9612593671875 0.9474903390625 0.9602424390625 0.753742353125 0.8951630453125 0.7498596281250001 0.7711670359375 0.75361475 0.773139025 0.7708263343749999 0.7578860281249999 0.7712146171875001 0.7553438609375001 0.94787860625
6 0.9857852765624999 0.9361268921875 0.9862012921875 0.9078535890625 0.9674433015625 0.9067884093749999 0.9666496734375001 0.933267790625 0.9683136734375 0.9386683093749999 0.9857852765624999 0.9361268921875
3 0.9824573375 0.8916520421874999 0.9710838265625 0.890909090625 0.971225596875 0.8983232640625 0.982873353125 0.8989586218750001 0.9824573375 0.8916520421874999
4 0.33501451875 0.587086825 0.333766565625 0.6830254328125 0.412388809375 0.6833431062499999 0.412388809375 0.6668238734374999 0.7123182015625 0.667776915625 0.7143981562499999 0.5721559796875 0.65875186875 0.5680261734375 0.627968571875 0.56866153125 0.6055050921875 0.57120295 0.522722875 0.57120295 0.508995196875 0.5683438468750001 0.48985959218749997 0.57120295 0.47155602031250005 0.5689792046875 0.38027875 0.5701468843749999 0.38243748125 0.58772218125 0.3571585390625 0.5851807640625 0.33501451875 0.587086825
4 0.331783071875 0.761461240625 0.33427904218750004 0.78338098125 0.4037495015625 0.7830633078125 0.4045814703125 0.7665441000000001 0.5006753796875001 0.7687678203125 0.71158275625 0.76432033125 0.711998709375 0.6887130875 0.700350953125 0.68617166875 0.6400322796875 0.6852186390624999 0.4703080359375 0.68617166875 0.37507800156250004 0.68765383125 0.3762941109375 0.7042792890625 0.33427904218750004 0.704914634375 0.331783071875 0.761461240625
4 0.33427904218750004 0.8050208812499999 0.33427904218750004 0.8342472140625 0.439940690625 0.8336118562499999 0.4407726921875 0.8186810109374999 0.5672338828125 0.81931636875 0.712414725 0.8155042359375001 0.71324669375 0.787866296875 0.6075850453125 0.7885016484375 0.6000971984375 0.7850071953125 0.5951053203125001 0.7885016484375 0.521474921875 0.789454684375 0.513987075 0.78596023125 0.50857918125 0.789454684375 0.41456525624999996 0.7900900359375 0.4054134703125 0.78596023125 0.3761181515625 0.7892814609375 0.37754206562500003 0.8059739109375 0.3509186765625 0.8024794562500001 0.33427904218750004 0.8050208812499999
4 0.335526996875 0.8577553421875 0.33594298125 0.8739569015624999 0.33469502812499996 0.90826609375 0.33303105781250003 0.9339979546875 0.5693138375 0.9352686703125 0.568897884375 0.9171610375 0.6936951375 0.918749425 0.71324669375 0.9152549765625 0.7153266484375 0.8374239890625 0.6271366031250001 0.8355179156249999 0.479459821875 0.8355179156249999 0.3787185265625 0.8381103609375 0.3808700046875 0.8517194765625 0.33677498125 0.85426089375 0.335526996875 0.8577553421875