2 0.46825867031249996 0.7060768390625001 0.05405346875 0.7060768390625001 0.05405346875 0.9198322515624999 0.46825867031249996 0.9198322515624999 0.46825867031249996 0.7060768390625001
2 0.9100650281249999 0.6546699140625 0.7205997109375 0.6546699140625 0.7205997109375 0.9198322515624999 0.9100650281249999 0.9198322515624999 0.9100650281249999 0.6546699140625
2 0.9221098265625001 0.064848484375 0.5056358375000001 0.064848484375 0.5056358375000001 0.2868398265625 0.9221098265625001 0.2868398265625 0.9221098265625001 0.064848484375
2 0.2545592484375 0.2407142859375 0.06260838125 0.2407142859375 0.06260838125 0.4311904765625 0.2545592484375 0.4311904765625 0.2545592484375 0.2407142859375
7 0.12485549062500001 0.0621374453125 0.057658959375 0.0621374453125 0.057658959375 0.076347403125 0.12485549062500001 0.076347403125 0.12485549062500001 0.0621374453125
7 0.39596820781250003 0.063490259375 0.2888872828125 0.063490259375 0.2888872828125 0.082353896875 0.39596820781250003 0.082353896875 0.39596820781250003 0.063490259375
7 0.1730563578125 0.45175324687499996 0.0504407515625 0.45175324687499996 0.0504407515625 0.4702813859375 0.1730563578125 0.4702813859375 0.1730563578125 0.45175324687499996
7 0.61083815 0.2921212125 0.5056358375000001 0.2921212125 0.5056358375000001 0.3093939390625 0.61083815 0.3093939390625 0.61083815 0.2921212125
7 0.542557803125 0.8440692640625 0.49660404687500004 0.8440692640625 0.49660404687500004 0.8596969703124999 0.542557803125 0.8596969703124999 0.542557803125 0.8440692640625
7 0.6586560687499999 0.41961580156249995 0.54114161875 0.41961580156249995 0.54114161875 0.43687770625000005 0.6586560687499999 0.43687770625000005 0.6586560687499999 0.41961580156249995
6 0.038793353125 0.8822727265625 0.022131503125 0.8822727265625 0.022131503125 0.91521645 0.038793353125 0.91521645 0.038793353125 0.8822727265625
3 0.03760838125 0.8598863640625 0.02239161875 0.8598863640625 0.02239161875 0.876347403125 0.03760838125 0.876347403125 0.03760838125 0.8598863640625
4 0.24543589375 0.6977859390625001 0.25315455781249996 0.47900715624999995 0.0822411546875 0.476530384375 0.076727834375 0.4955187203125 0.051366473437500004 0.49469316093750004 0.0491611328125 0.699437059375 0.24543589375 0.6977859390625001
4 0.47368797812499996 0.6887045515625 0.4714826375 0.4600187734375 0.277413246875 0.4591932140625 0.269694584375 0.6977859390625001 0.3590106171875 0.6986114999999999 0.3590106171875 0.6870533859375 0.47368797812499996 0.6887045515625
4 0.48802266406249994 0.08222051875 0.3182119015625 0.0830461015625 0.3138012203125 0.097906546875 0.2829265671875 0.10120885625 0.2756579453125 0.3743285203125 0.33254658593749997 0.37447596875 0.334751928125 0.36126664375 0.4792013 0.3604410828125 0.48802266406249994 0.08222051875
4 0.26748924218750003 0.1978017484375 0.260873221875 0.180464578125 0.26418120156249997 0.1507436875 0.2564625390625 0.092127490625 0.2564625390625 0.08222051875 0.088857178125 0.0813949359375 0.0866518359375 0.0970809640625 0.06018780781250001 0.0987321296875 0.0579824671875 0.2333016953125 0.0594350859375 0.23393694843750001 0.17155718749999999 0.2349528609375 0.172659828125 0.21926685625000003 0.25977058125 0.21761569062500002 0.26748924218750003 0.1978017484375
4 0.70542668125 0.3106424578125 0.530834621875 0.311257440625 0.505943271875 0.3257150359375 0.5041131437499999 0.387375646875 0.70542668125 0.390116125 0.70542668125 0.3106424578125
4 0.9250414515625 0.3058466375 0.7242624 0.30262739375000003 0.7228128765624999 0.3894309875 0.9003347921874999 0.391486328125 0.9296167484375 0.3743583890625 0.9250414515625 0.3058466375
4 0.60202474375 0.5826342 0.7035965515625 0.5819490609375 0.7045116421875 0.4428701796875 0.530834621875 0.44132457187499996 0.5031980796875 0.4599981171875 0.4967926546875 0.59496631875 0.5965343578125 0.597021659375 0.60202474375 0.5826342
4 0.7209700125 0.4228316140625 0.7164074015625 0.6429245515625001 0.915890859375 0.6490906109375 0.9195510671875 0.42368686406249995 0.7209700125 0.4228316140625
4 0.4967926546875 0.7219590515625 0.49496252656250006 0.8226713390624999 0.700851384375 0.8240415796875 0.69902125625 0.70757159375 0.5279047640625001 0.703460875 0.4967926546875 0.7219590515625
4 0.505943271875 0.6150806875 0.497087646875 0.6996095375 0.7017664234375001 0.7041459765625 0.7045116421875 0.6013783296875 0.5279047640625001 0.6013783296875 0.505943271875 0.6150806875
4 0.6907857015625 0.8726849515625 0.5201343609375 0.8703611734375001 0.49130229375 0.886387309375 0.4903872296875 0.91721760625 0.6907857015625 0.9226985265625001 0.6907857015625 0.8726849515625