3 0.97868459375 0.8710656625000001 0.9625944765625001 0.8710656625000001 0.9625944765625001 0.8886975250000001 0.97868459375 0.8886975250000001 0.97868459375 0.8710656625000001
6 0.980610465625 0.8957158234374999 0.9596802328124999 0.8957158234374999 0.9596802328124999 0.92607104375 0.980610465625 0.92607104375 0.980610465625 0.8957158234374999
7 0.96105896875 0.7601018749999999 0.7500016859375 0.7569820109375 0.7471922734375 0.77518116875 0.958951934375 0.77622113125 0.96105896875 0.7601018749999999
4 0.96105896875 0.77960096875 0.7496793546875 0.7792031296874999 0.7468410703125 0.9257142375 0.95860073125 0.928834053125 0.96105896875 0.77960096875
7 0.8465753093749999 0.43775625625 0.7545975890625 0.43363499687499996 0.74824578125 0.44997568593750004 0.8381471140625001 0.454395471875 0.8465753093749999 0.43775625625
4 0.83674235625 0.717109378125 0.9621125046874999 0.7183462734375 0.9631660406250001 0.4588152859375 0.7478350171875 0.4545785203125 0.74648989375 0.7303687625 0.83498646875 0.73192865625 0.83674235625 0.717109378125
2 0.96105896875 0.1291900015625 0.76074538125 0.1244903828125 0.757025225 0.42775069375 0.9564936968750001 0.4282706796875 0.96105896875 0.1291900015625
7 0.8830377593750001 0.08464595312499999 0.5090342718749999 0.08074613281250001 0.5009572062500001 0.1090848109375 0.877770040625 0.1122046765625 0.8830377593750001 0.08464595312499999
2 0.5195696328125 0.12965537656249998 0.31195654375 0.126311559375 0.310619328125 0.2838282765625 0.5181648734375 0.2833082890625 0.5195696328125 0.12965537656249998
7 0.7264127703125001 0.12549554999999998 0.5363509625 0.1231245 0.534670190625 0.140054884375 0.7221987390625 0.1392749296875 0.7264127703125001 0.12549554999999998
7 0.42580539531249995 0.2932507984375 0.3095658203125 0.2898709609375 0.30921464374999996 0.30521028437500003 0.42053769687500003 0.30677017812499996 0.42580539531249995 0.2932507984375
7 0.5676808234374999 0.497238884375 0.704991071875 0.4977589 0.70709814375 0.48085964218750005 0.5302031703125001 0.47825380781250004 0.5279978437499999 0.5112782375 0.5641690484375 0.5089383484375001 0.5676808234374999 0.497238884375
7 0.4328288859375 0.6676255546875 0.30642353125 0.6644690468750001 0.3057028515625 0.680364965625 0.43037064999999997 0.683484821875 0.4328288859375 0.6676255546875
2 0.7316805265624999 0.6791280000000001 0.5302031703125001 0.6781278671875001 0.525188403125 0.9545497734374999 0.7292222875000001 0.9594895734375 0.7316805265624999 0.6791280000000001
4 0.74783465625 0.1432062375 0.5326622859375 0.1422468484375 0.5272954750000001 0.4729654984375 0.7408110328124999 0.4758253609375 0.74783465625 0.1432062375
4 0.4999037265625 0.6223246062500001 0.517462521875 0.6186847734375001 0.520974334375 0.3099215375 0.301505296875 0.3093397390625 0.3018399296875 0.6319442015625001 0.49463606562500007 0.6363639734375 0.4999037265625 0.6223246062500001
4 0.7425669015625 0.5180694421875 0.5701390609375 0.5126096953125 0.525899715625 0.5146773265625 0.5294025484375 0.6446836109375 0.7355434671875 0.6470234593749999 0.7425669015625 0.5180694421875
4 0.3625935328125 0.9141886390625 0.5164089875 0.91574863125 0.5188672249999999 0.6885190609375 0.3027348546875 0.6845019812500001 0.3011375515625 0.9266996000000001 0.3597840921875 0.9295594375 0.3625935328125 0.9141886390625
4 0.2913790046875 0.4188412546875 0.29643401406250003 0.145223509375 0.07998975781249999 0.141458453125 0.0786086078125 0.41577924062499994 0.26702287187499996 0.4202021203125 0.2913790046875 0.4188412546875
7 0.22750195624999997 0.1244289859375 0.0827445265625 0.11966593437499999 0.0735536453125 0.1387181234375 0.21739178906249998 0.14212034375 0.22750195624999997 0.1244289859375
2 0.290459790625 0.4291714265625 0.0856212203125 0.4268436484375 0.0818254359375 0.566279309375 0.28816217499999996 0.570021665625 0.290459790625 0.4291714265625
7 0.2435861015625 0.5871150390625 0.0832077375 0.5835374 0.0804467875 0.598342253125 0.23945005937500002 0.6058270203125 0.2435861015625 0.5871150390625
2 0.28218804999999997 0.7692965296875001 0.08159874687499999 0.7646586937500001 0.0864209625 0.9213740203125 0.2831070171875 0.9220544171875 0.28218804999999997 0.7692965296875001
4 0.1365115296875 0.7497804796875001 0.13926882499999998 0.73583155 0.2927575046875 0.7382130765625 0.295974334375 0.730728271875 0.28954067656250004 0.6072290921875 0.27161835 0.600424759375 0.24266688749999998 0.6082497703125 0.0944706625 0.6020070046875 0.075391778125 0.621178040625 0.0707963015625 0.7508011390625 0.1365115296875 0.7497804796875001