2 0.3529254421875 0.064453125 0.0721594765625 0.064453125 0.06822350625 0.0673828125 0.065599525 0.1669921875 0.065599525 0.5146484375 0.0695354953125 0.517578125 0.21385445 0.51953125 0.46969259531249996 0.5185546875 0.47494055625 0.5146484375 0.4775645375 0.0693359375 0.47362856718749996 0.06640625 0.3529254421875 0.064453125
2 0.9302012562499999 0.06640625 0.5313561484375 0.06640625 0.5247961953125 0.0771484375 0.5221722140625 0.5146484375 0.5313561484375 0.51953125 0.9288892671875001 0.5185546875 0.9341372296875001 0.5009765625 0.936761209375 0.2880859375 0.9341372296875001 0.0693359375 0.9302012562499999 0.06640625
1 0.8542109578125 0.076565646875 0.6223865078124999 0.074961496875 0.6281284953124999 0.10490576874999999 0.8542109578125 0.101697453125 0.8542109578125 0.076565646875
1 0.4666407046875 0.0974197046875 0.4530041609375 0.0674754328125 0.08598607968750001 0.0667993875 0.08911860625 0.09635026249999999 0.43721405625000004 0.10223215625 0.4666407046875 0.0974197046875
7 0.219026378125 0.643157728125 0.062111026562500005 0.6392242515625 0.0568211921875 0.6731019859375 0.22046185624999998 0.6720325390624999 0.219026378125 0.643157728125
7 0.5987018484375 0.860788284375 0.5333291906250001 0.8627656765625 0.5154460375000001 0.8918020609375 0.6087499640625 0.8966144984375 0.5987018484375 0.860788284375
6 0.059692071874999995 0.9335100609375001 0.06399831406249999 0.8880590296875001 0.038235971875000004 0.8861486703124999 0.036007221875 0.8864548640625 0.02739446875 0.9351142828125001 0.059692071874999995 0.9335100609375001
3 0.05897425625 0.8618578031249999 0.0294399 0.8599597171875001 0.028112284375 0.88271183125 0.05897425625 0.8795034453125 0.05897425625 0.8618578031249999
4 0.0773177875 0.9287536234375 0.0839492546875 0.93832601875 0.49012689375 0.941413925 0.4913703015625 0.9222691 0.265071234375 0.9216515109375001 0.2667292296875 0.9077561 0.49178475625000007 0.9083737203125001 0.4934425296875 0.8583502296875001 0.24517694375 0.8605117375000001 0.0852114078125 0.8606487906250001 0.078561128125 0.8750247046874999 0.052035303125 0.8802741187500001 0.0549365703125 0.9395611625000001 0.0773177875 0.9287536234375
4 0.49592943125 0.8256188515625 0.4888834875 0.8160464546874999 0.0839492546875 0.8154288828125 0.08975179062500001 0.8308681828125 0.053693118750000005 0.828706675 0.0503773734375 0.858659040625 0.24061781249999997 0.864217165625 0.23977372031250002 0.852006809375 0.49468602500000003 0.846925103125 0.49468602500000003 0.8444548515625 0.49592943125 0.8256188515625
4 0.07441651875000001 0.8176157015625 0.17886218125 0.8182332734375001 0.1796911328125 0.8012500031249999 0.492199121875 0.805264225 0.4938569828125 0.73640471875 0.082308828125 0.7434419125 0.0851926609375 0.7555495453125001 0.05576545625 0.7546231484375 0.053693118750000005 0.8126750984375001 0.07441651875000001 0.8176157015625
4 0.4984162453125 0.6987327453125001 0.49054126093750006 0.67773523125 0.0889228609375 0.678044009375 0.084778140625 0.691321865625 0.052035303125 0.6959536578125001 0.052449710937500005 0.742271671875 0.168914925 0.741962928125 0.1679348984375 0.7234573296875 0.496343796875 0.729920196875 0.496343796875 0.7262148015625 0.4984162453125 0.6987327453125001
4 0.9276486281249999 0.7616183171875 0.9575090890625001 0.7574706359375 0.962570190625 0.5418217750000001 0.51519885 0.5397947578125 0.5015045359375 0.7751925140625 0.91600825 0.7740613609375 0.9276486281249999 0.7616183171875
4 0.5205273296875 0.7837953203125 0.5071928156250001 0.7873615390625 0.5061671375000001 0.8518082187499999 0.9441530296874999 0.8541007859375 0.952358821875 0.780229103125 0.9458625234375001 0.7723324578125 0.5366125375 0.7750345921874999 0.5369389359375 0.775134503125 0.5372808906250001 0.7886351765625 0.5205273296875 0.7837953203125
4 0.5069904828125 0.910939609375 0.50467834375 0.9449610296875001 0.916818709375 0.95099013125 0.9503448156250001 0.9393625203125 0.9462985578125 0.9044799171875001 0.531745003125 0.9042643781249999 0.5353142937500001 0.9044799171875001 0.5335803593749999 0.9234285171875 0.5069904828125 0.910939609375
4 0.44413855 0.6252195421875 0.49747098906250004 0.6270820625 0.499971053125 0.542026628125 0.050647110937499996 0.5377854515625 0.042061032812499996 0.63546339375 0.4374719640625 0.6398092890625 0.44413855 0.6252195421875