2 0.0635423078125 0.057177028124999994 0.0622598734375 0.3848199359375 0.6290514046875 0.386136078125 0.6318425828125 0.06351813125 0.0635423078125 0.057177028124999994
1 0.099036084375 0.3959550265625 0.0995677234375 0.388534853125 0.0977070125 0.38833430468749996 0.054883392187500005 0.38863231875 0.05451200625 0.400066209375 0.098371553125 0.3997653921875 0.099036084375 0.3959550265625
2 1 0.0657488328125 0.6555355171875 0.064445884375 0.6544282890625001 0.0646569171875 0.64909081875 0.38764959062500004 1 0.3904447859375 1 0.0657488328125
1 0.66247445 0.39540834375 0.6522327140625 0.3961107921875 0.653908634375 0.406787975 0.683144103125 0.409457275 0.741242640625 0.41184558750000005 0.8099553390625 0.41015971406249996 0.8134933734375001 0.40959775781249996 0.8146106609375 0.39751568437499996 0.6732319328124999 0.39505724062500003 0.6729023921875 0.39231758125 0.6628468890625 0.39231758125 0.66247445 0.39540834375
2 0.060883310937500004 0.47947007968750005 0.05953300625 0.7120535859375 0.33744915 0.7143560124999999 0.33827381875 0.480450246875 0.060883310937500004 0.47947007968750005
6 0.3232253 0.7280345046875001 0.3237865828125 0.716318565625 0.31985755625 0.7153304734375 0.31387045156250004 0.7153304734375 0.311251090625 0.7170243468749999 0.2315478234375 0.716318565625 0.2251865265625 0.716883196875 0.2235268890625 0.7175776359375 0.22537361718749999 0.7277521921875 0.2568059078125 0.729728378125 0.29478654843749996 0.730293009375 0.3232253 0.7280345046875001
7 0.2980959359375 0.75460471875 0.263236509375 0.7488760578125 0.2190582765625 0.750178028125 0.2080137078125 0.7452305328125 0.1845440265625 0.7431473828125 0.1013646734375 0.7413246171875 0.089974975 0.7480948656249999 0.091665984375 0.7940778078124999 0.13967551250000002 0.8038191875 0.28498049375 0.8051211609375001 0.29878619375 0.7907994859375 0.2980959359375 0.75460471875
4 0.0578374421875 0.9155786859375 0.067501421875 0.91974499375 0.33050003125 0.922348925 0.334986928125 0.9015174046875 0.3325709015625 0.8252219640625 0.3118623296875 0.8218368359375001 0.299782346875 0.8218368359375001 0.1724247625 0.822357621875 0.09925454218749999 0.8194932890625 0.08337799375 0.8205348625 0.088209971875 0.8353773140625 0.059908290625000006 0.8369396890624999 0.059908290625000006 0.8431891421875 0.0578374421875 0.9155786859375
2 0.3578313359375 0.5733848984375001 0.3529610921875 0.9748389906250001 0.9291412687499999 0.9812204671875 0.93068805625 0.578295428125 0.3578313359375 0.5733848984375001
1 0.5407287843749999 0.5721284953125 0.5397097984375 0.5608529296875 0.5179711109375 0.5607248031250001 0.515763278125 0.55752151875 0.5067621124999999 0.55739338125 0.5023464484375 0.5599560109375 0.4084285796875 0.5584184328124999 0.3663099015625 0.5580340406250001 0.3627434 0.5590590890625 0.363762396875 0.5695658625 0.3645188578125 0.5707409546875 0.39059607500000004 0.572897284375 0.42082641406250004 0.57276915 0.5065922734375 0.5743067296875 0.5407287843749999 0.5721284953125
4 0.5430730031250001 0.552638659375 0.581941084375 0.5527564265625 0.5833459546875 0.5409796546875 0.5667997296875 0.5398019734374999 0.540887646875 0.5398019734374999 0.5354242640625 0.5375643859375 0.5263706531250001 0.53732885 0.524341378125 0.538506528125 0.4757953125 0.5356801046874999 0.47080021250000004 0.5367400140624999 0.46955144375 0.538035459375 0.436771128125 0.5362689406250001 0.42365900625 0.5377999250000001 0.4047712953125 0.5377999250000001 0.3893177203125 0.5375643859375 0.38557140156249997 0.5447482203125 0.3861306390625 0.5480418078125 0.39896536562499996 0.551696515625 0.4311212953125 0.551696515625 0.47841859218750005 0.55122544375 0.5430730031250001 0.552638659375
4 0.407961159375 0.533580925 0.4299852421875 0.5355357609375 0.43970170937499997 0.5356986703125 0.4738174203125 0.5348841515625 0.5219680546875 0.5365131828124999 0.52797471875 0.5182680125 0.549998771875 0.5200599484375 0.6358197546875 0.520385759375 0.6377630546875 0.42434276562499995 0.569531665625 0.42417986250000006 0.5647813796875 0.42075889375 0.554848953125 0.42141051249999995 0.5518260390624999 0.4253201875 0.5151192578125 0.42385406249999996 0.38729335625 0.422062121875 0.362152534375 0.4223240875 0.3598561078125 0.5159672343749999 0.3589064421875 0.5346178359375 0.3604582796875 0.536350275 0.407961159375 0.533580925
4 0.69452954375 0.521600878125 0.7130596375 0.5204587171874999 0.7419716359375 0.52123313125 0.8123415749999999 0.522265684375 0.8651278578125 0.5217494078125 0.8817223296875 0.5220075468750001 0.8851438546875 0.524201725 0.8960927812499999 0.523556384375 0.9111475390624999 0.5239435859375 0.926373378125 0.5221366187500001 0.9272287640625001 0.4283861625 0.826293403125 0.42864430000000003 0.8213321984374999 0.42464314375 0.793617728125 0.425159421875 0.7925912703125 0.42761174375 0.69607400625 0.42670825468749995 0.6789663359375 0.42670825468749995 0.676400175 0.424514075 0.663740490625 0.4243850046875 0.663740490625 0.42670825468749995 0.65430255625 0.4271075171875 0.653855971875 0.5160798921875001 0.6613794109375 0.51840808125 0.67336988125 0.5207139984375 0.69452954375 0.521600878125
4 0.6533291218749999 0.545254028125 0.6548618078125 0.5510357078125 0.6580974609375 0.55244900625 0.86330626875 0.5543762390625 0.9252442249999999 0.5546332031250001 0.925521434375 0.5264970359375 0.9146223687499999 0.525726140625 0.8921301500000001 0.5241598703125 0.8861965828124999 0.5241598703125 0.8824113953125 0.52655253125 0.834738340625 0.525935071875 0.7764307203125 0.5247773312499999 0.77264553125 0.5223074890625 0.7657302796875001 0.5231564984375 0.7653210640625 0.52500888125 0.707564278125 0.5252404281249999 0.707257375 0.5220759390625 0.6966178937499999 0.521921575 0.6925257921875 0.5225390359375 0.6838300640625 0.5241598703125 0.681579403125 0.5271699953125 0.681428253125 0.5398577999999999 0.66797473125 0.5398577999999999 0.6548618078125 0.5403717203125 0.6533291218749999 0.545254028125
6 0.0889695125 0.4487309953125 0.10106737343750001 0.45493049531249996 0.249665521875 0.45355282812500003 0.260165553125 0.452863996875 0.2606220890625 0.4406372046875 0.25126340156250004 0.43805407656249995 0.16840446874999998 0.4346099109375 0.1686327359375 0.4216942875 0.14580660625 0.4182501171875 0.0743607921875 0.4182501171875 0.06017325 0.42246457968750006 0.0613499046875 0.4325434203125 0.0846325546875 0.43581537031249995 0.0878282171875 0.4392595375 0.0889695125 0.4487309953125