2 0.910901346875 0.3974609375 0.9308117593749999 0.3408203125 0.9333005609375 0.2900390625 0.9532109734375 0.1923828125 0.9532109734375 0.1591796875 0.9482333703125001 0.1494140625 0.9395225640625 0.14453125 0.9295673593749999 0.14453125 0.9183677515625 0.1533203125 0.9084125468750001 0.1708984375 0.8984573390625 0.2158203125 0.8872577343750001 0.21875 0.8934797375000001 0.0810546875 0.8822801296874999 0.068359375 0.8623697171875 0.068359375 0.8486813109375 0.0791015625 0.84370370625 0.0888671875 0.8188156921875 0.2080078125 0.8101048875 0.216796875 0.8038828828125 0.1611328125 0.8088604859374999 0.0576171875 0.8038828828125 0.0419921875 0.7926832765625 0.033203125 0.7827280703125 0.03125 0.7640620593749999 0.0419921875 0.7541068531249999 0.0595703125 0.7416628453125 0.1630859375 0.744151646875 0.2177734375 0.73792964375 0.234375 0.7267300359375 0.2158203125 0.724241234375 0.1806640625 0.711797228125 0.1396484375 0.7093084265625 0.0947265625 0.701842021875 0.0654296875 0.690642415625 0.0546875 0.6781984078125001 0.052734375 0.6669988015625 0.0595703125 0.659532396875 0.0712890625 0.65455479375 0.1728515625 0.6669988015625 0.2568359375 0.6620211968749999 0.3076171875 0.6582879953125 0.310546875 0.65455479375 0.3076171875 0.639621984375 0.2744140625 0.624689175 0.2548828125 0.608511965625 0.2421875 0.58362395 0.232421875 0.5637135390625 0.232421875 0.5525139328125 0.2412109375 0.5525139328125 0.2509765625 0.5948235578125 0.3408203125 0.6072675640625 0.3876953125 0.6520659921874999 0.4716796875 0.6844204109375001 0.5205078125 0.7080640265625 0.533203125 0.745396046875 0.544921875 0.765306459375 0.548828125 0.8138380890624999 0.5478515625 0.857392115625 0.5390625 0.8636141187499999 0.5341796875 0.8934797375000001 0.4736328125 0.910901346875 0.3974609375
0 0.9606773765625001 0.9189453125 0.9606773765625001 0.7861328125 0.951966571875 0.779296875 0.78023926875 0.779296875 0.7740172656250001 0.7841796875 0.7740172656250001 0.9208984375 0.7926832765625 0.93359375 0.837481703125 0.935546875 0.86485851875 0.947265625 0.8710805234375 0.9462890625 0.8947241375000001 0.935546875 0.9395225640625 0.93359375 0.9494777703124999 0.9296875 0.9606773765625001 0.9189453125
3 0.9805877890625 0.8388671875 0.9805877890625 0.8505859375 0.9830765906250001 0.8564453125 0.9905429953124999 0.8583984375 0.9980093999999999 0.8505859375 0.9980093999999999 0.8369140625 0.98680979375 0.83203125 0.9805877890625 0.8388671875
6 0.9948368515625001 0.8574626328124999 0.98859918125 0.8574626328124999 0.9868981015625 0.8574626328124999 0.9792428687499999 0.8565718328124999 0.9756101859375 0.8740234375 0.9780989874999999 0.9033203125 0.973121384375 0.9482421875 0.9855653921875 0.9501953125 0.991787396875 0.94921875 0.9955205984375001 0.9423828125 0.9980093999999999 0.8603515625 0.9948368515625001 0.8574626328124999
7 0.15679449375 0.8681640625 0.170482903125 0.875 0.2165257296875 0.8740234375 0.21777013125 0.859375 0.170482903125 0.857421875 0.15430569375 0.8623046875 0.15679449375 0.8681640625
6 0.4044302421875 0.548828125 0.3932306359375 0.5537109375 0.3932306359375 0.5595703125 0.40194144062500003 0.564453125 0.5151819093750001 0.5634765625 0.525137115625 0.5595703125 0.525137115625 0.5517578125 0.5189151125 0.548828125 0.4044302421875 0.548828125
7 0.170482903125 0.068359375 0.1667497 0.0712890625 0.1667497 0.0830078125 0.170482903125 0.0859375 0.1879045125 0.0859375 0.1953709171875 0.08203125 0.2003485203125 0.0859375 0.23394734062500003 0.0869140625 0.255102153125 0.0859375 0.26132415625 0.0771484375 0.25883535625 0.0693359375 0.170482903125 0.068359375
7 0.22173806875 0.0950094125 0.1099614671875 0.0940720171875 0.10757480781249999 0.112819209375 0.21974926562500002 0.1062576578125 0.22173806875 0.0950094125
4 0.10742655781249999 0.2135678625 0.41739843906249996 0.2147440953125 0.42039335156249996 0.19945318750000002 0.5177276375 0.1990610609375 0.5441825578125 0.19514035937500002 0.5561621546875 0.1194696765625 0.0973781125 0.12168251249999999 0.0964453359375 0.12064592968750001 0.095946121875 0.2096471609375 0.10742655781249999 0.2135678625
4 0.09944016875 0.2296108453125 0.083966525 0.3982034609375 0.24119863593750002 0.39898763125 0.24718856718749999 0.38291246874999996 0.5366953296875 0.38451290312499997 0.5376934906249999 0.213175840625 0.142821234375 0.2115237890625 0.14636028750000002 0.2280425484375 0.11341635624999999 0.2256901015625 0.09944016875 0.2296108453125
4 0.09444866406249999 0.4157825625 0.088958028125 0.5514407921875 0.23720545468749998 0.54948043125 0.24369452187500001 0.5349736078125 0.48378533125 0.5341895015625 0.532202853125 0.533013246875 0.536196034375 0.40441241874999995 0.5262131890624999 0.39617880625 0.141947328125 0.3953212078125 0.1428662421875 0.41146973593749997 0.10592918124999999 0.4087252046875 0.09444866406249999 0.4157825625
4 0.246190140625 0.706574253125 0.302094890625 0.7069663796875 0.31357545937500003 0.7030455734375 0.31457362187500004 0.583462453125 0.09126076718750001 0.5818618718749999 0.09744363125 0.7199048828125 0.24119863593750002 0.7202969046875001 0.246190140625 0.706574253125
4 0.214560309375 0.822283028125 0.21826958749999997 0.805066284375 0.286385525 0.8048014203125 0.3059436515625 0.8034770703125 0.3103272515625 0.7192476437499999 0.10711174375000002 0.7206448609375 0.097549328125 0.7385833296875 0.089119090625 0.8212235140624999 0.214560309375 0.822283028125
4 0.31235050625 0.9381885359375 0.30021111718750004 0.9101120609375 0.098846428125 0.9147715484375001 0.0985609015625 0.954080871875 0.3056063453125 0.95116728125 0.31235050625 0.9381885359375
7 0.1278980015625 0.8947494656250001 0.08526769375 0.8948492390625 0.08878192812499999 0.91329053125 0.129246790625 0.9093174609375 0.1278980015625 0.8947494656250001
4 0.3184202375 0.6911711828125 0.31740860937500004 0.9559784 0.536593534375 0.9575676703125 0.5379425390625 0.586060290625 0.3214195875 0.5816520046875 0.320443565625 0.5818223203125 0.32078069062500003 0.582087184375 0.3184202375 0.6911711828125
4 0.586148559375 0.7258204265625 0.726764034375 0.7231716984375 0.754415146875 0.7215824703125 0.752391890625 0.58490830625 0.54340236875 0.58535848125 0.5426487078125 0.7395937499999999 0.583450909375 0.73800455 0.586148559375 0.7258204265625
7 0.5750206171875 0.744096584375 0.5416312296875 0.7447369562499999 0.5406254515625 0.7610484343749999 0.5719858421875 0.7613133000000001 0.5750206171875 0.744096584375
4 0.752391890625 0.954318425 0.7601475718749999 0.7602104078125 0.549306165625 0.7632693359375 0.541299953125 0.775529546875 0.5379278015625 0.9527291546875001 0.752391890625 0.954318425
4 0.8191538484375 0.7148601625000001 0.9564774843749999 0.720852790625 0.9793649468750001 0.7136617203125 0.9747874703124999 0.5842224671875 0.7659247421875001 0.5811552468750001 0.7573582453125 0.7262460843749999 0.8023698765624999 0.7262460843749999 0.8191538484375 0.7148601625000001
6 0.307397071875 0.8415241343750001 0.31358679375 0.8281537796875 0.297982640625 0.8168091875 0.1242837953125 0.8232918093749999 0.1655486953125 0.8285588890625 0.170706825 0.8390931578125 0.307397071875 0.8415241343750001