7 0.8343997078125 0.10309294843750001 0.5381332359375001 0.10309294843750001 0.5381332359375001 0.1431463671875 0.8343997078125 0.1431463671875 0.8343997078125 0.10309294843750001
7 0.637503028125 0.1725910703125 0.5310814546875 0.1720153796875 0.53120389375 0.185808225 0.6350870828125 0.189039078125 0.637503028125 0.1725910703125
3 0.9648535875 0.8859401703125 0.951193265625 0.8859401703125 0.951193265625 0.90292735 0.9648535875 0.90292735 0.9648535875 0.8859401703125
6 0.9628404093749999 0.9168055562499999 0.946969253125 0.9168055562499999 0.946969253125 0.9511004281250001 0.9628404093749999 0.9511004281250001 0.9628404093749999 0.9168055562499999
7 0.41852322500000005 0.2043819625 0.4205363609375 0.18764021875 0.32314000468750004 0.1869317078125 0.32229018125 0.202619675 0.3536968609375 0.208787678125 0.41852322500000005 0.2043819625
2 0.280430059375 0.393947134375 0.2836359703125 0.163555646875 0.07572492187499999 0.158642121875 0.0689223390625 0.3895882484375 0.1565546890625 0.392058284375 0.280430059375 0.393947134375
2 0.27719357968749997 0.5597317921875 0.072200490625 0.55572504375 0.0682191625 0.73919133125 0.2731672203125 0.735666771875 0.27719357968749997 0.5597317921875
2 0.49542905625 0.749613675 0.294944553125 0.7506660125 0.29209158281250003 0.94111548125 0.497039640625 0.9422903671875 0.49542905625 0.749613675
2 0.5296716828125 0.571670084375 0.7277569609375 0.580220671875 0.7346022 0.42124995 0.5328752296875 0.4197813765625 0.5296716828125 0.571670084375
2 0.9657880078125001 0.19393871093749998 0.7615792671875 0.19001784531250002 0.7535922875 0.338152528125 0.9653852437499999 0.3413833671875 0.9657880078125001 0.19393871093749998
2 0.9569296296875001 0.570142303125 0.74677665625 0.568583946875 0.743462234375 0.6839283171874999 0.95451385625 0.6846909359375 0.9569296296875001 0.570142303125
1 0.8381478765624999 0.6858547015625 0.7432576859375 0.6858547015625 0.7432576859375 0.701794871875 0.8381478765624999 0.701794871875 0.8381478765624999 0.6858547015625
1 0.94042116875 0.3626019640625 0.9428369421875 0.34409795625 0.7573499499999999 0.34123854374999996 0.756410825 0.3576088609375 0.8349273265624999 0.3617208625 0.94042116875 0.3626019640625
1 0.6525275703125 0.5792118421875 0.5852853671875 0.576274740625 0.531786340625 0.5747562203125 0.5357595765625 0.590666746875 0.65172231875 0.5933101734374999 0.6525275703125 0.5792118421875
1 0.17814005156249998 0.7472926546875 0.07152734375 0.74712689375 0.0689424578125 0.7654523078125 0.1784229390625 0.764214153125 0.17814005156249998 0.7472926546875
1 0.18747564375 0.39501769375 0.0799464875 0.3933360828125 0.07629773749999999 0.41173285000000004 0.1843637390625 0.415447325 0.18747564375 0.39501769375
4 0.061513359375 0.9376104968750001 0.12871735625 0.9402485125 0.13173099375 0.9266189515625 0.2712623328125 0.9261792546875001 0.27970050625 0.7700988765625 0.094134353125 0.7677982125 0.092553790625 0.785047415625 0.0684446828125 0.7861465765625 0.061513359375 0.9376104968750001
4 0.0747733140625 0.55044065 0.2278659125 0.5537381640625 0.2293728109375 0.5394491046875001 0.2830155 0.5385697828125 0.2872345875 0.41744259531249994 0.1920036671875 0.4161236046875 0.1073237140625 0.4124694921875 0.1015946890625 0.42975315312499995 0.076280165625 0.4222788875 0.0747733140625 0.55044065
4 0.299983009375 0.29310461875 0.5070196171875 0.2953029015625 0.5076224218750001 0.210008275 0.3295166546875 0.20846945468750003 0.3216811234375 0.226275821875 0.3005856859375 0.228693953125 0.299983009375 0.29310461875
4 0.301791134375 0.364576503125 0.47507517187500004 0.3647963046875 0.473869721875 0.3485287984375 0.508225065625 0.3478692765625 0.5121428640625 0.29620888437500004 0.328415815625 0.2958231203125 0.3283111078125 0.3148945453125 0.30239387500000003 0.3146747453125 0.301791134375 0.364576503125
4 0.299681590625 0.43937248906250004 0.299983009375 0.4395922921875 0.4627191984375 0.437613809375 0.46693828593750003 0.42178594062499997 0.5067183281250001 0.41980748281249997 0.5067183281250001 0.369246203125 0.3280097546875 0.3674875578125 0.327407109375 0.38265592812500004 0.30359932343749996 0.382216278125 0.299681590625 0.43937248906250004
7 0.49406106406249994 0.45239579062499996 0.30942313593750004 0.453276475 0.308119765625 0.47284015625000003 0.4943623546875 0.4713013359375 0.49406106406249994 0.45239579062499996
4 0.2990788828125 0.560359709375 0.3451874578125 0.560359709375 0.346091553125 0.5458508265625001 0.508225065625 0.5410145625 0.505512878125 0.47462542656249995 0.3273606671875 0.476374765625 0.3280097546875 0.49287146093749995 0.30269522968749996 0.49221193906250005 0.2990788828125 0.560359709375
4 0.3005856859375 0.6285873890625 0.3689951796875 0.628147728125 0.371707528125 0.6116603734375 0.5064169734374999 0.6096818796875 0.5049100734375 0.5586809609375 0.32630551875 0.5614534734375 0.327407109375 0.57824596875 0.30239387500000003 0.579345140625 0.3005856859375 0.6285873890625
4 0.29395570000000004 0.7446851062500001 0.4536782828125 0.7427066124999999 0.45307563906250004 0.7273184078125 0.5021978859375 0.7257795859375 0.5085265171875 0.625096734375 0.3236676453125 0.62843851875 0.3298179421875 0.6440022437499999 0.29606524375 0.646420375 0.29395570000000004 0.7446851062500001
4 0.5269098953125 0.415115021875 0.7411792625 0.4192918109375 0.7444943515625 0.19168627031250002 0.555234421875 0.1914958359375 0.558553053125 0.2079804234375 0.5320331109375 0.2049027828125 0.5269098953125 0.415115021875
4 0.531128984375 0.6645904218750001 0.6534825203125 0.668107725 0.655290709375 0.6544781765625001 0.7318370890625 0.6573359812499999 0.735453371875 0.5964426296875 0.66222205 0.594024475 0.655290709375 0.5944641359375 0.5599825921875 0.591866225 0.55825173125 0.6025979109375 0.53293715625 0.60479621875 0.531128984375 0.6645904218750001
4 0.5239026765625 0.7706185734375001 0.627584228125 0.7717911578125001 0.627316384375 0.757524815625 0.7259076109375 0.759259978125 0.7312658390625 0.6699487546875 0.54425465 0.6651156625 0.54265644375 0.6775941703125 0.5316721281250001 0.6754444375 0.5239026765625 0.7706185734375001
4 0.5150616125 0.88970613125 0.6329425125 0.892051275 0.6340141515625 0.8787620828125 0.7178702125 0.880888125 0.722424703125 0.77418365 0.538157496875 0.7705250546875 0.5397094265625 0.7845651015625 0.5252422328125 0.7833925140625 0.5150616125 0.88970613125
4 0.51586535 0.9499694218749999 0.5691796625000001 0.9499694218749999 0.5694475796875 0.938048225 0.7151911 0.9403933796875 0.716262825 0.9372665124999999 0.7176023109375 0.9089292546875001 0.7149231968749999 0.8929040296874999 0.5315913328125 0.8903084546875 0.534083296875 0.9032618171875001 0.5169369890625 0.901112065625 0.51586535 0.9499694218749999
4 0.736877128125 0.9502984109374999 0.93218429375 0.9512755484375001 0.9324521390625 0.93954980625 0.9431686515625 0.9340777828125001 0.9445081953125 0.9239154296875001 0.9477230562500001 0.91355769375 0.9485267937499999 0.9035907953125 0.9565641921875001 0.7135623328125 0.7731442671875 0.7110145046875 0.7736440640625 0.7314309406249999 0.7425371359375 0.72948515 0.736877128125 0.9502984109374999
4 0.7542949250000001 0.448346915625 0.750812103125 0.56443201875 0.8352041109374999 0.5654091359375 0.837347334375 0.553097103125 0.9646051046874999 0.551142815625 0.9680879546875 0.49700887031249996 0.9680879546875 0.364069478125 0.9128982921875 0.3630923390625 0.8954840109375001 0.364069478125 0.7848576859375 0.3608658265625 0.782425575 0.375208959375 0.7572419984375001 0.376967828125 0.7542949250000001 0.448346915625