3 0.9428112046875 0.9099980734375 0.9548450734375 0.9096561171875001 0.95790825625 0.9098270718749999 0.95878351875 0.8942679921875 0.9469683249999999 0.892900184375 0.9428112046875 0.9099980734375
6 0.940632078125 0.9248046875 0.938130396875 0.9521484375 0.94188291875 0.95703125 0.9506388015624999 0.9580078125 0.9581438453125 0.9560546875 0.9581438453125 0.9248046875 0.9443846 0.921875 0.940632078125 0.9248046875
2 0.9393812374999999 0.69921875 0.530356384375 0.6962890625 0.525353021875 0.7626953125 0.5278547031249999 0.8291015625 0.522851340625 0.8369140625 0.525353021875 0.9013671875 0.5203496609375 0.9541015625 0.5241021828125 0.95703125 0.9356287156249999 0.9599609375 0.9356287156249999 0.8447265625 0.943133759375 0.7314453125 0.943133759375 0.7041015625 0.9393812374999999 0.69921875
1 0.60665765625 0.6796875 0.5716341218750001 0.68359375 0.556624034375 0.6796875 0.535359746875 0.6845703125 0.5391122687500001 0.6953125 0.81304634375 0.6962890625 0.815548025 0.6884765625 0.809293821875 0.68359375 0.6717013640625 0.68359375 0.60665765625 0.6796875
1 0.695467334375 0.6240234375 0.695467334375 0.6318359375 0.7067248984375001 0.63671875 0.8167988656249999 0.634765625 0.9281236734375 0.6376953125 0.9356287156249999 0.6337890625 0.934377875 0.625 0.7192333046875 0.62109375 0.695467334375 0.6240234375
2 0.9318761953125 0.28515625 0.7642635640625 0.287109375 0.734243390625 0.283203125 0.5541223546875 0.283203125 0.5478681515625 0.2900390625 0.5478681515625 0.4091796875 0.5428647890625 0.4169921875 0.540363109375 0.4853515625 0.5428647890625 0.6162109375 0.5941492515625 0.615234375 0.649186234375 0.619140625 0.664196321875 0.615234375 0.7142299421875 0.6171875 0.7217349859375 0.62109375 0.8343106328125 0.619140625 0.9306253546875001 0.6220703125 0.9356287156249999 0.6201171875 0.938130396875 0.5927734375 0.938130396875 0.2880859375 0.9318761953125 0.28515625
1 0.8905984578125 0.2470703125 0.8793408921875001 0.2421875 0.8167988656249999 0.244140625 0.7667652453125 0.240234375 0.5466173109375 0.240234375 0.540363109375 0.2431640625 0.5466173109375 0.251953125 0.5591257171875 0.255859375 0.5966509328125 0.255859375 0.6191660625 0.259765625 0.656691278125 0.2578125 0.661694640625 0.26171875 0.6792064078125 0.26171875 0.739246753125 0.2578125 0.77927365 0.26171875 0.8305581109375 0.2607421875 0.8468190390625001 0.2578125 0.8818425734374999 0.259765625 0.8905984578125 0.2548828125 0.8905984578125 0.2470703125
2 0.9556421640625 0.0869140625 0.9518896437500001 0.083984375 0.8943509781250001 0.0859375 0.8618291250000001 0.08203125 0.569132440625 0.078125 0.5441156312500001 0.078125 0.537861428125 0.0830078125 0.540363109375 0.1123046875 0.535359746875 0.1396484375 0.535359746875 0.2333984375 0.5391122687500001 0.236328125 0.9481371218750001 0.2392578125 0.9531404828125 0.2236328125 0.9506388015624999 0.2041015625 0.9556421640625 0.1259765625 0.9556421640625 0.0869140625
2 0.5090920953125 0.28515625 0.3765029984375 0.279296875 0.2339071796875 0.279296875 0.14634834218749998 0.275390625 0.10882312499999999 0.275390625 0.09756556250000001 0.2802734375 0.0938130390625 0.4921875 0.15635506562499998 0.4921875 0.1813718765625 0.49609375 0.238910540625 0.494140625 0.293947525 0.498046875 0.3765029984375 0.49609375 0.38400804375 0.5 0.4165298953125 0.49609375 0.44154670625000003 0.5 0.5053395734375 0.4990234375 0.5103429359375 0.4658203125 0.5128446171875 0.3349609375 0.5128446171875 0.2900390625 0.5090920953125 0.28515625
1 0.3039542484375 0.5 0.10131808281250002 0.498046875 0.0925622 0.5029296875 0.0925622 0.5068359375 0.10632144531250001 0.513671875 0.246415584375 0.513671875 0.323967696875 0.517578125 0.36899795625 0.515625 0.40277065 0.5185546875 0.40277065 0.5068359375 0.3890114046875 0.501953125 0.333974421875 0.50390625 0.3039542484375 0.5
4 0.0757882015625 0.8688291156249999 0.08266896875 0.9553519500000001 0.5087304968749999 0.9621380484375001 0.5163290468749999 0.7666134718750001 0.0830787796875 0.76297274375 0.1126955328125 0.7789133109375 0.0839294875 0.784426984375 0.0757882015625 0.8688291156249999
4 0.373698378125 0.5583824390625 0.5204329328124999 0.5588909281250001 0.5249878828125001 0.5380428 0.3174123015625 0.5309239265625 0.0870619015625 0.5342290843749999 0.095846440625 0.5670267499999999 0.36914342968749997 0.5703319765625 0.373698378125 0.5583824390625
4 0.08771260625 0.7019477203125 0.08153088750000001 0.7393218421875 0.08771260625 0.7677973312499999 0.144649475 0.7670345921874999 0.157989015625 0.7637293656249999 0.153759375 0.7533053359374999 0.514576540625 0.7578817359375 0.52010745 0.6501233625 0.5204329328124999 0.56978176875 0.1181566640625 0.5680994890625 0.11309022500000002 0.5792096875 0.08966477187500001 0.5812436562500001 0.08771260625 0.7019477203125
4 0.5027598453125 0.0928673625 0.5214225671875 0.0918256609375 0.5327533718749999 0.070470715625 0.09652317031249999 0.068525075 0.0898470078125 0.1025031 0.5017599453125 0.1069303765625 0.5027598453125 0.0928673625
4 0.0851813265625 0.27382081875000003 0.4461050328125 0.277466784375 0.521089171875 0.2831962359375 0.5264214296875 0.1061063890625 0.128030734375 0.10177893281249999 0.1198407140625 0.1133983203125 0.095845734375 0.11131489218749999 0.0851813265625 0.27382081875000003