0 0.5867241437499999 0.1416015625 0.5867241437499999 0.0419921875 0.58155476875 0.0185546875 0.423888809375 0.0166015625 0.423888809375 0.1435546875 0.4406892796875 0.146484375 0.5828471125 0.146484375 0.5867241437499999 0.1416015625
7 0.336009421875 0.1083984375 0.332132390625 0.087890625 0.153788928125 0.087890625 0.149911896875 0.0966796875 0.1692970546875 0.109375 0.3114548875 0.111328125 0.336009421875 0.1083984375
7 0.16025064687499999 0.1591796875 0.065909540625 0.15625 0.062032509375 0.1591796875 0.065909540625 0.173828125 0.1512042390625 0.173828125 0.16025064687499999 0.1591796875
7 0.43422756093750003 0.1865234375 0.43422756093750003 0.1748046875 0.4148424015625 0.169921875 0.2597611296875 0.169921875 0.25588409843750004 0.1845703125 0.26234581874999996 0.189453125 0.42001177656250005 0.189453125 0.43422756093750003 0.1865234375
7 0.7250049453125 0.16015625 0.603524615625 0.16015625 0.606109303125 0.177734375 0.7224202562500001 0.177734375 0.7314666640625 0.1630859375 0.7250049453125 0.16015625
7 0.8568240250000001 0.16015625 0.7818680765625 0.16015625 0.7792833906250001 0.177734375 0.85811636875 0.1767578125 0.8607010578125 0.1630859375 0.8568240250000001 0.16015625
6 0.1020951703125 0.95703125 0.068494228125 0.95703125 0.06720188437499999 0.9658203125 0.0736636046875 0.96875 0.105972203125 0.9658203125 0.1020951703125 0.95703125
6 0.155081271875 0.9580078125 0.148619553125 0.955078125 0.11760329843749999 0.955078125 0.11372626562499999 0.9580078125 0.11760329843749999 0.96875 0.155081271875 0.9677734375 0.155081271875 0.9580078125
3 0.1667123671875 0.95703125 0.1654200234375 0.9677734375 0.17188174218750002 0.970703125 0.17575877499999998 0.9580078125 0.1667123671875 0.95703125
2 0.75731354375 0.8818359375 0.75731354375 0.7275390625 0.743097759375 0.724609375 0.603524615625 0.724609375 0.5996475828125 0.7275390625 0.5970628953125 0.8818359375 0.6009399281250001 0.884765625 0.7534365109375 0.884765625 0.75731354375 0.8818359375
2 0.2222831546875 0.6826171875 0.2222831546875 0.5107421875 0.218406125 0.5078125 0.0361856296875 0.5087890625 0.033600942187499996 0.6826171875 0.04264735 0.685546875 0.218406125 0.685546875 0.2222831546875 0.6826171875
2 0.8439005859375 0.501953125 0.9369493484375001 0.5 0.9382416921875001 0.3564453125 0.9317799734375001 0.353515625 0.784452765625 0.353515625 0.7779910453125 0.3583984375 0.7779910453125 0.4970703125 0.7818680765625 0.5 0.8439005859375 0.501953125
4 0.218406125 0.505859375 0.22486784375000002 0.4912109375 0.23003722031249998 0.4091796875 0.22918884843749998 0.3176377875 0.0897059640625 0.31710296875 0.062032509375 0.3330078125 0.0594478203125 0.3447265625 0.0594478203125 0.4990234375 0.065909540625 0.50390625 0.1046798578125 0.505859375 0.218406125 0.505859375
4 0.202897996875 0.947265625 0.22486784375000002 0.9423828125 0.22486784375000002 0.8818359375 0.2158214359375 0.876953125 0.0762482921875 0.876953125 0.0594478203125 0.8935546875 0.056863132812499995 0.9306640625 0.063324853125 0.9453125 0.1356961125 0.94921875 0.202897996875 0.947265625
4 0.12015149375 0.8632254421875001 0.218406125 0.86328125 0.22486784375000002 0.8505859375 0.22745253124999998 0.7958984375 0.22486784375000002 0.6943359375 0.2106520609375 0.689453125 0.1434501765625 0.6875 0.062032509375 0.6904296875 0.0594478203125 0.8583984375 0.057844387500000004 0.8765956171875 0.12156754218750002 0.876060778125 0.12015149375 0.8632254421875001
4 0.40838068125 0.8623046875 0.41096536875 0.7841796875 0.4070883390625 0.775390625 0.26234581874999996 0.771484375 0.24425300156250002 0.7734375 0.24037597187499998 0.7802734375 0.2377912828125 0.8525390625 0.249422378125 0.869140625 0.381241459375 0.869140625 0.40838068125 0.8623046875
4 0.42259646562500003 0.837890625 0.5544155453124999 0.837890625 0.567338984375 0.833984375 0.58155476875 0.8193359375 0.5776777359375 0.7734375 0.41742708906250003 0.7734375 0.4135500578125 0.7763671875 0.4135500578125 0.8154296875 0.4161347453125 0.8330078125 0.42259646562500003 0.837890625
6 0.583206425 0.8507334078125 0.583206425 0.836828434375 0.48462897343750005 0.83984375 0.4833366296875 0.8447265625 0.49496772499999997 0.849609375 0.546388625 0.8496638109375001 0.583206425 0.8507334078125
6 0.5208146046875 0.8515625 0.5208146046875 0.861328125 0.58155476875 0.8603515625 0.580262425 0.853515625 0.5208146046875 0.8515625
6 0.5440767937500001 0.7265625 0.5259839796875 0.728515625 0.5285686671875001 0.736328125 0.5548850234375 0.7379674265625 0.5544155453124999 0.728515625 0.5440767937500001 0.7265625
6 0.566046640625 0.7490234375 0.566046640625 0.7431640625 0.5478046734375 0.739571821875 0.48204428593750004 0.7421875 0.4807519421875 0.7490234375 0.48721366093749996 0.751953125 0.5621696093749999 0.751953125 0.566046640625 0.7490234375
4 0.5634619546875 0.7099609375 0.5712160171875 0.6806640625 0.5712160171875 0.5009765625 0.5686313296875001 0.4619140625 0.559584921875 0.447265625 0.26751519375 0.4453125 0.26105347343749996 0.4482421875 0.25588409843750004 0.4873046875 0.2507147234375 0.6826171875 0.26234581874999996 0.724609375 0.3269630140625 0.7265625 0.5634619546875 0.7099609375
4 0.2222831546875 0.3037109375 0.22745253124999998 0.2841796875 0.22745253124999998 0.2001953125 0.22099081250000002 0.17578125 0.0762482921875 0.17578125 0.06978657187500001 0.1787109375 0.062032509375 0.1962890625 0.0594478203125 0.2900390625 0.0592604359375 0.312991925 0.14918091875 0.3135267234375 0.2222831546875 0.3037109375
4 0.5078911640625 0.291015625 0.5621696093749999 0.2890625 0.5686313296875001 0.2841796875 0.5738007046875 0.2099609375 0.567338984375 0.1953125 0.5440767937500001 0.19140625 0.29336207187499996 0.19140625 0.2584687859375 0.2138671875 0.25588409843750004 0.2724609375 0.2584687859375 0.2841796875 0.2649305046875 0.2890625 0.5078911640625 0.291015625
6 0.7598982296875 0.9287109375 0.7560211984375 0.921875 0.6914040015625 0.921875 0.687526971875 0.9287109375 0.7043274421875 0.935546875 0.7560211984375 0.93359375 0.7598982296875 0.9287109375
4 0.618269715625 0.918121428125 0.7598982296875 0.9169921875 0.7598982296875 0.8974609375 0.7534365109375 0.892578125 0.63195618125 0.890625 0.5970628953125 0.8955078125 0.5944782078124999 0.9130859375 0.5927804109375 0.9304219859374999 0.61189744375 0.92774795 0.618269715625 0.918121428125
0 0.5789700812499999 0.8818359375 0.5725083609375 0.875 0.246837690625 0.875 0.2429606578125 0.8779296875 0.246837690625 0.943359375 0.5763853921875 0.9423828125 0.5789700812499999 0.8818359375
6 0.9291952859375 0.923828125 0.913687159375 0.92578125 0.9123948140625 0.9306640625 0.9188565343749999 0.935546875 0.9356570062499999 0.9306640625 0.9291952859375 0.923828125
6 0.9343646609375 0.9375 0.8697474656249999 0.9375 0.8684551203125 0.9423828125 0.877501528125 0.947265625 0.9356570062499999 0.9482421875 0.9343646609375 0.9375
4 0.9356570062499999 0.9189453125 0.94082638125 0.8740234375 0.94341106875 0.5322265625 0.9356570062499999 0.5087890625 0.9085177828125 0.50390625 0.784452765625 0.501953125 0.7728216703124999 0.5166015625 0.7702369828125 0.5791015625 0.7676522953125 0.8095703125 0.7721240234375 0.9177195781249999 0.9038184781249999 0.9225328484374999 0.9356570062499999 0.9189453125
4 0.9343646609375 0.349609375 0.94082638125 0.3447265625 0.94599575625 0.3173828125 0.94341106875 0.1923828125 0.9343646609375 0.1875 0.9111024703125 0.185546875 0.79996089375 0.1875 0.783160421875 0.1923828125 0.7754063578125 0.2158203125 0.7728216703124999 0.3017578125 0.7779910453125 0.3466796875 0.784452765625 0.3515625 0.9343646609375 0.349609375
4 0.7560211984375 0.720703125 0.76248291875 0.7138671875 0.7650676062499999 0.6923828125 0.7676522953125 0.4443359375 0.7650676062499999 0.1943359375 0.7598982296875 0.1806640625 0.7560211984375 0.177734375 0.608693990625 0.1796875 0.5970628953125 0.2041015625 0.5944782078124999 0.2470703125 0.5944782078124999 0.7021484375 0.5996475828125 0.7158203125 0.608693990625 0.720703125 0.7560211984375 0.720703125
2 0.5767063078125 0.2931009890625 0.25422677031249996 0.291772575 0.2545503609375 0.44284695 0.57458218125 0.4444513875 0.5767063078125 0.2931009890625
6 0.7600449359375 0.9358301609374999 0.6273220296875001 0.9349068328125 0.6278952624999999 0.9467555078125001 0.7593875359375 0.9457622906250001 0.7600449359375 0.9358301609374999