2 0.3027629140625 0.18998963124999999 0.1059254578125 0.1888398828125 0.10137666249999999 0.4033001328125 0.2999658828125 0.40270002656250004 0.3027629140625 0.18998963124999999
2 0.508145015625 0 0.31228025000000004 0.0007505546874999999 0.3107544015625 0.406036534375 0.5057474625 0.4057365609375 0.508145015625 0
2 0.723915903125 0.1659521171875 0.5319256921875 0.16362120156249998 0.5381131046875 0.345060853125 0.7219179984374999 0.34536095625 0.723915903125 0.1659521171875
2 0.9554121734375001 0.0299727515625 0.7431770375 0.029646959374999997 0.7544255703125 0.416237075 0.9498181953125 0.418337178125 0.9554121734375001 0.0299727515625
7 0.61297558125 0.12297734375 0.5256519453124999 0.12106467812499999 0.5314621109375001 0.143078321875 0.6125760171875 0.1436783484375 0.61297558125 0.12297734375
7 0.7004827203125 0.44777496718750004 0.5914056765625 0.448382140625 0.5981912984375 0.4702760203125 0.69648695625 0.4693760359375 0.7004827203125 0.44777496718750004
7 0.654131921875 0.48324936249999995 0.5312480078124999 0.4793801015625 0.52986385625 0.498250134375 0.647738690625 0.4991501828125 0.654131921875 0.48324936249999995
4 0.871101628125 0.6351294843749999 0.95461313125 0.6363295703125 0.9570104265625 0.4424473640625 0.7466964015625 0.436823578125 0.745235221875 0.6465300468749999 0.86950333125 0.6489301859375 0.871101628125 0.6351294843749999
4 0.7420387109375 0.9854284421875 0.9498181953125 0.9857283828125001 0.9510168015625 0.981528178125 0.9522155781249999 0.64806650625 0.7613860640625 0.6469792515624999 0.7716072375 0.664303653125 0.7472332109375001 0.6610034484375 0.7420387109375 0.9854284421875
3 0.964650609375 0.9310224375 0.9718116562500001 0.9283340843750001 0.9747603093749999 0.913389946875 0.9559686781250001 0.9132519609375 0.9560152937499999 0.9303898921875 0.9594904671875 0.9322875484375001 0.964650609375 0.9310224375
6 0.9709691640625 0.9402831484374999 0.9517284734375 0.9402531062499999 0.9515923140625 0.9730179171875 0.9717063265625001 0.97333421875 0.9709691640625 0.9402831484374999
4 0.7340044984375 0.511380096875 0.7343484453125 0.5007893234374999 0.5278490859375 0.5000489484374999 0.5179517375 0.9768489265625 0.7274677765625001 0.981498496875 0.7340044984375 0.511380096875
4 0.5124472124999999 0.43876335156249996 0.304307296875 0.43618022968750003 0.3001789 0.6299762109375 0.47425960468749995 0.63049283125 0.47873198749999996 0.6188688250000001 0.5117591484374999 0.6165440265625 0.5124472124999999 0.43876335156249996
4 0.29949083593750003 0.808821475 0.37724227187500003 0.8072715718750001 0.3806826046875 0.7961642265625 0.5124472124999999 0.7946143250000001 0.51382339375 0.6331072468750001 0.3188604234375 0.63213735 0.3170365125 0.6475727 0.3032752015625 0.6436979984375 0.29949083593750003 0.808821475
4 0.29796770625 0.9393737968749999 0.42062933906250005 0.940180490625 0.491325509375 0.939857828125 0.5091607625 0.9380830781249999 0.5091607625 0.81510259375 0.4977719546875 0.8065515421875 0.31727911249999996 0.809601584375 0.314298715625 0.8239567781250001 0.2990421046875 0.8241180968749999 0.29796770625 0.9393737968749999
6 0.5087668812499999 0.9407036171875 0.41787181718750005 0.9402195984375 0.41636764375 0.9579670515625001 0.5070478781250001 0.9610325203125001 0.5087668812499999 0.9407036171875
4 0.1702483625 0.69398241875 0.17329264687499998 0.6845535421875 0.29126078125 0.684839271875 0.2950660859375 0.43465816874999996 0.0868897671875 0.4350291984375 0.080059825 0.5373367546875001 0.0819625375 0.695125353125 0.1702483625 0.69398241875
4 0.075493378125 0.980130053125 0.2863137234375 0.9849873562499999 0.289738496875 0.70973184375 0.2901191484375 0.6954456734375001 0.0968825671875 0.6972189953125 0.0762544578125 0.7091258 0.07663494843749999 0.8646285890625001 0.075493378125 0.980130053125
4 0.114099403125 0 0.11344772031250001 0.004017959375 0.10094053124999999 0.004732478125 0.1027078515625 0.0130004859375 0.154504028125 0.012285965625 0.15844651406250002 0.0065698140625 0.2829747625 0.0069781046875 0.2824309875 0 0.114099403125 0
4 0.240695003125 0.012694256249999999 0.11505137812499999 0.0133043625 0.11548693437499999 0.0199415234375 0.2416466390625 0.021268484375 0.240695003125 0.012694256249999999
4 0.09913317968749999 0.0666017734375 0.2818471703125 0.0683370453125 0.285517796875 0.0667038546875 0.285517796875 0.0609877078125 0.305230209375 0.062110523437499995 0.304822378125 0.022097446875000003 0.24694862031249998 0.021178784375000002 0.1164793421875 0.0202757453125 0.11503907656250001 0.026384562499999997 0.09967697343750001 0.025976267187500002 0.09913317968749999 0.0666017734375
4 0.28429423125 0.0680431796875 0.11291443125 0.0671091453125 0.112320128125 0.0741676265625 0.28089553437500003 0.07518836875 0.28429423125 0.0680431796875
4 0.0992691203125 0.097146690625 0.24255826093750002 0.09704460312499999 0.24038305937499999 0.091124303125 0.3071334796875 0.091838821875 0.3037347984375 0.0747924484375 0.1136284125 0.07425928281250001 0.11150444374999999 0.08040651875 0.100084815625 0.081325184375 0.0992691203125 0.097146690625
4 0.09736585 0.1358575296875 0.22298172031250002 0.1359595890625 0.2231177078125 0.129733065625 0.30550215468749997 0.1296310046875 0.30590998593749996 0.1289164859375 0.30550215468749997 0.09706933906250001 0.24255826093750002 0.09696727031249999 0.1144952859375 0.09696727031249999 0.11340771406250001 0.10247927187500001 0.09994886875 0.1023772015625 0.09736585 0.1358575296875
4 0.1002207546875 0.1838447296875 0.30414263125 0.18557999218750001 0.3034628828125 0.136482340625 0.1114864671875 0.1357504625 0.10905736875000001 0.14230056875 0.09913317968749999 0.1428109234375 0.1002207546875 0.1838447296875
4 0.641296521875 0.3609382015625 0.7361137890625 0.36148373125 0.7353872796875 0.351664146875 0.5334017234374999 0.349996434375 0.5297680671875 0.36721181875000003 0.640388259375 0.36721181875000003 0.641296521875 0.3609382015625
4 0.5332192734375 0.40239862187500003 0.719584334375 0.40403522656249996 0.73466069375 0.40198948437500004 0.7324809359375 0.3699394609375 0.5429356328125 0.3681479359375 0.5452076906250001 0.376349465625 0.53303765625 0.3760767 0.5332192734375 0.40239862187500003