4 0.2334785734375 0.1058657203125 0.296439065625 0.10694310625 0.3002651890625 0.10794628749999999 0.30712580312500004 0.10614055625 0.37056114687499997 0.106341190625 0.44781432499999996 0.1067424671875 0.49840401874999996 0.1070434203125 0.5014385453125 0.0950052265625 0.50829281875 0.0910264265625 0.5161638015625 0.0885065109375 0.5145067562500001 0.077954359375 0.4726661859375 0.0773243796875 0.463966665625 0.07385949375 0.3736573125 0.0735445046875 0.2801807078125 0.072831240625 0.2801807078125 0.075508653125 0.110604175 0.0750361703125 0.099833334375 0.0747211828125 0.097906125 0.07588962187500001 0.09827695 0.10401064687499999 0.11881132812499999 0.10617489843750001 0.18041447187499998 0.10632949218750001 0.2334785734375 0.1058657203125
4 0.0985297828125 0.12592971875 0.09688582968750001 0.165290009375 0.0989732609375 0.19077422500000002 0.11340837343750002 0.19294051875 0.182066415625 0.1926371203125 0.24839592968750002 0.192970375 0.299118765625 0.19363691249999998 0.33695871718750003 0.1928592890625 0.408756834375 0.1946367140625 0.448934403125 0.192970375 0.479704665625 0.1926371203125 0.47655516093749994 0.17552941093750002 0.514833428125 0.17597376874999998 0.514979553125 0.122642346875 0.514979553125 0.11098324062500001 0.34301955 0.11009453124999999 0.3360067390625 0.1073173078125 0.328993928125 0.1069840375 0.32870172656249996 0.10953908593749999 0.29389060625 0.1102056203125 0.29111469843750004 0.1073173078125 0.28351749375 0.107650571875 0.2816181828125 0.1102056203125 0.2348001515625 0.11009977343749999 0.2342157515625 0.1068781875 0.22807954531250002 0.1064338265625 0.20251200156250002 0.10732254999999999 0.143680871875 0.1064338265625 0.14068761406250002 0.10854327500000001 0.1414681015625 0.12348106562500001 0.1318069765625 0.12266485468749999 0.1287207828125 0.12643985468750002 0.0985297828125 0.12592971875
4 0.099402153125 0.2097326375 0.0960015984375 0.21480386718750002 0.09477818906249999 0.2695913984375 0.093962584375 0.3115009734375 0.0948801421875 0.35082034375000004 0.0928857515625 0.41301865312499997 0.0932723328125 0.42404611562500005 0.11313384687500001 0.42563579999999995 0.1339245640625 0.42643063281250004 0.1975743359375 0.42537084687500004 0.198155084375 0.40982734374999996 0.2775035859375 0.410887128125 0.3162884328125 0.4110637578125 0.410986690625 0.411505334375 0.42178185937499996 0.412476803125 0.5099391234375 0.40947407968749994 0.5122120375 0.39649172187500004 0.51256048125 0.365284959375 0.5132573812500001 0.32608634687500004 0.5125119453125 0.24554828906249998 0.515195203125 0.21323672187499998 0.5138687515625 0.1975564140625 0.49378444843749997 0.1974788984375 0.48980837343749994 0.1939130046875 0.48318157812500007 0.1941455609375 0.4814484109375 0.19732385624999998 0.44352273750000004 0.1970913 0.3652575578125 0.196055946875 0.33450129375 0.194660603125 0.3242042703125 0.194660603125 0.321859403125 0.196210990625 0.2637933171875 0.196753621875 0.1936344109375 0.196753621875 0.1438138578125 0.19628850625 0.1412650890625 0.19768385625 0.14106778749999999 0.1980027140625 0.141711703125 0.2126783734375 0.11561231718750001 0.21368612968749998 0.10358213125 0.2097326375 0.099402153125 0.2097326375
4 0.092344178125 0.4871157109375 0.0904643390625 0.5388124999999999 0.0883317171875 0.579715946875 0.0883317171875 0.6427752984375 0.0880036234375 0.6962881390625 0.087675528125 0.7254899703125 0.10046004687500001 0.7294574515625001 0.22264145000000002 0.7305644453125 0.32116599218749997 0.7291168390625 0.46834251250000003 0.7291168390625 0.46733460156250006 0.7127674515625 0.50695788125 0.7113198484375001 0.506845903125 0.654503578125 0.5072938625 0.59102575 0.510205621875 0.5435045406250001 0.510205621875 0.49786695156249994 0.511773471875 0.43080645312500004 0.49116726093749996 0.4303806875 0.43447771093750004 0.42719926093750005 0.32830313125 0.4286468671875 0.3175520609375 0.42719926093750005 0.3069215234375 0.4293280890625 0.2131364703125 0.4291577828125 0.20272137343750002 0.42685864999999995 0.1957779765625 0.42685864999999995 0.1925302578125 0.4296687 0.1411898 0.4296687 0.1374941203125 0.43213814062499994 0.1370827046875 0.432715653125 0.13676435625 0.446333109375 0.1122941609375 0.445766421875 0.09304095625 0.446427559375 0.092344178125 0.4871157109375
5 0.09568236875 0.7847007500000001 0.0939109609375 0.8162638718749999 0.0923740984375 0.9347881421875 0.5104498421875 0.9376822375 0.5108034499999999 0.7841630265624999 0.09568236875 0.7847007500000001
6 0.381220475 0.86355310625 0.38299359375 0.8572332875 0.3818853921875 0.8533571312499999 0.30021004218749997 0.8510819953125001 0.2948906140625 0.8514190546875 0.29619888125 0.86307295 0.33899751718750004 0.8649013374999999 0.34609008750000003 0.8673449984375001 0.35318265000000004 0.8639744265625 0.381220475 0.86355310625
6 0.347863221875 0.8816699203124999 0.38587496093749996 0.8816699203124999 0.3864290546875 0.8703785140625 0.347198296875 0.869283075 0.31327689062499997 0.868574390625 0.31107053281249997 0.871726740625 0.31373024374999997 0.8806587531250001 0.347863221875 0.8816699203124999
6 0.38476674375000003 0.8975958671875001 0.39008617968750003 0.8863044578125001 0.37191146875 0.8857988750000001 0.312404290625 0.8858375359374999 0.3138410671875 0.8975116062499999 0.3241474578125 0.899449684375 0.38476674375000003 0.8975958671875001
6 0.48025407812500004 0.868689271875 0.5051153546875 0.8642474484375 0.504164384375 0.8532978421875 0.4275426609375 0.8509219874999999 0.411394928125 0.851517240625 0.4120553046875 0.8619748906250001 0.4174894671875 0.8651771328125 0.44194319687499994 0.8662101171875 0.48025407812500004 0.868689271875
6 0.32650648437499996 0.9323777734375 0.35187126874999997 0.93455526875 0.3674174203125 0.9353847921874999 0.3861000875 0.930407659375 0.390873025 0.9208681500000001 0.37873611875 0.9201423203125 0.32736204999999996 0.919061790625 0.32732470937499997 0.919001728125 0.3258246421875 0.9211792234375 0.32650648437499996 0.9323777734375
6 0.267291675 0.90403900625 0.2559477859375 0.90403900625 0.254511846875 0.8996716875 0.2451782515625 0.9002176000000001 0.24245000781249998 0.903274728125 0.1555758359375 0.9025104453124999 0.15643739375000001 0.9008727000000001 0.1453806921875 0.9004359734375 0.1417908515625 0.9033839109375 0.09914354375 0.9029471765625001 0.0977076078125 0.9149573078125 0.126098346875 0.920744009375 0.1262419390625 0.9301337500000001 0.1414777890625 0.9335184218749999 0.2128438171875 0.934173525 0.21823248906249998 0.931859321875 0.22048016406249998 0.9175777015625 0.26398903906250004 0.9163766890625 0.267291675 0.90403900625
6 0.25570101875 0.8985642796875 0.25410934531249996 0.8871134812499999 0.214195040625 0.8872996687500001 0.157262075 0.8865549015624999 0.1511402484375 0.8832034468750001 0.1407331484375 0.883482734375 0.1412228921875 0.8870203828125 0.101553471875 0.8876720515625 0.096411134375 0.887578959375 0.0990375890625 0.89715206875 0.1371824984375 0.8994021421875 0.1588537484375 0.9001469140625 0.1926462171875 0.9005192953125001 0.25570101875 0.8985642796875
6 0.179545515625 0.8840364359375 0.21554185 0.8835709578125 0.21676620156249998 0.86988585 0.1555479703125 0.869978946875 0.15101780781250002 0.86634820625 0.1163682828125 0.8690479859375 0.0966963109375 0.8701152453125 0.096411134375 0.8841295312499999 0.12065356406250001 0.8829192890625001 0.14942614375000002 0.8815228484375 0.179545515625 0.8840364359375
6 0.1284734125 0.8646326375 0.16070165 0.8651927515625 0.16714730625000002 0.8678533109375 0.1746979109375 0.8664530203125 0.176171196875 0.8497895453125001 0.269356853125 0.84964951875 0.2861457046875 0.8482047843749999 0.2945252828125 0.8340805359375001 0.28578138124999997 0.8326954265625 0.256392146875 0.8326030875000001 0.243781859375 0.8354656468749999 0.18160299062500002 0.835927346875 0.1765023828125 0.8326954265625 0.1671512625 0.8336188328125 0.1666654890625 0.835742665625 0.123917521875 0.8344498984375001 0.09890666249999999 0.8347269234375 0.0980064984375 0.8344813796875 0.0979026140625 0.847549084375 0.1242376859375 0.84614879375 0.12773675625 0.8588914390625 0.1284734125 0.8646326375
5 0.9328574984375001 0.07591475625 0.5268762609375 0.0756158796875 0.525061609375 0.41205257343749996 0.7934748468749999 0.41426693437499995 0.9351372546875 0.4106360484375 0.9328574984375001 0.07591475625
5 0.5878705578125001 0.532306659375 0.5186296875 0.532306659375 0.520392959375 0.7667288937500001 0.9547661140624999 0.7690796765625 0.9532777109374999 0.5296243640625 0.5878705578125001 0.532306659375
4 0.5365903750000001 0.8978571859375 0.521792540625 0.9005046453125001 0.5204868484375 0.9283693828124999 0.5244039234375 0.9306859046874999 0.6847138078125 0.9313477750000001 0.826293440625 0.9289226718749999 0.91539291875 0.9291432890625 0.9181493828124999 0.9128172937500001 0.9372995296875001 0.9120451203125001 0.9428124375 0.908294553125 0.9399109125 0.8808225437500001 0.91901985 0.8802709906249999 0.8132588374999999 0.8811534765625 0.8055697687500001 0.879057571875 0.776989640625 0.8782853968750001 0.7679487453125 0.8810431671875 0.6974414046875 0.8834700062499999 0.6933792546875 0.8792781953125001 0.6835140375 0.8793885046875 0.6819181890625 0.8821462765625 0.6042428421875 0.879608546875 0.5727611703125 0.8821456968750001 0.5682426609375 0.8848622515625 0.5698129640625 0.9000634 0.5510980562500001 0.8998427796874999 0.545875290625 0.8969746984375 0.5365903750000001 0.8978571859375
7 0.6547617359375 0.5351757296875 0.64290551875 0.534374415625 0.5707143203125 0.5350755703125001 0.57031911875 0.5376798359375 0.5710975390625 0.5440329984375001 0.58151665625 0.5466946203124999 0.6230134281249999 0.5467947843750001 0.6535761140624999 0.546594459375 0.6547617359375 0.5351757296875
7 0.7481746546875 0.5491283390625 0.7518536546875 0.5472901140624999 0.7768709015625 0.5476098046875 0.8201780109374999 0.5476098046875 0.823226334375 0.5387383640625 0.8196524374999999 0.5345024453125 0.8153427453125 0.5324244499999999 0.77676576875 0.5315453 0.7681463859375001 0.5329039875 0.7314614671874999 0.534742215625 0.7260918249999999 0.5348554609375 0.7269415484375 0.5448125015625 0.7378734390624999 0.5471302687499999 0.74092175625 0.5490484171875 0.7481746546875 0.5491283390625
7 0.947243103125 0.5335521953125 0.9135985359375001 0.5309940546874999 0.8929020234375 0.5308390171874999 0.887702403125 0.5344824265625 0.8755699640625 0.533242115625 0.8527324374999999 0.5338622734375 0.850700815625 0.5349137093749999 0.8520368203125 0.5449475421875001 0.8673298140625001 0.5468080093750001 0.947650928125 0.5455676984375 0.947243103125 0.5335521953125
6 0.8892317046875 0.5510143515625 0.8850516203125001 0.5475259734375 0.8801578609374999 0.547293415625 0.8714918359375 0.5475259734375 0.8587283390625 0.548962575 0.8599711156250001 0.561014346875 0.8683312937500001 0.56365000625 0.8881102203125 0.5629523328125 0.8892317046875 0.5510143515625
6 0.88861998125 0.5667735125 0.8845418531250001 0.5640603343749999 0.8704723 0.5649905625 0.8690449593749999 0.5673161453125 0.8603338421875 0.5680725234375 0.8610926015624999 0.5799518046875 0.8708801265625 0.5808820390625 0.887702403125 0.5784789390625 0.88861998125 0.5667735125
6 0.8881102203125 0.58849355 0.887396546875 0.5826796 0.8814832515625 0.5809741671875 0.869452771875 0.581904403125 0.8680254250000001 0.5847726171875001 0.8596652609375001 0.585160215625 0.8582379140624999 0.58764083125 0.860684796875 0.5947726140625 0.868943003125 0.5960904453125 0.8854594328125 0.5964005234374999 0.8881102203125 0.58849355
6 0.8803617671874999 0.613287578125 0.8856633390624999 0.6122023000000001 0.8865809171875 0.6014271078125 0.8788324718749999 0.59832633125 0.8755699640625 0.5977061781249999 0.8728172265625 0.59817129375 0.8706762140625001 0.600186796875 0.8505914171875 0.60080695625 0.8498777437499999 0.601117028125 0.8492099890624999 0.6014931156250001 0.8492660265625 0.6056906734374999 0.8498777437499999 0.6097992031249999 0.8515090031250001 0.611969740625 0.8803617671874999 0.613287578125
6 0.8865809171875 0.6186364078125 0.884032084375 0.6145278843749999 0.8717976984375 0.6141402859375 0.8669039390625001 0.6157681953125 0.8622140921874999 0.6178612171875 0.8578109078124999 0.6180725234375 0.8586457328125 0.6285588890625 0.8732250390624999 0.6298767203125 0.883828178125 0.6287139265625 0.8865809171875 0.6186364078125
6 0.8866828734375 0.64172500625 0.8855613890624999 0.63226764375 0.8748562906249999 0.6311823750000001 0.8683312937500001 0.6313374125 0.8668019890625001 0.6342056296874999 0.857422284375 0.6342831484375 0.8572375125 0.6349137093749999 0.857626196875 0.6448257859375001 0.8690449593749999 0.646066096875 0.8815852156249999 0.6470738468749999 0.8866828734375 0.64172500625
6 0.8049498249999999 0.551488065625 0.761459725 0.5506204125 0.7429479078125001 0.551680878125 0.7415531734374999 0.55727244375 0.743074696875 0.5638280703125 0.7592647671874999 0.5654720531249999 0.7994977046875 0.563346040625 0.8196578578124999 0.563442446875 0.818897075 0.552162909375 0.8049498249999999 0.551488065625
6 0.7729979171875 0.5672022921875 0.7563271968749999 0.5690130718749999 0.756514784375 0.5779997984375 0.7658974859375001 0.5801207421875 0.79189011875 0.5801207421875 0.818897075 0.577614171875 0.8168683906249999 0.567684325 0.7729979171875 0.5672022921875
6 0.8153468593750001 0.59564215 0.8176291390625 0.590629021875 0.8153468593750001 0.5838805796875 0.7788303937500001 0.5831093328125 0.7715868515625 0.5840676609375001 0.7707156390625001 0.592557146875 0.780351925 0.596799028125 0.7863112 0.5964134046875 0.8153468593750001 0.59564215
6 0.7605721703125 0.6157809765625 0.7863112 0.6134672203125 0.810401928125 0.611153471875 0.8101483515625001 0.6068151890625 0.8088804312500001 0.601320028125 0.7785768171874999 0.600163153125 0.7537594265625 0.5998030859375 0.7499215328125 0.6051762843749999 0.75118946875 0.6123103421875 0.7605721703125 0.6157809765625
6 0.8149664859374999 0.628882134375 0.8182631062500001 0.6214588515624999 0.8130645796874999 0.6186630656250001 0.7664046578125 0.6176026 0.765026359375 0.62129008125 0.7658974859375001 0.628785734375 0.7707156390625001 0.6299426031250001 0.79189011875 0.6304246359375 0.8149664859374999 0.628882134375
1 0.5089169250000001 0.7430189515625 0.137811159375 0.7467640062500001 0.0866241578125 0.7669873046875 0.0866241578125 0.7819675265625 0.236247703125 0.7812185140625 0.23920080000000002 0.7692343390625 0.5079325609375 0.764740271875 0.5089169250000001 0.7430189515625
6 0.62015021875 0.7999437921875 0.840648075 0.79844576875 0.840648075 0.7819675265625 0.62015021875 0.78571258125 0.62015021875 0.7999437921875
4 0.9430220796875 0.8134259890625 0.5630570234375 0.8201670890624999 0.5246667734375 0.835147309375 0.5128543875 0.867354784375 0.7244929546875001 0.8688528078125 0.7313835125 0.8561196203125 0.9430220796875 0.847880496875 0.9430220796875 0.8134259890625
6 0.95188136875 0.8913231375 0.9469595406250001 0.9265266578125001 0.9764905031250001 0.9265266578125001 0.9735374078125 0.8913231375 0.95188136875 0.8913231375
3 0.9597562906249999 0.8621117078125 0.9568031953125 0.8823350046874999 0.9735374078125 0.880087971875 0.9745217734375 0.8621117078125 0.9597562906249999 0.8621117078125
6 0.65454325625 0.5615234375 0.65454325625 0.5537109375 0.648126165625 0.548828125 0.5762547484375 0.548828125 0.539432253125 0.552770146875 0.5374635234375 0.564754325 0.5762547484375 0.564453125 0.6506930015625 0.564453125 0.65454325625 0.5615234375
6 0.67724770625 0.5670026171875 0.5335321093750001 0.5670026171875 0.5335321093750001 0.5789834203125 0.67724770625 0.5789834203125 0.67724770625 0.5670026171875
6 0.6486983937499999 0.584973821875 0.5364850921875 0.584973821875 0.5364850921875 0.5962129140625 0.6486983937499999 0.5962129140625 0.6486983937499999 0.584973821875
6 0.6733027515625001 0.60070244375 0.5394266062499999 0.60070244375 0.5394266062499999 0.6149345546875 0.6733027515625001 0.6149345546875 0.6733027515625001 0.60070244375
6 0.669369265625 0.6179363 0.5364793578125 0.6179363 0.5364793578125 0.6321684125 0.669369265625 0.6321684125 0.669369265625 0.6179363
6 0.6565711015625 0.6329188484375 0.537465596875 0.6329188484375 0.537465596875 0.6464005234375 0.6565711015625 0.6464005234375 0.6565711015625 0.6329188484375
6 0.70283256875 0.6508944156250001 0.53450688125 0.6508944156250001 0.53450688125 0.6636256546875 0.70283256875 0.6636256546875 0.70283256875 0.6508944156250001
6 0.687092890625 0.6673691093749999 0.535498853125 0.6673691093749999 0.535498853125 0.68310209375 0.687092890625 0.68310209375 0.687092890625 0.6673691093749999
6 0.6831479359375 0.684594240625 0.535498853125 0.684594240625 0.535498853125 0.700327225 0.6831479359375 0.700327225 0.6831479359375 0.684594240625
6 0.653623853125 0.7010776609375 0.568967890625 0.7010776609375 0.568967890625 0.7138089 0.653623853125 0.7138089 0.653623853125 0.7010776609375
6 0.6496846328125 0.719803665625 0.5236869265624999 0.719803665625 0.5236869265624999 0.7317844671875 0.6496846328125 0.7317844671875 0.6496846328125 0.719803665625
6 0.8180045874999999 0.6344109953125 0.7559862390625 0.6344109953125 0.7559862390625 0.6463917968749999 0.8180045874999999 0.6463917968749999 0.8180045874999999 0.6344109953125
6 0.8170240828124999 0.6523865625 0.7638704125 0.6523865625 0.7638704125 0.6651178015625 0.8170240828124999 0.6651178015625 0.8170240828124999 0.6523865625
6 0.8170183484375 0.6681151828125 0.7569724765625 0.6681151828125 0.7569724765625 0.679354275 0.8170183484375 0.679354275 0.8170183484375 0.6681151828125
6 0.9440137609375 0.6493935421875 0.84557339375 0.6493935421875 0.84557339375 0.6636256546875 0.9440137609375 0.6636256546875 0.9440137609375 0.6493935421875
6 0.9410550453125 0.6651178015625 0.85442660625 0.6651178015625 0.85442660625 0.6801003484375 0.9410550453125 0.6801003484375 0.9410550453125 0.6651178015625
6 0.912505734375 0.6995767890625 0.8957740828125 0.6995767890625 0.8957740828125 0.7130584640625 0.912505734375 0.7130584640625 0.912505734375 0.6995767890625
6 0.8140653671875 0.7040706812499999 0.7618979359375 0.7040706812499999 0.7618979359375 0.7108158812500001 0.8140653671875 0.7108158812500001 0.8140653671875 0.7040706812499999
6 0.8130848625 0.7183027921875 0.7540252296875 0.7183027921875 0.7540252296875 0.7317844671875 0.8130848625 0.7317844671875 0.8130848625 0.7183027921875
6 0.8268635328125 0.750510471875 0.687081421875 0.750510471875 0.687081421875 0.7639921468749999 0.8268635328125 0.7639921468749999 0.8268635328125 0.750510471875
6 0.20474770625 0.8179144859375 0.13091743125 0.8179144859375 0.13091743125 0.8291535781249999 0.20474770625 0.8291535781249999 0.20474770625 0.8179144859375
6 0.39571674375 0.8156719015625 0.294329128125 0.8156719015625 0.294329128125 0.8328970328124999 0.39571674375 0.8328970328124999 0.39571674375 0.8156719015625
6 0.503990825 0.8171684125 0.41933486249999996 0.8171684125 0.41933486249999996 0.8306500874999999 0.503990825 0.8306500874999999 0.503990825 0.8171684125
6 0.354375 0.7849650953125 0.28940940312499996 0.7849650953125 0.28940940312499996 0.801439790625 0.354375 0.801439790625 0.354375 0.7849650953125
1 0.9499126359375 0.49584530937500004 0.572900678125 0.4995903640625 0.526635503125 0.5175666296875 0.5295886000000001 0.5288017953125 0.6742903171875 0.5295508046874999 0.6752746828125 0.5190646515624999 0.9479439062499999 0.5168176171875001 0.9499126359375 0.49584530937500004
4 0.9508970015625 0.41420310625 0.570931946875 0.41645013906250006 0.528604234375 0.43068134843749994 0.5246667734375 0.486108165625 0.627040778125 0.48311212187499997 0.6299938734375 0.46813190000000005 0.9548344640625 0.46513585625 0.9508970015625 0.41420310625
6 0.781601653125 0.099609375 0.781601653125 0.107421875 0.8367886328124999 0.1064453125 0.8329383781249999 0.099609375 0.781601653125 0.099609375
6 0.83935546875 0.1396484375 0.8355052140625 0.1328125 0.7585001250000001 0.1328125 0.754649871875 0.1396484375 0.7610669624999999 0.14453125 0.8149705234375 0.14453125 0.83935546875 0.1396484375
6 0.9240610671875 0.1396484375 0.9202108125 0.1328125 0.9099434671875001 0.130859375 0.88042485 0.1337890625 0.8829916859375 0.1455078125 0.8971092859375001 0.1484375 0.9176439765625 0.146484375 0.9240610671875 0.1396484375
6 0.9176439765625 0.166015625 0.8842751046874999 0.166015625 0.88042485 0.1728515625 0.886841940625 0.177734375 0.92149423125 0.1748046875 0.9176439765625 0.166015625
6 0.9227776484374999 0.19921875 0.8791414312500001 0.19921875 0.8778580140625 0.2080078125 0.8894087765625001 0.212890625 0.9266279031250001 0.2099609375 0.9227776484374999 0.19921875
6 0.9202108125 0.212890625 0.886841940625 0.21484375 0.8829916859375 0.2236328125 0.8894087765625001 0.228515625 0.9240610671875 0.2255859375 0.9202108125 0.212890625
6 0.9240610671875 0.2587890625 0.9240610671875 0.2509765625 0.9176439765625 0.248046875 0.8855585218750001 0.2509765625 0.8829916859375 0.2568359375 0.8919756124999999 0.263671875 0.9125103031249999 0.263671875 0.9240610671875 0.2587890625
6 0.9240610671875 0.2685546875 0.9202108125 0.265625 0.8842751046874999 0.267578125 0.8829916859375 0.2724609375 0.8894087765625001 0.27734375 0.9202108125 0.27734375 0.9240610671875 0.2685546875
6 0.9176439765625 0.298828125 0.8842751046874999 0.30078125 0.8778580140625 0.3076171875 0.886841940625 0.3125 0.92149423125 0.3095703125 0.9176439765625 0.298828125
6 0.9202108125 0.31640625 0.8842751046874999 0.318359375 0.8829916859375 0.3271484375 0.8894087765625001 0.330078125 0.92149423125 0.3251953125 0.9202108125 0.31640625
6 0.8355052140625 0.166015625 0.7713343078125 0.166015625 0.767484053125 0.1689453125 0.766200634375 0.177734375 0.817537359375 0.177734375 0.8419223046875001 0.1728515625 0.8355052140625 0.166015625
6 0.8342217953125 0.2021484375 0.8226710328125 0.19921875 0.7559332890625 0.19921875 0.754649871875 0.2080078125 0.7739011437500001 0.212890625 0.8342217953125 0.2080078125 0.8342217953125 0.2021484375
6 0.8406388859374999 0.216796875 0.786735325 0.216796875 0.786735325 0.228515625 0.8278047046875001 0.228515625 0.8444891406249999 0.2236328125 0.8406388859374999 0.216796875
6 0.8444891406249999 0.2568359375 0.8406388859374999 0.25 0.7764679796875 0.25 0.772617725 0.2568359375 0.781601653125 0.26171875 0.8278047046875001 0.26171875 0.8444891406249999 0.2568359375
6 0.8355052140625 0.265625 0.786735325 0.267578125 0.7893021609375 0.27734375 0.8419223046875001 0.2744140625 0.8419223046875001 0.2685546875 0.8355052140625 0.265625
6 0.83935546875 0.3076171875 0.83935546875 0.3017578125 0.8329383781249999 0.298828125 0.7713343078125 0.298828125 0.767484053125 0.3017578125 0.7713343078125 0.3125 0.8201041968749999 0.3125 0.83935546875 0.3076171875
6 0.8380720500000001 0.31640625 0.7739011437500001 0.31640625 0.772617725 0.3251953125 0.7841684890625 0.328125 0.83935546875 0.3232421875 0.8380720500000001 0.31640625
6 0.8021363421875 0.333984375 0.8021363421875 0.34375 0.8444891406249999 0.3427734375 0.8432057234375 0.333984375 0.8021363421875 0.333984375
6 0.8432057234375 0.349609375 0.7764679796875 0.349609375 0.779034815625 0.361328125 0.8380720500000001 0.361328125 0.8444891406249999 0.3583984375 0.8432057234375 0.349609375
6 0.8406388859374999 0.3671875 0.7739011437500001 0.3671875 0.772617725 0.3740234375 0.7841684890625 0.37890625 0.8444891406249999 0.3740234375 0.8406388859374999 0.3671875
6 0.8380720500000001 0.400390625 0.7636337984375 0.40234375 0.7623503796875 0.4072265625 0.7739011437500001 0.412109375 0.8419223046875001 0.4091796875 0.8380720500000001 0.400390625
6 0.56085373125 0.369140625 0.53518536875 0.3671875 0.53518536875 0.376953125 0.5557200578125 0.37890625 0.564703984375 0.3759765625 0.56085373125 0.369140625
6 0.659676928125 0.3740234375 0.6558266734375 0.3671875 0.578821584375 0.3671875 0.5749713296875 0.3740234375 0.58652209375 0.37890625 0.6532598375 0.37890625 0.659676928125 0.3740234375
6 0.564703984375 0.3623046875 0.564703984375 0.3544921875 0.55828689375 0.349609375 0.53390195 0.3525390625 0.5313351140625 0.3603515625 0.5377522046875 0.365234375 0.55828689375 0.3671875 0.564703984375 0.3623046875
6 0.7045965625 0.36328125 0.711013653125 0.3583984375 0.711013653125 0.3525390625 0.7020297265625 0.349609375 0.6096236203125 0.34765625 0.5749713296875 0.3505859375 0.57240449375 0.3603515625 0.578821584375 0.3671875 0.6301583109375 0.369140625 0.7045965625 0.36328125
6 0.55828689375 0.330078125 0.5364687859374999 0.3330078125 0.53390195 0.3408203125 0.5377522046875 0.34375 0.564703984375 0.3427734375 0.55828689375 0.330078125
6 0.7058799812500001 0.3427734375 0.7045965625 0.33203125 0.577538165625 0.3310546875 0.5749713296875 0.3427734375 0.578821584375 0.345703125 0.6968960531249999 0.345703125 0.7058799812500001 0.3427734375
6 0.5377522046875 0.318359375 0.5377522046875 0.326171875 0.564703984375 0.3251953125 0.56085373125 0.318359375 0.5377522046875 0.318359375
6 0.713580490625 0.3251953125 0.712297071875 0.318359375 0.6280251421874999 0.3168316703125 0.5942226015625 0.314453125 0.578821584375 0.318359375 0.577538165625 0.3232421875 0.58395525625 0.328125 0.7097302359375 0.328125 0.713580490625 0.3251953125
6 0.567270821875 0.2900390625 0.5659874031250001 0.28515625 0.5377522046875 0.28515625 0.5364687859374999 0.2900390625 0.5454527140625001 0.294921875 0.56085373125 0.294921875 0.567270821875 0.2900390625
6 0.66866085625 0.314453125 0.6904789640625 0.3095703125 0.6904789640625 0.2998046875 0.6763613640624999 0.279296875 0.578821584375 0.283203125 0.57240449375 0.2900390625 0.577538165625 0.3095703125 0.58395525625 0.3125 0.66866085625 0.314453125
6 0.5377522046875 0.267578125 0.540319040625 0.27734375 0.57240449375 0.2744140625 0.5659874031250001 0.267578125 0.5377522046875 0.267578125
6 0.70331314375 0.2685546875 0.6943292171875 0.265625 0.5813884203125 0.265625 0.577538165625 0.2744140625 0.5890889296874999 0.279296875 0.70331314375 0.2763671875 0.70331314375 0.2685546875
6 0.7007463078125 0.2412109375 0.6949619921875 0.2314444125 0.5826718390625001 0.2333984375 0.5801050015625 0.2568359375 0.591655765625 0.26171875 0.66609401875 0.26171875 0.7007463078125 0.2412109375
6 0.5377522046875 0.232421875 0.540319040625 0.244140625 0.567270821875 0.2412109375 0.5659874031250001 0.23046875 0.5377522046875 0.232421875
6 0.744382525 0.2255859375 0.7430991078125 0.216796875 0.6814950359374999 0.2109375 0.58652209375 0.21484375 0.5801050015625 0.2216796875 0.5942226015625 0.23046875 0.7020297265625 0.23046875 0.744382525 0.2255859375
6 0.5557200578125 0.20703125 0.54673613125 0.2119140625 0.539035621875 0.2255859375 0.5634205671875 0.232421875 0.567270821875 0.2138671875 0.5557200578125 0.20703125
6 0.54673613125 0.1845703125 0.54801955 0.193359375 0.564703984375 0.1904296875 0.56085373125 0.18359375 0.54673613125 0.1845703125
6 0.5634205671875 0.150390625 0.5454527140625001 0.150390625 0.5441692953125 0.1552734375 0.5505863859375 0.16015625 0.564703984375 0.1572265625 0.5634205671875 0.150390625
6 0.5505863859375 0.11328125 0.54673613125 0.1220703125 0.56085373125 0.125 0.564703984375 0.1162109375 0.5505863859375 0.11328125
6 0.5531532218749999 0.080078125 0.5505863859375 0.08984375 0.567270821875 0.0888671875 0.5659874031250001 0.080078125 0.5531532218749999 0.080078125
6 0.686628709375 0.111328125 0.7116962046875 0.110853634375 0.7764679796875 0.095703125 0.7905855796875 0.0869140625 0.786735325 0.078125 0.591655765625 0.078125 0.5801050015625 0.0830078125 0.5749713296875 0.0966796875 0.58652209375 0.109375 0.66609401875 0.111328125 0.686628709375 0.111328125
6 0.70331314375 0.1240234375 0.70331314375 0.1162109375 0.69176238125 0.109375 0.6147572921875 0.109375 0.577538165625 0.1142578125 0.5749713296875 0.1376953125 0.5813884203125 0.142578125 0.6147572921875 0.142578125 0.70331314375 0.1240234375
6 0.7148639078125 0.162109375 0.7212809984375 0.1552734375 0.7212809984375 0.1513671875 0.712297071875 0.1484375 0.5813884203125 0.1484375 0.577538165625 0.1513671875 0.578821584375 0.17578125 0.607056784375 0.17578125 0.7148639078125 0.162109375
6 0.7007463078125 0.1923828125 0.699462890625 0.18359375 0.5813884203125 0.18359375 0.577538165625 0.1884765625 0.574869409375 0.21197012499999998 0.7028369156250001 0.2112211140625 0.7007463078125 0.1923828125