4 0.0803709546875 0.0623743703125 0.0726265984375 0.0663099765625 0.0722582203125 0.141205790625 0.07114159375 0.17781076093749998 0.11655120468749999 0.18194511875 0.22635311875 0.17974011875 0.2274697609375 0.168026109375 0.28088726406250003 0.1671992328125 0.2880510203125 0.1431343078125 0.2796243046875 0.0498395890625 0.22374351250000002 0.046764721875 0.11117130625 0.04540984375 0.096814390625 0.048218135937500003 0.09630195625 0.048218135937500003 0.09613717656250001 0.048117840625000005 0.09627261875000001 0.048218135937500003 0.09646798437500001 0.04836280625 0.0967707609375 0.062824153125 0.0803709546875 0.0623743703125
4 0.06993727968749999 0.348913059375 0.07076983906249999 0.40268106406250004 0.1756718890625 0.40283518906250004 0.1760881765625 0.39127557031250004 0.272040253125 0.3914296953125 0.2745379140625 0.37493798125 0.2793251171875 0.37262605625 0.2793251171875 0.31075636093750003 0.2778681515625 0.23471753906249998 0.27953326875 0.208841778125 0.2776599984375 0.18562721875 0.1044883515625 0.1837776734375 0.09885646875000001 0.18458485625 0.0989407375 0.18470244375 0.0988496375 0.18470244375 0.09886014062500001 0.18477136562500002 0.0992084234375 0.20136330937500002 0.07099749375 0.20110540625 0.0705108984375 0.2465041984375 0.06993727968749999 0.348913059375
4 0.067831821875 0.546058840625 0.0687851 0.5565063015625 0.07398475625 0.5581036671875 0.0777947484375 0.5588560218749999 0.20085754531250002 0.55998455 0.2733505078125 0.559702421875 0.2737315109375 0.4788723359375 0.2755095203125 0.41055432031250005 0.258618534375 0.4074508671875 0.187625659375 0.4066985109375 0.1562567046875 0.40679255625 0.099699290625 0.4077329953125 0.0969052953125 0.40763895312500004 0.09665129375 0.40782703906249995 0.09669348125 0.407805434375 0.0964669375 0.42412966093750004 0.07123325781249999 0.4236951125 0.068739234375 0.43075656875 0.067831821875 0.546058840625
4 0.06551795 0.7208027375 0.0667433984375 0.78886131875 0.0843981734375 0.790938421875 0.126472634375 0.7935042328125 0.2152415 0.794359509375 0.23867119374999998 0.7954591484375 0.261110915625 0.790938421875 0.2581409484375 0.7785980359375 0.269360809375 0.7779871265625 0.270173021875 0.76355695625 0.27695903906249997 0.7600245796875 0.27725551406250004 0.75256005 0.279923834375 0.734116753125 0.27280832187500004 0.7274206296875 0.2732530453125 0.6767949125 0.273104796875 0.642668671875 0.2729565703125 0.6234318046875 0.1127093875 0.6198093124999999 0.0964030140625 0.6186018125 0.0943397140625 0.6205904531249999 0.094068078125 0.63813941875 0.06853011875000001 0.637945459375 0.0665656609375 0.6552078265625 0.06551795 0.7208027375
4 0.065345540625 0.8513370953124999 0.06753637343749999 0.911666615625 0.186227953125 0.9177741921875 0.2278537890625 0.9179650562500001 0.2699040515625 0.9173924703124999 0.2696462890625 0.8880951781249999 0.26861532499999996 0.8660082046875001 0.2718371375 0.8556718640625001 0.2706772734375 0.79866554375 0.2570168 0.7956117546875 0.119252071875 0.7940848593750001 0.0999464390625 0.7944665859375 0.0922140875 0.79523003125 0.09190415156250001 0.7952874078125001 0.0918665125 0.79533325625 0.0918583125 0.7954437328124999 0.0906045546875 0.812333746875 0.0711448046875 0.8095662484374999 0.0654744125 0.8114748671875001 0.065345540625 0.8513370953124999
4 0.28864445625 0.9101759671874999 0.33496609374999997 0.9097461250000001 0.3368236109375 0.8923804703125 0.44941597343749995 0.8954199218750001 0.4946927671875 0.8961076734375 0.4952732390625 0.8663803921875 0.3595589515625 0.8619100234375001 0.34887276875 0.8597608093750001 0.31729510312500003 0.860190653125 0.31546482187499997 0.8619772296875 0.315785878125 0.862769709375 0.31508084062499997 0.8623520421875 0.31499360625 0.8624371937499999 0.31662319375000003 0.8791413046875001 0.28934101874999996 0.8795711468749999 0.2871352296875 0.891520784375 0.28597428593749996 0.9064793218749999 0.28864445625 0.9101759671874999
4 0.2922588875 0.858343915625 0.42323272031250003 0.85809681875 0.42323272031250003 0.8424985046875 0.49674113750000004 0.8424985046875 0.497742209375 0.7878887125 0.49373791093749997 0.7438797265625 0.497074825 0.6903792296875 0.3804497203125 0.6861785203124999 0.3172152171875 0.6875375703125 0.31663149375 0.6877348624999999 0.316399303125 0.6882506703125 0.3168083921875 0.6882506703125 0.317786275 0.7026126046875001 0.300100640625 0.701500653125 0.29059042968750004 0.7057013624999999 0.29042358749999997 0.8040536484375 0.2922588875 0.858343915625
4 0.29151764999999996 0.680945559375 0.43021959218749994 0.6823223640625 0.49324903124999997 0.6838368484374999 0.4995705828125 0.6565761046875 0.4941786671875 0.596718540625 0.4977113078125 0.5713658406250001 0.488043053125 0.5666846984375 0.4101394265625 0.56420645 0.333537271875 0.5628296453125 0.31866306875 0.5668666499999999 0.31698973124999996 0.582837590625 0.2892865203125 0.582837590625 0.29151764999999996 0.64369238125 0.29151764999999996 0.680945559375
4 0.3036171 0.23157094531250003 0.503970559375 0.23273003593750002 0.5078837109375 0.22442325468750002 0.5078837109375 0.1821166171875 0.49275284687500004 0.1815370765625 0.3920543609375 0.1815370765625 0.3315309375 0.1855938734375 0.3341397046875 0.2008551734375 0.3132695578125 0.197957459375 0.3004865859375 0.20220744218750003 0.3036171 0.23157094531250003
4 0.4055549328125 0.54731665 0.4907732359375 0.54731665 0.4976935171875 0.5417529015625 0.49789125156249997 0.4979749296875 0.406148090625 0.49621795312500006 0.3053097234375 0.492704 0.290875996875 0.49651078281250005 0.2914691625 0.49738926875 0.2922600546875 0.5596154796875 0.399227809375 0.5615188734375 0.4055549328125 0.5575656734375001 0.4055549328125 0.54731665
4 0.7429245953125 0.6306300296875 0.7429245953125 0.6841174765625 0.81231958125 0.684724396875 0.8158713015625001 0.6681347546875 0.8494759453125 0.6707648265625 0.94482576875 0.6699555875 0.954661253125 0.64486879375 0.9576665640625001 0.5535940203124999 0.9509787218750001 0.5474254421875 0.9242769781250001 0.5485105375 0.8785257906249999 0.548872234375 0.8441717078125001 0.5482694046875001 0.839450053125 0.546460915625 0.7767660578125 0.5485105375 0.7763632671875 0.5488527171875 0.7769437390625 0.5488527171875 0.7764289578125 0.5489084890625 0.7789881421875 0.56427146875 0.7472959296874999 0.5650807109375 0.7429245953125 0.6306300296875
4 0.7475053968750001 0.5455516796875 0.8208084171875001 0.5465662921875001 0.845167140625 0.54660300625 0.846986453125 0.5479502187499999 0.8948949984375 0.5485789140625 0.90593214375 0.54741133125 0.9066342953125 0.53268181875 0.9534258171875001 0.53133460625 0.9548812625 0.5263948296875001 0.95100006875 0.5029592843749999 0.8770062046874999 0.49857770468749996 0.8008024453125 0.4974519328125 0.7729992296875 0.49860437968750004 0.7740520484375 0.515874490625 0.7437374890624999 0.5151135390625 0.7418535359375 0.5265278421875 0.7475053968750001 0.5455516796875
4 0.9187309750000001 0.434589371875 0.7729061921875 0.43219558124999996 0.76832139375 0.43219558124999996 0.7681641359375 0.43245250312500005 0.7685116640625 0.4326363234375 0.7679890546875 0.4327710265625 0.7646691609375 0.4527789609375 0.7460583984375 0.45384906562499994 0.746267521875 0.48270562031250003 0.9565618265625 0.488849821875 0.9634285609375001 0.4394841734375 0.9187309750000001 0.434589371875
4 0.7495360125 0.4068843078125 0.7495360125 0.41336424374999997 0.7598012375 0.417601128125 0.8967831296875 0.42034263593750004 0.8967831296875 0.4055135484375 0.9575429312500001 0.40202434687500005 0.9541772828124999 0.35616631718749997 0.904533965625 0.35180481874999997 0.7825291937500001 0.350932521875 0.7779757328125 0.3531015734375 0.7784805859375 0.36942603749999997 0.7517236765625 0.36867835000000004 0.7505457046874999 0.3732890765625 0.7495360125 0.4068843078125
4 0.8178254390624999 0.11361859062499999 0.8197442203125 0.09912571249999999 0.882872153125 0.1004044921875 0.95847215625 0.0974206671875 0.95847215625 0.050247770312499995 0.8533229078125 0.0489689875 0.7796416734375 0.050105687499999996 0.7800998124999999 0.05050528125 0.7801727625 0.050426937500000005 0.7802779765625 0.050660678125000004 0.7804789015625 0.0508359265625 0.780788184375 0.051064953125 0.780034275 0.0511447046875 0.7807929390624999 0.0671561328125 0.7681289812500001 0.064740646875 0.7533543640625 0.06843490937499999 0.7531624890625 0.116318246875 0.7786822812499999 0.1178812015625 0.8178254390624999 0.11361859062499999
4 0.354431153125 0.11336115937499999 0.41678692812499996 0.1113370484375 0.41627441093749995 0.09792736875 0.5066475921875 0.09349964375 0.5081469734375 0.0484633515625 0.39915247656249997 0.045806718749999996 0.30877931406250003 0.046945274999999995 0.304204853125 0.0482103390625 0.3043756875 0.06402364375 0.300446428125 0.0948912125 0.302838146875 0.11247560937500001 0.354431153125 0.11336115937499999
4 0.58078880625 0.6839339609375 0.58241858125 0.6671586203125 0.611918203125 0.6681161624999999 0.6612997171874999 0.666555190625 0.7246075921874999 0.6683897953125 0.7322460468750001 0.6585210265625 0.7317584796875 0.6372189265625 0.7307833484375 0.6185475109375 0.6842264796874999 0.61728691875 0.6157619921874999 0.61611834375 0.5679339578125 0.615129540625 0.545259690625 0.6177980734374999 0.547052440625 0.6340906734375 0.5271691828125 0.6352975328125 0.529939796875 0.6833305328125 0.58078880625 0.6839339609375
4 0.5261248640625 0.6001722703125 0.6789666624999999 0.6038831953125 0.702411959375 0.5993770625 0.7029488515625 0.584798384375 0.7319422828125 0.585328515625 0.7292577078125 0.55511089375 0.6961479500000001 0.5510023625 0.576594865625 0.549942090625 0.552612675 0.5516650296875001 0.5531589875 0.5533692203125 0.554402390625 0.5688943734375 0.527377665625 0.5673039703125 0.5264828078125 0.5772439781250001 0.5261248640625 0.6001722703125
4 0.53019880625 0.2378763421875 0.5813259390625001 0.241134884375 0.727755475 0.24035904375 0.7342511484375 0.2339971359375 0.734879765625 0.17580906093749998 0.735089284375 0.119958284375 0.736556040625 0.10521730468749999 0.717278603125 0.1008725953125 0.5848509625 0.10180360468750001 0.554295609375 0.10502465624999999 0.5593245109375 0.12100698437499999 0.53355141875 0.1197656375 0.52915111875 0.12364484375 0.53019880625 0.2378763421875
2 0.50853815625 0.2470637125 0.2994802671875 0.2447816359375 0.29977375781250004 0.2455423265625 0.299186778125 0.24521631406250002 0.299188965625 0.2453209734375 0.2961072734375 0.48397735 0.50648368125 0.485933421875 0.50677719375 0.4752837171875 0.50853815625 0.2470637125
7 0.5643689609375 0.5251591078125 0.540121725 0.5240966375 0.5471519890625001 0.5421586281249999 0.6160277359374999 0.545664778125 0.7256424578125 0.5460897640625 0.7285119515625 0.5322776578124999 0.7249250828125 0.5242028828125 0.6582093171875 0.5245216218750001 0.656057196875 0.5200592484375 0.638409796875 0.5193155218750001 0.633531653125 0.5253715984375 0.58551009375 0.5249440125 0.585029328125 0.5197405078124999 0.56652108125 0.5193155218750001 0.5643689609375 0.5251591078125
0 0.9506814765625 0.8816198562500001 0.9501522687499999 0.868620134375 0.9460583343750001 0.8440625640625001 0.9543884046875 0.8283042265624999 0.9532383531249999 0.699051521875 0.529258353125 0.6966180328125 0.52539689375 0.9139967296875 0.9441110234375 0.9234282781250001 0.9458996765625001 0.89762851875 0.9506814765625 0.8816198562500001
3 0.9681660421875 0.8510655500000001 0.9498113171875 0.8515268812500001 0.9509845828125 0.8670557078125001 0.9582983046875 0.869032984375 0.9675855859375 0.8672276453125001 0.9681660421875 0.8510655500000001
6 0.946622796875 0.9166899953125001 0.9560345968749999 0.9196896156250001 0.9654464140625001 0.9202189578125 0.9686631046875 0.881841484375 0.9668760515624999 0.878841865625 0.9519418671875 0.8796056296874999 0.9503160453125 0.890280184375 0.9474567515625001 0.8973381093749999 0.9468610671875 0.9012199703125001 0.946622796875 0.9166899953125001
2 0.523712190625 0.39606258125 0.7350998640624999 0.39699848125 0.7357317859375 0.247835946875 0.52635715 0.246443303125 0.52635715 0.2472120125 0.5262156203125 0.2471915921875 0.523712190625 0.39606258125
7 0.24129898437500003 0.5793010749999999 0.195943396875 0.5793010749999999 0.195943396875 0.6061827953125001 0.24129898437500003 0.6061827953125001 0.24129898437500003 0.5793010749999999
7 0.484404934375 0.1330698921875 0.377365746875 0.1330698921875 0.377365746875 0.16667204375 0.484404934375 0.16667204375 0.484404934375 0.1330698921875
7 0.7220609578125 0.055107526562499995 0.6240928875 0.055107526562499995 0.6240928875 0.087365590625 0.7220609578125 0.087365590625 0.7220609578125 0.055107526562499995