0 0.49494438125 0.96179403125 0.763814990625 0.962890625 0.9080768453125 0.96484375 0.9387994031250001 0.9659813046875 0.9387994031250001 0.596400034375 0.9443246265624999 0.38022498437499996 0.4783689265625 0.37254831093749996 0.473764621875 0.50654135625 0.47915544218750006 0.7080078125 0.4740032328125 0.7158203125 0.4740032328125 0.8564453125 0.48173154531250006 0.9306640625 0.49494438125 0.96179403125
6 0.47657933750000003 0.9052734375 0.47271518125 0.90234375 0.4636988140625 0.9072265625 0.461122709375 0.9580078125 0.47271518125 0.958984375 0.47915544218750006 0.9365234375 0.47657933750000003 0.9052734375
3 0.0244729921875 0.880859375 0.023184940625 0.8935546875 0.03220130625 0.896484375 0.0360654625 0.8818359375 0.0244729921875 0.880859375
6 0.0360654625 0.9111328125 0.023184940625 0.9111328125 0.0206088359375 0.9423828125 0.03220130625 0.9453125 0.038641567187499996 0.9423828125 0.0360654625 0.9111328125
7 0.782875296875 0.123034984375 0.782054365625 0.09815056250000001 0.6504663921875 0.0859375 0.6318329765625 0.0906852421875 0.6362978171875 0.1240234375 0.6441462046875001 0.1354771953125 0.7705620718749999 0.13609933125 0.782875296875 0.123034984375
4 0.927590634375 0.37127333125 0.9284114406249999 0.282933628125 0.5389983390624999 0.28026766406250003 0.5114035421875001 0.29973061875 0.5089408703125 0.3669186 0.927590634375 0.37127333125
4 0.559014709375 0.2655145375 0.8446815265625001 0.2686250921875 0.9333367812500001 0.2655145375 0.9415456000000001 0.147313534375 0.5184728875 0.1441020859375 0.51468708125 0.27857885 0.5573729078125 0.27671252343749997 0.559014709375 0.2655145375
4 0.45023322343750005 0.9583464265625 0.45762110937499995 0.7804228203125 0.06588668125 0.7743541859375 0.040613178124999996 0.7947313578124999 0.0389714390625 0.9496369171874999 0.45023322343750005 0.9583464265625
4 0.3330320640625 0.7750059515625 0.3387782125 0.7644300921875 0.45862693749999994 0.7662963953124999 0.46765662499999994 0.44342104843749997 0.07101804375000001 0.4382197328125 0.0481860546875 0.454619021875 0.0391563671875 0.7712732984375 0.3330320640625 0.7750059515625
4 0.28870443749999997 0.43926464843749996 0.3001967953125 0.4224676109375 0.46929848906249994 0.4224676109375 0.4742237046875 0.21468271562500002 0.0843595875 0.20946156249999998 0.056394871874999995 0.2296133421875 0.045723446875000004 0.43926464843749996 0.28870443749999997 0.43926464843749996
4 0.3313902625 0.2090837 0.3313902625 0.1941530484375 0.4766863734375 0.1953972625 0.47750730625 0.142517865625 0.0823070421875 0.1425459078125 0.0588575421875 0.1593148546875 0.05146959375 0.2115721625 0.3313902625 0.2090837