4 0.9375 0.1328125 0.9390625 0.13125 0.95625 0.13125 0.9578125 0.1296875 0.959375 0.1296875 0.959375 0.075 0.85 0.075 0.85 0.134375 0.9171875 0.134375 0.91875 0.1328125 0.9375 0.1328125
4 0.7359375 0.109375 0.7359375 0.1265625 0.7375 0.128125 0.7359375 0.1296875 0.7359375 0.1328125 0.7375 0.134375 0.7828125 0.134375 0.784375 0.1328125 0.7921875 0.1328125 0.79375 0.13125 0.8390625 0.13125 0.8421875 0.128125 0.8421875 0.10625 0.84375 0.1046875 0.84375 0.0765625 0.7359375 0.0765625 0.7359375 0.1 0.7375 0.1015625 0.7375 0.1078125 0.7359375 0.109375
4 0.2734375 0.1296875 0.2734375 0.1390625 0.275 0.140625 0.275 0.1515625 0.2734375 0.153125 0.2734375 0.1703125 0.275 0.171875 0.275 0.178125 0.2765625 0.1796875 0.384375 0.1796875 0.3859375 0.178125 0.3859375 0.1203125 0.2765625 0.1203125 0.2765625 0.1234375 0.275 0.125 0.275 0.128125 0.2734375 0.1296875
4 0.390625 0.0859375 0.390625 0.103125 0.3921875 0.1046875 0.3921875 0.109375 0.390625 0.1109375 0.390625 0.1234375 0.3921875 0.125 0.3921875 0.1265625 0.3953125 0.1296875 0.4953125 0.1296875 0.496875 0.128125 0.4984375 0.128125 0.4984375 0.0765625 0.390625 0.0765625 0.390625 0.08125 0.3921875 0.0828125 0.3921875 0.084375 0.390625 0.0859375
4 0.0453125 0.1140625 0.0453125 0.178125 0.1546875 0.178125 0.1546875 0.1140625 0.0453125 0.1140625
4 0.390625 0.1765625 0.3921875 0.178125 0.4578125 0.178125 0.459375 0.1765625 0.4671875 0.1765625 0.46875 0.175 0.4953125 0.175 0.496875 0.1734375 0.4984375 0.1734375 0.4984375 0.165625 0.5 0.1640625 0.5 0.15625 0.4984375 0.1546875 0.4984375 0.1484375 0.5 0.146875 0.5 0.140625 0.4984375 0.1390625 0.4984375 0.1359375 0.496875 0.134375 0.496875 0.1328125 0.39375 0.1328125 0.3921875 0.134375 0.3921875 0.1390625 0.390625 0.140625 0.390625 0.1765625
4 0.1546875 0.08125 0.1421875 0.08125 0.140625 0.0796875 0.0453125 0.0796875 0.0453125 0.1109375 0.153125 0.1109375 0.1546875 0.109375 0.1546875 0.08125
4 0.3 0.1171875 0.375 0.1171875 0.3765625 0.115625 0.3828125 0.115625 0.384375 0.1140625 0.384375 0.0828125 0.275 0.0828125 0.275 0.1171875 0.2765625 0.11875 0.2984375 0.11875 0.3 0.1171875
4 0.16875 0.1078125 0.1703125 0.10625 0.20625 0.10625 0.2078125 0.1046875 0.2640625 0.1046875 0.265625 0.103125 0.2671875 0.103125 0.2671875 0.075 0.1609375 0.075 0.1609375 0.0875 0.1625 0.0890625 0.1625 0.1078125 0.16875 0.1078125
4 0.26875 0.1625 0.26875 0.15 0.2671875 0.1484375 0.2671875 0.1453125 0.1625 0.1453125 0.1625 0.178125 0.2671875 0.178125 0.2671875 0.1640625 0.26875 0.1625
4 0.5296875 0.1046875 0.6078125 0.1046875 0.609375 0.103125 0.6109375 0.103125 0.6125 0.1015625 0.6125 0.0828125 0.50625 0.0828125 0.50625 0.1046875 0.5078125 0.10625 0.528125 0.10625 0.5296875 0.1046875
4 0.50625 0.134375 0.6109375 0.134375 0.6125 0.1328125 0.6125 0.1296875 0.6140625 0.128125 0.6140625 0.1078125 0.50625 0.1078125 0.50625 0.125 0.5046875 0.1265625 0.50625 0.128125 0.50625 0.134375
4 0.265625 0.1421875 0.2671875 0.140625 0.2671875 0.109375 0.1625 0.109375 0.1625 0.14375 0.1875 0.14375 0.1890625 0.1421875 0.265625 0.1421875
6 0.8296875 0.04375 0.83125 0.0421875 0.83125 0.0390625 0.8328125 0.0375 0.8328125 0.034375 0.646875 0.034375 0.646875 0.046875 0.828125 0.046875 0.8296875 0.0453125 0.8296875 0.04375
4 0.6578125 0.1125 0.665625 0.1125 0.6671875 0.1109375 0.728125 0.1109375 0.728125 0.075 0.6203125 0.075 0.6203125 0.1171875 0.6546875 0.1171875 0.6546875 0.115625 0.6578125 0.1125
7 0.4615384609375 0.075372628125 0.46794871718750003 0.055047425000000004 0.1359375 0.053125 0.134375 0.0546875 0.08333333281250001 0.0575880765625 0.0871794875 0.072831978125 0.4615384609375 0.075372628125
7 0.5671875 0.0734375 0.9 0.0734375 0.9 0.0546875 0.5640625 0.0546875 0.5640625 0.06875 0.565625 0.06875 0.56875 0.071875 0.5671875 0.0734375
7 0.85 0.0328125 0.85 0.05 0.9609375 0.05 0.9609375 0.0328125 0.85 0.0328125
4 0.728125 0.1140625 0.621875 0.1140625 0.621875 0.1328125 0.6234375 0.134375 0.728125 0.134375 0.728125 0.1140625
6 0.1140625 0.0796875 0.115625 0.078125 0.115625 0.071875 0.053125 0.071875 0.053125 0.08125 0.0640625 0.08125 0.065625 0.0796875 0.1140625 0.0796875
6 0.5078125 0.0734375 0.5078125 0.0796875 0.571875 0.0796875 0.571875 0.0734375 0.5078125 0.0734375
7 0.128125 0.0484375 0.13125 0.0453125 0.13125 0.0359375 0.1328125 0.034375 0.1328125 0.0296875 0.06923076875 0.029640921874999997 0.07435897500000001 0.046578590625 0.121875 0.05 0.1234375 0.0484375 0.128125 0.0484375
6 0.184615384375 0.0398035234375 0.18846153906250002 0.0482723578125 0.5125 0.046875 0.5125 0.0375 0.184615384375 0.0398035234375
6 0 0.9984375 0.0125 0.9984375 0.0125 0.98125 0 0.98125 0 0.9984375
0 0.9589743593750001 0.14058265625 0.5064102562499999 0.14058265625 0.5064102562499999 0.50558943125 0.9589743593750001 0.50558943125 0.9589743593750001 0.14058265625
0 0.9589743593750001 0.5115176156250001 0.5051282046875001 0.5115176156250001 0.5051282046875001 0.9662940375 0.9589743593750001 0.9662940375 0.9589743593750001 0.5115176156250001
0 0.4974384609375 0.5123644984375 0.048130768750000004 0.5123644984375 0.048130768750000004 0.967140921875 0.4974384609375 0.967140921875 0.4974384609375 0.5123644984375
3 0.071794871875 0.0330284546875 0.04358974375 0.0330284546875 0.04358974375 0.049119240625 0.071794871875 0.049119240625 0.071794871875 0.0330284546875
0 0.499146153125 0.18292513593749998 0.054700000000000006 0.18292513593749998 0.054700000000000006 0.5070003390625 0.499146153125 0.5070003390625 0.499146153125 0.18292513593749998