3 0.9725572078125 0.8519126640625 0.9572597249999999 0.8519126640625 0.9572597249999999 0.870427946875 0.9725572078125 0.870427946875 0.9725572078125 0.8519126640625
6 0.97420480625 0.8793930124999999 0.9543764296875 0.8793930124999999 0.9543764296875 0.913515284375 0.97420480625 0.913515284375 0.97420480625 0.8793930124999999
4 0.950979403125 0.855845028125 0.6685329609374999 0.856509628125 0.66352955625 0.9238235781249999 0.9498110625 0.9222634140625001 0.950979403125 0.855845028125
7 0.9322492546875001 0.57081465 0.6710932109375001 0.5700213468750001 0.668494984375 0.587084915625 0.9299124765625001 0.5859705234375 0.9322492546875001 0.57081465
4 0.667034596875 0.73028225 0.6652820375 0.85620976875 0.7730620015625 0.8557639984375 0.773938296875 0.8412767890625 0.951526878125 0.8403852578125001 0.9541556718749999 0.6867665609375 0.9477298390625 0.588867965625 0.698193925 0.5895368984375 0.6915698703125 0.6049693765625 0.66732664375 0.6085354671875 0.667034596875 0.73028225
4 0.9123872875 0.551120165625 0.9488981796875 0.5471082953125 0.9486061015624999 0.364738 0.66352955625 0.365183753125 0.6606086546875 0.5682819671875 0.9097585875 0.5647158453125 0.9123872875 0.551120165625
7 0.3733679734375 0.39973023125 0.49604435 0.40173618906249997 0.5065594578125 0.40062177343750005 0.5080199390625 0.38658029374999997 0.6475718374999999 0.385404240625 0.6464689296875 0.3674125625 0.3742442375 0.361617671875 0.3733679734375 0.39973023125
4 0.37044715156249997 0.54760805625 0.3701550265625 0.673589575 0.373075928125 0.8426140421874999 0.37628884375 0.8553182749999999 0.475306228125 0.85130638125 0.47881126875 0.839716625 0.6590286437499999 0.837487803125 0.6549394328125 0.40577501875 0.40211781249999995 0.40413916875 0.39761119843750004 0.42006637187500007 0.3742442375 0.42229518749999995 0.37044715156249997 0.54760805625
4 0.37219963125 0.9215948046875001 0.6566919609374999 0.9189202359375 0.6546473546875 0.853170459375 0.40109514375 0.8553386953125001 0.4022845515625 0.86743481875 0.37570467343749997 0.8678805671875001 0.37219963125 0.9215948046875001
4 0.06978068750000001 0.928058309375 0.1766843953125 0.9262752953125 0.1784368765625 0.9097821046875 0.3555863984375 0.9052985046875 0.34813917499999997 0.6075899312499999 0.0683202375 0.6100416125 0.06978068750000001 0.928058309375
1 0.2295520265625 0.5839645890625 0.07228924375 0.58758534375 0.07562242031250001 0.605361121875 0.23101247656249999 0.6046925125 0.2295520265625 0.5839645890625
1 0.2216657421875 0.3462389015625 0.0681985703125 0.344421584375 0.065399390625 0.36295495624999996 0.2140714421875 0.3631778359375 0.2216657421875 0.3462389015625
2 0.9365246296875 0.051409784375 0.069918025 0.0573511453125 0.0680134890625 0.33787236875 0.938511190625 0.3352199375 0.9365246296875 0.051409784375
2 0.3500685640625 0.37561487968749996 0.050793021875 0.37719043281250003 0.0511299109375 0.58250453125 0.35056512500000003 0.5787153796875 0.3500685640625 0.37561487968749996