2 0.5135978734375 0.057621796875 0.077146021875 0.056592814062499996 0.07844155781249999 0.3478054546875 0.5109227046875 0.347141428125 0.5135978734375 0.057621796875
2 0.97728893125 0.057621796875 0.5364548296875 0.0516139734375 0.5314321484375 0.33983704375 0.9701553296875 0.3438212484375 0.97728893125 0.057621796875
2 0.9728303640625 0.571774209375 0.0793756765625 0.57605178125 0.0820084265625 0.9257053140625 0.97372213125 0.9237131859375 0.9728303640625 0.571774209375
1 0.61646835625 0.5619051734375 0.41796497343750005 0.5603789640625 0.4189086984375 0.5711230625 0.6149829296875 0.571491771875 0.61646835625 0.5619051734375
1 0.3064961421875 0.36239144687499997 0.313923196875 0.3498551125 0.3129329375 0.347642825 0.3040204578125 0.3502238375 0.07873983749999999 0.350271409375 0.0792282859375 0.36054786875 0.2520310765625 0.3620227234375 0.3064961421875 0.36239144687499997
1 0.9772341671874999 0.34616795625 0.9698071109375 0.34616795625 0.9589141124999999 0.348380259375 0.8908992890625 0.3442815 0.8920706234375 0.3561232796875 0.97475848125 0.3572294234375 0.9772341671874999 0.34616795625
6 0.9957023109375 0.882909009375 0.9793169984375 0.8843084687499999 0.97682880625 0.9193969453124999 0.9964282046875 0.9185860953124999 0.9957023109375 0.882909009375
3 0.9971541265624999 0.8545294890624999 0.97840946875 0.8542483296875 0.981184221875 0.87155719375 0.99388755 0.87155719375 0.9971541265624999 0.8545294890624999
7 0.4169482140625 0.4745094515625 0.43379444375 0.4745094515625 0.43514217187500004 0.4669824828125 0.4755731234375 0.46798608125 0.47894237031250003 0.45092496718749997 0.34557352343750003 0.449105628125 0.345520209375 0.46898968124999996 0.4129051296875 0.46748429218750004 0.4169482140625 0.4745094515625
4 0.2938858703125 0.4931640625 0.2886379078125 0.4833984375 0.2912618890625 0.4482421875 0.2860139265625 0.4365234375 0.2860139265625 0.4150390625 0.2912618890625 0.4111328125 0.2860139265625 0.4091796875 0.2833899453125 0.3974609375 0.2833899453125 0.3740234375 0.2191024109375 0.369140625 0.1272630765625 0.37109375 0.122015115625 0.3671875 0.08527938125 0.373046875 0.0787194296875 0.3779296875 0.083967390625 0.5380859375 0.114143171875 0.54296875 0.21779042187500003 0.5419921875 0.2794539734375 0.541015625 0.2912618890625 0.5322265625 0.2886379078125 0.5126953125 0.2938858703125 0.4931640625
4 0.50774031875 0.373046875 0.4762525484375 0.37109375 0.4500127375 0.375 0.4185249671875 0.37109375 0.3949091375 0.380859375 0.363421365625 0.37109375 0.30438179375 0.3740234375 0.3017578125 0.4306640625 0.308317765625 0.435546875 0.35030146093750003 0.435546875 0.363421365625 0.439453125 0.46969259531249996 0.4384765625 0.49986837656249994 0.4375 0.511676290625 0.4326171875 0.514300271875 0.3896484375 0.50774031875 0.373046875
4 0.5051163375 0.4765625 0.4395168140625 0.474609375 0.40540506093750006 0.474609375 0.3949091375 0.474609375 0.360797384375 0.474609375 0.35030146093750003 0.4765625 0.330621603125 0.4814453125 0.3293096125 0.498046875 0.32143767031250003 0.494140625 0.3070057734375 0.4990234375 0.3122537359375 0.5107421875 0.3070057734375 0.5166015625 0.3077846671875 0.5417503921875 0.4277089 0.5439453125 0.50774031875 0.541015625 0.514300271875 0.5361328125 0.514300271875 0.4970703125 0.5051163375 0.4765625
4 0.7425866171875 0.4814453125 0.747834578125 0.4755859375 0.747834578125 0.4091796875 0.7360266640625001 0.37109375 0.662555196875 0.373046875 0.6205715015625 0.369140625 0.602203634375 0.373046875 0.57333984375 0.369140625 0.5352921187499999 0.3740234375 0.5274201765625001 0.4111328125 0.5352921187499999 0.4423828125 0.5300441578124999 0.5263671875 0.536604109375 0.54296875 0.574651834375 0.5439453125 0.728154721875 0.54296875 0.745210596875 0.5380859375 0.747834578125 0.5009765625 0.7425866171875 0.4814453125
4 0.976120925 0.4619140625 0.9669369906249999 0.369140625 0.7727623984374999 0.369140625 0.763578465625 0.3740234375 0.758330503125 0.4033203125 0.758330503125 0.5068359375 0.763578465625 0.5341796875 0.7701384171875 0.541015625 0.8160580843749999 0.5439453125 0.8226180359375 0.541015625 0.9695609703124999 0.54296875 0.9734969437500001 0.5400390625 0.976120925 0.4619140625