7 0.25248650625 0.0850880015625 0.1342294765625 0.083043940625 0.133807884375 0.12062478750000001 0.2514171921875 0.11860564843750002 0.25248650625 0.0850880015625
7 0.21925255937500002 0.16354611562500002 0.0693363484375 0.163128728125 0.06845907031250001 0.18395112656249998 0.217174696875 0.18215728125 0.21925255937500002 0.16354611562500002
7 0.2361723875 0.5948167453125001 0.0755721671875 0.5958574109375 0.074692659375 0.61723984375 0.23261025468750002 0.6158944578125001 0.2361723875 0.5948167453125001
7 0.3670777625 0.8521725890624999 0.26004843437499997 0.85345270625 0.257247784375 0.8757168328124999 0.36678093437500003 0.874371453125 0.3670777625 0.8521725890624999
3 0.3940899828125 0.9582338343749999 0.37073419531249996 0.959475159375 0.3756859796875 0.9739299953125 0.3967614390625 0.9739299953125 0.3940899828125 0.9582338343749999
7 0.367374528125 0.9734814999999999 0.36232828437500003 0.9566642171874999 0.26888250937499997 0.9567264296875001 0.271496059375 0.9725845796874999 0.3557979296875 0.9754996125 0.367374528125 0.9734814999999999
4 0.2575446125 0.9490403359374999 0.4320851125 0.9467980484374999 0.4308977984375 0.8777349453125 0.2683628578125 0.8785839546875 0.28040110625 0.890067615625 0.260216228125 0.895224925 0.2575446125 0.9490403359374999
4 0.3050386359375 0.8354980109374999 0.422586346875 0.83617071875 0.43060103281249995 0.8341526421875001 0.4264453078125 0.5923502140625 0.2532929671875 0.5911453015625 0.25873195781249997 0.849176084375 0.3017734890625 0.8467095718750001 0.3050386359375 0.8354980109374999
4 0.2462647796875 0.6192307390625 0.0781704234375 0.6209886578125 0.076770521875 0.677306540625 0.24923315937499999 0.6775308 0.2462647796875 0.6192307390625
4 0.2429995703125 0.4821441703125 0.07401321250000001 0.4800180625 0.07231795156250001 0.579908825 0.24745222031249997 0.5774422875 0.2429995703125 0.4821441703125
4 0.3489705875 0.5523284281249999 0.42139896875 0.550983059375 0.426742071875 0.54492881875 0.41991476250000004 0.4823684046875 0.2532929671875 0.4792327109375 0.2542794046875 0.5666792218750001 0.351642203125 0.5653338296875 0.3489705875 0.5523284281249999
2 0.42110220312499996 0.47202659375 0.4187274484375 0.2510504984375 0.0054192203125 0.2534441515625 0.0052326609375 0.253768428125 0.0067168671875 0.4747173671875 0.42110220312499996 0.47202659375
2 0.0714274828125 0.7438147296875 0.028979671875 0.7554747515625 0 0.779915903125 0.0010769343750000001 0.998846778125 0.247155296875 0.999295225 0.2453743578125 0.6821240734375 0.084785178125 0.6829666828125001 0.089534578125 0.7413481984375 0.0714274828125 0.7438147296875
4 0.243593321875 0.193817278125 0.23825025156250002 0.18664189375 0.0677773953125 0.18786730000000001 0.0663812078125 0.245166178125 0.2447806046875 0.24314810156250002 0.243593321875 0.193817278125
4 0.42080531250000003 0.1595099453125 0.27060554375 0.15614648281250001 0.2483426421875 0.16085533125 0.25338888593750003 0.24180268593749998 0.4237736609375 0.245166178125 0.42080531250000003 0.1595099453125
4 0.5207023859375 0.44284941250000004 0.6017391421875 0.444194828125 0.59995810625 0.1565949484375 0.42893515937500004 0.157238590625 0.42868281562500005 0.45204290937499997 0.5189214468750001 0.45652749843749996 0.5207023859375 0.44284941250000004
4 0.7009205390625 0.2155405 0.7769108921875 0.218231271875 0.7795824125 0.1615008875 0.7593975015625001 0.15567086562500002 0.6072572984375 0.159987321875 0.608900809375 0.22630361406250002 0.7006237093750001 0.22809742968750002 0.7009205390625 0.2155405
7 0.74752404375 0.231318171875 0.60673816875 0.23027628125000002 0.6124629421875001 0.24992934843749998 0.7448524609375 0.2508262734375 0.74752404375 0.231318171875
4 0.707154128125 0.444167646875 0.78195723125 0.446409934375 0.77602040625 0.25889857968749996 0.7718646796875 0.2517231828125 0.60725781875 0.25265879999999996 0.6100881546875 0.4573972484375 0.706560375 0.4580699453125 0.707154128125 0.444167646875
7 0.7344631453125 0.460142359375 0.61572815 0.4603666203125 0.60296414375 0.4818927875 0.72526114375 0.48122009062500004 0.7344631453125 0.460142359375
7 0.5536890234375 0.4596939 0.4305763234375 0.45999159843750004 0.430501459375 0.48099583125 0.5530954296874999 0.48435932499999995 0.5536890234375 0.4596939
4 0.6035577375 0.5189451968750001 0.601479875 0.4868801875 0.432654928125 0.48747890156249996 0.43168880625000006 0.543162159375 0.601183109375 0.5447317765624999 0.6035577375 0.5189451968750001
4 0.7801761328125 0.48396518593750004 0.6062185171875 0.48512284687499996 0.6097913265625 0.54159254375 0.78195723125 0.5429379 0.7801761328125 0.48396518593750004
2 0.5985114953124999 0.548122390625 0.43733179218749996 0.54834364375 0.439406584375 0.7280642281249999 0.6002925296875 0.728961184375 0.5985114953124999 0.548122390625
2 0.77305199375 0.5477010875 0.614532940625 0.5455949140625 0.619883878125 0.7271673078124999 0.7739425437499999 0.7244765359375 0.77305199375 0.5477010875
4 0.6035577375 0.7343698625 0.4321352765625 0.733293925 0.4397033828125 0.947892021875 0.6109786734375 0.9467708546875 0.6035577375 0.7343698625
4 0.7801761328125 0.9393712687500001 0.7828477171875 0.914257409375 0.7887844140625 0.8898162453125 0.78314448125 0.7365850046875 0.78195723125 0.7309792609375 0.6129739843750001 0.7305451953125 0.616024915625 0.9476678218749999 0.78195723125 0.946995103125 0.7801761328125 0.9393712687500001
4 0.9597225359375001 0.658219775 0.9591287515625 0.5597823890625 0.9365690859375 0.5561947078125 0.7870572250000001 0.559338565625 0.7920091859375 0.6678616734375 0.9359754296875 0.6636012953125 0.9597225359375001 0.658219775
4 0.8490020078124999 0.7708651578125 0.8777952625 0.7614474828125 0.9154936265625 0.7589809234375 0.94725535625 0.7639140328125 0.960613021875 0.7603263390625 0.9600193000000001 0.6970932296875 0.9564572953124999 0.689693609375 0.7979980703125 0.692848321875 0.7887439781250001 0.699559765625 0.7911187640625 0.7737801656250001 0.8490020078124999 0.7708651578125
2 0.926610596875 0.76953125 0.9059330937500001 0.763671875 0.8826709046874999 0.76953125 0.8723321531250001 0.77734375 0.8051302687499999 0.77734375 0.7986685484375 0.7802734375 0.7986685484375 0.8642578125 0.788329796875 0.8759765625 0.7986685484375 0.8916015625 0.7986685484375 0.9033203125 0.783160421875 0.9130859375 0.783160421875 0.9404296875 0.7986685484375 0.9482421875 0.8012532359375 0.9951171875 0.8077149562500001 1 0.9253182531249999 0.9990234375 0.956334509375 0.9951171875 0.9537498203125001 0.7783203125 0.9369493484375001 0.77734375 0.926610596875 0.76953125
2 0.9484426078125001 0.16340953281249998 0.789683646875 0.16273605156249998 0.7928997046874999 0.547258790625 0.951114128125 0.5481557109375 0.9484426078125001 0.16340953281249998