2 0.06803693281249999 0.2802506515625 0.9199812078124999 0.2741137765625 0.9160509671874999 0.0521634421875 0.914650753125 0.05114062968750001 0.06410669062499999 0.056254693749999994 0.06803693281249999 0.2802506515625
2 0.508525809375 0.3457106578125 0.50459556875 0.7047178796875 0.9251313968750001 0.7077863171875001 0.9251313968750001 0.3457106578125 0.508525809375 0.3457106578125
1 0.0720446546875 0.292703171875 0.3700157515625 0.2937953484375 0.3651195125 0.2801431484375 0.0720446546875 0.2806892359375 0.0720446546875 0.292703171875
1 0.514804525 0.339120653125 0.92273423125 0.3407589171875 0.9192369171875001 0.3227380125 0.5141375171875 0.32656062812500003 0.514804525 0.339120653125
4 0.0680952078125 0.41666515000000004 0.24016302656250002 0.41666515000000004 0.24016302656250002 0.4019207734375 0.48645278437500006 0.4008285984375 0.48196223437499996 0.3582337328125 0.098871565625 0.359325909375 0.097472640625 0.371885934375 0.069494134375 0.3757085484375 0.0680952078125 0.41666515000000004
4 0.11763306874999999 0.3445844390625 0.071472253125 0.3445844390625 0.071472253125 0.354955790625 0.11763306874999999 0.354955790625 0.11763306874999999 0.3445844390625
4 0.3409639890625 0.631823825 0.3409639890625 0.6187177125 0.48925007656249997 0.6187177125 0.48435383749999994 0.4183034140625 0.09735443125 0.419941678125 0.0980538953125 0.4357782296875 0.070052165625 0.4357782296875 0.068653240625 0.6334620890625 0.3409639890625 0.631823825
4 0.0965074625 0.636253346875 0.0965074625 0.652299209375 0.069699834375 0.652299209375 0.069699834375 0.7262497078125 0.22518407968749998 0.7248544156250001 0.2260776671875 0.7109014921875 0.4896860140625 0.7109014921875 0.4878988390625 0.6341604078125 0.0965074625 0.636253346875
4 0.095613875 0.74508615625 0.069699834375 0.7436908625 0.067019071875 0.9208930015625001 0.071487009375 0.9271718171875 0.4896860140625 0.9243812328125 0.4887924265625 0.726947353125 0.095613875 0.7297379390625001 0.095613875 0.74508615625
6 0.0678181171875 0.9229859406250001 0.067019071875 0.9208930015625001 0.0643383078125 0.8860106906249999 0.048159190625 0.8853130437500001 0.041904076562499996 0.9201953546875 0.0678181171875 0.9229859406250001
3 0.0490527765625 0.8727554124999999 0.0678181171875 0.8727554124999999 0.0660309421875 0.8588024875 0.05352071562500001 0.8588024875 0.0490527765625 0.8727554124999999
4 0.9246900046875 0.718389759375 0.534869709375 0.721928625 0.534869709375 0.7360840875 0.506766384375 0.7389151796875 0.50767294375 0.7849204359375 0.6300583859375 0.7820893437499999 0.63096494375 0.7693494265624999 0.926503121875 0.7651027874999999 0.9246900046875 0.718389759375
4 0.9228768875 0.7835048890625 0.5357762671875 0.7849204359375 0.5357762671875 0.798368125 0.50767294375 0.8004914453125 0.508579503125 0.8606521640624999 0.8322210046875 0.8564055249999999 0.8295013265625 0.8450811546875 0.926503121875 0.8422500625 0.9228768875 0.7835048890625
4 0.5365680562499999 0.8776387203124999 0.5066516156249999 0.87834649375 0.5103926203125 0.92152065625 0.925674346875 0.9208128828125 0.9247677875000001 0.857821071875 0.5329418203125 0.862067709375 0.5365680562499999 0.8776387203124999