2 0.6794135 0.23828125 0.6910605890625 0.2294921875 0.688472346875 0.2158203125 0.670354653125 0.2080078125 0.6781193796875 0.1923828125 0.6781193796875 0.1650390625 0.6677664109375 0.1455078125 0.688472346875 0.1318359375 0.688472346875 0.1220703125 0.6820017421875 0.115234375 0.6535310812499999 0.115234375 0.6431781140624999 0.107421875 0.6276486625000001 0.10546875 0.60176624375 0.083984375 0.5810603078125001 0.08984375 0.5720014625000001 0.0966796875 0.5707073406250001 0.107421875 0.5189425015625 0.08984375 0.48270711562499996 0.08984375 0.430942278125 0.109375 0.424471671875 0.1083984375 0.424471671875 0.0986328125 0.4154128265625 0.091796875 0.39470689062500003 0.0859375 0.368824471875 0.109375 0.350706778125 0.11328125 0.3455302953125 0.119140625 0.31964787499999997 0.119140625 0.310589028125 0.1259765625 0.310589028125 0.1396484375 0.3312949640625 0.1494140625 0.3235302390625 0.1630859375 0.3235302390625 0.2001953125 0.33388320625 0.2138671875 0.3131772703125 0.2255859375 0.3131772703125 0.2353515625 0.31964787499999997 0.2421875 0.3481185359375 0.2421875 0.3740009546875 0.251953125 0.3972951328125 0.271484375 0.4180010671875 0.267578125 0.427059915625 0.2607421875 0.430942278125 0.248046875 0.4620011796875 0.26171875 0.5060012921875 0.267578125 0.5396484375 0.26171875 0.5732955828125 0.24609375 0.5771779453125 0.2587890625 0.6030603640625001 0.2705078125 0.6160015734375001 0.2646484375 0.6302369031249999 0.248046875 0.6561193234375 0.23828125 0.6794135 0.23828125
7 0.192824021875 0.08984375 0.18764753750000002 0.095703125 0.1721180859375 0.09765625 0.148823909375 0.09765625 0.1358827 0.08984375 0.122941490625 0.08984375 0.088000225 0.1005859375 0.088000225 0.1103515625 0.0996473140625 0.1171875 0.1540003921875 0.11328125 0.1785886921875 0.1162109375 0.18764753750000002 0.111328125 0.20835347343750002 0.11328125 0.21741231875000003 0.1005859375 0.192824021875 0.08984375
7 0.32094199687499997 0.2919921875 0.3235302390625 0.3251953125 0.3390596890625 0.3271484375 0.5085895359375 0.326171875 0.5124718984375 0.2880859375 0.32741260156249996 0.287109375 0.32094199687499997 0.2919921875
7 0.1721180859375 0.49609375 0.16176511875 0.4921875 0.1436474265625 0.49609375 0.1255297328125 0.48828125 0.11776500781250002 0.49609375 0.09317670781250001 0.4970703125 0.10223555468750001 0.509765625 0.1255297328125 0.515625 0.1514121515625 0.509765625 0.16952984531249998 0.515625 0.20964759375000003 0.5166015625 0.21741231875000003 0.5146484375 0.22000056250000002 0.5029296875 0.21352995625 0.494140625 0.1721180859375 0.49609375
6 0.9472965375 0.9345703125 0.9654142312499999 0.9365234375 0.9680024734374999 0.9091796875 0.9641201109375 0.904296875 0.9537671421875 0.904296875 0.9472965375 0.9345703125
3 0.9646543734374999 0.8902680281249999 0.9667667546875001 0.88123516875 0.9509238906249999 0.8804381515624999 0.9512759546874999 0.89106504375 0.9646543734374999 0.8902680281249999
2 0.300730009375 0.6032762453125 0.30608107812499996 0.7357224359375001 0.7213239375 0.7276464484375 0.7170430828125001 0.598430653125 0.300730009375 0.6032762453125
6 0.3018002234375 0.349690246875 0.5682834 0.34807504843750003 0.5682834 0.3343458703125 0.2985895828125 0.3351534703125 0.3018002234375 0.349690246875
4 0.3242747078125 0.369072615625 0.2964491546875 0.3714954125 0.3018002234375 0.5079795953125 0.710621803125 0.503134003125 0.7095515890625 0.3521130421875 0.325344921875 0.3561510375 0.3242747078125 0.369072615625
4 0.711692015625 0.50959479375 0.318923640625 0.5120175890625001 0.3242747078125 0.5257467671875 0.294308728125 0.5265543671875 0.2975193703125 0.5750102906250001 0.4922982375 0.5758178890625001 0.4922982375 0.558858315625 0.710621803125 0.5564355187500001 0.711692015625 0.50959479375
4 0.325344921875 0.5952002578125 0.7127622296875 0.5935850609375 0.7095515890625 0.5790482828125 0.3232044953125 0.58066348125 0.325344921875 0.5952002578125
4 0.3018002234375 0.8932041875 0.7170430828125001 0.8891661937500001 0.720253725 0.7365300343750001 0.3028704375 0.73895283125 0.3018002234375 0.8932041875
4 0.7181132984375 0.8923965875000001 0.331766203125 0.894819384375 0.329625775 0.91258655625 0.3050108640625 0.91258655625 0.307151290625 0.94408290625 0.6207238640625 0.941660109375 0.61965365 0.92793093125 0.7213239375 0.922277740625 0.7181132984375 0.8923965875000001
4 0.2761418296875 0.1253972015625 0.0993784765625 0.1327735078125 0.0993784765625 0.14752611875 0.0724974125 0.1493701953125 0.0749411453125 0.28275839375 0.10996798593749998 0.28275839375 0.109153409375 0.2655470140625 0.2785855640625 0.2637029375 0.2761418296875 0.1253972015625
4 0.2785855640625 0.284602471875 0.0993784765625 0.289520009375 0.101822209375 0.3042726203125 0.0749411453125 0.3048873125 0.079014034375 0.47392765625 0.12381580625 0.47454235 0.1254449609375 0.45733096875 0.276956409375 0.45548689218750005 0.2785855640625 0.284602471875
4 0.2834730296875 0.527405875 0.1026367875 0.5317087203125 0.1042659421875 0.5501494859375 0.07819945625 0.5501494859375 0.07657030000000001 0.5956367046875 0.0757557234375 0.5968660890625 0.2329692140625 0.5956367046875 0.23052548125 0.577195940625 0.28673133906250003 0.577195940625 0.2834730296875 0.527405875
4 0.2834730296875 0.59748078125 0.1026367875 0.5993248578125 0.107524253125 0.6153068546875 0.07738487968749999 0.615921546875 0.07738487968749999 0.69951968125 0.117299184375 0.69951968125 0.11322629687500001 0.683537684375 0.285102184375 0.67984953125 0.2834730296875 0.59748078125
4 0.285102184375 0.7013637562499999 0.1058950984375 0.70443721875 0.1058950984375 0.72103390625 0.0814577671875 0.7228779828125 0.08553065625 0.9048268625 0.20608815156250002 0.9054415546874999 0.20771730625 0.8876154828124999 0.2859167625 0.8863860984375 0.285102184375 0.7013637562499999
4 0.0822723453125 0.92879985625 0.0822723453125 0.9441671609375 0.2842876078125 0.9429377765625 0.2842876078125 0.9140472453124999 0.107524253125 0.9152766296875001 0.10996798593749998 0.92879985625 0.0822723453125 0.92879985625
4 0.76715338125 0.8942575390625 0.768662040625 0.909057471875 0.739997509375 0.910195928125 0.7422604984375 0.9392265671875 0.9429122187500001 0.9443496218749999 0.944420878125 0.8942575390625 0.76715338125 0.8942575390625
4 0.9421578875 0.611920340625 0.7701707 0.616474165625 0.771679359375 0.6335510125 0.7430148265625001 0.635258696875 0.7407518390625001 0.8879960265625 0.74150616875 0.8874267984375 0.83655171875 0.890272940625 0.8380603796875 0.8726268656249999 0.9436665484375 0.8731960937500001 0.9421578875 0.611920340625
4 0.9459295359375 0.46221331718750003 0.7694163703125 0.4633517734375 0.7739423484375 0.47872093437499996 0.74150616875 0.4804286203125 0.7430148265625001 0.611920340625 0.8810571765624999 0.6096434265624999 0.88181150625 0.5965511765625 0.946683865625 0.59712040625 0.9459295359375 0.46221331718750003
4 0.9429122187500001 0.4081366359375 0.76715338125 0.4098443203125 0.7679077109375 0.4291980796875 0.7430148265625001 0.4291980796875 0.7422604984375 0.45936717656250003 0.88181150625 0.45936717656250003 0.8825658359374999 0.4434287859375 0.9436665484375 0.4405826453125 0.9429122187500001 0.4081366359375
4 0.9429122187500001 0.31990626093749996 0.76715338125 0.32502931562500004 0.7679077109375 0.340398478125 0.7407518390625001 0.340398478125 0.7430148265625001 0.4087058640625 0.8486209953125 0.404721265625 0.845603678125 0.3899213328125 0.9459295359375 0.3882136484375 0.9429122187500001 0.31990626093749996
4 0.9383862390625 0.20150679062500002 0.7633817328125 0.203783703125 0.7656447203125001 0.21972209375 0.739997509375 0.22313746406249998 0.739243178125 0.3216139453125 0.870496559375 0.3187678046875 0.8727595499999999 0.2988448171875 0.9391405703125001 0.2994140453125 0.9383862390625 0.20150679062500002
4 0.7565927640625 0.15141470625 0.7354715296875 0.15312239218749998 0.736980190625 0.19866065 0.93612325 0.196952965625 0.9391405703125001 0.1326301765625 0.755838434375 0.1366147734375 0.7565927640625 0.15141470625
4 0.9376319093750001 0.07684580937499999 0.7354715296875 0.0813996359375 0.739243178125 0.12921480624999998 0.7882746140625 0.128645578125 0.7882746140625 0.11327641562499999 0.9376319093750001 0.109861046875 0.9376319093750001 0.07684580937499999
7 0.40467625937499996 0.1995114 0.595323740625 0.196796959375 0.5935251796875 0.16422367031250001 0.4136690640625 0.1615092296875 0.40467625937499996 0.1995114