2 0.0437329515625 0.3313118296875 0.60855515625 0.32958923906250004 0.606331446875 0.0694778703125 0.0452154265625 0.0729230546875 0.0437329515625 0.3313118296875
2 0.33948631093750004 0.5558229671875 0.60855515625 0.5552487687500001 0.6107788656250001 0.3623184828125 0.340968784375 0.3617442859375 0.33948631093750004 0.5558229671875
2 0.6100376296875 0.6982238921875 0.0459566625 0.6970754968749999 0.0474391359375 0.941109340625 0.613002575 0.9393867484375 0.6100376296875 0.6982238921875
1 0.608895596875 0.34765625 0.42231889218749996 0.34765625 0.4248401984375 0.361328125 0.6063742890625 0.361328125 0.61015625 0.3583984375 0.608895596875 0.34765625
1 0.249609375 0.3447265625 0.2458274140625 0.3359375 0.1424538359375 0.333984375 0.039815775 0.337482053125 0.04259361875 0.3518277296875 0.10967684687499998 0.349609375 0.2458274140625 0.34765625 0.249609375 0.3447265625
4 0.315813896875 0.3549570265625 0.041917117187500005 0.3602947265625 0.0401944953125 0.5555655734375 0.1963788234375 0.55601038125 0.1975272375 0.5408868984375 0.312368653125 0.54133170625 0.315813896875 0.3549570265625
7 0.3169623109375 0.55601038125 0.0401944953125 0.5577896140624999 0.0401944953125 0.5893710046875 0.139532321875 0.5880365796875 0.140106528125 0.571578671875 0.31925913906250003 0.5724682890625 0.3169623109375 0.55601038125
4 0.071201678125 0.6049392953125 0.0459365671875 0.60627371875 0.0447881515625 0.670326115625 0.3169623109375 0.6729949656249999 0.315813896875 0.5858125375000001 0.0677564359375 0.5907054281249999 0.071201678125 0.6049392953125
4 0.3382079734375 0.5902606203125 0.33935638749999997 0.6698813078125 0.6138273734374999 0.6685468828125 0.6109563375 0.5884813875 0.3382079734375 0.5902606203125
1 0.2143110796875 0.6865234375 0.2080078125 0.6796875 0.0442139453125 0.68055670625 0.040768703125 0.694790571875 0.1021129265625 0.6953125 0.2080078125 0.6953125 0.2143110796875 0.6865234375
4 0.9052316499999999 0.069617271875 0.6334442890624999 0.07003919374999999 0.631810296875 0.167925296875 0.8529439015625 0.166659528125 0.8573012140625 0.1502045359375 0.9035976578125 0.1502045359375 0.9052316499999999 0.069617271875
4 0.8654711734375 0.4805701328125 0.9090442984375 0.4793043640625 0.9052316499999999 0.1696129875 0.66176681875 0.1687691421875 0.6606774921875 0.186067978125 0.6323549609375 0.18733374687499998 0.6356229453125 0.49533743281250003 0.8654711734375 0.493649740625 0.8654711734375 0.4805701328125
4 0.9057763140624999 0.5615793203125 0.9035976578125 0.4966032 0.6628561484375 0.4966032 0.66122215625 0.5134801140625 0.6328996250000001 0.5155897281249999 0.6328996250000001 0.577190465625 0.6797407328125 0.577190465625 0.6802853984375 0.562423165625 0.9057763140624999 0.5615793203125
7 0.90305299375 0.58647276875 0.631810296875 0.585207 0.6301763046875 0.61853890625 0.699893303125 0.6172731375 0.7031612875000001 0.6025058375000001 0.9035976578125 0.6020839140625001 0.90305299375 0.58647276875
4 0.90305299375 0.9273864359375 0.90305299375 0.6223362109374999 0.66122215625 0.6223362109374999 0.6584988359375 0.6366815875 0.631810296875 0.6371035109375 0.63072096875 0.9408879671875001 0.7995668234375 0.9413098906249999 0.798477496875 0.9286522046875 0.90305299375 0.9273864359375
6 0.9058166359375001 0.8998332687499999 0.9035794390625 0.9321833640625 0.9242113765625 0.9325684828125 0.9259514187500001 0.8992555890625 0.9058166359375001 0.8998332687499999
3 0.9097938765625001 0.8711418171875 0.91128534375 0.8905903859375 0.9252056859375 0.888664784375 0.9254542640625001 0.8724897374999999 0.9097938765625001 0.8711418171875