0 0.9279152343750001 0.696241259375 0.5247995421875 0.696241259375 0.5247995421875 0.9022727265625001 0.9279152343750001 0.9022727265625001 0.9279152343750001 0.696241259375
6 0.9645074453125 0.8639073421875001 0.9430985109375 0.8639073421875001 0.9430985109375 0.8987150343750001 0.9645074453125 0.8987150343750001 0.9645074453125 0.8639073421875001
3 0.9728865984375 0.8432998250000001 0.9496105390625 0.8432998250000001 0.9496105390625 0.8582211531249999 0.9728865984375 0.8582211531249999 0.9728865984375 0.8432998250000001
6 0.9412313859375001 0.6074300703125 0.8453436421875 0.6074300703125 0.8453436421875 0.6195104890625001 0.9412313859375001 0.6195104890625001 0.9412313859375001 0.6074300703125
2 0.091792203125 0.4865680453125 0.5023895875 0.4933468578125 0.5122597171875001 0.048204884375 0.1006753203125 0.042932475 0.091792203125 0.4865680453125
1 0.49150875625 0.4986192671875 0.0907815015625 0.491087253125 0.0907815015625 0.5227217093750001 0.173690590625 0.5257345140624999 0.175664615625 0.5129300921875 0.4934827828125 0.5151896953125 0.49150875625 0.4986192671875
4 0.0907815015625 0.6115994640625 0.5082879765625 0.6176250734375001 0.512236028125 0.5370325328125001 0.0967035796875 0.52874731875 0.0907815015625 0.6115994640625
7 0.0907815015625 0.62892309375 0.08979448906250001 0.6552851390625001 0.289171103125 0.65829794375 0.281275 0.6296762953124999 0.0907815015625 0.62892309375
6 0.288184090625 0.6680895609374999 0.1075607234375 0.6605575484374999 0.11052176093749999 0.6786343796875001 0.0888074765625 0.6786343796875001 0.0888074765625 0.692192003125 0.22008019843749999 0.695958009375 0.226002275 0.6824003859375 0.289171103125 0.6816471843749999 0.288184090625 0.6680895609374999
4 0.2862100640625 0.70123041875 0.1124957875 0.7004772171875 0.1124957875 0.714034840625 0.0858464375 0.714034840625 0.08979448906250001 0.8714539140625 0.1312490328125 0.872207115625 0.1312490328125 0.857143090625 0.288184090625 0.8631686999999999 0.2862100640625 0.70123041875
4 0.1095347484375 0.877479525 0.1095347484375 0.8782327265625 0.1095347484375 0.8910371484375 0.2802879875 0.8948031562500001 0.2773269484375 0.882751934375 0.1095347484375 0.877479525
4 0.5033529125 0.6319358984375001 0.2980542203125 0.6296762953124999 0.30397629843749996 0.70876243125 0.4214308375 0.7117752375 0.4224178515625 0.6974644125 0.5033529125 0.6952048078125 0.5033529125 0.6319358984375001
4 0.5053269375 0.7268392625 0.4796646015625 0.71554124375 0.329638634375 0.7110220359375 0.329638634375 0.7268392625 0.309898375 0.7268392625 0.30792435 0.7901081734375001 0.3059503234375 0.7901081734375001 0.4372230453125 0.7938741796875 0.4382100578125 0.7795633546875 0.5082879765625 0.77655055 0.5053269375 0.7268392625
4 0.522129846875 0.6801407828125 0.726441525 0.67938758125 0.7215064609375 0.66507675625 0.523116859375 0.663570353125 0.522129846875 0.6801407828125
4 0.943584371875 0.6537787359375 0.9406233328125 0.6394679109375 0.73927269375 0.6341955031250001 0.74025970625 0.6688427625 0.8705454140625 0.6695959640625 0.8715324265625 0.6552851390625001 0.943584371875 0.6537787359375
4 0.7165713953124999 0.6334423 0.51818179375 0.6319358984375001 0.5201558203125 0.6613107484375 0.5843116609375001 0.6628171515625 0.5872727 0.652272334375 0.7234804859375 0.65076593125 0.7165713953124999 0.6334423
4 0.9495064484375 0.44288237031250005 0.57246750625 0.4413759671875 0.5714804921875001 0.4579463953125 0.53002595 0.45719319531249997 0.5260778984375001 0.6033142484375 0.5596363375 0.6048206515625 0.5645714015625 0.5867438203125 0.9504934625000001 0.5882502234375 0.9495064484375 0.44288237031250005
4 0.9504934625000001 0.2937485109375 0.5764155578125 0.2937485109375 0.5754285453125 0.3095657375 0.531999975 0.3095657375 0.531999975 0.436856759375 0.9060778796875001 0.4398695640625 0.903116840625 0.42405233750000004 0.951480475 0.42405233750000004 0.9504934625000001 0.2937485109375
4 0.9554285265625 0.1303038265625 0.579376596875 0.1280442234375 0.5783895828125 0.1446146515625 0.537922053125 0.1453678515625 0.5349610140625 0.289229303125 0.6543895796875 0.29148890625 0.6524155546875 0.27341207500000003 0.951480475 0.2756716796875 0.9554285265625 0.1303038265625
4 0.9544415140625 0.04669848125 0.5389090671875 0.0459452796875 0.537922053125 0.1265378203125 0.928779178125 0.1265378203125 0.9258181390625 0.11147379375 0.9554285265625 0.11072059218750001 0.9544415140625 0.04669848125
4 0.324897284375 0.8160124281250001 0.300713990625 0.8160124281250001 0.2996625421875 0.89464489375 0.498386125 0.901063871875 0.5015404671875 0.8023721015625 0.32805162656250003 0.8007673578125001 0.324897284375 0.8160124281250001