3 0.0302329546875 0.8881910218750001 0.015585226562500002 0.8881910218750001 0.015585226562500002 0.9051188375000001 0.0302329546875 0.9051188375000001 0.0302329546875 0.8881910218750001
6 0.0326420453125 0.9144542250000001 0.0135625 0.9144542250000001 0.0135625 0.949366196875 0.0326420453125 0.949366196875 0.0326420453125 0.9144542250000001
2 0.23314301718750002 0.08507862031249999 0.03620288125 0.0857831359375 0.034453187499999996 0.33391293437499997 0.2317239484375 0.3350119625 0.23314301718750002 0.08507862031249999
1 0.2525389515625 0.3680492234375 0.25017371875 0.35193019531249997 0.23101421093750002 0.3504648375 0.22817576874999998 0.33800925312499996 0.031233857812499998 0.3359839546875 0.032324306250000004 0.371712609375 0.24780823125 0.372994803125 0.2525389515625 0.3680492234375
4 0.23987058437500003 0.3947758171875 0.2360860796875 0.38195389375 0.030819773437499996 0.3805710234375 0.0357403859375 0.4356228578125 0.23868796718750002 0.434523809375 0.23987058437500003 0.3947758171875
4 0.34020414374999997 0.114280871875 0.4608373078125 0.11592940468749999 0.46343932343749994 0.08240918281250001 0.25442581875000003 0.07680156875000001 0.2548147953125 0.1276523 0.33831186562500004 0.13058301562500002 0.34020414374999997 0.114280871875
4 0.25292256874999997 0.2858838 0.25386865625 0.363042934375 0.2526860390625 0.4396081953125 0.46107383593750007 0.4392419046875 0.4594180875 0.13815959375 0.2817624015625 0.1380686921875 0.282489525 0.15576615625 0.2533955734375 0.1559493203125 0.25292256874999997 0.2858838
2 0.8964092390625 0.0853138765625 0.8903608984375 0.08228323125 0.4748720515625 0.08415877656250001 0.4740958015625 0.2828572171875 0.8949860781250001 0.28203064218749996 0.8964092390625 0.0853138765625
1 0.7355956640625 0.30992432187499996 0.8850241765625 0.309373296875 0.895697621875 0.30551610625 0.8946303828125 0.287607675 0.47613654375000003 0.28535408281249997 0.4716053265625 0.322046921875 0.7281242375 0.3236999671875 0.7355956640625 0.30992432187499996
4 0.6822283312499999 0.44199547812500006 0.6836514546875 0.33013692968749997 0.6772473812500001 0.328208334375 0.46626858593750004 0.3251776921875 0.466980109375 0.42243404531250006 0.47124953593749996 0.44227099843750006 0.6822283312499999 0.44199547812500006
4 0.85691740625 0.440342403125 0.8850241765625 0.4370362375 0.89534185 0.43290357031250004 0.904592284375 0.378351821875 0.8978323250000001 0.3196674140625 0.689148290625 0.32540015 0.692546003125 0.40562768125000004 0.6943250125 0.441444453125 0.85691740625 0.440342403125
4 0.4748073625 0.48194496249999996 0.7658371374999999 0.479189865625 0.767971840625 0.46183250468750003 0.4767593859375 0.4600128375 0.4740958015625 0.45632219375 0.47267262031249996 0.4703733875 0.4748073625 0.48194496249999996
4 0.4787209609375 0.57506859375 0.480499875 0.584711571875 0.6953923640624999 0.58195643125 0.693257584375 0.567078765625 0.8900051281250001 0.5654256156249999 0.9017459609375 0.562395028125 0.9003228 0.479189865625 0.7419997375 0.478914315625 0.5222268046874999 0.4797946296875 0.5192800890625 0.49820027343750006 0.4783651328125 0.49627167656250004 0.4787209609375 0.57506859375
7 0.655188875 0.5967255687499999 0.47800940000000003 0.597552121875 0.4769420109375 0.6171135750000001 0.655188875 0.6162870453125 0.655188875 0.5967255687499999
4 0.47302844843749997 0.683236853125 0.8533595421875001 0.6796551828124999 0.8530037703125 0.6647774421875 0.892495603125 0.6683591578125 0.9038806656249999 0.663124396875 0.899967028125 0.6297872140624999 0.8932071453124999 0.6281341390625 0.51662123125 0.6288818 0.516078109375 0.64686905625 0.4765862765625 0.6474200953125 0.47302844843749997 0.683236853125
4 0.46774999375000004 0.7367859875 0.5755786796875 0.7338079546875 0.57678045 0.7192900109375 0.89308590625 0.7140784499999999 0.90005615625 0.709983678125 0.8974122953125001 0.6792726703125 0.6804465890625 0.6816923390625 0.5181473484375 0.6833268203125 0.51125400625 0.6999328109375 0.47183599843749996 0.702352440625 0.46774999375000004 0.7367859875
4 0.47520296875 0.7868767390625 0.8467116796875 0.781665178125 0.8471924484375 0.7658443562499999 0.88853330625 0.765285971875 0.89886845625 0.7610050484374999 0.8991088015625 0.731038575 0.8047258656249999 0.7299218359374999 0.7124301187500001 0.730666321875 0.6535434640625 0.7338305078125 0.522780271875 0.73808609375 0.5184666359375 0.7544905984375 0.47904866406249996 0.7548628500000001 0.47520296875 0.7868767390625
4 0.4810001921875 0.8705154875 0.5168128828125 0.873493509375 0.51993748125 0.8565559390624999 0.9035420437499999 0.855997584375 0.8977735765625001 0.7832218484375 0.7419956390625 0.78396634375 0.7006548078125 0.7837802234375 0.64152773125 0.7882472765624999 0.5257276765625 0.787956146875 0.5192164359375 0.8019755984374999 0.47883700625000003 0.7991836671875 0.4810001921875 0.8705154875
4 0.4764334640625 0.9219542531249999 0.8061987390625 0.9219542531249999 0.8093233968750001 0.9070640671874999 0.9030612984375 0.904086025 0.9035420437499999 0.8696524968749999 0.5283498609375 0.8713276406249999 0.5264270328125 0.88323979375 0.4810001921875 0.8858455734374999 0.4764334640625 0.9219542531249999
4 0.47811593906249994 0.9556432453125 0.8994560515625001 0.9569461359375 0.9025805546875001 0.923815528125 0.5227809453125001 0.9235505390625001 0.5237831390625 0.9357276406249999 0.48003876874999996 0.9377750671875 0.47811593906249994 0.9556432453125
7 0.31688068125 0.4524955984375 0.0300738640625 0.4524955984375 0.0300738640625 0.5098107390625 0.31688068125 0.5098107390625 0.31688068125 0.4524955984375
6 0.2900113640625 0.511144365625 0.1757613640625 0.511144365625 0.1757613640625 0.5283274640625 0.2900113640625 0.5283274640625 0.2900113640625 0.511144365625
4 0.1999106125 0.5344155859375 0.08685296406250001 0.5360222218749999 0.08294670781249999 0.5514143859375 0.2012210921875 0.5498920734375 0.1999106125 0.5344155859375
4 0.13981099218749998 0.5647343515625 0.1402775140625 0.55762941875 0.1325021421875 0.5512469875 0.10311130625 0.55148783125 0.0847816453125 0.5524007953125001 0.0844504546875 0.565938584375 0.13032504375 0.5669019828125 0.13981099218749998 0.5647343515625
4 0.036076632812499995 0.63439265 0.3106800890625 0.6372907609375 0.311615653125 0.6229813109375 0.4535954453125 0.6260605499999999 0.460612553125 0.6231624203125 0.4549989765625 0.57262643125 0.2002773109375 0.5675547171875001 0.08903231406249999 0.567926853125 0.0779454609375 0.5831321234375 0.03864959375 0.5804151109375 0.036076632812499995 0.63439265
4 0.039819096875 0.6667000984375 0.21033517812500002 0.6697793765625 0.210803046875 0.6534774125 0.4554666703125 0.65601326875 0.4571039984375 0.638081140625 0.3401520046875 0.636450953125 0.246590378125 0.636632075 0.0804332671875 0.635808 0.08215576875 0.6507604265625 0.04098861875 0.6489491078125 0.039819096875 0.6667000984375
4 0.03818176875 0.6848572578125001 0.0342054140625 0.7850236171875 0.437222159375 0.7877406296875 0.44213414531249995 0.7766915171875 0.4512563765625 0.7705330218750001 0.45663630624999996 0.721083815625 0.45312775156249996 0.6703666562499999 0.209399565625 0.6690987234375 0.08002378906249999 0.666893759375 0.08122011875 0.68395159375 0.05876534375 0.6830459421875 0.03818176875 0.6848572578125001
4 0.0342054140625 0.8157008828125001 0.320737909375 0.82167828125 0.321439625 0.80591971875 0.44540880156249996 0.8051952 0.45476507968749996 0.803564996875 0.45382934218750004 0.7876253171875 0.0816617015625 0.7855271671875 0.08402696875 0.7993989390625 0.037480071875 0.7970442281250001 0.0342054140625 0.8157008828125001
4 0.035374935937500004 0.89847850625 0.073033475 0.89847850625 0.072799578125 0.883987890625 0.43932728125000003 0.8867049140625 0.4540632390625 0.8865237484374999 0.4549989765625 0.8229462109375 0.32915852343749996 0.8213160171875 0.0804332671875 0.8175645312500001 0.07443690625 0.8323650812500001 0.0335036859375 0.8343575671875 0.035374935937500004 0.89847850625
4 0.0351181609375 0.95105089375 0.4407307140625 0.9532244578125001 0.4496190484375 0.9506886015625 0.45172431875 0.900877121875 0.0804332671875 0.90035415625 0.07277671875 0.9171790859375 0.0355859671875 0.9168168218750001 0.0351181609375 0.95105089375