2 0.075105140625 0.303824728125 0.27399468125 0.303824728125 0.27260384375 0.0728346953125 0.0778868125 0.0717942 0.075105140625 0.303824728125
2 0.0792776484375 0.5805965703125 0.075105140625 0.7522783515625 0.27260384375 0.750197359375 0.27816718749999997 0.5805965703125 0.0792776484375 0.5805965703125
2 0.5146092984374999 0.4005908234375 0.7134988375 0.39850983281249996 0.7148896734375 0.2653263890625 0.5090459546874999 0.26948837187499997 0.5146092984374999 0.4005908234375
2 0.29624805468750004 0.9031502187499999 0.4951375953125 0.9031502187499999 0.499310103125 0.77204776875 0.29902972656250004 0.7710072718750001 0.29624805468750004 0.9031502187499999
2 0.7343613765625 0.9250006281250001 0.93186008125 0.9218791421875 0.9360325875 0.782452725 0.7371430484375 0.78661470625 0.7343613765625 0.9250006281250001
6 0.940831478125 0.8798045703125 0.9377768296875001 0.9183674328125001 0.9595411953124999 0.918653084375 0.964123165625 0.880375871875 0.940831478125 0.8798045703125
3 0.940831478125 0.8712350453125 0.9599230265625 0.8692354890624999 0.9595411953124999 0.850096884375 0.943886125 0.8498112328125 0.940831478125 0.8712350453125
7 0.7402633437499999 0.5970766890625 0.8995605203125001 0.5958575421875001 0.8999679296875 0.5787895 0.74059049375 0.58061821875 0.7402633437499999 0.5970766890625
4 0.7606059609375 0.6043915625 0.7630504171875 0.6196308859374999 0.73616138125 0.6190213140624999 0.730405253125 0.7759863453125 0.93131060625 0.7741576265625 0.9329402437500001 0.7558704374999999 0.9382365703125 0.6007341265624999 0.7606059609375 0.6043915625
4 0.9357423265625 0.4574844859375 0.7634080421875 0.4556557671875 0.7609635859375 0.4733333828125 0.7340745484375 0.4733333828125 0.7328523171875 0.5726937703125 0.8180009359374999 0.5733033437499999 0.8192231640625 0.5583688078125 0.9361497375000001 0.556844875 0.9357423265625 0.4574844859375
4 0.9366251828125 0.4014037765625 0.7637764218750001 0.4004894171875 0.7649986515625 0.419081390625 0.7372947953125 0.41786224531249994 0.7361115953125 0.4504743984375 0.8106675624999999 0.44986482499999997 0.8131120203125001 0.4343207140625 0.9378474125 0.43188242343749994 0.9366251828125 0.4014037765625
4 0.9378647687500001 0.37976393750000004 0.939086996875 0.24535310625 0.7678866156249999 0.24565789218749998 0.7687014343749999 0.2630307203125 0.740997578125 0.26333550625 0.7381096140625 0.39622240625 0.7849617234374999 0.39866069843749996 0.8975312125 0.39622240625 0.8975312125 0.380678296875 0.9378647687500001 0.37976393750000004
4 0.9398642531249999 0.1405065609375 0.76671515 0.14111613437499998 0.77119665625 0.1584889625 0.7413357281249999 0.1584889625 0.74059016875 0.24169566874999998 0.77644221875 0.24047652187500002 0.77644221875 0.22432284062500002 0.938642025 0.2237132671875 0.9398642531249999 0.1405065609375
4 0.9394508140625 0.091131153125 0.7663017109375 0.0923503 0.7675239390625 0.106065690625 0.740990490625 0.10789440937500001 0.7409283171875 0.13867784218749998 0.9260062953125001 0.13867784218749998 0.9264137046875 0.126181596875 0.9423026828125 0.1179523625 0.9394508140625 0.091131153125
7 0.743434946875 0.085644996875 0.8277687453125001 0.085644996875 0.82613910625 0.06796738125 0.743434946875 0.06796738125 0.743434946875 0.085644996875
7 0.077975409375 0.32420261875 0.20018686562500002 0.32251990625000004 0.19568828437500002 0.30737549375 0.078725171875 0.3051318765625 0.077975409375 0.32420261875
7 0.08022470000000001 0.775169584375 0.17994325 0.7740477765625 0.1791934875 0.7555379375 0.078725171875 0.7555379375 0.08022470000000001 0.775169584375
7 0.470101740625 0.5076182874999999 0.2969063625 0.507057384375 0.30140494375000004 0.544077059375 0.3876277515625 0.544077059375 0.38912727812500003 0.526128125 0.47385055937500004 0.5244454125 0.470101740625 0.5076182874999999
4 0.3012226015625 0.5676350359375 0.301972365625 0.6321390171875 0.505158284375 0.6343826328125 0.505158284375 0.55361243125 0.329713615625 0.5502470046875 0.3012226015625 0.5676350359375
4 0.49766065 0.7196400703125 0.49766065 0.6383089625 0.32371550781249997 0.6360653453125 0.325215034375 0.6517706640625 0.299723075 0.6517706640625 0.2929752015625 0.7689996375 0.4969108859375 0.770121446875 0.4984104140625 0.7398326203125001 0.5081573390624999 0.7319799625 0.49766065 0.7196400703125
4 0.6590421546874999 0.894081271875 0.7137748937499999 0.8935203671874999 0.7182734734375 0.7942403265625 0.5450780953125001 0.7919967109375 0.5090894453125 0.81162835625 0.5113387359375 0.90698206875 0.5548250218749999 0.90866478125 0.554075259375 0.8901549421875 0.6590421546874999 0.894081271875
4 0.716773946875 0.54688158125 0.537580459375 0.54688158125 0.53533116875 0.5631478015625 0.5083396828125 0.5648305140625001 0.5068401546875 0.578292215625 0.5158373171874999 0.57885311875 0.513588028125 0.7875094765624999 0.56157289375 0.7875094765624999 0.5638221828125001 0.771804159375 0.713025128125 0.771804159375 0.716773946875 0.54688158125
4 0.7175237109375 0.509301 0.5113387359375 0.507057384375 0.5120885000000001 0.5395898265625 0.6215539765625 0.5395898265625 0.6170553953125 0.5250063171875 0.7190232375 0.5244454125 0.7175237109375 0.509301
4 0.51733684375 0.4874257375 0.7137748937499999 0.486303928125 0.7137748937499999 0.40160739687499997 0.5083396828125 0.40497282187500006 0.51733684375 0.4874257375
4 0.3251742484375 0.31410634375 0.297432996875 0.313545440625 0.2936841796875 0.32981166093750003 0.2899353609375 0.3427124578125 0.297432996875 0.3511260203125 0.29668323281250003 0.484621215625 0.5023415734375 0.48798664062499997 0.5006189156249999 0.29727921875 0.323674721875 0.2967183140625 0.3251742484375 0.31410634375
7 0.29668323281250003 0.2916701765625 0.4698786109375 0.292791984375 0.470628375 0.27596485937500004 0.2996822875 0.2754039546875 0.29668323281250003 0.2916701765625
2 0.694460125 0.2177734375 0.6918493734375 0.2041015625 0.67357410625 0.1943359375 0.684017115625 0.1669921875 0.6814063625 0.1435546875 0.67357410625 0.1318359375 0.694460125 0.1181640625 0.694460125 0.1103515625 0.6853224906250001 0.1015625 0.656604215625 0.1015625 0.6513827109375 0.095703125 0.6331074453125 0.091796875 0.6096106734375 0.072265625 0.5861139015625 0.078125 0.57697626875 0.0869140625 0.57828164375 0.09375 0.5260665984374999 0.076171875 0.48168380781250003 0.076171875 0.4320795125 0.09375 0.4307741375 0.0830078125 0.40075048593749996 0.0703125 0.3746429625 0.091796875 0.3485354375 0.1015625 0.32503866718749996 0.099609375 0.315901034375 0.1044921875 0.31329028124999997 0.1201171875 0.3341763 0.1318359375 0.3237332921875 0.1533203125 0.3237332921875 0.1728515625 0.3341763 0.1943359375 0.31329028124999997 0.2060546875 0.31329028124999997 0.2177734375 0.3198171640625 0.22265625 0.3485354375 0.224609375 0.3563676953125 0.23046875 0.37203220937500003 0.232421875 0.3981397328125 0.25390625 0.41902575156250005 0.25 0.428163384375 0.2431640625 0.4320795125 0.23046875 0.48429456093749995 0.25 0.531288103125 0.248046875 0.57567089375 0.23046875 0.579587021875 0.2451171875 0.601778415625 0.255859375 0.6083052984374999 0.2548828125 0.6331074453125 0.234375 0.65921496875 0.224609375 0.6827117390625 0.224609375 0.694460125 0.2177734375
4 0.2772727234375 0.3280466609375 0.101666665625 0.32651014218749996 0.10474747343749999 0.34648488125 0.0749663296875 0.34648488125 0.07393939375 0.5677435203125001 0.20333333125 0.5708165562499999 0.205387203125 0.5562196328125 0.27624578906249997 0.5539148546875 0.2772727234375 0.3280466609375
4 0.2824074046875 0.7782465296875001 0.101666665625 0.7790147890625 0.101666665625 0.7936117125 0.07393939375 0.79514823125 0.07393939375 0.9280570656249999 0.2618686828125 0.929593584375 0.28035353125 0.9126918828124999 0.2824074046875 0.7782465296875001
7 0.659320809375 0.178378378125 0.6575144515625 0.1378378375 0.3486271671875 0.1459459453125 0.339595375 0.1797297296875 0.659320809375 0.178378378125