2 0.3363016046875 0.0009765625 0.006467339062499999 0 0.005173871875 0.1201171875 0.0103477421875 0.1259765625 0.005173871875 0.1357421875 0.00776080625 0.2294921875 0.011641209375 0.232421875 0.2017809625 0.2333984375 0.22635685 0.23046875 0.33242120000000003 0.232421875 0.3363016046875 0.2294921875 0.3363016046875 0.0009765625
2 0.531615228125 0.021484375 0.3738121671875 0.021484375 0.36734482812499997 0.0302734375 0.36734482812499997 0.3349609375 0.3738121671875 0.337890625 0.6312122421875 0.3388671875 0.6363861109375 0.2255859375 0.6363861109375 0.0263671875 0.632505709375 0.0234375 0.531615228125 0.021484375
2 0.328540796875 0.7509765625 0.337595071875 0.75 0.34147547500000003 0.7431640625 0.34147547500000003 0.6728515625 0.3350081359375 0.6640625 0.104770884375 0.6640625 0.097010078125 0.66796875 0.01681508125 0.6640625 0.0129346765625 0.6669921875 0.0129346765625 0.8974609375 0.01681508125 0.900390625 0.174618140625 0.900390625 0.1797920109375 0.89453125 0.1875528171875 0.900390625 0.33371466875 0.9013671875 0.34147547500000003 0.8974609375 0.34147547500000003 0.7626953125 0.3388885390625 0.7568359375 0.328540796875 0.7509765625
2 0.6337991765625001 0.6748046875 0.62862530625 0.6474609375 0.6337991765625001 0.6337890625 0.6337991765625001 0.5693359375 0.6299187734375 0.56640625 0.446246359375 0.56640625 0.422963940625 0.5703125 0.41649660156249996 0.5751953125 0.4152031328125 0.58203125 0.41002926406249995 0.56640625 0.3660513609375 0.568359375 0.36475789375 0.6630859375 0.3699317640625 0.6689453125 0.36734482812499997 0.6826171875 0.3712252328125 0.685546875 0.3751056359375 0.6787109375 0.3751056359375 0.6904296875 0.3712252328125 0.6875 0.36734482812499997 0.6904296875 0.3725187 0.7001953125 0.36475789375 0.7509765625 0.36475789375 0.8974609375 0.368638296875 0.900390625 0.6312122421875 0.8994140625 0.6337991765625001 0.7470703125 0.62862530625 0.7236328125 0.6337991765625001 0.7158203125 0.6337991765625001 0.6748046875
0 0.65966853125 0.3779296875 0.6648424015625001 0.4150390625 0.65966853125 0.4248046875 0.65966853125 0.9013671875 0.9235359421875 0.9013671875 0.926122878125 0.3603515625 0.9196555390625001 0.35546875 0.6635489328124999 0.35546875 0.65966853125 0.3779296875
7 0.30784531406250004 0.4267578125 0.30008450937500003 0.4169921875 0.25998700937499997 0.38671875 0.252226203125 0.38671875 0.24187846093749998 0.39453125 0.221182978125 0.400390625 0.182378946875 0.3984375 0.1565095921875 0.38671875 0.14874878593750002 0.38671875 0.118999028125 0.4189453125 0.118999028125 0.4248046875 0.1371075765625 0.4345703125 0.13452064218749998 0.4423828125 0.14616184999999998 0.44921875 0.182378946875 0.45703125 0.24058499375000003 0.4560546875 0.2470523328125 0.455078125 0.2651608796875 0.439453125 0.29361716875 0.439453125 0.30784531406250004 0.4267578125
1 0.5988755484375 0.34765625 0.51868055 0.349609375 0.5148001468750001 0.3544921875 0.5238544218750001 0.36328125 0.56653885625 0.3623046875 0.6143971609375 0.361328125 0.623451434375 0.3544921875 0.616984096875 0.349609375 0.5988755484375 0.34765625
1 0.19660709062499998 0.2373046875 0.19660709062499998 0.2451171875 0.2030744296875 0.248046875 0.3130191859375 0.2470703125 0.337595071875 0.24609375 0.3388885390625 0.2373046875 0.3246603953125 0.232421875 0.19660709062499998 0.2373046875
1 0.314312653125 0.642578125 0.197900559375 0.64453125 0.1914332203125 0.6474609375 0.1914332203125 0.6552734375 0.2030744296875 0.66015625 0.30008450937500003 0.6611328125 0.329834265625 0.66015625 0.3363016046875 0.6572265625 0.3363016046875 0.6474609375 0.314312653125 0.642578125
1 0.3699317640625 0.5517578125 0.3699317640625 0.5576171875 0.3789860375 0.5625 0.40873579531250004 0.5615234375 0.41132273125 0.5537109375 0.407442328125 0.55078125 0.3738121671875 0.548828125 0.3699317640625 0.5517578125
4 0.29366515937500004 0.3700788765625 0.29366515937500004 0.3591389171875 0.346505021875 0.3574979265625 0.346505021875 0.2568510828125 0.0649337328125 0.2552100921875 0.037428160937499996 0.287482759375 0.054076328124999996 0.369531840625 0.29366515937500004 0.3700788765625
4 0.6951206671875 0.23025708281249999 0.7021802390625 0.2221480765625 0.92046235 0.22428204531249998 0.9297810671875 0.21937398125000002 0.9348638671874999 0.039961924999999995 0.6463841375 0.037113196875 0.6471155703125 0.23665888281249997 0.6922968328125 0.236018696875 0.6951206671875 0.23025708281249999
4 0.6739419546875001 0.24579985624999998 0.6510689328125 0.25177489375 0.6536103640625 0.318140478125 0.760915925 0.3183539 0.7654341265625 0.30640382499999996 0.928651509375 0.31067168125 0.9297810671875 0.23153742031250002 0.6937087656250001 0.2326043921875 0.6807192125 0.24089178125 0.6801543718749999 0.248360578125 0.6739419546875001 0.24579985624999998
4 0.88177585 0.31684265 0.6770405859374999 0.31706188750000003 0.674224328125 0.3403160125 0.8831878421875 0.33732849374999996 0.88177585 0.31684265
4 0.5562587671875 0.4742217453125 0.6471485953125 0.4754058953125 0.6432309625 0.3700104609375 0.358628603125 0.37019079375 0.3566445859375 0.4890325671875 0.54522484375 0.48718464375000003 0.5562587671875 0.4742217453125
4 0.36061831718750004 0.5224699828125 0.6415321625 0.5210840140624999 0.642143490625 0.48805179374999996 0.389799496875 0.48745869375 0.38384946875 0.50445240625 0.358478603125 0.50560736875 0.36061831718750004 0.5224699828125
4 0.05634186875 0.6254935140625 0.063372353125 0.6321923703125 0.3455089203125 0.6375052546875 0.34520325625 0.46887925468749997 0.3368176671875 0.466448040625 0.08446377656250001 0.4645282375 0.0856865140625 0.478618915625 0.060315582812500004 0.480466840625 0.05634186875 0.6254935140625