3 0.944380734375 0.8757504359375 0.9280733937500001 0.8757504359375 0.9280733937500001 0.893446771875 0.944380734375 0.893446771875 0.944380734375 0.8757504359375
6 0.94353784375 0.9019938921874999 0.924833715625 0.9019938921874999 0.924833715625 0.9343062828124999 0.94353784375 0.9343062828124999 0.94353784375 0.9019938921874999
4 0.71662076875 0.9088917578125001 0.8061702265624999 0.9151850859374999 0.8100636609375 0.8977859203125 0.923460234375 0.8966753078125 0.928813875 0.6036713296875 0.7305260953125 0.60253970625 0.7302478406249999 0.618108975 0.713700665625 0.6173685765625 0.71662076875 0.9088917578125001
7 0.8335057859375 0.5900902328125001 0.8300886921874999 0.5837544968749999 0.72175765 0.583614303125 0.7215940296875 0.598862759375 0.828807253125 0.5995125734375 0.8335057859375 0.5900902328125001
2 0.714653840625 0.5537426796875 0.91210029375 0.556949559375 0.91893461875 0.37583781250000003 0.7245840390625 0.3695021015625 0.714653840625 0.5537426796875
4 0.8153522140625 0.155230025 0.8345737046874999 0.1536054796875 0.8373500796875 0.13719763125 0.7225054203125 0.13810037656250002 0.7196718828125 0.14385823281250001 0.720526203125 0.152793234375 0.8153522140625 0.155230025
4 0.7200990265625 0.36607087968749996 0.82752576875 0.3642839046875 0.82966149375 0.35112511875 0.9202160578124999 0.3520998234375 0.9266232515624999 0.3482009203125 0.92427389375 0.156569034375 0.7318525359375 0.1546008921875 0.733340521875 0.171150534375 0.719244740625 0.1701758296875 0.7200990265625 0.36607087968749996
2 0.7038111859375 0.141514275 0.2870586453125 0.14060916875 0.2874428890625 0.4665176765625 0.700172709375 0.4686329390625 0.7038111859375 0.141514275
7 0.8551671375 0.1010215125 0.4865971734375 0.09922281250000001 0.48391885625000003 0.12235067343749999 0.85261811875 0.12323204375 0.8551671375 0.1010215125
4 0.2828183921875 0.6571767078125 0.6675076828125001 0.657529284375 0.664263315625 0.641488315625 0.7078568078125 0.6379628375 0.705281003125 0.490028403125 0.312249440625 0.49123875000000006 0.31989690312499997 0.5042830234375 0.2814279484375 0.507279684375 0.2828183921875 0.6571767078125
4 0.3784243875 0.48721300312500004 0.378353234375 0.47226589375000005 0.282644165625 0.4716474328125 0.28605475468749997 0.48548349062499996 0.3014023078125 0.488510128125 0.3784243875 0.48721300312500004
2 0.7055548859375 0.6788606296874999 0.2862978390625 0.676705321875 0.288612665625 0.8376738484375 0.7081128578125 0.8396195531249999 0.7055548859375 0.6788606296874999
7 0.38894028125 0.8430785640625 0.283810075 0.8413926375 0.2834968296875 0.8590764859375 0.38865610625 0.8579955781249999 0.38894028125 0.8430785640625
4 0.2772440953125 0.9429575734375 0.4921100421875 0.9453356656249999 0.4923942484375 0.8625355328125 0.2947562328125 0.8618365796875 0.2934443109375 0.87637155625 0.28235996874999997 0.8768039312499999 0.2772440953125 0.9429575734375
4 0.6833861875 0.9314996078125001 0.7109549734375 0.932796709375 0.7092496796875001 0.8482670765625 0.5037283390625 0.8447999609375 0.49949959843749997 0.9440385062500001 0.6788388390625 0.944687096875 0.6833861875 0.9314996078125001
2 0.06284764375 0.9397147562500001 0.261917759375 0.9405836187500001 0.264355521875 0.8288101203125 0.06711086250000001 0.8272968015625001 0.06284764375 0.9397147562500001
4 0.0699530390625 0.5826306359375 0.06767928906250001 0.59625050625 0.0540370140625 0.5878191484374999 0.054605440625 0.8242178093750001 0.2569321828125 0.8251132015625 0.2663450203125 0.813840740625 0.26520816875 0.5824144546875 0.0699530390625 0.5826306359375
7 0.250997528125 0.56287890625 0.05592091875000001 0.5631278609375 0.054321220312499995 0.580174 0.24815538125 0.5786606812499999 0.250997528125 0.56287890625
2 0.0698523921875 0.5600991296875 0.2646397265625 0.5592037359375001 0.261513375 0.4374111171875 0.0668266421875 0.441086321875 0.0698523921875 0.5600991296875
4 0.26975567031250003 0.1624785453125 0.0619950421875 0.16312712499999998 0.0643793125 0.4355425140625 0.23138667812499997 0.4352492078125 0.2316708859375 0.4214131484375 0.27430301875 0.420116025 0.26975567031250003 0.1624785453125
7 0.1569225859375 0.1404011546875 0.0613939984375 0.1402411203125 0.0631318640625 0.1579123953125 0.1526593359375 0.1581285875 0.1569225859375 0.1404011546875