2 0.6352913796874999 0.0029296875 0.6314488921875 0 0.028178246875 0.0009765625 0.0256165875 0.1630859375 0.030739906249999997 0.3564453125 0.03458239375 0.359375 0.607113134375 0.3583984375 0.6314488921875 0.357421875 0.6378530390625 0.3525390625 0.6378530390625 0.0576171875 0.6352913796874999 0.0029296875
2 0.640414696875 0.9560546875 0.6365722093749999 0.9453125 0.610955621875 0.9453125 0.604551475 0.9404296875 0.6083939640625 0.93359375 0.6160789390625 0.939453125 0.6288872343749999 0.94140625 0.6378530390625 0.9365234375 0.640414696875 0.9306640625 0.640414696875 0.7197265625 0.6378530390625 0.6240234375 0.6340105515625 0.62109375 0.487996 0.623046875 0.4803110234375 0.619140625 0.40858457656249997 0.619140625 0.3752830125 0.62109375 0.371440525 0.6259765625 0.371440525 0.8095703125 0.3765638421875 0.8603515625 0.37400218281250003 0.9287109375 0.3816871609375 0.9404296875 0.37400218281250003 0.9677734375 0.37784467187500004 0.970703125 0.40346125937500005 0.966796875 0.429077846875 0.97265625 0.46109858125000003 0.9716796875 0.5084892703125 0.96875 0.54435249375 0.970703125 0.6212022562499999 0.962890625 0.640414696875 0.9560546875
6 0.956779559375 0.884765625 0.9529370703125 0.8876953125 0.9529370703125 0.9013671875 0.9503754109375 0.9033203125 0.9503754109375 0.9072265625 0.9529370703125 0.9091796875 0.9529370703125 0.9111328125 0.9503754109375 0.9130859375 0.9503754109375 0.9169921875 0.951656240625 0.91796875 0.964464534375 0.91796875 0.9657453640625 0.9169921875 0.9683070234375 0.9150390625 0.9683070234375 0.8876953125 0.964464534375 0.884765625 0.956779559375 0.884765625
3 0.9683070234375 0.8681640625 0.9657453640625 0.8662109375 0.9657453640625 0.8603515625 0.964464534375 0.859375 0.9619028765625 0.859375 0.9593412171875 0.857421875 0.956779559375 0.857421875 0.9503754109375 0.8623046875 0.9503754109375 0.8701171875 0.9529370703125 0.8720703125 0.9529370703125 0.8798828125 0.9554987296874999 0.8818359375 0.9554987296874999 0.8857421875 0.956779559375 0.88671875 0.9619028765625 0.88671875 0.96318370625 0.8857421875 0.9657453640625 0.8837890625 0.9657453640625 0.8759765625 0.9683070234375 0.8740234375 0.9683070234375 0.8681640625
7 0.8158883250000001 0.80078125 0.8005183718750001 0.8046875 0.762093490625 0.8046875 0.744161878125 0.80078125 0.7339152437500001 0.8046875 0.6852437265625 0.802734375 0.671154603125 0.8056640625 0.67755875 0.814453125 0.8312582781250001 0.814453125 0.8581556953125 0.8173828125 0.8607173546875 0.8056640625 0.8415049124999999 0.80078125 0.8261349593749999 0.8046875 0.8158883250000001 0.80078125
4 0.9426904359374999 0.9189453125 0.9388479468750001 0.826171875 0.792833396875 0.826171875 0.77746344375 0.822265625 0.7031753375 0.82421875 0.696771190625 0.8271484375 0.6954903625 0.8359375 0.6685929453125 0.8427734375 0.6685929453125 0.9169921875 0.6749970921874999 0.921875 0.8581556953125 0.9228515625 0.8748064781249999 0.91796875 0.8927380890625001 0.921875 0.9388479468750001 0.921875 0.9426904359374999 0.9189453125
1 0.12936800312500002 0.3820859984375 0.2288596890625 0.3815417375 0.232069 0.3660297984375 0.0708854578125 0.36521336249999997 0.061613832812500005 0.37337752812499997 0.070528809375 0.3815417375 0.12936800312500002 0.3820859984375
4 0.35260018125000003 0.5521505578125 0.3458246671875 0.388595003125 0.0658225625 0.3872083359375 0.071242009375 0.5592261578125 0.32728153125000004 0.557049025 0.35260018125000003 0.5521505578125
7 0.22992938437500002 0.579547328125 0.0764362296875 0.578092390625 0.07159865625 0.5980527625 0.22458038125000002 0.595059253125 0.22992938437500002 0.579547328125
4 0.0683892515625 0.92480244375 0.35295669531249996 0.9218089203125001 0.3550963875 0.5996856046875 0.1014095625 0.6014173734375 0.10440594218749999 0.6159916453125 0.0694590015625 0.6170801828125 0.0683892515625 0.92480244375
1 0.420438753125 0.6037676796875 0.6479501265625001 0.6021348671875 0.6458105859375001 0.5830851421875 0.368624228125 0.5819005515625 0.3651657078125 0.6179189234375 0.4250746515625 0.6165582125 0.420438753125 0.6037676796875
7 0.5662885078125 0.51756655625 0.564505596875 0.5055924453125 0.36988975156250004 0.50383325625 0.36159961875 0.518927253125 0.5566602734375 0.5211044 0.5662885078125 0.51756655625
4 0.363026015625 0.5480461171875 0.3658788125 0.577165025 0.63867848125 0.5768928796874999 0.6493764859375 0.5738993421874999 0.6458105859375001 0.5330785109375 0.6461671 0.5211044 0.39868619375000003 0.52654714375 0.39547669375 0.540154125 0.3808560484375 0.538793428125 0.363026015625 0.5480461171875
4 0.42008223906250003 0.47352469687500004 0.647237021875 0.4699868546875 0.6468802796875 0.3834467109375 0.36739241875 0.384352215625 0.363026015625 0.48604305468750003 0.42471806250000005 0.48685950624999996 0.42008223906250003 0.47352469687500004
7 0.7050352515625 0.389161628125 0.76316128125 0.3856237984375 0.760308371875 0.3701118734375 0.6683210828124999 0.37197569375 0.6561809390625 0.37773176406250003 0.6604601328124999 0.38834517812499997 0.7050352515625 0.389161628125
4 0.798108165625 0.3541449671875 0.8023872843750001 0.34135436406249997 0.9414616375 0.33781654843750003 0.9364693031250001 0.0918475828125 0.9336163921875 0.05186545 0.6583896874999999 0.0506621375 0.6536847328125 0.35849911562500003 0.7677969890624999 0.3590434640625 0.798108165625 0.3541449671875
4 0.664739440625 0.746323909375 0.659390325 0.7852397828125001 0.8409002578125 0.783334809375 0.8359078453125001 0.76918358125 0.9460974609375 0.76891140625 0.94395784375 0.7596587171875 0.9403917921874999 0.400319290625 0.937538996875 0.3880730328125 0.6846116875 0.3948246578125 0.6954070171875 0.40929990624999996 0.659390325 0.407122759375 0.664739440625 0.746323909375