2 0.910901346875 0.6435546875 0.91587895 0.6533203125 0.9133901484375 0.6611328125 0.9270785578125 0.6640625 0.9333005609375 0.6591796875 0.9357893625000001 0.2333984375 0.919612153125 0.228515625 0.8947241375000001 0.228515625 0.889746534375 0.232421875 0.8773025265625 0.228515625 0.8673473218750001 0.232421875 0.86485851875 0.228515625 0.8598809171875 0.232421875 0.837481703125 0.228515625 0.8300152984375 0.232421875 0.8250376953125 0.228515625 0.7628176578125 0.228515625 0.75908445625 0.2353515625 0.752862453125 0.236328125 0.7279744375 0.228515625 0.6881536140625 0.228515625 0.6781984078125001 0.232421875 0.6458439874999999 0.2265625 0.5189151125 0.228515625 0.5126931078125 0.2373046875 0.5126931078125 0.6630859375 0.5313591203125 0.666015625 0.8959685390625 0.6650390625 0.9084125468750001 0.6572265625 0.909656946875 0.607421875 0.9133901484375 0.6220703125 0.910901346875 0.6435546875
6 0.8797979828125 0.1628221765625 0.6756186078125 0.1607061390625 0.6587763468750001 0.1893340234375 0.8710878031249999 0.1953205671875 0.8797979828125 0.1628221765625
7 0.7611213578125 0.14735803281249998 0.7818084109375001 0.055849403124999995 0.0599097296875 0.0589825703125 0.07410362968749999 0.20722355625 0.6184919140625 0.2149204875 0.63700113125 0.1422267296875 0.7611213578125 0.14735803281249998
4 0.21895172812500002 0.3678320921875 0.30905424843749996 0.369201853125 0.311960940625 0.3614395640625 0.29452158906250003 0.3472846234375 0.2846393671875 0.331759896875 0.2828954375 0.3189748390625 0.414270778125 0.317605040625 0.414270778125 0.29705763125 0.32358690625 0.2966009875 0.3212616890625 0.2851857890625 0.39450633125 0.28609897968750003 0.3997382421875 0.27924986875 0.397413025 0.26189870000000004 0.11141004218749999 0.26418174843750003 0.1195483359375 0.25002688125 0.33637582187500004 0.2532231453125 0.32881869375 0.2281096140625 0.2480170453125 0.22993604374999999 0.24627311562499998 0.21532455625 0.0765315875 0.21395472187500003 0.069555871875 0.3833567453125 0.22069578124999997 0.38563984375000004 0.21895172812500002 0.3678320921875
4 0.1329184171875 0.5038642 0.192211753125 0.50432081875 0.20267514062499997 0.5239549515624999 0.30672903125 0.5207586875 0.3055665765625 0.5020377703125 0.2439478984375 0.49884150624999996 0.23755353437500001 0.4846866140625 0.1741911125 0.48286018437499995 0.1741911125 0.47007512656249995 0.2561553390625 0.47190155625 0.25557405 0.45409380468749994 0.37241666875 0.455920234375 0.37241666875 0.433546334375 0.26022448593749997 0.433546334375 0.2608059609375 0.42167449218749997 0.3741605984375 0.421217871875 0.3788112203125 0.39793080625 0.075749378125 0.3996882125 0.06316150781249999 0.4865129953125 0.1329184171875 0.48879604375 0.1329184171875 0.5038642
4 0.0742063703125 0.6384889984375001 0.20267514062499997 0.6371192375 0.20906950625 0.653100559375 0.10094646874999999 0.6489910796875 0.0678120671875 0.6494476265625 0.065486725 0.74076953125 0.25150490312499996 0.7348335484375 0.25848055625 0.7220484921875 0.3543963390625 0.724788209375 0.35904677500000004 0.7156559625 0.352652409375 0.699674640625 0.3259123109375 0.701044525 0.30091595312499997 0.698761475 0.3096357234375 0.6873462531250001 0.4462427875 0.6859764187499999 0.439848421875 0.6677119968749999 0.3317252 0.6649724015625 0.32707476406249997 0.6503608421875 0.298009571875 0.650817509375 0.29103373125 0.64442498125 0.295684353125 0.6330097578125 0.29335913593749996 0.6161151484375 0.25848055625 0.6152019328125 0.25906203125 0.6024168750000001 0.3543963390625 0.601960328125 0.35614008125 0.5923715109375001 0.3805549625 0.5841525046875 0.38462410937499997 0.5709108515625 0.3695101609375 0.5681711828125 0.37125421406250003 0.552189859375 0.298009571875 0.5476237984375001 0.223020875 0.5540163265625 0.222439709375 0.5339255140625 0.184073459375 0.529816009375 0.183491984375 0.517487596875 0.0737138859375 0.515498528125 0.07071857499999999 0.5156611546875001 0.0678120671875 0.6302700406249999 0.0742063703125 0.6384889984375001
6 0.49201940781250003 0.7320191015625 0.373925996875 0.7319440171875 0.36355063906249996 0.7553061421875 0.487369096875 0.7530230687499999 0.49201940781250003 0.7320191015625
4 0.9128854640625 0.85393369375 0.9454386390625 0.8461714046875001 0.9454386390625 0.6813354421875 0.6431591328125 0.6763127234375 0.51747135625 0.683223815625 0.49725132031249997 0.869915040625 0.9076537390625001 0.8712849 0.9128854640625 0.85393369375
4 0.500157703125 0.9534745593749999 0.9466012171875 0.9566708234375 0.9483452078125 0.869915040625 0.5541102171875 0.8677216281250001 0.5629388343749999 0.8840699578125 0.514109071875 0.8813303124999999 0.500157703125 0.9534745593749999
7 0.270739378125 0.793661340625 0.2752477734375 0.7822616015625 0.27867984375 0.7690044390625 0.0690259640625 0.7717440359375 0.0678634171875 0.793204671875 0.270739378125 0.793661340625
4 0.0678634171875 0.8324730578124999 0.0730951125 0.9292742781250001 0.0771642578125 0.9557575343750001 0.48117256093750005 0.9584972031250001 0.504424678125 0.9479952687500001 0.504424678125 0.8667187765625 0.48989201875 0.7945745546875 0.114447546875 0.795040671875 0.11029881562499999 0.8105558765625 0.0678634171875 0.8110124953125 0.0678634171875 0.8324730578124999
3 0.06030644375000001 0.8237975531249999 0.040152078125000004 0.82219619375 0.0306597140625 0.84936766875 0.0585625140625 0.8502808843749999 0.06030644375000001 0.8237975531249999
6 0.034147634375 0.928360990625 0.036472790625 0.9539311046875 0.0591437421875 0.9553009390625 0.0585625140625 0.8534771484375 0.03608109375 0.8541438671874999 0.0318223234375 0.8740244953125 0.0318223234375 0.8941153703125 0.034147634375 0.928360990625