7 0.370710559375 0.2421875 0.40818310625 0.234375 0.437625825 0.23828125 0.44030243281250003 0.234375 0.46974515156249996 0.236328125 0.475098371875 0.232421875 0.48045159374999996 0.236328125 0.4924963390625 0.2275390625 0.4924963390625 0.1552734375 0.50320278125 0.1435546875 0.500526171875 0.1337890625 0.4001532765625 0.130859375 0.389446834375 0.125 0.38141700156249997 0.130859375 0.37338717187500003 0.126953125 0.247586475 0.12890625 0.242233253125 0.125 0.22885020156250002 0.125 0.2074373171875 0.130859375 0.156581715625 0.12890625 0.08163662031249999 0.130859375 0.07762170625 0.1337890625 0.07762170625 0.1513671875 0.0829749265625 0.1552734375 0.0749450953125 0.1650390625 0.0695918734375 0.1904296875 0.0749450953125 0.2099609375 0.09234306249999999 0.2265625 0.11107933750000001 0.232421875 0.13784544375000002 0.23046875 0.15390510625 0.234375 0.3145017390625 0.234375 0.3225315703125 0.244140625 0.3399295390625 0.2431640625 0.33457631718749997 0.2412109375 0.3385912328125 0.23828125 0.3546508953125 0.236328125 0.370710559375 0.2421875
6 0.27435257968750004 0.083984375 0.278367496875 0.1005859375 0.285059021875 0.10546875 0.303795296875 0.107421875 0.31717834843750004 0.1015625 0.33056140312500004 0.109375 0.4215661609375 0.109375 0.4255810765625 0.0869140625 0.4055064984375 0.083984375 0.32520818125 0.0859375 0.30647190625 0.083984375 0.285059021875 0.07421875 0.27435257968750004 0.08203125 0.2636461375 0.076171875 0.247586475 0.083984375 0.1552434109375 0.0849609375 0.1646115484375 0.10546875 0.1887010421875 0.109375 0.2074373171875 0.103515625 0.21814375937500002 0.11328125 0.24089494843749998 0.1142578125 0.247586475 0.107421875 0.2676610546875 0.1083984375 0.2676610546875 0.0947265625 0.27435257968750004 0.083984375
6 0.3546508953125 0.283203125 0.47777498124999995 0.283203125 0.4844665078125 0.2529296875 0.4269193828125 0.248046875 0.4255810765625 0.2412109375 0.413536328125 0.236328125 0.4001532765625 0.23828125 0.39480005625 0.24609375 0.3359146234375 0.251953125 0.285059021875 0.25 0.2770291921875 0.24609375 0.2556163078125 0.25 0.196730875 0.25 0.1806712125 0.24609375 0.1338305265625 0.2509765625 0.141860359375 0.2744140625 0.1672881578125 0.283203125 0.2127905390625 0.279296875 0.22617359062500003 0.28515625 0.23955664375 0.279296875 0.2636461375 0.28515625 0.2957654640625 0.28125 0.3011186859375 0.287109375 0.31316343281250003 0.2880859375 0.33056140312500004 0.26953125 0.3385912328125 0.26953125 0.34260615 0.2783203125 0.3546508953125 0.283203125
6 0.0655491453125 0.9304535265625 0.064857040625 0.8965955031249999 0.045142337500000004 0.8970618874999999 0.043905559375 0.9304535265625 0.0655491453125 0.9304535265625
3 0.051387159375000005 0.8850015625 0.06593927499999999 0.8833423921874999 0.0663940296875 0.8694053593750001 0.056844201562499995 0.86608701875 0.048203884375 0.8737192031250001 0.051387159375000005 0.8850015625
4 0.1913776546875 0.30078125 0.1779946 0.30078125 0.175317990625 0.302734375 0.16996477031249999 0.30078125 0.1646115484375 0.302734375 0.15925832812500001 0.30078125 0.15390510625 0.302734375 0.1512284953125 0.30078125 0.14319866406249998 0.302734375 0.132492221875 0.302734375 0.1298156109375 0.30078125 0.1030495046875 0.30078125 0.1003728953125 0.302734375 0.0749450953125 0.3037109375 0.0749450953125 0.3076171875 0.0869898421875 0.314453125 0.19539257031249999 0.3134765625 0.2074373171875 0.3125 0.2114522328125 0.3037109375 0.19405426406249998 0.302734375 0.1913776546875 0.30078125
4 0.50419876875 0.313131775 0.100669128125 0.31624441718749996 0.10152225625 0.3299400421875 0.070809640625 0.32931751249999996 0.0750752828125 0.39032529375 0.2499665640625 0.3890802375 0.256791590625 0.3766296703125 0.506758153125 0.3728945 0.50419876875 0.313131775
4 0.505051896875 0.39157035156250003 0.09810974375 0.390947821875 0.10152225625 0.40402091875 0.073369025 0.40402091875 0.074222153125 0.4320346953125 0.389879590625 0.4332797515625 0.3873202046875 0.419584128125 0.50761128125 0.42020665625 0.505051896875 0.39157035156250003
4 0.506758153125 0.43452480937500004 0.10152225625 0.43390228124999997 0.10322851250000001 0.44822043437500003 0.0750752828125 0.45008801875 0.074222153125 0.46502869999999996 0.27470728125 0.46378364375 0.2798260515625 0.449465490625 0.505905025 0.449465490625 0.506758153125 0.43452480937500004
4 0.5093175390625 0.46627375625 0.099816 0.4675188125 0.099816 0.479346853125 0.073369025 0.47996938125 0.07166276875000001 0.5092282140625 0.40352964062499996 0.5079831578125 0.406089025 0.495532590625 0.50761128125 0.4936650046875 0.5093175390625 0.46627375625
4 0.506758153125 0.5110958 0.10152225625 0.5110958 0.10152225625 0.5247914234375 0.07166276875000001 0.5247914234375 0.072515896875 0.535996934375 0.20048512812500002 0.53973210625 0.20048512812500002 0.5247914234375 0.5084644093749999 0.52603648125 0.506758153125 0.5110958
4 0.100669128125 0.5528052015625 0.180863178125 0.5521826734374999 0.1825694359375 0.5409771625 0.10152225625 0.5403546328125 0.100669128125 0.5528052015625
4 0.10129801875 0.5664073359375 0.33386388437500003 0.5699063765625 0.33386388437500003 0.5559102109375 0.100698621875 0.5563475921875 0.10129801875 0.5664073359375
4 0.10369560468750001 0.5839025437500001 0.1876111234375 0.5821530218750001 0.1894093140625 0.572093278125 0.100698621875 0.5690316171875 0.10369560468750001 0.5839025437500001
4 0.10189741562500002 0.5974613296875 0.3284693140625 0.5987734703125 0.3296681078125 0.586526825 0.09890043125 0.586526825 0.10189741562500002 0.5974613296875
4 0.5042349234375 0.602709890625 0.09701940625 0.600522990625 0.0982181984375 0.6153939171875 0.0718447515625 0.6171434375 0.068248371875 0.6893111671875001 0.0695300015625 0.6879990265625 0.3398578484375 0.6888737875000001 0.33626147031250003 0.6761897625 0.5066325093749999 0.6761897625 0.5042349234375 0.602709890625
4 0.5023685234374999 0.6923728296875 0.0975520296875 0.690185928125 0.0993502203125 0.7059316140624999 0.07117858125 0.7059316140624999 0.06884776718749999 0.8380204296875 0.33677803125 0.8384578093749999 0.336178634375 0.8248990234375 0.5059649015625001 0.825773784375 0.5023685234374999 0.6923728296875
4 0.0983299265625 0.8555156374999999 0.0689594953125 0.8546408765625 0.070579184375 0.9316197890625 0.5042349234375 0.93468145 0.5024367328125 0.8410820906250001 0.09533294375 0.8410820906250001 0.0983299265625 0.8555156374999999
4 0.5208310093749999 0.0912409375 0.942221690625 0.08621190937499999 0.93926801875 0.0718432578125 0.5198464515625 0.07399855625 0.5208310093749999 0.0912409375
4 0.9550209421875 0.0890856390625 0.5444603921875 0.092677803125 0.5483986234375 0.10489115625 0.5139391046874999 0.1056095890625 0.51886189375 0.11925980781250001 0.7620476390625 0.11925980781250001 0.76106308125 0.10632802187499998 0.9569900578125001 0.102017425 0.9550209421875 0.0890856390625
4 0.9560055000000001 0.119978240625 0.5493831796875 0.1221335375 0.552336853125 0.13578375625 0.5208310093749999 0.137220621875 0.5247692390625 0.165957925 0.57990446875 0.1638026265625 0.5808890265625 0.1501524078125 0.9569900578125001 0.1487155421875 0.9560055000000001 0.119978240625
4 0.954036384375 0.1638026265625 0.5464295078125 0.1673947890625 0.5474140656250001 0.1810450078125 0.52378468125 0.1824818734375 0.5228001234375 0.1961320921875 0.8191519828124999 0.1925399296875 0.82210565625 0.181763440625 0.9560055000000001 0.1788897109375 0.954036384375 0.1638026265625
4 0.957974615625 0.19182149843750002 0.5493831796875 0.198287390625 0.5493831796875 0.211937609375 0.5178773359375 0.211219178125 0.5178773359375 0.2701306484375 0.7955225984375 0.2672569171875 0.79650715625 0.255761996875 0.9599437296875 0.2521698328125 0.957974615625 0.19182149843750002
4 0.9554619531249999 0.26849089375 0.5462994234375 0.2745059640625 0.54854756875 0.2887234046875 0.52007105625 0.2881765796875 0.52156981875 0.301300371875 0.7156597375 0.299113071875 0.7141609734375 0.2859892828125 0.9577100984375001 0.2838019828125 0.9554619531249999 0.26849089375
4 0.957007178125 0.29637895 0.5506525828125 0.3029408453125 0.5499031999999999 0.318251934375 0.5206773046875 0.3209860578125 0.5229990390625 0.4976104140625 0.8744591625 0.493782640625 0.8744591625 0.4812056734375 0.9592553234375 0.48011202500000005 0.957007178125 0.29637895
4 0.5549791390625 0.5130472296875 0.945784384375 0.509140778125 0.9466766359375001 0.49351497499999997 0.5549791390625 0.49937465156250005 0.5549791390625 0.5130472296875
4 0.9582758765625 0.509140778125 0.5496256421875 0.5143493796875 0.5496256421875 0.5267198093750001 0.5219659109375 0.528673034375 0.5210736625 0.5579714171875 0.554086890625 0.556669265625 0.554086890625 0.5442988375 0.9582758765625 0.5390902359374999 0.9582758765625 0.509140778125
4 0.9591681281250001 0.556669265625 0.553194640625 0.5592735656250001 0.553194640625 0.5748993703124999 0.5228581609375 0.5735972203124999 0.5210736625 0.7519918156250001 0.7084460390625 0.7500385890625 0.709338290625 0.7389703125 0.9591681281250001 0.7357149359374999 0.9591681281250001 0.556669265625
4 0.956800878125 0.75183760625 0.5461566625 0.75183760625 0.5461566625 0.7681196578125 0.956800878125 0.7681196578125 0.956800878125 0.75183760625
4 0.5634265187499999 0.76953125 0.5540583828125001 0.7724609375 0.5540583828125001 0.7822265625 0.7588190890625001 0.78125 0.7681872249999999 0.7744140625 0.7614956984375 0.76953125 0.7374062046875001 0.767578125 0.5634265187499999 0.76953125
4 0.643724834375 0.783203125 0.59822245625 0.787109375 0.558073296875 0.78515625 0.5540583828125001 0.7880859375 0.560749909375 0.796875 0.5781478765625 0.7978515625 0.646401446875 0.796875 0.6571078890625001 0.794921875 0.6637994140625 0.7861328125 0.643724834375 0.783203125
4 0.5486344859375001 0.8115306703125 0.5527657703125 0.8109277515625 0.6031674312499999 0.8109277515625 0.607298715625 0.80067810625 0.550287 0.80067810625 0.5486344859375001 0.8115306703125
4 0.9518477828125 0.8115306703125 0.546981971875 0.814545271875 0.546155715625 0.8253978375000001 0.51888924375 0.829015359375 0.5221942687500001 0.8422796046875 0.5535920265625001 0.8416766843750001 0.5535920265625001 0.8260007578125 0.954326553125 0.8260007578125 0.9518477828125 0.8115306703125
4 0.9551528093749999 0.8410737640624999 0.5494607421875 0.8446912859375001 0.5478082296875 0.8591613718750001 0.52054175625 0.8591613718750001 0.5221942687500001 0.871219778125 0.5585495671875 0.871219778125 0.567638390625 0.8597642921875 0.9551528093749999 0.85494093125 0.9551528093749999 0.8410737640624999
4 0.9518477828125 0.8706168562500001 0.5494607421875 0.8736314578125001 0.5494607421875 0.8874986234375 0.5172367296875 0.8887044640624999 0.52054175625 0.9031745515624999 0.811384134375 0.9025716296875 0.8138629046875 0.8887044640624999 0.9535002953125 0.8874986234375 0.9518477828125 0.8706168562500001
4 0.5511132562500001 0.9176446374999999 0.6345651890624999 0.9164387968750001 0.6353914453125 0.903777471875 0.5486344859375001 0.9031745515624999 0.5511132562500001 0.9176446374999999
4 0.5486344859375001 0.9351293249999999 0.7353685125 0.9333205640625 0.7353685125 0.918850478125 0.546155715625 0.9194533984375 0.5486344859375001 0.9351293249999999