7 0.49878683125 0.0859375 0.5089921875 0.08984375 0.585532365625 0.08984375 0.5919107140625 0.0849609375 0.5919107140625 0.0732421875 0.5804296875 0.0703125 0.49113281249999996 0.0703125 0.45031138437499996 0.068359375 0.442657365625 0.064453125 0.41459263437500005 0.0625 0.4082142859375 0.0673828125 0.4082142859375 0.0830078125 0.4222466515625 0.087890625 0.49878683125 0.0859375
4 0.5098938015625001 0.10209327187499999 0.11818995000000002 0.099647925 0.0870453 0.11645969062499999 0.0854481390625 0.19012579375 0.1529282109375 0.1904314640625 0.15452537187499998 0.17698205 0.5070987687499999 0.1788160609375 0.5098938015625001 0.10209327187499999
4 0.4128662421875 0.28366035 0.4132655328125 0.26868259375000003 0.507498059375 0.2702109375 0.5090952203125 0.194710821875 0.111801303125 0.19134846875 0.1102041421875 0.20907724062500002 0.0858474296875 0.208771571875 0.081854525 0.28213200625 0.4128662421875 0.28366035
4 0.507498059375 0.3631341546875 0.5063001890625001 0.286105696875 0.1145963359375 0.28366035 0.0846495578125 0.300472115625 0.0842502671875 0.37322121406250003 0.38531520625 0.3765835671875 0.3837180453125 0.36130014374999997 0.507498059375 0.3631341546875
4 0.33500461875 0.43863426875 0.1341615640625 0.4331322375 0.12897078906249998 0.5526486125 0.1964508609375 0.5553996296875 0.1980480234375 0.5385878625 0.3358032 0.5385878625 0.33500461875 0.43863426875
2 0.923861265625 0.44794554218749993 0.348534271875 0.4494487140625 0.347552484375 0.5817279359375 0.9307337734375001 0.5824795218750001 0.923861265625 0.44794554218749993
2 0.2232421875 0.658203125 0.2219665171875 0.6708984375 0.2079341515625 0.6796875 0.1951774546875 0.67578125 0.191350446875 0.6787109375 0.191350446875 0.6884765625 0.1773180796875 0.697265625 0.1696640625 0.697265625 0.165837053125 0.7041015625 0.1454263390625 0.7158203125 0.1454263390625 0.7216796875 0.1518046875 0.728515625 0.26406361562499997 0.6875 0.2653392859375 0.7392578125 0.237274553125 0.7587890625 0.23472321406250002 0.7646484375 0.24365290156250002 0.76953125 0.27171763437499996 0.771484375 0.307436384375 0.76953125 0.31126339375 0.7626953125 0.2831986609375 0.7412109375 0.28447432968749997 0.6875 0.3150904015625 0.697265625 0.34060379375 0.7109375 0.35846316875 0.71484375 0.39163058125 0.73046875 0.4005602671875 0.7275390625 0.4005602671875 0.7197265625 0.38525223125 0.7080078125 0.3814252234375 0.697265625 0.37377120625 0.701171875 0.3571875 0.6923828125 0.35846316875 0.677734375 0.3533604921875 0.67578125 0.343155134375 0.68359375 0.3380524546875 0.681640625 0.326571428125 0.6748046875 0.325295759375 0.658203125 0.317641740625 0.658203125 0.3125390625 0.6640625 0.307436384375 0.6640625 0.2831986609375 0.6474609375 0.2831986609375 0.6162109375 0.2742689734375 0.609375 0.2704419640625 0.6123046875 0.2653392859375 0.6259765625 0.2653392859375 0.6494140625 0.24365290156250002 0.662109375 0.2232421875 0.658203125
2 0.42097098125 0.7099609375 0.42097098125 0.7177734375 0.4299006703125 0.720703125 0.46817075937499997 0.720703125 0.46944642812500004 0.7275390625 0.4490357140625 0.7548828125 0.46817075937499997 0.75390625 0.479651784375 0.7626953125 0.47837611718749995 0.771484375 0.49623549218749996 0.76953125 0.5064408484375 0.7734375 0.514094865625 0.767578125 0.53450558125 0.771484375 0.5383325890624999 0.7685546875 0.53578125 0.7626953125 0.5472622765625 0.75390625 0.5523649546875 0.755859375 0.5587433046875 0.7509765625 0.5472622765625 0.72265625 0.5906350453125 0.72265625 0.594462053125 0.7197265625 0.593186384375 0.7109375 0.5447109375 0.701171875 0.5281272312499999 0.6943359375 0.5153705359375 0.6611328125 0.5153705359375 0.6396484375 0.5077165171875 0.6220703125 0.5000625000000001 0.6435546875 0.5026138390625 0.6572265625 0.48730580312500005 0.6943359375 0.42097098125 0.7099609375
2 0.6161484374999999 0.74609375 0.6467645078125 0.74609375 0.6403861609375 0.7646484375 0.6493158484375 0.771484375 0.6620725453125 0.7734375 0.6901372765625 0.771484375 0.696515625 0.7666015625 0.6926886156250001 0.74609375 0.718202009375 0.748046875 0.72202901875 0.7451171875 0.7207533484375 0.740234375 0.6926886156250001 0.734375 0.6812075890625 0.7275390625 0.6761049109374999 0.7197265625 0.6761049109374999 0.6982421875 0.6684508921875 0.6845703125 0.663348215625 0.7158203125 0.6556941968750001 0.7294921875 0.61487276875 0.7412109375 0.6161484374999999 0.74609375
2 0.8049475453125 0.765625 0.8126015625 0.775390625 0.8661796875000001 0.775390625 0.8700066953125001 0.7724609375 0.8674553578124999 0.7666015625 0.8738337046875 0.76171875 0.889141740625 0.767578125 0.8955200890624999 0.7626953125 0.8904174109375 0.7490234375 0.9018984375000001 0.748046875 0.9057254468749999 0.7412109375 0.896795759375 0.736328125 0.8738337046875 0.732421875 0.85725 0.7197265625 0.8470446421875 0.6904296875 0.8470446421875 0.6689453125 0.8406662953125 0.6484375 0.8342879468750001 0.6611328125 0.8342879468750001 0.6845703125 0.8215312499999999 0.7177734375 0.8074988828125 0.73046875 0.773055803125 0.7392578125 0.7705044640625001 0.7451171875 0.78708816875 0.75 0.790915178125 0.7626953125 0.8049475453125 0.765625
6 0.27171763437499996 0.599609375 0.281922990625 0.607421875 0.308712053125 0.6064453125 0.308712053125 0.5966796875 0.299782365625 0.58984375 0.2793716515625 0.587890625 0.26916629531249997 0.591796875 0.2564095984375 0.58203125 0.24237723125000002 0.5888671875 0.2398258921875 0.5927734375 0.24365290156250002 0.603515625 0.2615122765625 0.60546875 0.27171763437499996 0.599609375
6 0.1097075890625 0.5673828125 0.10588058125 0.5625 0.0803671875 0.560546875 0.076540178125 0.5634765625 0.0803671875 0.572265625 0.103329240625 0.572265625 0.1097075890625 0.5673828125
6 0.1556316953125 0.5947265625 0.1492533484375 0.5859375 0.1186372765625 0.58984375 0.11736160625 0.5947265625 0.12373995468750001 0.603515625 0.139047990625 0.603515625 0.1556316953125 0.5947265625
6 0.10715625 0.6162109375 0.10588058125 0.609375 0.0778158484375 0.609375 0.076540178125 0.6162109375 0.0803671875 0.619140625 0.103329240625 0.619140625 0.10715625 0.6162109375
6 0.0803671875 0.662109375 0.0803671875 0.671875 0.10715625 0.6708984375 0.10588058125 0.6640625 0.0803671875 0.662109375
6 0.10460491093749999 0.7197265625 0.1007779015625 0.71484375 0.0905725453125 0.712890625 0.0816428578125 0.7158203125 0.0790915171875 0.7197265625 0.085469865625 0.724609375 0.0982265625 0.724609375 0.10460491093749999 0.7197265625
6 0.0982265625 0.76171875 0.0905725453125 0.763671875 0.089296875 0.7705078125 0.0982265625 0.7734375 0.102053571875 0.7646484375 0.0982265625 0.76171875
6 0.0688861609375 0.9130859375 0.066334821875 0.8876953125 0.06250781250000001 0.884765625 0.048475446875 0.8857421875 0.04337276875 0.9150390625 0.047199776562500004 0.919921875 0.06250781250000001 0.919921875 0.0688861609375 0.9130859375
6 0.46817075937499997 0.638671875 0.4758247765625 0.638671875 0.48347879374999997 0.64453125 0.48985714218750004 0.6416015625 0.49240848281250005 0.6357421875 0.486030134375 0.630859375 0.47072209843749996 0.6328125 0.4579654015625 0.623046875 0.45031138437499996 0.623046875 0.43883035625 0.6318359375 0.4477600453125 0.642578125 0.46306807968749997 0.642578125 0.46817075937499997 0.638671875
6 0.4617924109375 0.7548828125 0.45541406249999994 0.734375 0.45286272343749995 0.736328125 0.43755468750000004 0.73046875 0.43245200937500006 0.734375 0.41841964374999996 0.7353515625 0.41331696406249996 0.7529296875 0.41714397343750004 0.7578125 0.442657365625 0.759765625 0.4617924109375 0.7548828125
6 0.6378348218750001 0.7607421875 0.6340078124999999 0.751953125 0.6238024546875 0.75 0.5995647328125 0.7529296875 0.59701339375 0.7705078125 0.6008404015625 0.7734375 0.630180803125 0.7724609375 0.6378348218750001 0.7607421875
6 0.6863102671875 0.6806640625 0.6837589281249999 0.6884765625 0.6901372765625 0.69140625 0.7207533484375 0.69140625 0.72458035625 0.6884765625 0.72458035625 0.6806640625 0.714375 0.6787109375 0.719477678125 0.6708984375 0.7105479906250001 0.6640625 0.674829240625 0.6640625 0.6697265625 0.66015625 0.65952120625 0.66015625 0.6493158484375 0.666015625 0.62635379375 0.6640625 0.6199754468750001 0.6689453125 0.6174241078125 0.6748046875 0.628905134375 0.677734375 0.682483259375 0.677734375 0.6863102671875 0.6806640625
6 0.8330122765624999 0.64453125 0.9070011171875001 0.6484375 0.915930803125 0.6396484375 0.9121037937500001 0.634765625 0.896795759375 0.6328125 0.898071428125 0.6259765625 0.8942444187499999 0.623046875 0.8585256703124999 0.623046875 0.8483203125 0.619140625 0.8126015625 0.62109375 0.8062232140625 0.6259765625 0.7934665171875 0.6376953125 0.8023962062500001 0.650390625 0.825358259375 0.6484375 0.8330122765624999 0.64453125
6 0.78708816875 0.75390625 0.7768828125 0.75 0.755196428125 0.7529296875 0.7539207593749999 0.7734375 0.7858125 0.7724609375 0.790915178125 0.7626953125 0.78708816875 0.75390625
5 0.9356742859375 0.7776028 0.0932628578125 0.7776028 0.0932628578125 0.9172878390625 0.9356742859375 0.9172878390625 0.9356742859375 0.7776028
6 0.1594587046875 0.798828125 0.165837053125 0.7880859375 0.16201004531250002 0.78515625 0.1084319203125 0.783203125 0.10460491093749999 0.7861328125 0.10715625 0.7958984375 0.13139397343749998 0.80078125 0.1594587046875 0.798828125
6 0.3201930796875 0.80078125 0.35591183125 0.80078125 0.362290178125 0.7939453125 0.3610145078125 0.787109375 0.3482578125 0.787109375 0.3380524546875 0.78125 0.3125390625 0.787109375 0.2946796875 0.783203125 0.2334475453125 0.78515625 0.232171875 0.7958984375 0.2359988828125 0.798828125 0.3048850453125 0.796875 0.3201930796875 0.80078125
6 0.47072209843749996 0.796875 0.5268515625 0.80078125 0.53578125 0.7900390625 0.53450558125 0.787109375 0.514094865625 0.78515625 0.5089921875 0.78125 0.47327343749999995 0.787109375 0.45541406249999994 0.783203125 0.41969531250000003 0.783203125 0.4082142859375 0.7919921875 0.41459263437500005 0.798828125 0.42734932968750006 0.80078125 0.47072209843749996 0.796875
6 0.6901372765625 0.802734375 0.7054453125 0.80078125 0.7118236609374999 0.7900390625 0.7079966515625 0.787109375 0.6926886156250001 0.787109375 0.6850345984375 0.78125 0.674829240625 0.787109375 0.6161484374999999 0.78515625 0.60849441875 0.7890625 0.5919107140625 0.7880859375 0.5868080359375 0.7978515625 0.593186384375 0.80078125 0.6238024546875 0.798828125 0.6901372765625 0.802734375
6 0.82025558125 0.80078125 0.8330122765624999 0.8046875 0.8687310265624999 0.798828125 0.8814877234375 0.802734375 0.9197578125 0.8046875 0.9312388390624999 0.7919921875 0.9044497765624999 0.78515625 0.8738337046875 0.7890625 0.8457689734375 0.78515625 0.7564720984375 0.7890625 0.7526450890625 0.7919921875 0.755196428125 0.7958984375 0.76922879375 0.802734375 0.82025558125 0.80078125
6 0.9197578125 0.837890625 0.9286875 0.8271484375 0.9223091515625 0.822265625 0.9095524546875 0.822265625 0.896795759375 0.81640625 0.8865904015625 0.822265625 0.8636283484374999 0.82421875 0.8049475453125 0.82421875 0.78453683125 0.822265625 0.7717801343749999 0.81640625 0.7641261171875 0.822265625 0.75136941875 0.822265625 0.7475424109375 0.8251953125 0.75136941875 0.8359375 0.78453683125 0.837890625 0.9197578125 0.837890625
6 0.62635379375 0.8359375 0.7233046875 0.8359375 0.732234375 0.8251953125 0.7130993296875 0.822265625 0.7079966515625 0.818359375 0.6977912953125001 0.822265625 0.6340078124999999 0.82421875 0.5982890624999999 0.822265625 0.593186384375 0.818359375 0.585532365625 0.822265625 0.567672990625 0.822265625 0.567672990625 0.83203125 0.6059430796874999 0.837890625 0.6212511171874999 0.830078125 0.62635379375 0.8359375
6 0.43755468750000004 0.83203125 0.4758247765625 0.8359375 0.4936841515625 0.83203125 0.5370569203125 0.8359375 0.549813615625 0.833984375 0.5561919640624999 0.8251953125 0.5523649546875 0.822265625 0.53450558125 0.822265625 0.5294029015625 0.81640625 0.5191975453125 0.822265625 0.49113281249999996 0.82421875 0.41714397343750004 0.8203125 0.4120412953125 0.81640625 0.406938615625 0.8203125 0.3903549109375 0.8212890625 0.38780357187500003 0.8291015625 0.39163058125 0.83203125 0.4222466515625 0.8359375 0.43755468750000004 0.83203125
6 0.2768203125 0.828125 0.281922990625 0.83203125 0.32784709843750004 0.830078125 0.3661171875 0.833984375 0.377598215625 0.8271484375 0.3763225453125 0.8203125 0.3635658484375 0.8203125 0.35591183125 0.814453125 0.3457064734375 0.8203125 0.3201930796875 0.8203125 0.3023337046875 0.81640625 0.281922990625 0.822265625 0.2768203125 0.818359375 0.2564095984375 0.818359375 0.24620424062500001 0.8125 0.23855022343750001 0.818359375 0.2257935265625 0.81640625 0.2219665171875 0.8193359375 0.219415178125 0.8232421875 0.228344865625 0.830078125 0.2615122765625 0.833984375 0.2768203125 0.828125
6 0.182420759375 0.826171875 0.191350446875 0.8154296875 0.1594587046875 0.8125 0.1543560265625 0.80859375 0.146702009375 0.8125 0.1084319203125 0.8125 0.1135345984375 0.83984375 0.1543560265625 0.837890625 0.1696640625 0.826171875 0.182420759375 0.826171875
6 0.20410714218749998 0.8564453125 0.20028013437499997 0.853515625 0.12884263437500001 0.849609375 0.110983259375 0.849609375 0.10715625 0.8525390625 0.10460491093749999 0.8603515625 0.1135345984375 0.8671875 0.1951774546875 0.869140625 0.20410714218749998 0.8564453125
6 0.146702009375 0.90234375 0.1556316953125 0.8916015625 0.1543560265625 0.88671875 0.1084319203125 0.88671875 0.10715625 0.8974609375 0.12884263437500001 0.904296875 0.139047990625 0.900390625 0.146702009375 0.90234375
6 0.2946796875 0.865234375 0.3125390625 0.869140625 0.34060379375 0.8671875 0.3482578125 0.87109375 0.3533604921875 0.87109375 0.3648415171875 0.8603515625 0.3610145078125 0.85546875 0.3380524546875 0.85546875 0.3329497765625 0.8515625 0.2972310265625 0.859375 0.28447432968749997 0.85546875 0.228344865625 0.85546875 0.2206908484375 0.859375 0.2232421875 0.8671875 0.23855022343750001 0.869140625 0.28957700937499997 0.869140625 0.2946796875 0.865234375
6 0.3686685265625 0.90625 0.377598215625 0.8994140625 0.37377120625 0.888671875 0.32274441875000004 0.888671875 0.3201930796875 0.8828125 0.2946796875 0.8828125 0.28957700937499997 0.888671875 0.26661495468749996 0.888671875 0.2564095984375 0.880859375 0.228344865625 0.888671875 0.1951774546875 0.888671875 0.193901784375 0.8974609375 0.19772879375000002 0.900390625 0.3610145078125 0.90234375 0.3686685265625 0.90625
6 0.5561919640624999 0.8642578125 0.5523649546875 0.857421875 0.531954240625 0.85546875 0.5217488828125 0.849609375 0.48858147343749997 0.857421875 0.43500334843750005 0.853515625 0.39673325937500004 0.857421875 0.39673325937500004 0.869140625 0.4299006703125 0.873046875 0.5447109375 0.873046875 0.5561919640624999 0.8642578125
6 0.4299006703125 0.91015625 0.46306807968749997 0.91015625 0.47327343749999995 0.90234375 0.48347879374999997 0.91015625 0.5268515625 0.912109375 0.53450558125 0.91015625 0.53578125 0.9052734375 0.5561919640624999 0.8896484375 0.5523649546875 0.884765625 0.5064408484375 0.884765625 0.4936841515625 0.87890625 0.47837611718749995 0.884765625 0.47072209843749996 0.880859375 0.39163058125 0.8828125 0.39290625 0.8916015625 0.4005602671875 0.8974609375 0.4043872765625 0.908203125 0.4299006703125 0.91015625
6 0.6059430796874999 0.916015625 0.7233046875 0.916015625 0.737337053125 0.8974609375 0.737337053125 0.8857421875 0.7335100453125001 0.8828125 0.5880837046875 0.884765625 0.5842566953125 0.8955078125 0.5919107140625 0.9013671875 0.589359375 0.9130859375 0.6059430796874999 0.916015625
6 0.574244971875 0.8520760015625 0.5747303859375 0.87362873125 0.7358878921875001 0.8758583234374999 0.733460821875 0.8502180078125001 0.574244971875 0.8520760015625
6 0.9018984375000001 0.873046875 0.9210334828125 0.8623046875 0.9197578125 0.857421875 0.8942444187499999 0.857421875 0.8840390625 0.8515625 0.8763850453125 0.85546875 0.8559743296875 0.85546875 0.843217634375 0.859375 0.825358259375 0.85546875 0.7590234375 0.85546875 0.75774776875 0.8662109375 0.7768828125 0.87109375 0.8738337046875 0.869140625 0.9018984375000001 0.873046875
6 0.82025558125 0.900390625 0.8228069203124999 0.90625 0.8534229906249999 0.91015625 0.8865904015625 0.908203125 0.8878660703125 0.8994140625 0.898071428125 0.8955078125 0.878936384375 0.88671875 0.871282365625 0.88671875 0.861077009375 0.89453125 0.7641261171875 0.89453125 0.762850446875 0.9052734375 0.7666774546874999 0.908203125 0.8049475453125 0.908203125 0.82025558125 0.900390625
4 0.93958104375 0.10668007187499999 0.546081290625 0.10017077968749999 0.5158484156250001 0.11680563906250001 0.51679319375 0.1931090125 0.5177379703125 0.1934706390625 0.6126880921875 0.1923857578125 0.6122157031250001 0.18009042656250002 0.9367467125 0.182983446875 0.93958104375 0.10668007187499999
4 0.9391086546875 0.197448540625 0.551277565625 0.194555521875 0.51726558125 0.20938224375 0.5139588609375 0.37862385 0.8965936749999999 0.38332500625 0.9367467125 0.3627122453125 0.9391086546875 0.197448540625