0 0.072843003125 0.5109509328125 0.9451237265625 0.505823084375 0.9359534890625 0.1128026140625 0.0684405421875 0.11837735625000001 0.072843003125 0.5109509328125
7 0.1928606640625 0.0695982234375 0.0974892453125 0.0695982234375 0.0993233046875 0.09468465625 0.29923638124999996 0.091897284375 0.291900140625 0.0612361109375 0.22220574375000002 0.059842426562499995 0.1928606640625 0.0695982234375
7 0.2972688125 0.51776506875 0.2972702109375 0.561743440625 0.9031538781249999 0.5535430734375 0.900675828125 0.51776506875 0.2972688125 0.51776506875
6 0.7780119671875 0.561075296875 0.7581874843749999 0.5648413921875 0.7358850328125001 0.566724440625 0.7375087171875 0.587648140625 0.8944806609375 0.5893211093749999 0.8944806609375 0.5648413921875 0.7916412859374999 0.566724440625 0.7780119671875 0.561075296875
6 0.7061483468749999 0.618508415625 0.706160465625 0.6156252171875 0.898197778125 0.6147423203125 0.898197778125 0.5968533015624999 0.7024312296875 0.59873638125 0.7061483468749999 0.618508415625
4 0.956432165625 0.7333746875 0.5735722015625 0.7427899906250001 0.57233321875 0.7578543734375 0.528967215625 0.7597374218749999 0.528967215625 0.80963835 0.660304209375 0.8086968562499999 0.664021325 0.7955154578125 0.956432165625 0.7861002187499999 0.956432165625 0.7333746875
4 0.9490700953125 0.6525195265625 0.5704350890625001 0.65958773125 0.566142028125 0.675355278125 0.527301884375 0.676442690625 0.5250649593750001 0.7402619140625 0.60970925 0.7389691359375 0.61185576875 0.7226579 0.95193211875 0.7183082109375001 0.9490700953125 0.6525195265625
4 0.5237243296874999 0.65850031875 0.9496402953124999 0.6519758203125 0.9496402953124999 0.6220718640625 0.522345046875 0.6258778296874999 0.5237243296874999 0.65850031875
4 0.1212233640625 0.645451321875 0.0754308515625 0.6470824421875 0.0804393953125 0.8281372796875001 0.2407132484375 0.8237876265624999 0.2407132484375 0.8107386296874999 0.5092548890625 0.8084764109375 0.5028738296874999 0.6242466906249999 0.12050788125 0.6307711890625 0.1212233640625 0.645451321875
4 0.084104278125 0.9273354796875 0.5102168 0.9262480671875 0.507882396875 0.8237876265624999 0.1241727640625 0.828681003125 0.1241727640625 0.8455359640625 0.0812422515625 0.8439048250000001 0.084104278125 0.9273354796875
4 0.9525894312500001 0.8490414875000001 0.569792525 0.8512163328125 0.575328025 0.8707898453125 0.53025101875 0.8707898453125 0.5289252953125 0.9219618703125001 0.9547359734375 0.915917621875 0.9525894312500001 0.8490414875000001
6 0.0566823046875 0.8866965296875 0.0570697171875 0.9191051453125001 0.0790706125 0.9192636328124999 0.077791284375 0.8866965296875 0.0566823046875 0.8866965296875
3 0.0577733671875 0.8805889890625 0.0771515984375 0.879405371875 0.0771515984375 0.8619066249999999 0.05860131875 0.8619066249999999 0.0577733671875 0.8805889890625
7 0.5324016953124999 0.83996295 0.6432502171875 0.8389242796874999 0.6432502171875 0.8250608859374999 0.528574325 0.8230804328125 0.5324016953124999 0.83996295