2 0.9383185890625001 0.58984375 0.94956341875 0.5732421875 0.9570599734374999 0.5126953125 0.9570599734374999 0.2255859375 0.940817440625 0.21875 0.7658978624999999 0.208984375 0.565989775 0.2109375 0.547248390625 0.2236328125 0.5397518375 0.2490234375 0.5372529875 0.3369140625 0.5442610171875 0.596367734375 0.828369140625 0.59375 0.9383185890625001 0.58984375
7 0.6546989890625 0.1025390625 0.6509507125 0.095703125 0.6384564562499999 0.09375 0.5385024125 0.09375 0.5372529875 0.1025390625 0.543500115625 0.10546875 0.6359576046875001 0.107421875 0.6546989890625 0.1025390625
7 0.2948644296875 0.1064453125 0.2936150046875 0.099609375 0.2586310890625 0.09765625 0.10120346875 0.099609375 0.09745519375 0.1025390625 0.10120346875 0.109375 0.2636287921875 0.111328125 0.2948644296875 0.1064453125
6 0.517262178125 0.6103515625 0.5135139015625 0.60546875 0.3785759421875 0.60546875 0.374827665625 0.6123046875 0.38107479375 0.6171875 0.5060173484375 0.6171875 0.517262178125 0.6103515625
6 0.5147633265625 0.6611328125 0.5147633265625 0.6220703125 0.5085161984375001 0.6171875 0.3835736453125 0.6171875 0.2811207484375 0.65625 0.2773724734375 0.6650390625 0.2936150046875 0.669921875 0.5085161984375001 0.66796875 0.5147633265625 0.6611328125
6 0.10120346875 0.8828125 0.0874597890625 0.8857421875 0.0849609375 0.9150390625 0.09870461875 0.916015625 0.104951746875 0.8857421875 0.10120346875 0.8828125
7 0.5984748390625 0.697265625 0.62346335 0.6953125 0.6322093296875 0.6884765625 0.6322093296875 0.6806640625 0.6209644984375 0.673828125 0.5509966687500001 0.671875 0.453541475 0.677734375 0.44729434687499997 0.6826171875 0.44729434687499997 0.6943359375 0.46603573125000003 0.69921875 0.5984748390625 0.697265625
4 0.75090475625 0.666015625 0.905833525 0.654296875 0.9620576734374999 0.6455078125 0.9595588234375001 0.6103515625 0.9433162921875 0.6015625 0.615966796875 0.599609375 0.5909782859375 0.6015625 0.5484978171875 0.619140625 0.544749540625 0.6220703125 0.544749540625 0.6611328125 0.558493221875 0.666015625 0.75090475625 0.666015625
4 0.5211582953125 0.4346439125 0.14368393906250002 0.435546875 0.10245289531249999 0.4580078125 0.09995404375 0.4736328125 0.097699165625 0.6028929609375 0.49582310781250005 0.6000652359374999 0.5122644765625 0.5810546875 0.5211582953125 0.4346439125
4 0.9258243343749999 0.19921875 0.9458151421875 0.1953125 0.9520622703124999 0.1884765625 0.9520622703124999 0.1357421875 0.9458151421875 0.130859375 0.58098288125 0.126953125 0.5372529875 0.1494140625 0.5347541359375 0.2021484375 0.5410012640625 0.20703125 0.66344496875 0.208984375 0.9258243343749999 0.19921875
4 0.5209070984374999 0.4098420046875 0.5147633265625 0.1376953125 0.5110150515624999 0.1328125 0.14368393906250002 0.130859375 0.09995404375 0.1533203125 0.09745519375 0.2919921875 0.09835278125 0.433170621875 0.4635368796875 0.43359375 0.5209070984374999 0.4098420046875
7 0.37232881406249996 0.0654296875 0.37107938906250004 0.052734375 0.291116153125 0.044921875 0.28736787656249996 0.0478515625 0.291116153125 0.0703125 0.3685805375 0.068359375 0.37232881406249996 0.0654296875
3 0.0887092140625 0.857421875 0.089958640625 0.8798828125 0.10120346875 0.8828125 0.104951746875 0.8583984375 0.0887092140625 0.857421875
4 0.8210718859374999 0.731319790625 0.966975365625 0.7251341578125 0.9658442624999999 0.7074609374999999 0.7610293859375 0.7075596828124999 0.763389259375 0.7454583703125001 0.8154167156250001 0.743691075 0.8210718859374999 0.731319790625
4 0.8448236671875 0.87977483125 0.8448236671875 0.8665199171875001 0.9782857046875 0.8647525875 0.97489256875 0.8117329281250001 0.9737614656250001 0.7454583703125001 0.79072395625 0.7462422640625 0.763389259375 0.7648989015625001 0.770175359375 0.8841931375 0.8448236671875 0.87977483125
4 0.75886501875 0.9186559296875 0.754340953125 0.8514976734375 0.5757918296875 0.852343059375 0.5484927265625 0.8629852937500001 0.5484927265625 0.9195395765625 0.75886501875 0.9186559296875
4 0.5926030671875 0.83559178125 0.7520789203125 0.8329408062500001 0.74642375 0.7118792421875 0.541855178125 0.7152961984374999 0.543968659375 0.8506140249999999 0.5926030671875 0.8470793671875001 0.5926030671875 0.83559178125
4 0.5349203546875 0.9151212718749999 0.5349203546875 0.8841931375 0.35520359375 0.8854995593749999 0.3245480609375 0.9027500375 0.3245480609375 0.9213069046875001 0.5349203546875 0.9151212718749999
4 0.44556865625000003 0.8815421609375 0.4466996734375 0.86917089375 0.5315272171875 0.8665199171875001 0.5303962015625 0.78080479375 0.35096151249999996 0.7838196296875 0.322285940625 0.80289631875 0.322285940625 0.8850768171875 0.44556865625000003 0.8815421609375
4 0.441044503125 0.7640152546875 0.529265184375 0.7613642781250001 0.5247410312499999 0.7118792421875 0.31561083437500004 0.7119805484375 0.31889289062500004 0.782572121875 0.4387824703125 0.78080479375 0.441044503125 0.7640152546875
4 0.2532928890625 0.92395788125 0.316630771875 0.9018663578125 0.313237721875 0.85503233125 0.1374434125 0.85786914375 0.108520596875 0.8735891984374999 0.10965161406249999 0.9248415624999999 0.2532928890625 0.92395788125
4 0.3143687375 0.8532650015625001 0.309844584375 0.7869904265625001 0.147341603125 0.7871352796875 0.1051274609375 0.8037799984375 0.1051274609375 0.85503233125 0.3143687375 0.8532650015625001
4 0.20352737968749998 0.7869904265625001 0.1990033125 0.7710845359375 0.30758255156250003 0.76931720625 0.30758255156250003 0.7171812453124999 0.1303732765625 0.7175066328125 0.1017343265625 0.7304361593750001 0.10060330937499999 0.7869904265625001 0.20352737968749998 0.7869904265625001