2 0.1970719953125 0.490234375 1 0.492378490625 0.9943763484374999 0.3408203125 1 0.049933543749999997 0.0244729921875 0.0546875 0.0115924703125 0.05859375 0.005152209374999999 0.0693359375 0.0025761046874999997 0.4580078125 0.007728312499999999 0.4833984375 0.014168575 0.486328125 0.1970719953125 0.490234375
7 0.7045645875 0.486328125 0.7135809546874999 0.4677734375 0.7110048484375 0.4365234375 0.68653185625 0.427734375 0.22798525 0.423828125 0.1970719953125 0.439453125 0.19578394375 0.4521484375 0.20995251874999998 0.46875 0.28465955 0.48828125 0.7045645875 0.486328125
7 0.3001161765625 0.578125 0.549998315625 0.5703125 0.5564385781250001 0.5302734375 0.5551505265625 0.521484375 0.46498686562499997 0.501953125 0.20995251874999998 0.525390625 0.2060883625 0.5361328125 0.21124057187499998 0.5537109375 0.22798525 0.5703125 0.3001161765625 0.578125
6 0.8101848734375 0.56640625 0.8990604796874999 0.5595703125 0.896484375 0.5439453125 0.8823158 0.541015625 0.7689672015625 0.5390625 0.7406300515625001 0.54296875 0.734189790625 0.5478515625 0.73676589375 0.5537109375 0.7586627828125 0.5625 0.8101848734375 0.56640625
6 0.0463698828125 0.9052734375 0.033489359375 0.9052734375 0.028305492187499996 0.9400366453125001 0.0502340390625 0.939453125 0.0540981953125 0.9326171875 0.0463698828125 0.9052734375
3 0.0463698828125 0.8779296875 0.037353515625 0.875 0.030913254687500002 0.8798828125 0.03220130625 0.890625 0.0463698828125 0.8857421875 0.0463698828125 0.8779296875
4 0.483402296875 0.9375197125 0.48263621093750003 0.888746259375 0.0768199046875 0.8890341328125 0.050524037499999994 0.9067459828125 0.051290182812499995 0.93984226875 0.483402296875 0.9375197125
4 0.050524037499999994 0.887827371875 0.39682666875 0.8884079546875 0.396060525 0.8762146421875 0.48110392031250004 0.8738920421874999 0.48110392031250004 0.70376555 0.078735615625 0.7045751640625 0.0482255453125 0.7182814625 0.045927053125 0.842537684375 0.050524037499999994 0.887827371875
4 0.044394762500000004 0.7028685203125 0.3945281765625 0.704029775 0.39529437968750003 0.6889332359375 0.479571515625 0.6877719578125 0.4788054296875 0.611708584375 0.0739463421875 0.6065359484374999 0.068911740625 0.6221600359374999 0.0482255453125 0.622740675 0.044394762500000004 0.7028685203125
4 0.6925858921875 0.8272475859374999 0.4992336984375 0.8258533046875 0.50028066875 0.8423441593750001 0.6887551109375 0.8429247765625 0.6925858921875 0.8272475859374999
4 0.49415139531249996 0.9375685234375 0.9277958578125001 0.9317621578124999 0.9277958578125001 0.8388603171875 0.5547892546875001 0.844008715625 0.5477823953125001 0.8586019546875001 0.49338525000000005 0.8597632546874999 0.49415139531249996 0.9375685234375
4 0.76690303125 0.7944105671874999 0.7623061640625 0.7804752828125 0.9277958578125001 0.776410821875 0.9277958578125001 0.7485402750000001 0.77992778125 0.7473789984375 0.5222222046875 0.7518466234375001 0.49644988593750006 0.7659593703125 0.49721603124999997 0.7967331 0.76690303125 0.7944105671874999
4 0.7822261578124999 0.7961524734375 0.5241379140625 0.796872040625 0.5263299953125 0.81299091875 0.7822261578124999 0.8100877359374999 0.7822261578124999 0.7961524734375
4 0.913238934375 0.7462177203125 0.9270297718749999 0.7299599015625 0.9277958578125001 0.6550578171875 0.6764966796875 0.6550578171875 0.5203064953125 0.6574384906249999 0.49415139531249996 0.6742187953125 0.49491759843749994 0.7502821796875 0.913238934375 0.7462177203125
4 0.9262635687499999 0.6370580609375 0.9270297718749999 0.6086068734375 0.6366564578125 0.6080262359375 0.49252871875000004 0.6124130734375 0.49338525000000005 0.657961 0.8856572593750001 0.653315890625 0.9262635687499999 0.6370580609375