2 0.9925201375 0.1142578125 0.9976895140625001 0.1083984375 0.9976895140625001 0.0654296875 0.9938124828125 0.0625 0.81288433125 0.07421875 0.7870374531250001 0.080078125 0.735343696875 0.080078125 0.557000234375 0.09375 0.471705534375 0.1015625 0.4652438140625 0.1064453125 0.4859213171875 0.3193359375 0.4910906921875 0.3251953125 0.49626006875 0.3681640625 0.49367538125 0.3896484375 0.5065988203125 0.5068359375 0.5130605390625 0.5234375 0.5324456984375 0.5244140625 0.9834737312499999 0.49609375 0.9951048265625 0.4912109375 0.9976895140625001 0.1220703125 0.9925201375 0.1142578125
2 0.40191896250000003 0 0.35797926874999997 0.005859375 0.15895830312499998 0.01953125 0.1408654875 0.0234375 0.0504014125 0.02734375 0.015508126562499999 0.0341796875 0.0103387515625 0.1123046875 0.0103387515625 0.2841796875 0.0180928140625 0.3154296875 0.023262190625 0.3896484375 0.029723910937499997 0.4140625 0.062032509375 0.4130859375 0.376072084375 0.39453125 0.470413190625 0.3857421875 0.4419816234375 0.0927734375 0.4587820953125 0.087890625 0.49626006875 0.0849609375 0.49367538125 0.0302734375 0.48721366093749996 0 0.40191896250000003 0
2 0.32599727343749996 0.9830048671875 0.5708851765625 0.9641462609375001 0.536569675 0.7201630375 0.293241565625 0.7402003078125 0.32599727343749996 0.9830048671875
2 0.48665621562499994 0.5433636015625 0.506933559375 0.709555071875 0.553727425 0.710733734375 0.5880429281249999 0.9747542265625 0.5350098796875 0.9794688796875001 0.536569675 0.997148821875 0.9922776750000001 0.9995061484375001 0.9953972671875 0.510361040625 0.48665621562499994 0.5433636015625
2 0.4818146109375 0.467929175 0.010756350000000001 0.5021104000000001 0.007636759375000001 0.8203493859375 0.28684016562500003 0.797954790625 0.2806009828125 0.7307710046875 0.49158329843750004 0.7119123984375 0.46777645156250003 0.5268623203125 0.491173384375 0.5256836578125 0.4818146109375 0.467929175
7 0.1873898703125 0.4609375 0.1925592453125 0.455078125 0.2132367484375 0.458984375 0.2235755 0.453125 0.2313295640625 0.45703125 0.23262190781249997 0.4384765625 0.2132367484375 0.4375 0.205482684375 0.431640625 0.1925592453125 0.431640625 0.18480518125 0.4375 0.1692970546875 0.44140625 0.161542990625 0.44140625 0.15637361562500002 0.43359375 0.1408654875 0.443359375 0.1253573609375 0.4375 0.11243392187500001 0.4375 0.105972203125 0.4443359375 0.11243392187500001 0.462890625 0.162835334375 0.4619140625 0.1667123671875 0.455078125 0.17188174218750002 0.455078125 0.17705111874999999 0.4609375 0.1873898703125 0.4609375
6 0.003792809375 0.8270585453124999 0.0054182984375 0.843845378125 0.15767249375 0.8291057203125 0.15496334375 0.816003803125 0.003792809375 0.8270585453124999
6 0.008127446875 0.8741435624999999 0.279145334375 0.8536718171875 0.276436184375 0.8401604640624999 0.007558309375 0.8594039046875 0.008127446875 0.8741435624999999
6 0.0091838 0.8966624828124999 0.0091838 0.9085360953125001 0.304632903125 0.885607740625 0.30246558281249997 0.86923034375 0.0091838 0.8966624828124999
6 0.014658340624999999 0.942109759375 0.173956325 0.9331021906249999 0.17070534531249998 0.9146776203125 0.013032850000000002 0.9261417968749999 0.014658340624999999 0.942109759375
6 0.01845115 0.9748645546875 0.19021122031249998 0.9625815062499999 0.1934621984375 0.9490701546875 0.019534809375 0.962172071875 0.01845115 0.9748645546875