3 0.941571428125 0.819400175 0.9221771421874999 0.819400175 0.9221771421874999 0.8372022765624999 0.941571428125 0.8372022765624999 0.941571428125 0.819400175
6 0.9448857140625 0.8444439578124999 0.9246228578125001 0.8444439578124999 0.9246228578125001 0.876361646875 0.9448857140625 0.876361646875 0.9448857140625 0.8444439578124999
2 0.6164342859375 0.624903678125 0.045371428125 0.624903678125 0.045371428125 0.869912434375 0.6164342859375 0.869912434375 0.6164342859375 0.624903678125
1 0.2765142859375 0.5993520140624999 0.051348571875000006 0.5993520140624999 0.051348571875000006 0.617845884375 0.2765142859375 0.617845884375 0.2765142859375 0.5993520140624999
2 0.6128228578125 0.01750875625 0.0545142859375 0.01750875625 0.0545142859375 0.3129816109375 0.6128228578125 0.3129816109375 0.6128228578125 0.01750875625
1 0.42928549531250004 0.3185984421875 0.0538113078125 0.31821835 0.051344151562499996 0.3367873875 0.4228457109375 0.33555427656250003 0.42928549531250004 0.3185984421875
7 0.12540292343749998 0.5163972671875 0.217171425 0.51423925625 0.221598934375 0.5009829156250001 0.20509668906249998 0.49358401562500004 0.038309770312500005 0.4963774359375 0.042891789062500005 0.5271873328125001 0.1209755015625 0.528112175 0.12540292343749998 0.5163972671875
2 0.9164329875 0.3115451953125 0.6414604921875 0.3090404578125 0.6383098546875 0.5937399828125 0.9164329875 0.59466488125 0.9164329875 0.3115451953125
1 0.731271053125 0.3088318953125 0.7332505593749999 0.298868334375 0.729008678125 0.2919371875 0.6373458671875001 0.2895758828125 0.635406403125 0.2999513296875 0.6385170515625 0.30731570625 0.731271053125 0.3088318953125
7 0.7106276296875 0.1865916046875 0.8870863765625 0.18940741562500002 0.8935904499999999 0.186158409375 0.8930248953125 0.169913525 0.8732298359374999 0.16883053125 0.6373458671875001 0.1670588421875 0.635689121875 0.20023730781250001 0.70440624375 0.201536928125 0.7106276296875 0.1865916046875
4 0.7878283625 0.1445452953125 0.920172421875 0.146278053125 0.91706174375 0.013017523437500001 0.6343755468750001 0.011541853125 0.63399239375 0.15537518749999998 0.7861315734375001 0.1594905828125 0.7878283625 0.1445452953125
4 0.6334268984375 0.2711437359375 0.6376686281249999 0.28370644375 0.9032052015625001 0.2869554484375 0.9153650156250001 0.283489875 0.9145166828125 0.2148019015625 0.9099922359375 0.2048383640625 0.766053796875 0.203322175 0.6620985375 0.20385188593749998 0.658029334375 0.22154269062499998 0.635406403125 0.2174273171875 0.6334268984375 0.2711437359375
4 0.9037709390625001 0.87569416875 0.917344521875 0.8733116125 0.9162134109375 0.603526809375 0.852303725 0.6009276375 0.638335975 0.600989171875 0.636537546875 0.8497023609375001 0.6419104171875001 0.8763439906249999 0.9037709390625001 0.87569416875
4 0.3409698171875 0.59831695 0.6204186296875001 0.6017825234374999 0.6237563890625 0.3415165515625 0.3426665296875 0.337617765625 0.3409698171875 0.59831695
4 0.04719791875 0.5954748953125 0.3274394671875 0.5976408828124999 0.3271565984375 0.534394146875 0.326442640625 0.5327134203125 0.0695380625 0.5326613546875001 0.070386396875 0.5452240749999999 0.04323890625 0.5523718359374999 0.04719791875 0.5954748953125
4 0.0412594015625 0.486013975 0.24458293437499998 0.487963359375 0.25193537187500004 0.4747508296875 0.304533759375 0.47626701875000005 0.32348045625 0.47128527968749995 0.32602545781250003 0.34019071562500003 0.059597479687499996 0.339265459375 0.06218558749999999 0.3544599828125 0.04097659375 0.35684253906249996 0.0412594015625 0.486013975