0 0.874425034375 0.50390625 0.70669329375 0.505859375 0.6980600421875 0.5146484375 0.7005266859375 0.6455078125 0.705459971875 0.6669921875 0.705459971875 0.9013671875 0.7140932234374999 0.91015625 0.863325140625 0.9091796875 0.8867582515624999 0.90625 0.8904582156249999 0.8896484375 0.8830582859374999 0.5126953125 0.874425034375 0.50390625
2 0.6733936093749999 0.4150390625 0.6696936453125 0.412109375 0.4846954 0.4140625 0.48099543593750005 0.4169921875 0.48346207812499997 0.6337890625 0.48962868593750003 0.638671875 0.582127809375 0.6376953125 0.6622937140625 0.63671875 0.6684603234375001 0.6337890625 0.6733936093749999 0.6025390625 0.6733936093749999 0.4150390625
2 0.2725640796875 0.416015625 0.2688641140625 0.4189453125 0.2713307578125 0.6396484375 0.2750307234375 0.642578125 0.374929775 0.6416015625 0.461262290625 0.6396484375 0.461262290625 0.4169921875 0.45756232499999994 0.4140625 0.2725640796875 0.416015625
2 0.6955933984375 0.0556640625 0.6931267546875 0.0791015625 0.6955933984375 0.2626953125 0.8830582859374999 0.2626953125 0.8855249296875 0.0556640625 0.879358321875 0.052734375 0.6992933640625 0.052734375 0.6955933984375 0.0556640625
2 0.2947638703125 0.056640625 0.2910639046875 0.0595703125 0.2910639046875 0.2529296875 0.2947638703125 0.255859375 0.374929775 0.2548828125 0.4341292140625 0.2529296875 0.4341292140625 0.0615234375 0.43042924843749997 0.056640625 0.2947638703125 0.056640625
2 0.056732795312499994 0.2568359375 0.24173103906249999 0.2568359375 0.24173103906249999 0.0595703125 0.23803107343750002 0.056640625 0.0554994734375 0.05859375 0.056732795312499994 0.2568359375
4 0.5148982421875 0.073304409375 0.67843450625 0.0714616390625 0.6776596421875001 0.048733828125 0.46994489375 0.047505303124999995 0.4668446890625 0.08866104375 0.5148982421875 0.089889584375 0.5148982421875 0.073304409375
7 0.589303253125 0.10831749531249998 0.47679954375 0.10683194843749999 0.4637446484375 0.1267454234375 0.5885283875 0.1273597671875 0.589303253125 0.10831749531249998
7 0.547450521875 0.33375258125 0.5482253874999999 0.319010259375 0.668358778125 0.321467275 0.6838598859375 0.3024251328125 0.4822273734375 0.300234615625 0.469170028125 0.31102483593749997 0.4807956546875 0.33559531875 0.547450521875 0.33375258125
7 0.39864008906250004 0.6443690171875 0.26782808125 0.6462104984375 0.25913010625 0.6664824515625 0.38856419375 0.6646397484375 0.39864008906250004 0.6443690171875
7 0.5714772171875 0.69781003125 0.4822273734375 0.6999334625 0.4823459625 0.7162379265625 0.562176353125 0.7174664843749999 0.5714772171875 0.69781003125
7 0.314159184375 0.8151344343750001 0.27461287031250003 0.814900603125 0.269980865625 0.83294815 0.311834009375 0.8323338375 0.314159184375 0.8151344343750001
6 0.9326524984375 0.8747181015625 0.9042411703125 0.8675491078125 0.9032005078124999 0.9072741078125001 0.9264519234374999 0.9060457468750001 0.9326524984375 0.8747181015625
3 0.9287770140625 0.8347910171875 0.9028842125000001 0.8363897890624999 0.904750403125 0.8642755984375 0.92722711875 0.8605901234375001 0.9287770140625 0.8347910171875
4 0.8946748390625 0.2649046515625 0.691198834375 0.26585191875 0.6892852656249999 0.43444154375000005 0.897775128125 0.4381272140625 0.8946748390625 0.2649046515625
4 0.63038111875 0.2667473546875 0.6861852265625 0.2679758796875 0.67610933125 0.123009503125 0.4978468234375 0.126080796875 0.480870415625 0.12939559218750002 0.4730450984375 0.280261253125 0.6296060859375 0.279032728125 0.63038111875 0.2667473546875
4 0.680759846875 0.410485240625 0.692385471875 0.3355449703125 0.48358433125 0.33246839375000004 0.46839499843750004 0.39021454218749996 0.4869960640625 0.4098710609375 0.680759846875 0.410485240625
4 0.3769385703125 0.3969715078125 0.4637446484375 0.4006570796875 0.46296961875 0.3767007765625 0.311834009375 0.3785434796875 0.3087338046875 0.3638012234375 0.47537027343749994 0.358887028125 0.47071992500000004 0.258147653125 0.265114165625 0.2540328671875 0.26068025 0.41294228750000006 0.377713434375 0.41109955156250005 0.3769385703125 0.3969715078125
4 0.13357141875 0.582992928125 0.24982949062499998 0.581764403125 0.24982949062499998 0.3447590171875 0.2397537609375 0.259376178125 0.0374646828125 0.2624475046875 0.041339959375 0.5977351843750001 0.1265959375 0.598349528125 0.13357141875 0.582992928125
4 0.0459901859375 0.9244231624999999 0.2560299015625 0.923194671875 0.24982949062499998 0.594613509375 0.058856620312499996 0.5935619953125 0.058391046875 0.6099198125 0.0428900625 0.6117625656250001 0.0459901859375 0.9244231624999999
4 0.3164841109375 0.8175412328125 0.31725939062499997 0.7991133046875001 0.4730450984375 0.799727484375 0.47149520312500004 0.663360778125 0.28411157187499997 0.665550765625 0.2661056296875 0.6848600312500001 0.27385635 0.8181555109374999 0.3164841109375 0.8175412328125
4 0.520323621875 0.676874609375 0.6861852265625 0.676874609375 0.69316075 0.637561671875 0.48494128906249995 0.6365403656249999 0.474595409375 0.69714540625 0.51954834375 0.69591688125 0.520323621875 0.676874609375
4 0.61255508125 0.7831424250000001 0.6094548765625001 0.768400003125 0.6846349171874999 0.7726998546875 0.69626095625 0.7155732671874999 0.499867821875 0.7160503515625 0.4838958578125 0.72110164375 0.4846711375 0.788670734375 0.61255508125 0.7831424250000001
4 0.48100765624999997 0.8472219453125 0.485363865625 0.9167053656249999 0.49407669375 0.92188428125 0.685755628125 0.92404213125 0.6846666921875 0.7842121921875 0.4942066109375 0.7878410125 0.49407669375 0.79759099375 0.485363865625 0.8040645453125 0.48100765624999997 0.8472219453125
4 0.26155671875 0.91929486875 0.47665115468749997 0.9167053656249999 0.4684830296875 0.828232690625 0.27593550625 0.8322242390625 0.2762593921875 0.8463588 0.26700215625 0.851106178125 0.26155671875 0.91929486875