2 0.9520934796875 0.0654296875 0.9455901078125001 0.060546875 0.2734459640625 0.0611440515625 0.274333803125 0.3523328609375 0.8285294343749999 0.34765625 0.9577787843750001 0.34900118125 0.9520934796875 0.0654296875
2 0.25753348125 0.7275390625 0.06633438281250001 0.7265625 0.0650337078125 0.9091796875 0.071537078125 0.9140625 0.2562328078125 0.912109375 0.25753348125 0.7275390625
2 0.280945615625 0.7255859375 0.280945615625 0.9091796875 0.47474606562500005 0.91015625 0.476046740625 0.7236328125 0.280945615625 0.7255859375
2 0.499458875 0.7255859375 0.499458875 0.9091796875 0.6906579749999999 0.91015625 0.69195865 0.7236328125 0.499458875 0.7255859375
2 0.9130732546875 0.7509765625 0.9142502968749999 0.719618184375 0.8883604453125 0.72265625 0.7218741546875 0.724609375 0.7179721328124999 0.7685546875 0.7257761781250001 0.9130859375 0.9143739296875 0.91015625 0.9130732546875 0.7509765625
1 0.4825501109375 0.36328125 0.49165482968749996 0.3564453125 0.48775280624999995 0.3515625 0.2822462921875 0.353515625 0.280945615625 0.3603515625 0.28744898750000003 0.36328125 0.33687460625 0.365234375 0.4825501109375 0.36328125
1 0.19640179687499998 0.712890625 0.0689357296875 0.71484375 0.062432359375 0.7197265625 0.06633438281250001 0.724609375 0.2003038203125 0.7216796875 0.19640179687499998 0.712890625
1 0.27704359375 0.7109375 0.2822462921875 0.72265625 0.38499954999999997 0.7197265625 0.3810975265625 0.7109375 0.27704359375 0.7109375
1 0.499458875 0.7138671875 0.5007595484375 0.72265625 0.6425330312499999 0.7197265625 0.638631009375 0.7109375 0.499458875 0.7138671875
1 0.8311307828125001 0.7109375 0.7218741546875 0.712890625 0.7218741546875 0.72265625 0.848039546875 0.7177734375 0.8467388734375 0.712890625 0.8311307828125001 0.7109375
3 0.0572296625 0.8662109375 0.048124943749999996 0.861328125 0.0416215734375 0.8662109375 0.0455235953125 0.880859375 0.0572296625 0.8759765625 0.0572296625 0.8662109375
6 0.044222920312500004 0.8837890625 0.0416215734375 0.9130859375 0.055928989062500004 0.9140625 0.0572296625 0.8876953125 0.044222920312500004 0.8837890625
4 0.2565487265625 0.1451081671875 0.254773046875 0.061149846875000004 0.052392031250000005 0.058504876562499995 0.0523424265625 0.1630992421875 0.23879165625 0.1650982453125 0.2565487265625 0.1451081671875
4 0.2565487265625 0.7084377296875 0.2521094578125 0.1867783078125 0.08014205937499999 0.1885157109375 0.0523424265625 0.20548923125 0.0550060140625 0.7071050265625 0.2565487265625 0.7084377296875
7 0.2254738546875 0.16550909062500002 0.061272040625 0.16441986875 0.06033312187499999 0.184166515625 0.2219224265625 0.18150115 0.2254738546875 0.16550909062500002
7 0.43060410937500004 0.6219497671875 0.28327226250000004 0.61771814375 0.28588403281249997 0.6352764859375 0.427940590625 0.6346101609375 0.43060410937500004 0.6219497671875
4 0.281444765625 0.6146200828125 0.4013049859375 0.6152864078125 0.47677253124999996 0.5986280093749999 0.482987478125 0.5073399843749999 0.46700615624999997 0.374739125 0.26995225 0.37436453125 0.28233260625 0.5293290640625 0.2752297515625 0.5459874609375001 0.281444765625 0.6146200828125
4 0.47677253124999996 0.7050099734375 0.47410894218750005 0.6370437046874999 0.30103228125000003 0.6393866171875 0.276117659375 0.6530358281249999 0.276117659375 0.7043436484375001 0.47677253124999996 0.7050099734375
4 0.6978480593749999 0.7023446453125 0.695184471875 0.45979836093750004 0.5197025 0.4618718234375 0.488314584375 0.4804547765625 0.492753853125 0.7043436484375001 0.6978480593749999 0.7023446453125
4 0.693408790625 0.4444726390625 0.690745203125 0.37517369375 0.48973246875000004 0.3710309203125 0.48920249218749995 0.458465684375 0.5264923109375 0.45779934375 0.693408790625 0.4444726390625
4 0.9171479078125 0.7016782953125 0.91182073125 0.49511415937500003 0.7372627171875 0.4935411296875 0.7111658609375 0.513105234375 0.71382938125 0.7030110234375 0.9171479078125 0.7016782953125
4 0.79107260625 0.477789421875 0.91182073125 0.47712309687500004 0.91182073125 0.37517369375 0.7084026890625 0.37436453125 0.7102779531250001 0.4917824796875 0.79107260625 0.4917824796875 0.79107260625 0.477789421875