2 0.374886234375 0.3452337296875 0.946597978125 0.344654378125 0.945499046875 0 0.372712015625 0.000468321875 0.374886234375 0.3452337296875
2 0.3760842859375 0.6219163171875 0.36831614375 0.91740978125 0.941979296875 0.9274794 0.9464504984375001 0.6304264078124999 0.3760842859375 0.6219163171875
1 0.6396819578125 0.3603515625 0.635843865625 0.3515625 0.612815315625 0.34765625 0.37997108281249997 0.349609375 0.376132990625 0.3583984375 0.38508853906249996 0.36328125 0.6332851390625 0.365234375 0.6396819578125 0.3603515625
1 0.5296566609375 0.6064453125 0.5258185703125 0.59765625 0.4925551078125 0.595703125 0.3748536265625 0.599609375 0.3710155359375 0.6044921875 0.3825298109375 0.611328125 0.47464401250000005 0.611328125 0.5296566609375 0.6064453125
6 0.0665269234375 0.8876953125 0.04938684375 0.8870822781250001 0.048615828124999996 0.9169921875 0.06268883125 0.91796875 0.0665269234375 0.9150390625 0.0665269234375 0.8876953125
3 0.07026727656250001 0.8585517375 0.051584779687500006 0.8577126359375 0.048287875 0.8761734999999999 0.0601301046875 0.876953125 0.0680693390625 0.8786909203125 0.07026727656250001 0.8585517375
4 0.2417997796875 0.064453125 0.2584315109375 0.0595703125 0.25459341874999997 0.052734375 0.2264474125 0.05078125 0.0780411984375 0.0546875 0.0742031078125 0.0615234375 0.0831586546875 0.06640625 0.19318395156249998 0.06640625 0.2417997796875 0.064453125
7 0.27247805937499997 0.10291661562500001 0.271379053125 0.0861339546875 0.07356421875 0.0861339546875 0.0779600921875 0.11969927656249998 0.20544077500000002 0.11969927656249998 0.2065397796875 0.103755746875 0.27247805937499997 0.10291661562500001
4 0.357098871875 0.9208257109375 0.35160399375 0.1248528171875 0.10103849843749999 0.1248528171875 0.1026890015625 0.1376090359375 0.07136624531249999 0.13749920625 0.07246525000000001 0.9208257109375 0.357098871875 0.9208257109375
4 0.648326303125 0.474771153125 0.3988598125 0.47327106093750004 0.396451809375 0.48734129687500005 0.37028649062499996 0.48837543281249995 0.3724845015625 0.5706104468750001 0.65272225 0.5748061250000001 0.648326303125 0.474771153125
4 0.65272225 0.3723969875 0.368088553125 0.3732361453125 0.3686471 0.44027969999999994 0.538429184375 0.44036673125 0.538429184375 0.4261014890625 0.6505242390625 0.42442322812500005 0.65272225 0.3723969875
7 0.3688417328125 0.467040215625 0.5802833484375001 0.4706915953125 0.581382353125 0.453069775 0.3703797875 0.450552384375 0.3688417328125 0.467040215625
4 0.7143579156250001 0.3926522328125 0.712159978125 0.4102740234375 0.6703990375 0.40859576249999996 0.66623124375 0.57500505625 0.9594285328125001 0.5738455109375 0.9572305968749999 0.3926522328125 0.7143579156250001 0.3926522328125
4 0.6722757453125 0.3932181015625 0.9099748515625 0.389236303125 0.9088758468749999 0.3732928015625 0.672596975 0.3758102203125 0.6722757453125 0.3932181015625