3 0.045468571875 0.83924759375 0.0280857140625 0.83924759375 0.0280857140625 0.8576377953125001 0.045468571875 0.8576377953125001 0.045468571875 0.83924759375
6 0.0450057140625 0.8669028875 0.0256457140625 0.8669028875 0.0256457140625 0.90160105 0.0450057140625 0.90160105 0.0450057140625 0.8669028875
2 0.33653714218749997 0.6377034125 0.0598057140625 0.6377034125 0.0598057140625 0.90315398125 0.33653714218749997 0.90315398125 0.33653714218749997 0.6377034125
2 0.4783942859375 0.0007042875 0.04444 0.0007042875 0.04444 0.41462379687500006 0.4783942859375 0.41462379687500006 0.4783942859375 0.0007042875
4 0.42244723281249996 0.5353190203125 0.41988781875000003 0.5227276625 0.4663229234375 0.5218882812500001 0.479851153125 0.5176572640625 0.48387304374999995 0.41776606406249994 0.331039503125 0.418885303125 0.183324865625 0.42028434218750005 0.10727361718749999 0.41944490156249997 0.041159307812500004 0.421611403125 0.045847690625 0.541754553125 0.406725015625 0.537557484375 0.42244723281249996 0.5353190203125
4 0.48018609218749997 0.587350425 0.48143615781250004 0.535926625 0.334228625 0.5380792343749999 0.098115359375 0.541326496875 0.0916956828125 0.558170390625 0.045126853125 0.5593663 0.0476271515625 0.6138994140625 0.28265911718750003 0.606963178125 0.287659878125 0.5935690765625 0.48018609218749997 0.587350425
4 0.392317065625 0.8912485609375 0.65422776875 0.8914877859375 0.6507898046875 0.7974898578125 0.3564078640625 0.800612271875 0.3551245078125 0.9067952968749999 0.38637880625 0.9067952968749999 0.392317065625 0.8912485609375
4 0.6436012468750001 0.7529153703125 0.6473518421875 0.6639402703124999 0.64078845 0.6510245421875 0.354257146875 0.6561071421875 0.355749640625 0.7632001203125001 0.6235986015625 0.75841653125 0.6436012468750001 0.7529153703125
7 0.5476506890625 0.499804578125 0.49651481875 0.499874059375 0.49358085 0.519178190625 0.547963321875 0.5184606453125 0.5476506890625 0.499804578125
4 0.497078009375 0.6043263999999999 0.9333875296875 0.604087253125 0.931824665625 0.53209394375 0.5479464375 0.5308693625 0.5439593890625 0.5493149296875 0.49520276093750004 0.5514675437500001 0.497078009375 0.6043263999999999
2 0.9258863390625001 0.6089287921875 0.6564399078125 0.6112896078125 0.6646008015625 0.89531463125 0.9337000640625 0.8914877859375 0.9258863390625001 0.6089287921875
4 0.490514615625 0.1057369765625 0.8296232484375 0.10454104687500002 0.9077588921874999 0.10167089375 0.9202607453124999 0.0923428765625 0.9190104140625 0.03278696875 0.5349737421875 0.036201076562500004 0.5283323078125 0.051921364062499996 0.49207733124999997 0.0492903828125 0.490514615625 0.1057369765625
4 0.8183452250000001 0.1042544234375 0.53404980625 0.1064355140625 0.5297746921875001 0.1229754390625 0.8183452250000001 0.12170313749999999 0.8183452250000001 0.1042544234375
4 0.49104778125 0.1432346265625 0.49803866250000006 0.36137515468750003 0.49580158750000003 0.379778875 0.62722983125 0.3767829203125 0.6289076015624999 0.3652270703125 0.9292351078125 0.35666720937499996 0.9210007062500001 0.12099810468750001 0.8093199453125001 0.1213616171875 0.6727536484375001 0.12263394999999999 0.53654103125 0.12299855781249999 0.5329929640625 0.13809871875 0.5097832890625 0.1391687046875 0.49104778125 0.1432346265625
4 0.49831829531249994 0.4498076796875 0.7237037078124999 0.44937967656250005 0.7253815828125 0.434399903125 0.92979441875 0.433971921875 0.9342684953125 0.3811146875 0.5475102953125 0.3805355546875 0.5461358171875 0.394596484375 0.50558878125 0.39844845625 0.49831829531249994 0.4498076796875
4 0.50387600625 0.4843434953125 0.7053293625 0.48371805468750007 0.7071682859374999 0.46761240624999995 0.9196675328125 0.4662051359375 0.9325400828125 0.4605759625 0.9286579171874999 0.4497867578125 0.7521865140624999 0.44681582343750004 0.723172184375 0.44994311875 0.5492207546875 0.44974426875000006 0.5461715218750001 0.46464146250000005 0.5065322484375 0.4682378640625 0.50387600625 0.4843434953125