3 0.092145309375 0.8479082968749999 0.0735297484375 0.8479082968749999 0.0735297484375 0.8674978171875001 0.092145309375 0.8674978171875001 0.092145309375 0.8479082968749999
6 0.0922711671875 0.876048034375 0.07342677343750001 0.876048034375 0.07342677343750001 0.9102227078125 0.0922711671875 0.9102227078125 0.0922711671875 0.876048034375
2 0.666870709375 0.6343144109375001 0.09855263125 0.6343144109375001 0.09855263125 0.9216506546875 0.666870709375 0.9216506546875 0.666870709375 0.6343144109375001
1 0.23169908437500003 0.6077467249999999 0.097820365625 0.6077467249999999 0.097820365625 0.6298602625 0.23169908437500003 0.6298602625 0.23169908437500003 0.6077467249999999
7 0.16233981718749999 0.2854061140625 0.0993764296875 0.2854061140625 0.0993764296875 0.3016331875 0.16233981718749999 0.3016331875 0.16233981718749999 0.2854061140625
6 0.3748455375 0.25175545781249997 0.27417048125 0.25175545781249997 0.27417048125 0.2662358078125 0.3748455375 0.2662358078125 0.3748455375 0.25175545781249997
1 0.515783753125 0.34208296875 0.39405606406250004 0.34208296875 0.39405606406250004 0.3623187765625 0.515783753125 0.3623187765625 0.515783753125 0.34208296875
2 0.6717391296875 0.058703056249999996 0.39869565156250003 0.058703056249999996 0.39869565156250003 0.339148471875 0.6717391296875 0.339148471875 0.6717391296875 0.058703056249999996
1 0.8869450796875 0.3184628828125 0.685594965625 0.3184628828125 0.685594965625 0.33877729218749997 0.8869450796875 0.33877729218749997 0.8869450796875 0.3184628828125
2 0.9982780328124999 0.343262009375 0.6910125859375 0.343262009375 0.6910125859375 0.5709388640624999 0.9982780328124999 0.5709388640624999 0.9982780328124999 0.343262009375
6 0.9730835234375 0.860427946875 0.8627059499999999 0.860427946875 0.8627059499999999 0.8766026203124999 0.9730835234375 0.8766026203124999 0.9730835234375 0.860427946875
4 0.8342222749999999 0.7290993015625 0.8506819390624999 0.726351865625 0.8550540218749999 0.713595934375 0.976700665625 0.713007184375 0.978500934375 0.5817189796875 0.8223919515624999 0.5770090875 0.6976591578125 0.5787752984375001 0.6948301703124999 0.6553110156249999 0.6920011406250001 0.727333125 0.8342222749999999 0.7290993015625
4 0.6935442625 0.7421466234375 0.6938014078125 0.8595013937499999 0.966413353125 0.8596976328125001 0.9769577843749999 0.858520175 0.9774721312500001 0.7364079390625 0.9731001312500001 0.729146859375 0.8794862203125 0.7275768921875 0.8583973015625 0.7299318390625 0.723708965625 0.7273473015625 0.7238916093750001 0.728801928125 0.720548275 0.7407729062499999 0.6935442625 0.7421466234375
4 0.9734028968749999 0.05186182499999999 0.6908805 0.0468583578125 0.683153615625 0.310143853125 0.97211098125 0.314087075 0.9734028968749999 0.05186182499999999
4 0.349099584375 0.086664784375 0.3516171984375 0.07321716406249999 0.37735266093750003 0.0723633390625 0.379590609375 0.052938998437499996 0.09510165625 0.051231359374999993 0.0925840578125 0.0770593265625 0.0970597890625 0.089866603125 0.349099584375 0.086664784375
4 0.0928638265625 0.2310374953125 0.098458459375 0.2577192765625 0.1524470453125 0.25323673593749996 0.1594403765625 0.2391487265625 0.379590609375 0.23616036718750003 0.37819186562499996 0.08711754375 0.23077235312500002 0.08711754375 0.1245958140625 0.0883778609375 0.11831956562499998 0.10248625156249999 0.0920245921875 0.10291316875 0.0928638265625 0.2310374953125
4 0.37819186562499996 0.315455375 0.0976618515625 0.3156504765625 0.0995773875 0.6029458812499999 0.38015 0.6035862468750001 0.37819186562499996 0.315455375
4 0.5560199984375 0.38141276562500004 0.3905074953125 0.378075684375 0.3892988109375 0.397848746875 0.55182400625 0.39891601875 0.5560199984375 0.38141276562500004
4 0.38988851874999997 0.5334956765625 0.385133046875 0.5659407296875 0.38988851874999997 0.6018010281249999 0.660110953125 0.6047893875 0.6743773390625 0.60073374375 0.676335471875 0.401102259375 0.5865109640624999 0.3983273578125 0.42284548906249997 0.397887278125 0.416183434375 0.4128422578125 0.38988851874999997 0.41454987968749996 0.38988851874999997 0.5334956765625