4 0.16090151875 0.398231565625 0.1718812875 0.39152831093749996 0.293640684375 0.384916025 0.29492252812499997 0.298483940625 0.30773912187499997 0.29706709062500003 0.30709830312499997 0.2814809828125 0.29812655781249997 0.27297947968749997 0.2917181578125 0.0609139609375 0.0857509140625 0.058184465625 0.086804240625 0.37920992343750004 0.09055072812500001 0.4040608375 0.16090151875 0.398231565625
4 0.5229781171875 0.062855015625 0.31728198281250003 0.0665360296875 0.30382990468750004 0.0988497859375 0.5254826578125 0.0974653671875 0.5229781171875 0.062855015625
4 0.5329964828125 0.2714399703125 0.5286135187500001 0.1131553734375 0.311800803125 0.1101246265625 0.3157264921875 0.4154189546875 0.5267350953125 0.41218865625 0.5329964828125 0.2714399703125
7 0.6187773453125 0.086390059375 0.608758978125 0.06470090625 0.5452990546875001 0.06492163749999999 0.5398839890625 0.0836212234375 0.5524065625000001 0.086390059375 0.6187773453125 0.086390059375
6 0.652588621875 0.0905433015625 0.5452990546875001 0.08590873906249999 0.5342485859375 0.10761771718749999 0.656971584375 0.1085406921875 0.652588621875 0.0905433015625
6 0.6582240234375 0.10761771718749999 0.546395290625 0.1077030390625 0.5448929375 0.1274609859375 0.66135455 0.1265380359375 0.6582240234375 0.10761771718749999
4 0.5329964828125 0.4084969015625 0.5899750171875 0.4075740125 0.5893486984375 0.390038078125 0.7452571890625 0.39788311875 0.7552752218750001 0.24698200781250002 0.7577798296875 0.1399206953125 0.5529727078125 0.13756929843750001 0.5492759015625001 0.1385363125 0.5342485859375 0.1348445453125 0.5329964828125 0.4084969015625
4 0.8241504125000001 0.2423672890625 0.9919552906250001 0.2455975875 0.987572328125 0.0693156125 0.7667387125 0.069764815625 0.761536809375 0.25113524374999996 0.8354208156249999 0.25944171875 0.8241504125000001 0.2423672890625
0 0.987572328125 0.25944171875 0.7634500046875 0.2570343390625 0.7465092921875 0.9481533843750001 0.9788063984375001 0.9536910656250001 0.987572328125 0.25944171875
7 0.5943579828125001 0.42038168125 0.543106584375 0.41685919218749995 0.5392576703125 0.436533171875 0.598740946875 0.43837907343750004 0.5943579828125001 0.42038168125
6 0.6200294484375 0.4503773015625 0.615646484375 0.436533171875 0.550780234375 0.4346175109375 0.5380055640625 0.43930198750000005 0.5392576703125 0.4545305625 0.6200294484375 0.4503773015625
6 0.6519626359374999 0.4517617453125 0.5409141125 0.44753265000000003 0.5448929375 0.4697590890625 0.6507101984375 0.46837466718750004 0.6519626359374999 0.4517617453125
4 0.22493654687500003 0.529750328125 0.2850457421875 0.5320576875 0.29569009375 0.4314569953125 0.28567206093749997 0.4014613515625 0.0914573828125 0.40232966093750006 0.079046421875 0.5362109234375 0.21992753125000003 0.541287171875 0.22493654687500003 0.529750328125
3 0.0846816578125 0.8757024343750001 0.079046421875 0.85770506875 0.047739620312499995 0.8595509453125001 0.0615145640625 0.8830859203125 0.0746634578125 0.884470390625 0.0846816578125 0.8757024343750001
6 0.08029869218749999 0.8890851078124999 0.055281596875000005 0.8882617906249999 0.051496365625 0.93107898125 0.07842037187499999 0.9324633515625 0.08029869218749999 0.8890851078124999
4 0.287550284375 0.7644878625 0.08378373125000001 0.7639535703125 0.08571890625 0.9467667015625001 0.287550284375 0.9458460499999999 0.287550284375 0.7644878625
4 0.744004884375 0.9476918781249999 0.750266271875 0.7797163874999999 0.538721640625 0.7930126343749999 0.5323701625 0.9499992859375 0.5436406328125 0.9499992859375 0.744004884375 0.9476918781249999
4 0.4071426234375 0.924156903125 0.5085769203125 0.9264642625 0.5135862015625 0.9163118625 0.5154646265625 0.688345096875 0.3107045671875 0.6864627328124999 0.2913071296875 0.9416927890625001 0.4083950609375 0.938462490625 0.4071426234375 0.924156903125
7 0.371452925 0.6320456296875 0.311800803125 0.625923015625 0.3157264921875 0.64773565625 0.3720789078125 0.6491200640625 0.371452925 0.6320456296875
6 0.4134040109375 0.6661944796875 0.42154395312500004 0.645428284375 0.31728198281250003 0.6477173140625 0.311343528125 0.662502725 0.321361759375 0.6634256515625 0.4134040109375 0.6661944796875
6 0.3144743890625 0.6638871453124999 0.3150895109375 0.6703188078125 0.3151003734375 0.6832689453125 0.45034628125 0.6754239171875 0.44596331562499997 0.6532732890624999 0.3144743890625 0.6638871453124999
7 0.19926488125 0.70588101875 0.2293195109375 0.7044965984375 0.2293195109375 0.6851147984375 0.08378373125000001 0.6840411453125 0.0865600796875 0.70588101875 0.1623227421875 0.70588101875 0.19926488125 0.70588101875
6 0.1961342203125 0.718340753125 0.19300349375 0.704035115625 0.085976203125 0.70422105 0.07842037187499999 0.719263690625 0.174219365625 0.7220325078125 0.1961342203125 0.718340753125
6 0.19801270937499998 0.718802209375 0.0848799671875 0.7203649750000001 0.07654188125 0.7354151812499999 0.19175125625 0.7363380953124999 0.19801270937499998 0.718802209375
6 0.1892467484375 0.7363380953124999 0.085976203125 0.730858525 0.08217711718750001 0.7571043265624999 0.19175125625 0.7571043265624999 0.1892467484375 0.7363380953124999
7 0.5943579828125001 0.748374171875 0.53048681875 0.740740740625 0.5286135187500001 0.758065065625 0.591853440625 0.7617568953125 0.5943579828125001 0.748374171875
6 0.6857739125 0.758065065625 0.5233743359374999 0.758303196875 0.5242305546875 0.7737551484375 0.68640023125 0.775601025 0.6857739125 0.758065065625
6 0.611889840625 0.7746780859375 0.533240459375 0.770411140625 0.5292396375 0.7922139953125 0.615646484375 0.787137746875 0.611889840625 0.7746780859375
2 0.51723696875 0.5478515625 0.50397448125 0.5380859375 0.506626978125 0.5009765625 0.5026482328124999 0.498046875 0.489385746875 0.498046875 0.4655132703125 0.484375 0.44694579062499995 0.4921875 0.42572581249999997 0.486328125 0.3965483421875 0.486328125 0.3779808609375 0.4921875 0.3594133796875 0.482421875 0.34349839531250004 0.494140625 0.315647175 0.5009765625 0.315647175 0.5126953125 0.3050371859375 0.5244140625 0.31299467812500004 0.5400390625 0.31034218125 0.5537109375 0.3169734234375 0.55859375 0.3381934015625 0.5625 0.3541083859375 0.57421875 0.372675865625 0.56640625 0.3965483421875 0.572265625 0.42042081875 0.572265625 0.43898829843750004 0.56640625 0.458882028125 0.5751953125 0.47347076250000003 0.564453125 0.499995734375 0.560546875 0.50397448125 0.5537109375 0.51723696875 0.5478515625
2 0.27320721875 0.6318359375 0.27320721875 0.6005859375 0.2811647109375 0.5966796875 0.2811647109375 0.5888671875 0.2745334671875 0.583984375 0.2506609921875 0.580078125 0.240051003125 0.5703125 0.23209351093750002 0.5703125 0.21883102499999998 0.580078125 0.1896535546875 0.5703125 0.17639106875 0.5703125 0.1525185921875 0.580078125 0.1445611015625 0.572265625 0.1312986140625 0.5703125 0.12068862656249998 0.580078125 0.0928374046875 0.5869140625 0.09018490625 0.5927734375 0.0981423984375 0.6005859375 0.10079489687500001 0.6298828125 0.09018490625 0.6396484375 0.094163653125 0.646484375 0.118036128125 0.650390625 0.136603609375 0.662109375 0.1525185921875 0.654296875 0.17639106875 0.66015625 0.197611046875 0.66015625 0.21883102499999998 0.65234375 0.2294410140625 0.66015625 0.24137725156249998 0.6611328125 0.2559659875 0.650390625 0.2745334671875 0.6484375 0.28381720781249997 0.6416015625 0.27320721875 0.6318359375
2 0.6724080578125 0.71484375 0.6883230421875 0.72265625 0.704238025 0.7109375 0.7228055062500001 0.708984375 0.7267842515625 0.7001953125 0.7201530093749999 0.6953125 0.69760678125 0.6943359375 0.7029117765625 0.6845703125 0.69760678125 0.6630859375 0.7201530093749999 0.66015625 0.7241317546875 0.6513671875 0.69893303125 0.64453125 0.6856705437499999 0.634765625 0.6697555609375 0.64453125 0.6485355828125 0.63671875 0.622010609375 0.638671875 0.6087481234375 0.64453125 0.5928331390625 0.634765625 0.57691815625 0.646484375 0.558350675 0.6484375 0.5543719296875 0.6591796875 0.580896903125 0.6650390625 0.5755919078125 0.6708984375 0.5755919078125 0.6845703125 0.586201896875 0.6923828125 0.5636556703125 0.6953125 0.5543719296875 0.7041015625 0.5610031734375001 0.7109375 0.579570653125 0.712890625 0.5994643828124999 0.7236328125 0.611400621875 0.71484375 0.6299681015624999 0.720703125 0.653840578125 0.720703125 0.6724080578125 0.71484375
4 0.7093864390625 0.6101330453125 0.7100528203125 0.5951514796875 0.7477085125 0.6032562671874999 0.74804184375 0.4662119015625 0.5504215828125 0.46930435 0.5354369921875 0.476035884375 0.5351037671875 0.6101330453125 0.7093864390625 0.6101330453125
7 0.1143022625 0.6255119640625 0.2578659046875 0.6288785515625 0.25603706718749997 0.6053124390625 0.11338784375 0.603965803125 0.1143022625 0.6255119640625
7 0.3054156453125 0.5130679406249999 0.3072444796875 0.539327321875 0.502929953125 0.541347275 0.503844371875 0.5177811625000001 0.3054156453125 0.5130679406249999
7 0.7004442640625 0.6638910609375 0.63917825 0.661871109375 0.5724257296874999 0.668604284375 0.5760834015625 0.6908237625 0.7041019359375 0.6948636671874999 0.7114172812499999 0.673990825 0.7004442640625 0.6638910609375