2 0.5097071609375 0.11169471875 0.0821549265625 0.11944089843750001 0.0900580640625 0.4041628265625 0.518215940625 0.39705875 0.5197809453125 0.3941471578125 0.5097071609375 0.11169471875
2 0.9709454734375 0.5268143750000001 0.9719958828124999 0.5223339484375 0.9594766343750001 0.1024511515625 0.9457837578125 0.10186591250000002 0.5320859546875 0.11031838125 0.545716421875 0.5329849390625 0.5565388515625 0.5336939218750001 0.629840640625 0.53228600625 0.9709454734375 0.5268143750000001
6 0.1040029140625 0.960342565625 0.1041735375 0.927671546875 0.100761003125 0.9223114578124999 0.099395984375 0.9173342312500001 0.089849859375 0.9172085015624999 0.0901821546875 0.92562960625 0.08318645 0.9266505734375 0.0842102203125 0.9612359093749999 0.1040029140625 0.960342565625
3 0.093614921875 0.8952723499999999 0.08537581093749999 0.8970842156250001 0.08672110937500001 0.9178183734375001 0.10091425624999999 0.9170095484375 0.0990218328125 0.8975977234375 0.093614921875 0.8952723499999999
4 0.2596147578125 0.9488989234374999 0.43937444687499994 0.9468674765625 0.46809624375 0.947285825 0.534898321875 0.9447757593749999 0.5362033890625 0.9394767515625 0.5337796796875 0.9115871671875 0.48940725625 0.9133999890625001 0.3342746015625 0.9139577828125001 0.22822414375000002 0.9168861859374999 0.1737189046875 0.9174006671875 0.1506162734375 0.9215212046874999 0.1503360796875 0.9331526421874999 0.111108384375 0.9358771265625 0.111528684375 0.9494995296875001 0.2596147578125 0.9488989234374999
4 0.1081175359375 0.835766975 0.11033832187499999 0.916591634375 0.1331518796875 0.9177996765625 0.21160025937500002 0.9154773890625 0.249696171875 0.9153721671874999 0.311847259375 0.91358335625 0.31297938125 0.901272128125 0.5111770234375 0.8983877109374999 0.5356075078125 0.8929907781249999 0.5373626375 0.8856976218750001 0.5319021890625 0.68597418125 0.48509839218749995 0.68568245625 0.41099239374999996 0.6881621265625 0.2776868421875 0.6916628453125 0.163003459375 0.6938507921875 0.1474021859375 0.6977890984374999 0.14672981093749998 0.6987732296875 0.1470353203125 0.7117717875 0.12479426093749998 0.7099589640625 0.1058323390625 0.7135846124999999 0.1081175359375 0.835766975
7 0.5309816953125 0.660497453125 0.503216203125 0.6593247078125 0.29516783593749996 0.663906371875 0.1990070515625 0.6627441875 0.1303356328125 0.6633252765625001 0.1030115890625 0.6701053078125 0.1058634015625 0.6894557859375 0.1691187796875 0.6900675796875 0.5307090265625 0.6815024484375 0.5309816953125 0.660497453125
4 0.095816178125 0.5246006546875 0.1027575453125 0.6464293859375 0.1193747296875 0.647216028125 0.27587086875 0.6443841156250001 0.532472659375 0.637147025 0.5286864578125 0.6310112296875 0.5262921265625 0.540170746875 0.5211326640625 0.4297300984375 0.419491215625 0.431080765625 0.41201001093749995 0.4295371484375 0.291278565625 0.43262438437500006 0.17284875156249999 0.43532572031249994 0.1478202015625 0.4372596921875 0.137291565625 0.44242567499999996 0.13684413125 0.4533127 0.0964802046875 0.4519030328125 0.09145434999999999 0.45284281093749995 0.095816178125 0.5246006546875
4 0.71663100625 0.636191753125 0.7151783703125 0.6203600671875 0.8374183078125 0.6186527296875 0.9735210578125001 0.6121740796874999 0.975181190625 0.5859431515625 0.9589949484375 0.5825284765625 0.9340930484375001 0.5811315625 0.8181351781249999 0.585011878125 0.673379015625 0.587650490625 0.596954021875 0.5888921921875 0.5687318718750001 0.5887369796875 0.5674424859375 0.592910446875 0.5472836015625 0.59306426875 0.5470760890624999 0.6394728359374999 0.56429989375 0.6405593203125 0.71663100625 0.636191753125
4 0.67949756875 0.7011318484375 0.6947900109375 0.6988571453125 0.698006521875 0.6990758578125 0.700407690625 0.7009080109375 0.712750284375 0.7003168078125 0.723775190625 0.70059634375 0.7265781328124999 0.699687865625 0.727325571875 0.698639628125 0.7387242125 0.69856974375 0.743493859375 0.700736103125 0.8038792640624999 0.699687865625 0.8334097140625 0.69926856875 0.8492376890625 0.6985456890624999 0.85201179375 0.6994448156249999 0.876608865625 0.6986148515624999 0.894548090625 0.6994448156249999 0.9067542312500001 0.6985456890624999 0.9288582875 0.6984073609375 0.92525195625 0.68457464375 0.9786882125 0.6831389828125001 0.97672898125 0.6539311703124999 0.8942624421875 0.6513999703125 0.6862040671875 0.6533982843749999 0.5626071593749999 0.65646236875 0.5485361953125001 0.6585939015625 0.54878934375 0.6593793906250001 0.54938000625 0.7015510859375 0.558585196875 0.702435434375 0.62092998125 0.7009170453125 0.67949756875 0.7011318484375
4 0.5481693515625 0.72160931875 0.5481693515625 0.777544975 0.55196340625 0.8482220093749999 0.60811521875 0.848284034375 0.6575134453125 0.8466776140625001 0.6659612703125 0.8452853843750001 0.664386246875 0.8311488828125 0.8534090875 0.8281712140625 0.977115975 0.823949975 0.976645675 0.7651729734375 0.9740589999999999 0.694944371875 0.9309532781250001 0.698050103125 0.8843653703125 0.6992061234375 0.8511356062500001 0.69937126875 0.849921221875 0.698050103125 0.8444013265624999 0.698793259375 0.84081005 0.6998667046875 0.7787045906250001 0.701187865625 0.767112815625 0.7009401484375 0.735529209375 0.7015181578125 0.7318860843749999 0.6998667046875 0.7276909609375 0.6991235484375 0.7247102203125 0.70003185 0.723054253125 0.70069243125 0.7008642734375 0.701270440625 0.6979939265625 0.6989584062499999 0.6934676140625 0.6995364125 0.6917012453125 0.701765875 0.61766493125 0.7021787390625 0.615346578125 0.7014355859375 0.6121450375 0.7013530125 0.6055427390625 0.7045733484375 0.5886518578125 0.704490775 0.5877450750000001 0.7065524265625001 0.5874208421875 0.7190564171875 0.5734578640625 0.7166195671875 0.5501862296875 0.716387475 0.5481693515625 0.72160931875
4 0.7566238515625 0.9425992875 0.7965896640625 0.9409680968749999 0.796226190625 0.9262872890624999 0.9824998140625001 0.9233584374999999 0.981755109375 0.8626638968749999 0.981258590625 0.8611784890624999 0.9777831796875001 0.8569079468749999 0.97462613125 0.84322465625 0.9500385359375001 0.8402033734375 0.8455412375 0.842436496875 0.7115682109375 0.8441441781250001 0.6640072328125 0.846245940625 0.6418784 0.8474281875 0.63076566875 0.849267225 0.5937849265625 0.8506950015625 0.5926944890625 0.864016465625 0.552166490625 0.8646961328125 0.5554378078125 0.9462694890625001 0.7566238515625 0.9425992875
1 0.20998193125000003 0.419131159375 0.32039821874999996 0.41835414843749996 0.42153100156249995 0.41511661093749996 0.49254164375 0.41343308749999996 0.5247562171875 0.40967754218749997 0.5271809734375 0.4037204671875 0.524236634375 0.3976338921875 0.49596334531249997 0.39854040468749996 0.422087559375 0.3989289125 0.4057223578125 0.39879941093750004 0.39290579062500003 0.399317415625 0.39030785625000003 0.40061243125 0.3100024015625 0.4017779453125 0.19890337656249998 0.403590965625 0.18799199687499998 0.402554953125 0.1844413359375 0.40203694843750004 0.1767342109375 0.40346146406249994 0.1008024953125 0.40492592343749995 0.09092405625 0.42443318281250003 0.0937102859375 0.432387603125 0.0972563875 0.43787994531249996 0.13434721562500002 0.438680671875 0.147601875 0.43709495625 0.16227037187499999 0.43524495625000004 0.16243180156249998 0.42290425000000004 0.16806833125 0.41900165781250004 0.1831364546875 0.42068517656250004 0.20998193125000003 0.419131159375
1 0.7535477984375001 0.5622459109375 0.80742453125 0.5617255906249999 0.8721596078125 0.5606375515625001 0.9442565671875001 0.5586169140624999 0.967642915625 0.5574511609374999 0.9678508015625 0.53009479375 0.9285672999999999 0.530017078125 0.9193710093749999 0.528618171875 0.9147976796874999 0.5277632875 0.9095104828125 0.5280575546875 0.9096977109375001 0.5294401671875 0.8654278937500001 0.5297626796875 0.8585560109375001 0.52879514375 0.846694409375 0.5290370265625 0.8424889359375 0.5294401671875 0.8408714375 0.5310527296875 0.8044151921875 0.5317783828125 0.7875298859375001 0.5300045671875 0.73808253125 0.5308914734375 0.731936065625 0.5308914734375 0.6916135625 0.5320213375 0.6616125578125 0.532178284375 0.6303165140625 0.5328064890624999 0.5553319640625001 0.5365756953124999 0.55323155 0.5339058375 0.54440984375 0.5339058375 0.5425539578125 0.5398072390624999 0.5441875984375 0.5830480062500001 0.6137803859375001 0.5840251953125 0.6134120859375 0.5698209234375 0.613959715625 0.5646788328125 0.67962420625 0.562347328125 0.7535477984375001 0.5622459109375