5 0.9794082156249999 0.3025545515625 0.9787030437500001 0.0649150953125 0.08274036875 0.06725010625 0.083348365625 0.3033193640625 0.185985571875 0.30310389375 0.9739237656249999 0.3022420125 0.9794082156249999 0.3025545515625
7 0.589113640625 0.087935071875 0.618279215625 0.08671395937500001 0.6197622109375 0.0752354828125 0.60460271875 0.0746249265625 0.54643635 0.0753575953125 0.544129465625 0.07169425625 0.5365497078125 0.07157214375 0.535396278125 0.0734038125 0.5312309609375 0.07300400312500001 0.43429004375 0.076578709375 0.4344548265625 0.08659184375 0.44005724218750003 0.0896446296875 0.589113640625 0.087935071875
7 0.2784769546875 0.10221091093750001 0.273102521875 0.10074355312500001 0.269566709375 0.0989617625 0.259525009375 0.09875214375 0.2557063328125 0.10021949687500001 0.24524032343750002 0.10158204374999999 0.24340170312499998 0.1045167625 0.2424704984375 0.11197737187500001 0.2574035265625 0.1143690234375 0.2764969078125 0.1141593984375 0.280032721875 0.1116439296875 0.2784769546875 0.10221091093750001
6 0.944665840625 0.1699563828125 0.9701752921875 0.17004996875 0.9764895156250001 0.1664001375 0.9763632359375001 0.1602234859375 0.969922725 0.1576966765625 0.9509800640625 0.1574159203125 0.9311534124999999 0.15657365 0.9278900703125 0.15750246875 0.9283751562500001 0.16434125 0.9297642843749999 0.1677103296875 0.9345630921874999 0.16967563125000001 0.944665840625 0.1699563828125
6 0.9333002421875 0.190545203125 0.9724484125 0.1899836921875 0.976110659375 0.1856787546875 0.9752266765625001 0.180999478125 0.9724484125 0.1772560546875 0.9283162234375 0.1769912921875 0.9257231812500001 0.182309678125 0.9279963015625 0.1866146125 0.9333002421875 0.190545203125
6 0.93519450625 0.2094494859375 0.9624719421875 0.21001100468749997 0.974090115625 0.207858528125 0.9754792437500001 0.2025241625 0.97295355625 0.197844884375 0.9310151828125001 0.1965854609375 0.9283751562500001 0.20009092812499998 0.93014313125 0.2069226765625 0.93519450625 0.2094494859375
6 0.97295355625 0.24883430468749998 0.9751003875 0.24452937187499998 0.9745952515624999 0.23666818125 0.9624719421875 0.2341413703125 0.9283162234375 0.23345620781249998 0.929385428125 0.24481012500000002 0.941761296875 0.247711278125 0.9552737359375 0.24939581875 0.97295355625 0.24883430468749998
6 0.9346893796875 0.269984640625 0.9452972640624999 0.268580853125 0.9631033656250001 0.268580853125 0.9719432765624999 0.26773858281249996 0.9749741000000001 0.264556675 0.9756055234375 0.2577249390625 0.9648713499999999 0.255853228125 0.9280321203125 0.2558946921875 0.9266071734375 0.259409471875 0.92900658125 0.26605404374999997 0.9346893796875 0.269984640625
6 0.8099051328125 0.294452115625 0.8179873390625 0.29164455 0.818492475 0.28537431562500004 0.8152090843750001 0.2802271125 0.793084084375 0.2794919703125 0.7926041671874999 0.2874332 0.7958875671875 0.294452115625 0.8099051328125 0.294452115625
6 0.806495453125 0.2674965375 0.8176084906250001 0.27030410312500003 0.8298580734375 0.270678446875 0.8297317937500001 0.26356594375000003 0.8285952328124999 0.254394559375 0.8099051328125 0.25486248906250003 0.805106325 0.258699496875 0.806495453125 0.2674965375
6 0.825311834375 0.23866287812500003 0.8191238984375 0.2351066265625 0.8064368390625001 0.2352470734375 0.8057377484374999 0.24577537968750002 0.8178610515625 0.24671123437500003 0.8241752734375 0.24390366874999997 0.825311834375 0.23866287812500003
6 0.8192826125 0.196336759375 0.8082796125 0.19773959375 0.8059133765625001 0.2012466875 0.8032849015625001 0.202855809375 0.80863454375 0.2080855203125 0.8145501375 0.2106281625 0.8254348390624999 0.2109788703125 0.8282743124999999 0.21036513124999998 0.827801075 0.196336759375 0.8192826125 0.196336759375
6 0.8113557171875 0.1903246625 0.8253165140625001 0.1909384015625 0.8286292515625 0.18822040625 0.8291024953124999 0.17752376875 0.824961584375 0.17454274218750002 0.8151417000000001 0.1750688046875 0.806895028125 0.1760817484375 0.8059133765625001 0.1805048 0.8068598671875 0.1874313125 0.8113557171875 0.1903246625
6 0.8295757500000001 0.1704898453125 0.8314687328125 0.1637386890625 0.8321786093749999 0.158565725 0.8293391203124999 0.15479560625 0.8179811828125001 0.15497095624999999 0.8132487078124999 0.1541818609375 0.8104882609375 0.15525723281249998 0.8070964984375 0.1625112046875 0.8159698843750001 0.1688239765625 0.8235418390625 0.171541971875 0.8295757500000001 0.1704898453125
6 0.7165108 0.15641991875 0.7115248546874999 0.15480338124999998 0.706071484375 0.15480338124999998 0.7026493234375 0.15663491093749998 0.7042017515625 0.1666964421875 0.711992290625 0.167620171875 0.7182247171875 0.165888175 0.7165108 0.15641991875
6 0.71931539375 0.18193803125000002 0.7165108 0.17616470312500002 0.710901625 0.17547190625 0.704513371875 0.17547190625 0.7033503765625 0.1760012578125 0.7049808078125 0.18447829843750002 0.7116806812500001 0.1886350953125 0.717601478125 0.1890969609375 0.71931539375 0.18193803125000002
6 0.7160433640625 0.2086108171875 0.7185363375 0.2043385484375 0.7157317437499999 0.1964868265625 0.71012256875 0.19521669375 0.7059793234375 0.1967973375 0.7020204 0.200528153125 0.7062273 0.204915884375 0.7090318828125 0.20745614687499997 0.7160433640625 0.2086108171875
6 0.7191595890625 0.2438722625 0.717601478125 0.23682879843750002 0.7110574296875 0.2341730640625 0.7056040484375 0.23324933125 0.70440195625 0.2341003046875 0.7037343265625 0.240639196875 0.708408640625 0.2457197359375 0.71464106875 0.2452578640625 0.7191595890625 0.2438722625
6 0.7157313609375 0.2571660359375 0.7123035265625 0.25601136874999997 0.7071617765625 0.25635776875 0.7027990828124999 0.2631702953125 0.707940834375 0.26836629218749997 0.7140174453125 0.268135359375 0.717445278125 0.26282389687499996 0.7157313609375 0.2571660359375
6 0.6980994828125 0.2910385078125 0.7133002640624999 0.29053561562499997 0.7184576703125 0.2874176609375 0.715743246875 0.27876788124999996 0.6957136171875 0.2788661640625 0.692942078125 0.281181771875 0.6948421765624999 0.2873170828125 0.6980994828125 0.2910385078125
4 0.1073604703125 0.5023667406250001 0.1450813765625 0.5018600156249999 0.1461070203125 0.48572956874999995 0.23565840625 0.48699635625 0.2881571625 0.48851650312499995 0.292829540625 0.48387160937499996 0.2926016296875 0.3971042828125 0.2923737171875 0.35806064375 0.29191786249999996 0.30571682031249997 0.2753935953125 0.30495674687499996 0.2690118125 0.305294559375 0.26639072656249996 0.307490325 0.182036034375 0.3075747796875 0.096016715625 0.306700628125 0.08358164375 0.3075789875 0.0834654546875 0.40968660625000003 0.0850024046875 0.45961057656250004 0.0834654546875 0.50069299375 0.1073604703125 0.5023667406250001
4 0.08560101718749999 0.569305878125 0.152423884375 0.569305878125 0.24366639375000002 0.5719177140625 0.2907525546875 0.5704550859374999 0.29540476718750003 0.5653358890625 0.2934311140625 0.5197176515625 0.29357207500000004 0.506896959375 0.19178702812499998 0.50627011875 0.1853021140625 0.5026135484375 0.1755747265625 0.5026135484375 0.17331911093750002 0.50418065 0.1499170015625 0.5024046015625 0.1465335640625 0.5043896 0.1225675546875 0.5028225 0.09944740937499999 0.5026135484375 0.09865246093749999 0.5035804140625 0.099134759375 0.5220193515625 0.086728825 0.522123821875 0.08588296875 0.52776539375 0.08560101718749999 0.569305878125
4 0.311611609375 0.5222924765625 0.311611609375 0.5725411359375 0.406281940625 0.57568046875 0.4119916265625 0.5760899453125 0.48548084999999996 0.5751345031249999 0.516346346875 0.57499800625 0.520214165625 0.5695382906249999 0.5211350875 0.5070202890625 0.5220560062499999 0.46578730625000003 0.5198458125000001 0.4420840046875 0.427643446875 0.4412915953125 0.3974211921875 0.4400980546875 0.34197167500000003 0.4397570421875 0.3263286328125 0.4395918609375 0.3237677015625 0.455542484375 0.3206365875 0.45868182187500006 0.3105064875 0.45813585312500005 0.311611609375 0.5222924765625
4 0.3129482515625 0.435214621875 0.3381509125 0.43831024531249996 0.4040120390625 0.4390325578125 0.43502704531249997 0.43965168437499996 0.48982497656249996 0.4372783703125 0.4892680140625 0.4212843140625 0.5199010875 0.4223161875 0.519065653125 0.338820778125 0.5173947453125 0.30989155 0.47952113281250003 0.30772461875 0.45960962812500006 0.308240553125 0.456685559375 0.30514493125 0.40168527656249997 0.304422615625 0.36938129375 0.30524811406249996 0.3395836625 0.3055576765625 0.33271622968750003 0.30772461875 0.308766728125 0.30731186250000003 0.308951428125 0.309954928125 0.3103844859375 0.3246589109375 0.31083730468750004 0.3328804234375 0.310610903125 0.396455465625 0.3129482515625 0.435214621875
4 0.540393228125 0.567988140625 0.5651304234375 0.5719853406250001 0.6899324234375 0.57281235 0.7176172921874999 0.5739150265624999 0.749236271875 0.5717096734375 0.7499802453125 0.5384915578125 0.746260353125 0.40488226406249994 0.7453304046875 0.3406405453125 0.7451444046875 0.3091760265625 0.66237705 0.3072463421875 0.6372678546875 0.30531665937499997 0.5688220562499999 0.3075220109375 0.5435268609375 0.30945169375 0.5347760203124999 0.31032534843750004 0.534069415625 0.3815030703125 0.5364873484375 0.45683577499999994 0.537603321875 0.5136560765625 0.540393228125 0.567988140625
4 0.776208196875 0.48725869531250005 0.793913246875 0.4879725453125 0.8270524640625 0.48695579218749996 0.8526984140625 0.48852002343749995 0.8938639796875 0.490475315625 0.9329482203125 0.4893803515625 0.9798655921874999 0.4872686375 0.9799711203125 0.44353643906249995 0.978915728125 0.39857455625 0.97828251875 0.356519609375 0.977016028125 0.3098628671875 0.8955808296875001 0.30880844375 0.8923091265625 0.306071034375 0.8889318796874999 0.30411574531249996 0.873839821875 0.3055235515625 0.8508779687500001 0.3062274578125 0.8502447375 0.30849559531250004 0.8003049750000001 0.30873022968749997 0.795555725 0.3045068015625 0.7847907578125 0.304663225 0.7846852156249999 0.30740063125 0.7679045343750001 0.3078699015625 0.7669704703125 0.30924802812499996 0.768692140625 0.35480794375 0.7681455859375 0.40880663593750005 0.7710150015624999 0.4711425125 0.776208196875 0.48725869531250005
4 0.7733565328124999 0.5469340109374999 0.7760856453125 0.5519393015625 0.7850896171875 0.55388546875 0.8938876 0.5565730249999999 0.9489979937499999 0.5570364 0.9843550750000001 0.5546268640625 0.9844801515625001 0.542857190625 0.9801032062499999 0.5418377765625 0.9824792421874999 0.5023758703125 0.9792278124999999 0.4919739984375 0.9677227484375001 0.4898424828125 0.960469534375 0.4898424828125 0.9603444921875001 0.49206667656249997 0.880434253125 0.49299341874999997 0.846566065625 0.49215934843750003 0.8419390296874999 0.4891937609375 0.8373119859375 0.48882306406250003 0.80592314375 0.48798899218749997 0.8015462125000001 0.487896321875 0.7991701703125 0.4893791078125 0.7881307296875 0.49143764843750004 0.78682368125 0.50837015625 0.7749104296875 0.5076024593749999 0.7728385624999999 0.5232123578125 0.7733565328124999 0.5469340109374999
6 0.97542979375 0.5715418921875 0.97542979375 0.5593120765624999 0.8884720953125 0.56048801875 0.8618135390624999 0.56048801875 0.860544078125 0.561428778125 0.860861440625 0.5724826390625 0.880855359375 0.57636325 0.9367113937499999 0.576010471875 0.97542979375 0.5715418921875
7 0.554223728125 0.5926996 0.544082590625 0.5930451296875 0.5393704500000001 0.595816715625 0.4866568578125 0.5969018359375 0.48132742500000003 0.5940817218750001 0.4742169625 0.5939089562500001 0.466057421875 0.593822578125 0.46286253125 0.5973087593749999 0.4416306671875 0.5971731140625 0.44071550468750004 0.60287001875 0.44425677812500003 0.6147419968750001 0.47128207031249997 0.6161627765625 0.6235657765625 0.6146707421875 0.62777556875 0.6108728046875 0.6266773359375 0.5969018359375 0.56133445 0.5970374890625 0.554223728125 0.5926996
6 0.974452853125 0.1103515625 0.9705023687500001 0.107421875 0.9388984921875 0.103515625 0.9020273031249999 0.103515625 0.8914926765625 0.107421875 0.8901758484375 0.1142578125 0.9230965546875 0.150390625 0.9718191968750001 0.1513671875 0.974452853125 0.1103515625
6 0.7993147046875 0.10546875 0.7993147046875 0.115234375 0.8375027218750001 0.1181640625 0.8335522375 0.107421875 0.7993147046875 0.10546875
6 0.7189881859375 0.1318359375 0.7176713578125 0.123046875 0.6992357625000001 0.12109375 0.695285278125 0.1279296875 0.7018694187500001 0.1328125 0.7150377015625 0.134765625 0.7189881859375 0.1318359375
6 0.5728202578125 0.12109375 0.5688697734375 0.1298828125 0.5780875703125 0.1328125 0.5820380562499999 0.1240234375 0.5728202578125 0.12109375
6 0.5728202578125 0.15625 0.5715034296875 0.1630859375 0.5780875703125 0.1640625 0.5820380562499999 0.1572265625 0.5728202578125 0.15625
6 0.472741315625 0.12109375 0.472741315625 0.12890625 0.4924937390625 0.1259765625 0.48590959843750003 0.119140625 0.472741315625 0.12109375
6 0.39109797031250004 0.12109375 0.3463258109375 0.119140625 0.34237532656249997 0.1279296875 0.351593125 0.130859375 0.3950484546875 0.1298828125 0.39109797031250004 0.12109375
6 0.2765339171875 0.1611328125 0.2752170890625 0.150390625 0.23571224375000002 0.15234375 0.23439541562500002 0.1611328125 0.24097955624999998 0.1640625 0.27258343281249997 0.1640625 0.2765339171875 0.1611328125
6 0.3621277484375 0.154296875 0.3463258109375 0.154296875 0.3463258109375 0.162109375 0.3594940921875 0.1640625 0.3634445765625 0.1611328125 0.3621277484375 0.154296875
6 0.48327594218750003 0.154296875 0.48195911406249997 0.1611328125 0.48854325468750004 0.162109375 0.4924937390625 0.1572265625 0.48327594218750003 0.154296875
6 0.5701866015625 0.17578125 0.5688697734375 0.1826171875 0.5754539140625 0.185546875 0.5794044 0.1787109375 0.5701866015625 0.17578125
6 0.5701866015625 0.197265625 0.5688697734375 0.2021484375 0.5754539140625 0.205078125 0.5794044 0.1982421875 0.5701866015625 0.197265625
6 0.48327594218750003 0.17578125 0.4793254578125 0.1806640625 0.48854325468750004 0.18359375 0.4898600828125 0.1767578125 0.48327594218750003 0.17578125
6 0.3568604359375 0.173828125 0.355543609375 0.1826171875 0.3621277484375 0.18359375 0.36607823281249996 0.1767578125 0.3568604359375 0.173828125
6 0.2778507453125 0.173828125 0.23966272812499997 0.1728515625 0.23966272812499997 0.1806640625 0.24888052656249998 0.18359375 0.2791675734375 0.1806640625 0.2778507453125 0.173828125
6 0.18172228906250001 0.1591796875 0.175138146875 0.1484375 0.08822748750000001 0.1484375 0.086910659375 0.1591796875 0.0934948 0.1640625 0.175138146875 0.1640625 0.18172228906250001 0.1591796875
6 0.17645497500000001 0.1787109375 0.172504490625 0.171875 0.138266959375 0.171875 0.1343164734375 0.1767578125 0.148801584375 0.18359375 0.167237178125 0.18359375 0.17645497500000001 0.1787109375
6 0.1316828171875 0.1787109375 0.12773233281250002 0.171875 0.09086114375 0.16796875 0.086910659375 0.1787109375 0.0934948 0.181640625 0.11719770781250001 0.18359375 0.1316828171875 0.1787109375
6 0.156702553125 0.19140625 0.143534271875 0.189453125 0.1066630828125 0.189453125 0.08822748750000001 0.193359375 0.08822748750000001 0.203125 0.154068896875 0.203125 0.1606530390625 0.2001953125 0.156702553125 0.19140625
6 0.1843559453125 0.2392578125 0.1830391171875 0.23046875 0.08822748750000001 0.228515625 0.086910659375 0.2353515625 0.0961284578125 0.240234375 0.1619698671875 0.2421875 0.1843559453125 0.2392578125
6 0.17908863125000002 0.2529296875 0.172504490625 0.25 0.086910659375 0.2509765625 0.084277003125 0.2548828125 0.09086114375 0.26171875 0.17908863125000002 0.2626953125 0.17908863125000002 0.2529296875
6 0.2739002609375 0.2197265625 0.2765339171875 0.1962890625 0.27258343281249997 0.193359375 0.23834590000000003 0.193359375 0.23439541562500002 0.1962890625 0.21595982187499999 0.2138671875 0.2199103046875 0.220703125 0.26994977656249997 0.22265625 0.2739002609375 0.2197265625
6 0.2739002609375 0.2392578125 0.27258343281249997 0.232421875 0.23571224375000002 0.23046875 0.23176175937500001 0.2373046875 0.23834590000000003 0.2421875 0.26994977656249997 0.2421875 0.2739002609375 0.2392578125
6 0.27258343281249997 0.251953125 0.23571224375000002 0.251953125 0.23834590000000003 0.26171875 0.27258343281249997 0.26171875 0.2765339171875 0.2587890625 0.27258343281249997 0.251953125
6 0.3568604359375 0.193359375 0.3463258109375 0.193359375 0.34237532656249997 0.1962890625 0.3463258109375 0.203125 0.3634445765625 0.2021484375 0.3568604359375 0.193359375
6 0.48327594218750003 0.1953125 0.4793254578125 0.2021484375 0.48854325468750004 0.20703125 0.4898600828125 0.1982421875 0.48327594218750003 0.1953125
6 0.4806422859375 0.232421875 0.4793254578125 0.2392578125 0.48854325468750004 0.244140625 0.4898600828125 0.2353515625 0.4806422859375 0.232421875
6 0.3568604359375 0.232421875 0.352909953125 0.2392578125 0.3621277484375 0.2421875 0.3634445765625 0.2353515625 0.3568604359375 0.232421875
6 0.3436921546875 0.251953125 0.3463258109375 0.26171875 0.3608109203125 0.2607421875 0.3594940921875 0.251953125 0.3436921546875 0.251953125
6 0.3463258109375 0.27734375 0.3436921546875 0.28515625 0.3634445765625 0.2841796875 0.3594940921875 0.27734375 0.3463258109375 0.27734375
6 0.5701866015625 0.234375 0.5688697734375 0.2412109375 0.5754539140625 0.244140625 0.5794044 0.2353515625 0.5701866015625 0.234375
6 0.5701866015625 0.25390625 0.5688697734375 0.2587890625 0.5780875703125 0.26171875 0.5794044 0.2548828125 0.5701866015625 0.25390625
6 0.585988540625 0.279296875 0.5701866015625 0.279296875 0.5662361171875 0.2841796875 0.5728202578125 0.2890625 0.589939025 0.2861328125 0.585988540625 0.279296875
6 0.48327594218750003 0.251953125 0.4793254578125 0.2626953125 0.48854325468750004 0.265625 0.4898600828125 0.2548828125 0.48327594218750003 0.251953125
6 0.48590959843750003 0.279296875 0.472741315625 0.27734375 0.46879083125000004 0.2802734375 0.472741315625 0.287109375 0.4898600828125 0.2861328125 0.48590959843750003 0.279296875
4 0.21727665 0.740234375 0.2949695125 0.7216796875 0.2949695125 0.6416015625 0.288385371875 0.630859375 0.11983136406249999 0.6328125 0.09086114375 0.6484375 0.08954431562500001 0.7216796875 0.092177971875 0.7373046875 0.09876211406249999 0.7421875 0.21727665 0.740234375
4 0.2949695125 0.9248046875 0.300236825 0.9091796875 0.30287048125 0.8017578125 0.289004415625 0.748040715625 0.12041850624999999 0.7459394765625 0.0878346765625 0.7638 0.08954431562500001 0.7998046875 0.09086114375 0.923828125 0.1040294265625 0.927734375 0.285751715625 0.927734375 0.2949695125 0.9248046875
6 0.08954431562500001 0.9189453125 0.086910659375 0.8955078125 0.08032651874999999 0.890625 0.071108721875 0.8955078125 0.065841409375 0.9111328125 0.068475065625 0.9228515625 0.08559383125 0.923828125 0.08954431562500001 0.9189453125
3 0.084277003125 0.8701171875 0.073742378125 0.8720703125 0.071108721875 0.8818359375 0.0776928625 0.890625 0.084277003125 0.8857421875 0.084277003125 0.8701171875
4 0.45167206562500006 0.755859375 0.5161966453125 0.7392578125 0.518830303125 0.6591796875 0.5148798171875 0.62890625 0.40953356406249997 0.625 0.31472193437499996 0.62890625 0.31077145 0.6318359375 0.31077145 0.7216796875 0.31735559062499996 0.75390625 0.45167206562500006 0.755859375
4 0.5096125046875 0.86328125 0.521463959375 0.8525390625 0.518830303125 0.7822265625 0.5161966453125 0.7705078125 0.5069788484375 0.763671875 0.3384248421875 0.765625 0.31077145 0.7841796875 0.31077145 0.8564453125 0.31735559062499996 0.875 0.3568604359375 0.876953125 0.5096125046875 0.86328125
4 0.524097615625 0.9189453125 0.5148798171875 0.880859375 0.3436921546875 0.87890625 0.31340510625 0.9013671875 0.31998924687499997 0.92578125 0.517513475 0.923828125 0.524097615625 0.9189453125
4 0.738740609375 0.791015625 0.7426910921875 0.7841796875 0.7453247484375 0.6318359375 0.738740609375 0.626953125 0.7176713578125 0.625 0.607057790625 0.625 0.5438500390625001 0.626953125 0.5398995546875 0.6298828125 0.5372658984375 0.8017578125 0.5438500390625001 0.806640625 0.6491962921875001 0.80859375 0.738740609375 0.791015625
4 0.7097703890625 0.91796875 0.7426910921875 0.9111328125 0.74795840625 0.8740234375 0.7453247484375 0.8232421875 0.7413742640625001 0.8203125 0.7018694187500001 0.81640625 0.5754539140625 0.81640625 0.5649192890625 0.818359375 0.5398995546875 0.8369140625 0.5372658984375 0.8466796875 0.5346322406249999 0.9111328125 0.5412163828125001 0.927734375 0.55701831875 0.9296875 0.7097703890625 0.91796875
4 0.8230176124999999 0.93359375 0.9547004296875 0.91796875 0.969185540625 0.9091796875 0.9652350562500001 0.888671875 0.899393646875 0.880859375 0.7848295953125 0.8857421875 0.766394 0.9091796875 0.766394 0.9306640625 0.7756117984374999 0.935546875 0.8230176124999999 0.93359375
4 0.8558384562500001 0.888671875 0.921679865625 0.88671875 0.9704025078124999 0.8623046875 0.9677688515625 0.8427734375 0.9532837421875 0.837890625 0.8611057687500001 0.82421875 0.771561453125 0.822265625 0.76761096875 0.8251953125 0.76761096875 0.8759765625 0.7847297359375001 0.884765625 0.8558384562500001 0.888671875
4 0.9573340859374999 0.724609375 0.969185540625 0.7158203125 0.974452853125 0.6279296875 0.9678687125 0.62109375 0.8019483609375 0.625 0.76902765625 0.6455078125 0.766394 0.6572265625 0.76376034375 0.7138671875 0.767710828125 0.720703125 0.8888590203125 0.73046875 0.9573340859374999 0.724609375
4 0.7756117984374999 0.8203125 0.9573340859374999 0.818359375 0.969185540625 0.8134765625 0.9718191968750001 0.7744140625 0.9626013999999999 0.71875 0.7914137359375 0.720703125 0.7874632515625 0.7236328125 0.766394 0.7412109375 0.766394 0.7939453125 0.76902765625 0.8134765625 0.7756117984374999 0.8203125