7 0.298694815625 0.20634295156250002 0.6607305671875 0.2329043859375 0.688373746875 0.20966313125 0.84977398125 0.21364736093749997 0.85690758125 0.1618525796875 0.9318116140624999 0.1611885171875 0.9505375203125 0.1313069015625 0.9487541203125 0.11935426093749998 0.8114302640625001 0.11869022343749999 0.790920821875 0.10540950625 0.73830976875 0.10673758281250001 0.7409848 0.11935426093749998 0.5367824156250001 0.1206823265625 0.47525415625 0.10540950625 0.43780220937500003 0.1040814296875 0.421751334375 0.11935426093749998 0.209810459375 0.1213177328125 0.2113069125 0.145915696875 0.26035116875000003 0.174469234375 0.298694815625 0.20634295156250002
7 0.298694815625 0.411530071875 0.9398369843750001 0.4194984828125 0.9425121515624999 0.363719459375 0.9701553296875 0.3338378453125 0.9710469640625 0.292003590625 0.9425121515624999 0.26876233437499997 0.8711750546875001 0.2720825140625 0.6116863125 0.26942635937500004 0.1919732234375 0.2731723515625 0.175638365625 0.3650475875 0.2541091296875 0.439419559375 0.298694815625 0.411530071875
6 0.170288096875 0.2508333609375 0.238058325 0.2508333609375 0.238950025 0.2335684375 0.07826085 0.2341714390625 0.0775498578125 0.250169334375 0.1693963296875 0.2601298734375 0.170288096875 0.2508333609375
3 0.07487469062499999 0.8799506515625 0.061538440625 0.879761015625 0.0650658515625 0.8965515484375001 0.0775498578125 0.895223484375 0.07487469062499999 0.8799506515625
6 0.08111672656249999 0.9423700328125 0.0802249578125 0.9085042015625 0.061538440625 0.9079744421875 0.059715584375 0.9363937015625 0.0650658515625 0.9470182765624999 0.08111672656249999 0.9423700328125
7 0.6027691749999999 0.68996305 0.5929603390625 0.6859788203125 0.534225175 0.686416065625 0.5349989484375001 0.6999235890625 0.600985775 0.7019156921875 0.6027691749999999 0.68996305
4 0.0736419421875 0.6044032390625 0.49914675 0.5972941406250001 0.4977829234375 0.583075965625 0.511420896875 0.582060378125 0.5059657390625001 0.46171365 0.0973571890625 0.464623390625 0.08864371875 0.47796298750000005 0.0715962515625 0.4815175375 0.0736419421875 0.6044032390625
4 0.12955764218750002 0.69298710625 0.25093560937500003 0.6914637156250001 0.25093560937500003 0.6762299515625 0.5134666140624999 0.673690990625 0.5093752312500001 0.6000611390625 0.46641559218750006 0.6000611390625 0.44186724999999993 0.6000611390625 0.22775104218750003 0.60158453125 0.1007672484375 0.604860715625 0.07296002812499999 0.61986503125 0.0756876328125 0.6914637156250001 0.12955764218750002 0.69298710625
4 0.083188509375 0.8414977296874999 0.16092499843750002 0.8445445140625001 0.1636525515625 0.828802925 0.5155123296874999 0.821693828125 0.5127847265625001 0.690175665625 0.370949771875 0.69119124375 0.2959409125 0.69119124375 0.21888639062499998 0.69423801875 0.102472278125 0.6943333968750001 0.0770514359375 0.708456175 0.079779015625 0.843021103125 0.083188509375 0.8414977296874999
4 0.079779015625 0.9039561578124999 0.26389169375 0.9019249828125 0.26320980625 0.887199003125 0.5155123296874999 0.8861834343749999 0.51619421875 0.840482140625 0.17251725625 0.8414977296874999 0.16638015781249998 0.8465756499999999 0.10502982187500001 0.8459927671875 0.1036454703125 0.8587626500000001 0.079779015625 0.8597782765625 0.079779015625 0.9039561578124999
4 0.08182473125 0.9487416796874999 0.24820800312500002 0.9482338765625 0.51619421875 0.9472182874999999 0.5155123296874999 0.904563759375 0.3368548359375 0.90405595625 0.17251725625 0.905579346875 0.1067348515625 0.905641221875 0.105009271875 0.9208131125 0.08182473125 0.9238598953125001 0.08182473125 0.9487416796874999
4 0.6776714953125 0.5205162624999999 0.967478503125 0.5179773015625 0.9667965625000001 0.4575500578125 0.5304347671875 0.46018148437499995 0.5296994953125 0.5352422421874999 0.6769896078125 0.5357500265625 0.6776714953125 0.5205162624999999
4 0.5317452125 0.596685084375 0.932019790625 0.5946539265624999 0.936793059375 0.579927946875 0.9667965625000001 0.5789123593750001 0.9681603390625 0.5342266546875 0.7049474453125 0.5347344390625001 0.5594202734375 0.5382321218749999 0.5542478390625 0.5525071640625 0.5324271015625001 0.5530149671875 0.5317452125 0.596685084375
4 0.533108990625 0.6428941609375001 0.604708353125 0.6413708078125 0.604708353125 0.6276604156250001 0.9681603390625 0.626644828125 0.9688422781250001 0.595669496875 0.5611253046875 0.5966114609375001 0.5576573312499999 0.6124266515625 0.534472765625 0.6124266515625 0.533108990625 0.6428941609375001
4 0.5324271015625001 0.6738695124999999 0.769045934375 0.6718383359375 0.769045934375 0.658127925 0.9695242187499999 0.6571123578125 0.9667965625000001 0.6423863765625 0.560272790625 0.6435687546875 0.5617487140625 0.6586357484375001 0.5324271015625001 0.658127925 0.5324271015625001 0.6738695124999999
4 0.534472765625 0.7459176953125 0.8118276218749999 0.74490210625 0.9449758234375001 0.7413475578125001 0.9436120484374999 0.727637165625 0.9695242187499999 0.726621596875 0.9729337125 0.6976774406249999 0.6381214015625 0.7002164015625 0.5645353640625 0.7025826515625 0.55629355625 0.7164657546875 0.534472765625 0.7164657546875 0.534472765625 0.7459176953125
4 0.537909875 0.8210425125 0.574732415625 0.821550296875 0.5733685890625 0.8063165328125 0.9702336703125001 0.8047931609375001 0.9702336703125001 0.743350309375 0.6422404 0.746904878125 0.562524621875 0.747636271875 0.559048725 0.761630828125 0.5372279875 0.761123034375 0.537909875 0.8210425125
4 0.5365460984375 0.8647126296875 0.5754143046875 0.867251590625 0.59723504375 0.867251590625 0.6701982359375 0.86674380625 0.6995198499999999 0.8652204328125 0.6995198499999999 0.8510022562499999 0.8379453625 0.8525256296875 0.9750069421875001 0.8474477078125 0.9756888828125 0.821550296875 0.9381844515625 0.8190113359375 0.9293197484375 0.81799576875 0.9211369843749999 0.8210425125 0.5693447421875 0.82441779375 0.5610944421874999 0.8383074531249999 0.54063748125 0.83779965 0.5365460984375 0.8647126296875
4 0.537909875 0.9119373140624999 0.685881875 0.9129528828125 0.7199768109375 0.9109217265625 0.7199768109375 0.897211371875 0.9709156109375 0.8931490015625 0.9702336703125001 0.8657282171875 0.794985721875 0.866236021875 0.785439078125 0.8652204328125 0.7438432671874999 0.86877498125 0.6354214125000001 0.8682671781250001 0.6258748203125 0.867251590625 0.6204196093750001 0.869282765625 0.56593468125 0.8688368546874999 0.5685953171875 0.8850243156250001 0.537909875 0.88654770625 0.537909875 0.9119373140624999
4 0.9695517296875 0.9241243140625001 0.973643165625 0.9104139218749999 0.64633178125 0.9144762734375 0.56593468125 0.91579415 0.5679134296874999 0.9266632734375 0.759348034375 0.928186646875 0.9695517296875 0.9241243140625001
4 0.971418471875 0.940373684375 0.9721004125 0.9276789000000001 0.6863848406249999 0.928186646875 0.6802477421875001 0.927171078125 0.6734287546875 0.9312334109375 0.5678059515625 0.9316580999999999 0.5656887890625 0.9424048234375 0.676156359375 0.9434204296875001 0.971418471875 0.940373684375