3 0.9280688453125 0.8559176671875001 0.9129579937500001 0.8559176671875001 0.9129579937500001 0.87399656875 0.9280688453125 0.87399656875 0.9280688453125 0.8559176671875001
6 0.9277246203124999 0.8825343046875 0.9074679109374999 0.8825343046875 0.9074679109374999 0.9201758140624999 0.9277246203124999 0.9201758140624999 0.9277246203124999 0.8825343046875
7 0.72521234375 0.8128251109375 0.6202379015624999 0.8067955078125 0.624078465625 0.8261623796875 0.7242149140625 0.8255761203124999 0.72521234375 0.8128251109375
4 0.62042473125 0.9089706859375 0.6613170953124999 0.9098500703125 0.66311236875 0.897392203125 0.9044771828125 0.9009096953125001 0.9064719578125 0.8430171796874999 0.9054745703125 0.8329042859375001 0.6552603578125 0.829903128125 0.646555965625 0.845801884375 0.622818434375 0.847120953125 0.62042473125 0.9089706859375
4 0.858198975 0.7788801765625 0.8615900546875 0.7646635390625 0.897695109375 0.763051328125 0.9064719578125 0.760999440625 0.9110598718749999 0.6104255671875001 0.9078682828125 0.60280426875 0.6217494203125 0.6001892859375 0.6186294578125 0.75601628125 0.6254115828125 0.7778542328125 0.858198975 0.7788801765625
1 0.4757439578125 0.5530837703125 0.468961809375 0.5716973234375 0.668193834375 0.5758062515625 0.6726259015625 0.5620241375 0.665644275 0.5535234546875001 0.4757439578125 0.5530837703125
2 0.9149901359375001 0.07478293750000001 0.482773703125 0.0698035140625 0.47856988593749994 0.5432260171875 0.908734528125 0.5489037671875 0.9149901359375001 0.07478293750000001
2 0.46538059687500005 0.020562274999999998 0.027625698437500002 0.0179071484375 0.019898209375 0.32737318437499996 0.45999821093750004 0.32872503124999997 0.46538059687500005 0.020562274999999998
1 0.2738019984375 0.3398756484375 0.015066787500000001 0.3349486484375 0.017690359375 0.3542052046875 0.2653385234375 0.357990371875 0.2738019984375 0.3398756484375
2 0.4522707046875 0.3791446984375 0.020864490625000003 0.373773471875 0.017322375 0.5402846343750001 0.45116676875 0.545962384375 0.4522707046875 0.3791446984375
1 0.22670098906249997 0.5546797546875 0.010557464062499999 0.5522729625 0.014010568749999999 0.5722537125 0.227436959375 0.5725241171875 0.22670098906249997 0.5546797546875
4 0.1818078484375 0.7329512499999999 0.29661663437499997 0.7361956375 0.3050799921875 0.597225959375 0.0157109765625 0.5939386265625 0.0084909125 0.743765971875 0.17849608125 0.7443067515624999 0.1818078484375 0.7329512499999999
4 0.46809368281249997 0.75971775 0.4710374046875 0.74836225 0.5957814499999999 0.7475511390625 0.6053488609375 0.744847471875 0.6138122984375001 0.5988481609375 0.573334859375 0.5980370484375 0.318479846875 0.5972529421874999 0.31831577499999997 0.7182200109375 0.31959076406250003 0.75865805 0.46809368281249997 0.75971775
4 0.3185768140625 0.8086579265625 0.600560753125 0.8092824500000001 0.604810659375 0.7625991609375 0.4615389890625 0.7605694578125 0.346122353125 0.7599489187499999 0.3406765359375 0.7760264859375 0.317301834375 0.7761825953125 0.3185768140625 0.8086579265625
7 0.43608780312500006 0.8393164343749999 0.43502532499999996 0.8235471609375 0.3200961203125 0.8225618984375 0.313476909375 0.8388480375 0.4218504890625 0.8396287046875001 0.43608780312500006 0.8393164343749999
4 0.3073144609375 0.924095778125 0.597585790625 0.9272184109375001 0.6031106875 0.8596135125 0.6007731984375 0.8471230234375 0.340928296875 0.8447088468749999 0.3394015796875 0.8591451421875 0.3156018515625 0.8591451421875 0.3073144609375 0.924095778125
4 0.0440941640625 0.7757331171875 0.0351692453125 0.7916585406250001 0.0122195484375 0.791502390625 0.0054196453125000005 0.9220661 0.293683896875 0.9264611640625 0.299090878125 0.7860378 0.2876160125 0.7777628296875 0.0440941640625 0.7757331171875
7 0.0659813515625 0.7730788921875 0.07150628125 0.762461953125 0.054081504687500004 0.7546553796875 0.0139974234375 0.7569413093749999 0.0122195484375 0.7632426156250001 0.0145570265625 0.7718298421875 0.0659813515625 0.7730788921875