7 0.0523339703125 0.424968425 0.0460699703125 0.43339327031249997 0.0500709953125 0.45160459062499997 0.22820738125 0.4570545453125 0.23471231874999998 0.45275249375 0.23760338124999997 0.43464803593749995 0.22748464375 0.431421496875 0.15328048593750002 0.4260439390625 0.0523339703125 0.424968425
4 0.24218089375 0.5845046078125 0.25205873125 0.5604848296875 0.25398611875 0.465455475 0.19921773125 0.46264027968750004 0.126297171875 0.46133267812499995 0.074971640625 0.46200856718749994 0.0735351390625 0.4801780640625 0.0441426015625 0.479819559375 0.0443835203125 0.5800233078125 0.085340346875 0.5819950765625 0.20748806874999998 0.5875518890625 0.24218089375 0.5845046078125
4 0.0950077859375 0.6719569812499999 0.103463496875 0.6558793296875 0.25237802187499997 0.655355065625 0.2526129171875 0.6081706671875 0.1903694484375 0.602753203125 0.072928971875 0.602054171875 0.07104991875 0.601904275 0.06917088125000001 0.6197294906249999 0.043099090625 0.6186809515625 0.041454921875 0.669685134375 0.0950077859375 0.6719569812499999
4 0.2875406265625 0.663717821875 0.4044639515625 0.66337465625 0.40919612812499995 0.6506773453125 0.47192421093750003 0.6527363828125 0.474230390625 0.648618321875 0.4762509296875 0.62270895 0.46149135937499997 0.620821515625 0.314126484375 0.62116468125 0.295009365625 0.6241211578125 0.294459165625 0.633690409375 0.26978304999999997 0.6360925984375 0.27024427812499996 0.6626883140625 0.2875406265625 0.663717821875
4 0.270770296875 0.60874136875 0.31643266406250004 0.6114867234375 0.42044138750000004 0.6109719625000001 0.41974952656250003 0.5974167312499999 0.47740402031249995 0.5987894125000001 0.47855710937499996 0.556407853125 0.41075540312500003 0.5538340749999999 0.3136652375 0.5531477328125 0.298469209375 0.55673444375 0.297521978125 0.5661882140625 0.274921428125 0.5643007718749999 0.2714621578125 0.5682472390625 0.270770296875 0.60874136875
4 0.2742295671875 0.5483441 0.30227885 0.5525808734375001 0.3655891515625 0.55126616875 0.3661192640625 0.535358228125 0.480178453125 0.534832353125 0.4821221890625 0.43461862343749996 0.470283153125 0.43290950625 0.314255203125 0.4338298 0.3013524125 0.43376442031250007 0.3023649703125 0.45223622812500003 0.275843903125 0.45137830156250003 0.27538265625 0.5363331312499999 0.2742295671875 0.5483441
0 0.9406770578125 0.9012708999999999 0.9417122453125 0.8284393265625001 0.9550178765625 0.824093121875 0.9616565375 0.6299359140624999 0.9526592640624999 0.42892237031249997 0.49440260625 0.42120125625 0.4908089015625 0.5954834484375 0.4887484921875 0.892287415625 0.48819174062500004 0.8985075515625001 0.9406770578125 0.9012708999999999
6 0.945345290625 0.8598288171874999 0.9453199281250001 0.898459303125 0.9687793296875 0.8973851843749999 0.9667943203125 0.8580457593749999 0.945345290625 0.8598288171874999
3 0.9476658734375001 0.8325355515625 0.949109534375 0.851466809375 0.9693207078125001 0.8489157921875 0.9637265296875 0.8305215875 0.9476658734375001 0.8325355515625
4 0.51053411875 0.40237379687499997 0.555163021875 0.40220092812499997 0.59904365 0.406868859375 0.6899286015625 0.40738752187499994 0.8244620062499999 0.40963504687499996 0.8862916500000001 0.40773329374999995 0.88652406875 0.391654821875 0.9462617328125 0.391654821875 0.9483537140625 0.36070809062500003 0.9504456937500001 0.3281881796875 0.8181860656250001 0.323866015625 0.7891307890625 0.3216184890625 0.7177710234375 0.3202353953125 0.5795212109375 0.3193709578125 0.53862701875 0.3228808734375 0.540519159375 0.338241859375 0.5089070203125 0.3378960875 0.507047490625 0.3975329734375 0.51053411875 0.40237379687499997
4 0.1695720375 0.0666920921875 0.24053932968749997 0.0681043828125 0.44256384375 0.0700462796875 0.4916950265625 0.0700462796875 0.4933564875 0.0472731125 0.4922348375 0.024523978125000002 0.4751457515625 0.020816707812499998 0.320389825 0.0209932484375 0.1594673390625 0.018521740624999998 0.10582647187500001 0.01763905625 0.1048770953125 0.070828221875 0.1048770953125 0.08565725468749999 0.1421408484375 0.08583379062499999 0.14232699843750002 0.073945465625 0.14298896875 0.0725177828125 0.1455998046875 0.0695166671875 0.1695720375 0.0666920921875
0 0.049515674999999995 0.88428178125 0.2520538875 0.8890327296875 0.45656078281249995 0.8911136687500001 0.46746522968750004 0.8922723124999999 0.46928261875 0.88898948125 0.473826146875 0.7003870546875001 0.4705807703125 0.6983594203125 0.047632706250000004 0.6943637375 0.043394279687499995 0.7005287296875 0.039402073437500004 0.8728003203125001 0.0412651078125 0.88151040625 0.049515674999999995 0.88428178125
6 0.44387550468750003 0.9039607296875 0.45055965468750003 0.8956362468749999 0.45118145624999995 0.891820853125 0.40983295000000003 0.8907802921875 0.35558243125 0.8904334421875 0.35403678125 0.8904334421875 0.35403678125 0.8994516390625 0.390100146875 0.901301521875 0.44387550468750003 0.9039607296875
6 0.030157656249999998 0.9663146609375 0.055255940625 0.9667591281249999 0.06272567500000001 0.9558696531249999 0.060335370312500004 0.94898036875 0.050176532812499994 0.94320226875 0.045395903125 0.9389798125000001 0.030456434375 0.9472024828125001 0.0098400015625 0.945202371875 0.0071508984375 0.9532028171875 0.011632709375 0.9614255187499999 0.030157656249999998 0.9663146609375
4 0.4880604625 0.1943359375 0.49068444375000003 0.1259765625 0.484124490625 0.09765625 0.28207795468749997 0.09375 0.1102072015625 0.0966796875 0.1049592390625 0.1943359375 0.111519190625 0.2109375 0.3844132125 0.21484375 0.4880604625 0.1943359375
4 0.43426885156250006 0.30859375 0.45263671875 0.306640625 0.48543648125 0.2880859375 0.4880604625 0.2490234375 0.481500509375 0.228515625 0.20860648906249998 0.220703125 0.119391134375 0.22265625 0.1049592390625 0.2275390625 0.1023352578125 0.2822265625 0.1049592390625 0.3017578125 0.111519190625 0.3046875 0.43426885156250006 0.30859375
4 0.4828125 0.3955078125 0.481500509375 0.3203125 0.360797384375 0.30859375 0.119391134375 0.3125 0.1023352578125 0.3193359375 0.09971127656249999 0.3740234375 0.1062712296875 0.396484375 0.426396909375 0.400390625 0.4828125 0.3955078125
4 0.9433211625 0.080078125 0.9525050953124999 0.0693359375 0.9485691234375 0.03125 0.596955671875 0.0234375 0.566779890625 0.0283203125 0.5641559093749999 0.0654296875 0.5707158625 0.08984375 0.8304899796875 0.09765625 0.9433211625 0.080078125
4 0.8278659984375001 0.234375 0.9472571328124999 0.2197265625 0.9498811140625 0.1103515625 0.9433211625 0.10546875 0.6126995578125001 0.1015625 0.5605524359375 0.0950432078125 0.5641559093749999 0.1201171875 0.5615319296875 0.2138671875 0.555444896875 0.2357071515625 0.63369140625 0.234375 0.8278659984375001 0.234375
4 0.9446331515624999 0.2919921875 0.9472571328124999 0.2529296875 0.93544921875 0.25 0.796378228125 0.240234375 0.5641559093749999 0.2431640625 0.5589079484374999 0.2880859375 0.5654679015624999 0.3046875 0.86460173125 0.3125 0.9446331515624999 0.2919921875
6 0.5313561484375 0.240234375 0.514300271875 0.2431640625 0.511676290625 0.2509765625 0.52348420625 0.2578125 0.54054008125 0.2490234375 0.5313561484375 0.240234375
6 0.0695354953125 0.3125 0.055103599999999996 0.3154296875 0.055103599999999996 0.3251953125 0.061663553125000006 0.328125 0.0787194296875 0.3232421875 0.0695354953125 0.3125
6 0.0747834578125 0.22265625 0.059039571874999995 0.22265625 0.059039571874999995 0.236328125 0.0695354953125 0.23828125 0.0787194296875 0.2333984375 0.0747834578125 0.22265625
6 0.086591371875 0.0966796875 0.0669115140625 0.091796875 0.0603515625 0.1025390625 0.0669115140625 0.107421875 0.0826554015625 0.107421875 0.086591371875 0.0966796875
6 0.54578804375 0.1005859375 0.5339801296875 0.09765625 0.5103643 0.1015625 0.51298828125 0.109375 0.5287321671874999 0.11328125 0.548412025 0.1083984375 0.54578804375 0.1005859375