7 0.09532352499999999 0.170266525 0.08447291875 0.1954088390625 0.9489041828125 0.21103795 0.9181605953125 0.0989167046875 0.843110584375 0.092801046875 0.8177925187499999 0.069017771875 0.776198565625 0.068338234375 0.742742796875 0.0982372203125 0.6586504125 0.0961986625 0.5836004015625 0.060863465625 0.5501446328124999 0.0941600484375 0.06716838750000001 0.07895744375 0.0817602546875 0.123379515625 0.0636759421875 0.1451242484375 0.09532352499999999 0.170266525
7 0.5257305624999999 0.41217648906250004 0.5935467703125 0.413535528125 0.68758533125 0.40877887343749997 0.6966275125 0.36664851875000004 0.7029570281249999 0.323838625 0.7210415828125 0.33063374843750004 0.7689650515625 0.3184024328125 0.7988039687499999 0.30481200625 0.8159843328124999 0.2973371640625 0.824122034375 0.3156843546875 0.8458232484374999 0.32791574218749997 0.8801834953125001 0.3218000484375 0.9217774484374999 0.30481200625 0.9389575234375 0.28510585 0.9362451500000001 0.2450139625 0.909118415625 0.2409369171875 0.8883216796875001 0.222589728125 0.8467277265625001 0.21579460468749997 0.8177925187499999 0.22123068906249999 0.8250265140625 0.24161634687500003 0.625194353125 0.24161634687500003 0.5989720984375 0.22191029843750001 0.55195281875 0.205601684375 0.519401046875 0.2246283046875 0.3742885859375 0.22159025156249998 0.3638759859375 0.403342609375 0.43440466562499996 0.40877887343749997 0.5257305624999999 0.41217648906250004
7 0.6631714546875 0.42231353125000004 0.3774547734375 0.42127618125 0.3674926453125 0.4698800796875 0.6541295640625 0.46716199999999997 0.6631714546875 0.42231353125000004
2 0.3602591328125 0.22043979375 0.0782500453125 0.21802443125 0.0772390671875 0.47594007656250004 0.361163128125 0.4772992234375 0.3602591328125 0.22043979375
3 0.9568968812499999 0.8790357906249999 0.94135146875 0.8765152 0.9437613109375 0.889838465625 0.9583839859375001 0.8889072296875 0.9568968812499999 0.8790357906249999
6 0.9578882140625 0.8939360578125 0.9391818859375001 0.89247891875 0.9355826374999999 0.926902825 0.9596230968749999 0.92802035 0.9578882140625 0.8939360578125
4 0.4723002390625 0.5552292859375 0.5056651265625 0.5566620328125 0.5113848515625 0.51152913125 0.0824961546875 0.51055058125 0.063754515625 0.5648942875 0.4635766546875 0.567511578125 0.4723002390625 0.5552292859375
4 0.552735771875 0.7486298109375 0.9156403640624999 0.7528175 0.936536946875 0.7465359125 0.9344473484375 0.5198764453125 0.5188187796875 0.51863966875 0.5123354484375 0.7611928765625 0.552735771875 0.7638102234375 0.552735771875 0.7486298109375
4 0.13689270625 0.7245504656249999 0.137589275 0.7072762671875 0.49770781093750005 0.7119874296875001 0.505369896875 0.5701289109375 0.09564522187499999 0.558927440625 0.07002361093750001 0.5847858890625 0.0735062734375 0.7235035437499999 0.13689270625 0.7245504656249999
4 0.072113171875 0.738117603125 0.0651477296875 0.8904454109375 0.124354740625 0.8925392562500001 0.132016825 0.8784056828125 0.497011425 0.8862576953125 0.49074225781249997 0.720319928125 0.1444260359375 0.7136691140625 0.1062443265625 0.7218902421875 0.0992788859375 0.7339299703125 0.072113171875 0.738117603125
4 0.9316610671875001 0.8391030484374999 0.927481721875 0.7637244109375 0.5358920640625 0.7621975671875 0.503280221875 0.7768109515625 0.5025836890625001 0.832298040625 0.9316610671875001 0.8391030484374999
4 0.066540834375 0.9029655421875 0.0658441890625 0.92861525625 0.49492175312500003 0.9354202921875 0.4991011 0.894066746875 0.12491370937499999 0.8867234093749999 0.10136844687499999 0.8893555 0.0950994640625 0.9013952281250001 0.066540834375 0.9029655421875
4 0.9344473484375 0.926521440625 0.933054134375 0.8459081390625001 0.513940696875 0.8400262187499999 0.500494015625 0.9291387609375 0.927481721875 0.9359437390625001 0.9344473484375 0.926521440625