7 0.17620973906249998 0.07125926406250001 0.17429804375 0.057432685937500005 0.1597397875 0.058411360937500004 0.1592986234375 0.060368721874999996 0.081066325 0.0596075265625 0.078860528125 0.06384846250000001 0.0801940546875 0.074967190625 0.1362112671875 0.0751739765625 0.1422404578125 0.0725641671875 0.1585633578125 0.07321661874999999 0.17620973906249998 0.07125926406250001
4 0.10340086562499999 0.1345446296875 0.16701485625 0.1346476109375 0.19303589999999998 0.13355328125000002 0.19389915468750002 0.11905346562500001 0.2939289953125 0.11923585 0.2956555046875 0.1071982703125 0.294052325 0.07523403281249999 0.2227718859375 0.0729541859375 0.1735661984375 0.0732277671875 0.1466818828125 0.07359254374999999 0.1367788734375 0.07669313125 0.0978089515625 0.0767843265625 0.09197743281250001 0.07787508125 0.09240001406250001 0.09149193125 0.07954509374999999 0.09222315 0.0789270703125 0.134453228125 0.10340086562499999 0.1345446296875
4 0.0789932828125 0.301913190625 0.111101721875 0.301738409375 0.1630114453125 0.302023146875 0.206401053125 0.3038189765625 0.296094490625 0.3017837015625 0.2967420890625 0.29148761562500003 0.29577069375 0.2305601953125 0.29577069375 0.13639518281250002 0.28573278125 0.135557128125 0.28249475 0.13435990625 0.1924775140625 0.134838796875 0.11148096562500001 0.134826421875 0.09351212343750001 0.1380933203125 0.09237509375 0.14061374375 0.0927571203125 0.15137567031250002 0.0828847921875 0.1497045125 0.0787217625 0.151287715625 0.0789932828125 0.301913190625
4 0.0966114390625 0.3930706640625 0.107508534375 0.3933422890625 0.1791355140625 0.392527421875 0.1792579421875 0.37840308437500003 0.2327722328125 0.37813145625 0.2959305390625 0.3799267359375 0.2972773609375 0.37530916406250003 0.2976980640625 0.34738102656250003 0.2966780578125 0.30334172656249997 0.19549344062500001 0.304397703125 0.1543630984375 0.30542775624999996 0.15069400156249999 0.302533675 0.1444565375 0.3024432359375 0.14042052656249998 0.3023527953125 0.097639103125 0.3024432359375 0.0942354984375 0.3037379734375 0.0945676359375 0.317497059375 0.0802905921875 0.3173698640625 0.0804626 0.3908681953125 0.0966114390625 0.3930706640625
7 0.11098641406250001 0.41886249062500003 0.11413223749999998 0.41817323125000005 0.11436525625 0.407145084375 0.07985291718750001 0.4068152484375 0.0775475515625 0.40886823281250007 0.0794117375 0.4191209609375 0.11098641406250001 0.41886249062500003
4 0.076946825 0.5717355390625001 0.1190863234375 0.5706226328125 0.1205913015625 0.554671140625 0.17451981562500002 0.5576388578125 0.2964233578125 0.5578243515625 0.2949183609375 0.4203470078125 0.2520263640625 0.4192341046875 0.1989939140625 0.4178227484375 0.1330257703125 0.41934717812500005 0.10784959062499999 0.41916147812500004 0.09106903281249999 0.42222491562500003 0.09094640000000001 0.43676516562499995 0.0775475515625 0.43676516562499995 0.0761778296875 0.49050194375 0.076946825 0.5717355390625001
4 0.0866801265625 0.6177175953125 0.1785164796875 0.6181361515625 0.22065901718749997 0.6180111078125 0.29381679374999997 0.6178018359374999 0.2955148421875 0.5758416640624999 0.2911281984375 0.571237553125 0.2203760125 0.5711329125 0.093573503125 0.5733303296875001 0.090436315625 0.5749611453125001 0.091208275 0.5883140874999999 0.078897390625 0.588523365625 0.07903889375 0.6163572953124999 0.0866801265625 0.6177175953125
7 0.3642621546875 0.7032187125 0.36624540625 0.6898470796875 0.3789615875 0.6907960359375 0.41979332343750003 0.68915693125 0.417810053125 0.673801121875 0.40952705468749995 0.673369778125 0.40532721250000003 0.6759578359375 0.342096353125 0.6735423140625 0.32378039687500004 0.6734560468749999 0.3207573828125 0.6752535328125 0.3082643421875 0.6749226125 0.308730990625 0.7026148359375 0.35002937031250003 0.70477155 0.3642621546875 0.7032187125
4 0.3618522671875 0.21113494375 0.38915906875 0.2095596265625 0.38799707968749997 0.1965274765625 0.51922104375 0.1946657421875 0.51844639375 0.1654508078125 0.5176717156249999 0.0910720828125 0.5180590390625001 0.059422575 0.5043088234375 0.0564151546875 0.4423359171875 0.0565583640625 0.3429856359375 0.0577040484375 0.3013475921875 0.0578472609375 0.301005815625 0.060577729687500005 0.3002667 0.10280484062499999 0.30142868906250003 0.165562521875 0.301622365625 0.21113494375 0.3618522671875 0.21113494375
7 0.32762556875 0.233956046875 0.34627793906250004 0.2339264015625 0.368743109375 0.23464245312499998 0.3890779640625 0.23278071875 0.3881096375 0.2207510390625 0.35789785625000003 0.21817325312500002 0.3364010125 0.2186028828125 0.3312775296875 0.22106751249999998 0.30328424374999996 0.22159980468749998 0.3025095890625 0.23234058906250002 0.31432316718750003 0.23577764218750003 0.32762556875 0.233956046875
4 0.30580458906249997 0.3431814828125 0.3672133546875 0.3423879046875 0.5202742406249999 0.3426524296875 0.5218243671875 0.33674469687499997 0.52218209375 0.32995521562499996 0.5202742406249999 0.2626388171875 0.5200357624999999 0.2362486015625 0.48819860625 0.2349259734375 0.394118 0.233956046875 0.3825516890625 0.2350141484375 0.33060220625 0.23660129843750002 0.329409803125 0.234573271875 0.322493865625 0.2347496234375 0.319751340625 0.2356313734375 0.31832045625 0.2366894765625 0.318752434375 0.2366905234375 0.3210673515625 0.25194377343749996 0.30449294843749997 0.25273734375 0.3046121859375 0.28714503125 0.30580458906249997 0.3431814828125
4 0.5065121953125 0.6471252078124999 0.5095924015625 0.632654878125 0.5228192015625 0.631583003125 0.5208261390625 0.543774015625 0.5181083046875 0.5412283046875 0.5077805109375 0.5384146328125 0.41881673125 0.5393525218749999 0.33112128125 0.541094325 0.3047198328125 0.5428216015625 0.3053924390625 0.61640345625 0.307204328125 0.650608803125 0.367902634375 0.6510107609375 0.5065121953125 0.6471252078124999
4 0.3082914609375 0.8156321859375 0.3064795703125 0.8270208703125 0.3082914609375 0.9082646171875 0.317532109375 0.911078290625 0.3932690890625 0.9153658015625 0.4240712140625 0.9117482125 0.4246147859375 0.896339996875 0.4974527453125 0.8964739890625 0.501076525 0.8869610781249999 0.50198246875 0.827710440625 0.5048815046875 0.8008938859375 0.50433793125 0.7208756453125 0.5101359734375001 0.7165881390625 0.5101359734375001 0.7082810984375 0.5025260421875 0.7039935921875 0.4655635046875 0.7011799171875001 0.39580573750000003 0.7011799171875001 0.3697145234375 0.7033236703125 0.3646412390625 0.705601409375 0.3251420390625 0.7060033609375 0.3205765 0.7078868265625 0.322967778125 0.720588028125 0.30919740625 0.720588028125 0.3086538453125 0.7644206296875 0.3082914609375 0.8156321859375
4 0.5302484062499999 0.882632515625 0.5413878375000001 0.88311705625 0.653764975 0.8836016062500001 0.6560583765625 0.8683383453125 0.7255160140625 0.870034265625 0.7255160140625 0.8254558421875 0.7238778640625 0.72001335625 0.7212568125 0.6795003046875 0.6986503 0.67731984375 0.5738232046875 0.6765930234375 0.5377838859375 0.6761084734375 0.538303840625 0.679734803125 0.5407325609375 0.6916495359375 0.526972103125 0.6914072609375 0.5272997296875 0.740104334375 0.5302484062499999 0.882632515625
4 0.7482395453125 0.9072996671875 0.761672378125 0.9087533062500001 0.8111445312500001 0.9116605874999999 0.8737218906249999 0.9080264781249999 0.8760152921875 0.8927632265625001 0.9536636859375 0.8917941265625 0.9513702343749999 0.7718684828125 0.950714984375 0.70839201875 0.9264703703125001 0.70718065 0.819335284375 0.7066961015625 0.7823130640625 0.70839201875 0.7721887109375001 0.71155191875 0.7764157359375 0.7248559953125 0.749550046875 0.7265519140625 0.7488947953125 0.8118323703125 0.7482395453125 0.9072996671875
7 0.85897853125 0.7035110140625 0.8557022312499999 0.6865518328125 0.8199905359375 0.686067284375 0.7931248703125 0.6863095671874999 0.782838459375 0.687916346875 0.749550046875 0.6889745734375 0.7534816234374999 0.7059337546875 0.8488220015625 0.7049646546874999 0.85897853125 0.7035110140625
4 0.7819854390625001 0.6619933359375 0.8353891687500001 0.6605396953125 0.8360444203125 0.646730084375 0.9192625156249999 0.6489105546875 0.950387384375 0.6457609843750001 0.9516978859374999 0.569202390625 0.9513702343749999 0.5551504984375 0.8252326375000001 0.5539391296875 0.8216286859374999 0.5524854875 0.81048928125 0.5524854875 0.8091787546875 0.555392778125 0.7754469703125 0.5554808062500001 0.77141539375 0.5537141359375 0.764696090625 0.553603721875 0.7639495015625 0.555259971875 0.7488684015625 0.557357890625 0.747612365625 0.5588297640625 0.7482395453125 0.570898309375 0.7334961875 0.5716251296875 0.7331685359375 0.6593283265625 0.7819854390625001 0.6619933359375
7 0.7366243296875 0.5551495562500001 0.768578353125 0.5530516390625 0.7781346984375 0.5545974734375 0.7978446484374999 0.5527203890625 0.796799428125 0.5413474734375 0.73424309375 0.5419390734375 0.7319954796875 0.5453224703124999 0.7331900265625 0.551616221875 0.7366243296875 0.5551495562500001
4 0.7326653703125 0.4373360953125 0.7326653703125 0.4912518125 0.7334119609374999 0.5377370734375 0.7419719406249999 0.5371170578125 0.7599660796875 0.5372081984375 0.7618147937499999 0.5365702296875 0.7634170140625 0.52353744375 0.8554554718749999 0.5256336265625 0.9497546796874999 0.5239944734375 0.9504625062500001 0.4867437359375 0.950708996875 0.39803256875000004 0.9505857609374999 0.3228232390625 0.9271693421875 0.325466253125 0.8862511515625 0.3235523453125 0.88243046875 0.3240080359375 0.8470578140624999 0.323643484375 0.7983073203125 0.32501056093749997 0.74887625625 0.326833328125 0.7480572875 0.328848 0.7501355546874999 0.34232918125 0.7337105921875 0.34288126406249997 0.7328146875 0.354364596875 0.7326653703125 0.4373360953125
7 0.8383229703125 0.3239581375 0.8662253140624999 0.3228405109375 0.86878304375 0.3212070625 0.8684342609375 0.3109765015625 0.8571570671875 0.3089132 0.8169311796875001 0.3089991671875 0.7353168234374999 0.30925708125 0.7343313921875 0.3105591390625 0.735898121875 0.3236142515625 0.7575224421875 0.32498978749999996 0.8003060312500001 0.32404410625 0.8383229703125 0.3239581375
4 0.7316772109375 0.1380406296875 0.7307471375000001 0.188103025 0.7336005765625 0.299732721875 0.7445125109374999 0.3022155203125 0.791182015625 0.3022155203125 0.7926928875 0.2860773375 0.9034597062499999 0.2880382703125 0.9504048265625 0.28729343281249997 0.9490618156249999 0.0708756984375 0.8998741718750001 0.0695101609375 0.8703280156250001 0.07224123593750001 0.7660770796875 0.073358496875 0.7467713515625001 0.073358496875 0.7461046484375 0.0747526875 0.7460934234375001 0.0870380921875 0.7326072921875 0.0854906140625 0.7305146140625001 0.091250678125 0.7316772109375 0.1380406296875
7 0.7324595609375 0.0717604390625 0.7826355375 0.0727230375 0.8334032203125 0.0717604390625 0.8349416390625001 0.05653386406250001 0.7458407015625 0.056498334375 0.7409800078125001 0.0554837546875 0.7300927703125 0.0561838296875 0.7324595609375 0.0717604390625
2 0.7305899484375 0.660024090625 0.731304553125 0.6513048375 0.7305899484375 0.5350147828125 0.7270168703125 0.192910515625 0.7248730296875 0.053634495312499995 0.5315694890625 0.055484046875000005 0.522829975 0.05701956406250001 0.5222794921875 0.2151878890625 0.5254952687500001 0.5877514546875 0.5251379515625 0.6592314328125 0.7305899484375 0.660024090625
2 0.3921975265625 0.5381907234375001 0.46233531406250006 0.5373234140625 0.46468105781249996 0.52708918125 0.5094848062499999 0.52708918125 0.50578833125 0.34698624843750003 0.3207090359375 0.3471597140625 0.309684040625 0.34785355625 0.308746159375 0.34970643125 0.3110628796875 0.5280448046874999 0.384150790625 0.5286453140625 0.38496286562500004 0.5370525734375 0.3921975265625 0.5381907234375001
2 0.282242484375 0.902687965625 0.2839557296875 0.6248171296875 0.0879603390625 0.6249422703125 0.08807654375 0.90775550625 0.0943583734375 0.9098669875000001 0.2811003484375 0.9107115984374999 0.282242484375 0.902687965625
6 0.0768330609375 0.8742285875 0.0612515 0.8739393640625 0.049952809375000004 0.8749786765625001 0.0524886828125 0.9147331812499999 0.074550771875 0.91417061875 0.0768330609375 0.8742285875
3 0.0760722921875 0.8451628 0.0593492796875 0.8453256015624999 0.056799659375 0.8573516765625 0.056546074999999994 0.8657901328125 0.07353641875 0.8654150953125 0.0760722921875 0.8451628