7 0.23837063125000002 0.103515625 0.22963453281250001 0.1103515625 0.22963453281250001 0.1142578125 0.2358746015625 0.1171875 0.37440413125 0.1162109375 0.376900159375 0.1044921875 0.355683925 0.1015625 0.25833885156249997 0.1015625 0.23837063125000002 0.103515625
7 0.15225767968749998 0.3701171875 0.14851363906249998 0.361328125 0.1272974046875 0.3603515625 0.12854541875 0.37109375 0.15225767968749998 0.3701171875
7 0.12355336406249999 0.541015625 0.1547537078125 0.5400390625 0.1597457625 0.5341796875 0.1584977484375 0.529296875 0.119809321875 0.5283203125 0.12355336406249999 0.541015625
2 0.3082594015625 0.751953125 0.1185613078125 0.751953125 0.11731329531250001 0.9541015625 0.2870431671875 0.9560546875 0.3057633734375 0.955078125 0.3095074140625 0.9521484375 0.3120034421875 0.7548828125 0.3082594015625 0.751953125
2 0.12854541875 0.138671875 0.124801378125 0.3505859375 0.12854541875 0.353515625 0.3120034421875 0.3525390625 0.31699549843749997 0.1416015625 0.3057633734375 0.138671875 0.19094610781250002 0.13671875 0.12854541875 0.138671875
2 0.5316538671875 0.4814453125 0.5316538671875 0.3603515625 0.5279098249999999 0.357421875 0.47050119218750003 0.35546875 0.3456998140625 0.357421875 0.3419557734375 0.3642578125 0.3394597453125 0.4072265625 0.3419557734375 0.5400390625 0.33696371875 0.5458984375 0.3319716625 0.8330078125 0.353187896875 0.837890625 0.52166975625 0.8408203125 0.5266618109375 0.8369140625 0.5291578390625 0.7548828125 0.5266618109375 0.5126953125 0.5316538671875 0.4814453125
2 0.5541181140625 0.4775390625 0.5566141421874999 0.6416015625 0.567846265625 0.64453125 0.7413201796875 0.6435546875 0.746312234375 0.4755859375 0.74256819375 0.47265625 0.55786215625 0.47265625 0.5541181140625 0.4775390625
7 0.776264565625 0.4541015625 0.7874966890625 0.462890625 0.8236890890625 0.4619140625 0.8361692265625 0.4599609375 0.8349212125 0.451171875 0.78000860625 0.451171875 0.776264565625 0.4541015625
7 0.3444518015625 0.2724609375 0.3456998140625 0.279296875 0.4093485171875 0.2802734375 0.420580640625 0.279296875 0.4218286546875 0.2724609375 0.38563625468749996 0.267578125 0.3444518015625 0.2724609375
4 0.1725648234375 0.5065273203125 0.177083846875 0.49026794999999995 0.32169260624999996 0.4916818 0.3207887453125 0.375038546875 0.1327974015625 0.375745478125 0.1228555640625 0.3912979171875 0.1210479125 0.505820375 0.1725648234375 0.5065273203125
4 0.316269721875 0.7433484406249999 0.31807737343750003 0.543994540625 0.130169471875 0.5448275875 0.11924033125 0.5637885421875 0.1174326796875 0.74476233125 0.316269721875 0.7433484406249999
4 0.5295879546875 0.846206603125 0.3335593015625 0.841909815625 0.3307509125 0.9579013468750001 0.5295879546875 0.9579013468750001 0.5295879546875 0.846206603125
7 0.677671478125 0.6640625 0.5878144859375001 0.662109375 0.5479093546875 0.6607142953125 0.552616671875 0.677651153125 0.5690942796875 0.6748046875 0.610278734375 0.671875 0.677671478125 0.673828125 0.68141551875 0.6669921875 0.677671478125 0.6640625
4 0.7484410593749999 0.9607375078124999 0.7474995390625 0.8620620171875 0.5640301109375 0.8604111421875 0.551675221875 0.8789988484375 0.551675221875 0.9600011343749999 0.7484410593749999 0.9607375078124999
4 0.7493824359375 0.8583800968749999 0.7465581609374999 0.678702390625 0.5640301109375 0.6762083703124999 0.5507337015625 0.6949028203125 0.5507337015625 0.8583800968749999 0.7493824359375 0.8583800968749999
4 0.7672703249999999 0.96084316875 0.9659189890625001 0.95863399375 0.96874340625 0.7465554156249999 0.7853107125000001 0.7443633968750001 0.774802059375 0.7612830984375 0.769153221875 0.8776317359375 0.7672703249999999 0.96084316875
4 0.96780203125 0.710472525 0.96780203125 0.596332978125 0.7841336875 0.596080165625 0.7710361203125 0.6154789828125 0.7682117015625 0.7119452984375 0.96780203125 0.710472525
4 0.77009474375 0.59559660625 0.8209337031249999 0.5933874593749999 0.8209337031249999 0.5779233875 0.88966055 0.5801325625 0.97439224375 0.5742414671875 0.96780203125 0.5631957046875 0.9715678265625 0.5226945749999999 0.9706263046875 0.464520215625 0.7864877375 0.46437518437499997 0.7766849578125 0.4858753671875 0.7710361203125 0.4983938890625 0.77009474375 0.59559660625
4 0.8086946515625 0.4311022453125 0.809636171875 0.4185837078125 0.9706263046875 0.41416541406249996 0.96874340625 0.33316315625000004 0.7876647609375 0.3335912171875 0.774802059375 0.3515727609375 0.7738605390625 0.43257501875 0.8086946515625 0.4311022453125
4 0.8105775484375 0.3159584375 0.972509346875 0.31743121093750004 0.972509346875 0.1495356203125 0.777071540625 0.151230475 0.77291901875 0.3328952671875 0.809636171875 0.3306861203125 0.8105775484375 0.3159584375
4 0.7531483765625 0.44760791875 0.7578556921875 0.15158149999999998 0.5581449875 0.14846743281250002 0.5535581203125 0.46528115000000003 0.7418508453125 0.46454474843750004 0.7531483765625 0.44760791875
4 0.5375532734374999 0.34819605625 0.54037761875 0.28339425625 0.35687380156250004 0.28293545625 0.3398459859375 0.2981219390625 0.3379630171875 0.3474596828125 0.5375532734374999 0.34819605625
4 0.482948375 0.2570028765625 0.48483127187499997 0.244484340625 0.5356703031250001 0.24522074218749998 0.54037761875 0.146545253125 0.3380414109375 0.1420203375 0.3398459859375 0.2606847984375 0.389743496875 0.2628939453125 0.482948375 0.2570028765625