7 0.1713970375 0.20045974218749998 0.21468000781250002 0.20143421250000001 0.23313891406249998 0.2194612953125 0.2840600265625 0.217999659375 0.2942442578125 0.20484472031249998 0.4649830640625 0.20581915781250001 0.621634296875 0.20776802968750002 0.7311147499999999 0.21117860624999998 0.8724209203125 0.2116658078125 0.8826051078124999 0.2063063921875 0.8876972015625 0.1307872984375 0.39821787343750004 0.122017340625 0.3644825984375 0.096681903125 0.3021041890625 0.0947330140625 0.28491830625 0.106426296875 0.24036230937499997 0.1074007328125 0.22347787187499998 0.11686466874999998 0.109655159375 0.11665790937500001 0.103926575 0.1478400296875 0.103926575 0.1790220671875 0.1713970375 0.20045974218749998
6 0.0326043234375 0.9414612640625 0.0531646859375 0.9402955171875 0.0573529046875 0.9347580656250001 0.0577336640625 0.9032821984374999 0.044591425000000004 0.901775403125 0.035269557812500005 0.9018249875000001 0.031842829687500004 0.912899828125 0.0310813390625 0.9347580656250001 0.0326043234375 0.9414612640625
3 0.0562106796875 0.8738464359375 0.034740384375 0.87389333125 0.033746559375 0.893081684375 0.05049945 0.89541323125 0.056972171875 0.8933731375 0.0562106796875 0.8738464359375
2 0.33059540625 0.6702625609374999 0.47836483437500005 0.6718363484375 0.48179148749999995 0.6700002921875 0.48350483750000006 0.5188685609375 0.4865889046875 0.2451085859375 0.2508326140625 0.2443216921875 0.0605618203125 0.244178659375 0.061517920312499995 0.3935008296875 0.05877655625 0.66563675625 0.061517920312499995 0.6672105265625 0.33059540625 0.6702625609374999
4 0.068532725 0.7642318265625 0.12856986875 0.7658049015625 0.2858543421875 0.7654427484374999 0.316990584375 0.7663481515624999 0.322195046875 0.7668913765625 0.355284490625 0.769064346875 0.405407075 0.7674346203125 0.4413651953125 0.7656238156249999 0.4411286546875 0.7534914671874999 0.4806594296875 0.7514995828125001 0.48302510468750004 0.683945515625 0.45865874531250006 0.6832211984375001 0.4541640046875 0.680504996875 0.42270062499999994 0.680686075 0.418442425 0.6832211984375001 0.314826234375 0.6810482437500001 0.299922553125 0.6810482437500001 0.251662934375 0.6810482437500001 0.14057098125 0.67905635625 0.11138671874999999 0.6788752765625 0.09409781874999999 0.681987975 0.0945755734375 0.69717088125 0.0750434453125 0.695334815625 0.071274078125 0.70031843125 0.068532725 0.7642318265625
4 0.0699482078125 0.8516018796875 0.1173764109375 0.8520575765625 0.17512371875 0.8520575765625 0.278657928125 0.8534246703124999 0.35247923124999997 0.85418416875 0.34473988125 0.8371714453125 0.4810825078125 0.8359103171875001 0.4822834453125 0.77172496875 0.39365445781249997 0.770805709375 0.34417591718749996 0.76915105 0.3040647078125 0.7687833484375 0.150649284375 0.7697026 0.14248292499999998 0.768231796875 0.10681682968749999 0.7673125390625 0.098650471875 0.7671286875 0.094109240625 0.770984978125 0.0941517953125 0.7864085671875001 0.07025415 0.7864085671875001 0.0676062734375 0.83020061875 0.0699482078125 0.8516018796875
4 0.0706912375 0.9435852171875 0.3087145890625 0.9477031531250001 0.4803269390625 0.9454725984374999 0.48077526718749997 0.8583092953125 0.4032168203125 0.8564219062499999 0.2905779796875 0.8560787390625 0.13367437499999998 0.8541913546875 0.091813003125 0.857850325 0.09296615312499999 0.8741208125 0.06696390468749999 0.870860775 0.0667397484375 0.8830430421875001 0.0706912375 0.9435852171875
4 0.795027690625 0.2811716515625 0.8300499859375 0.28239019062500004 0.922208553125 0.27812530625 0.9214126421875 0.24705261875 0.8351835281250001 0.2458340828125 0.5990548171875 0.2468495296875 0.58605414375 0.24542790781249998 0.5062232 0.2484926359375 0.5082556 0.2945755546875 0.568748621875 0.2945755546875 0.5682179828125 0.280562384375 0.795027690625 0.2811716515625
4 0.507253990625 0.347771271875 0.5650938187500001 0.347771271875 0.60011609375 0.3487867234375 0.6101982640625 0.35000525625 0.6343424234375 0.3475681921875 0.6316892109375 0.331727209375 0.7741536234375 0.33517973125 0.924324934375 0.3321333859375 0.91397741875 0.30106069375 0.609597075 0.2994359765625 0.5464508421875001 0.2974050828125 0.5318908546875 0.29878039375 0.53511261875 0.31711849375 0.5083152671875 0.3163061375 0.507253990625 0.32422661875 0.507253990625 0.347771271875
4 0.8175810734375 0.838712534375 0.9138577921875 0.8393471140625 0.916572803125 0.7756280624999999 0.9207103015625 0.600926571875 0.9234378015625 0.35427779375 0.9029815078125001 0.3527119609375 0.6917271421875 0.34945779843749997 0.53223665625 0.3516014125 0.53223665625 0.3652669484375 0.5080826593750001 0.3679464640625 0.5056322546875001 0.42903945 0.503881959375 0.6457432578125 0.4988404375 0.806192025 0.500472334375 0.8563148453125 0.688793934375 0.8567536046875001 0.8142543 0.8553494687500001 0.8169956328125 0.8513026531250001 0.8175810734375 0.838712534375
4 0.5015463609374999 0.9441798015625 0.5389444343750001 0.9471700671875001 0.7341294609375 0.94598745 0.8304609765625001 0.9471700671875001 0.9130707812500001 0.9447027828125 0.9154893578125 0.8608646140625 0.82392810625 0.858219878125 0.7195939265625 0.8602701375 0.705403721875 0.8586408546875001 0.6944063015624999 0.8589124 0.6851455078125 0.8609490046875001 0.5489194562499999 0.8591839453125001 0.5313590703125 0.8593197234375 0.5254826375 0.8623295843750001 0.527296371875 0.8781501531250001 0.5113313765624999 0.8767704343749999 0.500258875 0.8787414671875 0.5015463609374999 0.9441798015625