2 0.0146430515625 0.5884596640625 0.36474509374999997 0.5914774046875 0.3727322125 0.1498811796875 0.02396135625 0.1458575234375 0.0146430515625 0.5884596640625
4 0.34877085625 0.6186370812499999 0.0825335609375 0.611595684375 0.07854000156249999 0.73934675625 0.1797101734375 0.7383408421875 0.1783789875 0.7292876171875 0.34877085625 0.7272757890625 0.34877085625 0.6186370812499999
4 0.0998389859375 0.0744376328125 0.1570800046875 0.07343171875 0.15441763125000002 0.0613607515625 0.09717661250000001 0.0613607515625 0.0998389859375 0.0744376328125
7 0.12714793124999998 0.0905529078125 0.25035765312499997 0.09267856249999999 0.24923245 0.0777989765625 0.1254601265625 0.0777989765625 0.12714793124999998 0.0905529078125
4 0.3780681859375 0.144969678125 0.3786307875 0.0799246328125 0.259921878125 0.074823059375 0.2644226890625 0.0956544796875 0.0978926546875 0.0952293484375 0.0939544453125 0.1415686296875 0.3780681859375 0.144969678125
7 0.11252029375000001 0.806898678125 0.220539775 0.806898678125 0.220539775 0.7941447484374999 0.1102698875 0.7915939625 0.11252029375000001 0.806898678125
7 0.10801948125000001 0.8719437250000001 0.2351674125 0.8727939859375 0.2346048109375 0.8600400562500001 0.10745687968749999 0.85918979375 0.10801948125000001 0.8719437250000001
4 0.08382761718750001 0.7864923890625 0.23629261562499998 0.7907436984375 0.23685521718749997 0.7750138515625 0.0832650171875 0.7758641140625 0.08382761718750001 0.7864923890625
4 0.220539775 0.8570641374999999 0.22279018125 0.842184553125 0.36231534375 0.8417594218750001 0.3651283515625 0.7941447484374999 0.2351674125 0.7937196171875 0.2351674125 0.806898678125 0.082702415625 0.808174071875 0.07651379999999999 0.8540882218749999 0.220539775 0.8570641374999999
4 0.36006493906250003 0.8604651875 0.24248123281249997 0.8604651875 0.2441690375 0.8753447718749999 0.07988940781250001 0.8740693796875 0.07820160468750001 0.9369887703125 0.35725193125 0.9412400812499999 0.36006493906250003 0.8604651875
6 0.0810146109375 0.9599458453124999 0.16990564375 0.9624966328125 0.1687804390625 0.9493175703125001 0.07876420468749999 0.9488924390625 0.0810146109375 0.9599458453124999
3 0.1777820640625 0.9637720249999999 0.2070373390625 0.96334689375 0.20141132499999997 0.9497427015625 0.178344665625 0.9505929640625 0.1777820640625 0.9637720249999999
7 0.5627675484375 0.118156521875 0.4367491375 0.118156521875 0.4367491375 0.13311304375 0.5627675484375 0.13311304375 0.5627675484375 0.118156521875
7 0.54693325625 0.21936087031249998 0.41960299218749997 0.21936087031249998 0.41960299218749997 0.23331739062499998 0.54693325625 0.23331739062499998 0.54693325625 0.21936087031249998
7 0.532422325 0.32106521718750003 0.42025891875 0.32106521718750003 0.42025891875 0.3350217390625 0.532422325 0.3350217390625 0.532422325 0.32106521718750003
7 0.5258227843750001 0.45616956562500005 0.4189413125 0.45616956562500005 0.4189413125 0.46863043437499996 0.5258227843750001 0.46863043437499996 0.5258227843750001 0.45616956562500005
7 0.5251611046875 0.5379260875 0.41564441875 0.5379260875 0.41564441875 0.55238695625 0.5251611046875 0.55238695625 0.5251611046875 0.5379260875
7 0.5304430375 0.6261695656249999 0.41300920625000004 0.6261695656249999 0.41300920625000004 0.6416217390625001 0.5304430375 0.6416217390625001 0.5304430375 0.6261695656249999
7 0.5192232453125001 0.8265869562500001 0.40705983906250004 0.8265869562500001 0.40705983906250004 0.840543478125 0.5192232453125001 0.840543478125 0.5192232453125001 0.8265869562500001
7 0.5423130031250001 0.909343478125 0.4057422328125 0.909343478125 0.4057422328125 0.9233 0.5423130031250001 0.9233 0.5423130031250001 0.909343478125
7 0.8282105874999999 0.8972521734375001 0.7054602984375 0.8972521734375001 0.7054602984375 0.9109913046875 0.8282105874999999 0.9109913046875 0.8282105874999999 0.8972521734375001
7 0.819119678125 0.6584782609375 0.7122727265625 0.6584782609375 0.7122727265625 0.6727913046875 0.819119678125 0.6727913046875 0.819119678125 0.6584782609375
7 0.83730725 0.625843478125 0.7168239359374999 0.625843478125 0.7168239359374999 0.639582609375 0.83730725 0.639582609375 0.83730725 0.625843478125
7 0.8282163406249999 0.541669565625 0.7183429234375 0.541669565625 0.7183429234375 0.557130434375 0.8282163406249999 0.557130434375 0.8282163406249999 0.541669565625
7 0.8410989640625001 0.49071304375 0.7168296890625 0.49071304375 0.7168296890625 0.5044521734375 0.8410989640625001 0.5044521734375 0.8410989640625001 0.49071304375
7 0.85322209375 0.1872347828125 0.7244073640625001 0.1872347828125 0.7244073640625001 0.203269565625 0.85322209375 0.203269565625 0.85322209375 0.1872347828125
7 0.8509551203125 0.10420869531250002 0.7289528187500001 0.10420869531250002 0.7289528187500001 0.1185217390625 0.8509551203125 0.1185217390625 0.8509551203125 0.10420869531250002
7 0.83958573125 0.40711304375 0.7191024171875 0.40711304375 0.7191024171875 0.42085217343750003 0.83958573125 0.42085217343750003 0.83958573125 0.40711304375
4 0.982794121875 0.0738642375 0.699397821875 0.069283509375 0.699397821875 0.10192119687500001 0.7918426046875 0.1013486046875 0.795631325 0.0870338296875 0.982794121875 0.0893241953125 0.982794121875 0.0738642375
4 0.9183858718750001 0.3927974203125 0.9721857046875 0.3927974203125 0.9790054015624999 0.19181798125 0.8638282953124999 0.190100209375 0.8607973187500001 0.2072779375 0.6986400765624999 0.2032698015625 0.6880316609375 0.4031040578125 0.9183858718750001 0.4059670125 0.9183858718750001 0.3927974203125
4 0.9805208890625 0.10535674218749999 0.8570085984375 0.108219696875 0.8630705515624999 0.12425224531250001 0.700913309375 0.11795374375 0.6971245890625 0.1843742984375 0.7410737484375 0.18551948125 0.7410737484375 0.170632115625 0.981278634375 0.175785434375 0.9805208890625 0.10535674218749999
4 0.971455171875 0.472944128125 0.9707455640625 0.4080617703125 0.8472735390624999 0.4080617703125 0.8479831499999999 0.42414830625000005 0.690449878125 0.4236120875 0.6861922218750001 0.4874220109375 0.8706906484375001 0.4874220109375 0.8721098671874999 0.47187169375 0.971455171875 0.472944128125
4 0.9161056453124999 0.5222761703125001 0.9700359546874999 0.5228123874999999 0.9686167359375 0.4922479703125 0.8494023687500001 0.4906393171875 0.8486927578125 0.5072620703124999 0.687611440625 0.509406940625 0.6854826140625 0.5383627046874999 0.9182344734375001 0.538898921875 0.9161056453124999 0.5222761703125001
4 0.9686167359375 0.54104379375 0.835919790625 0.5458697546875 0.8366294 0.5603476359374999 0.6861922218750001 0.557130328125 0.684773003125 0.62147646875 0.7252207359375 0.6225489046875 0.7259303453125 0.6069985875 0.9693263453125001 0.6075348046875 0.9686167359375 0.54104379375
4 0.9657782984375001 0.6305921718749999 0.8472735390624999 0.6289835187499999 0.8479831499999999 0.644533834375 0.6861922218750001 0.6402440921875 0.6826441765625 0.655794409375 0.937393925 0.6584754984375001 0.9381035343749999 0.6434613984374999 0.9657782984375001 0.6423889640625 0.9657782984375001 0.6305921718749999
4 0.9593918140625 0.8107613640625001 0.9345554875 0.8102251453125 0.935265096875 0.791457521875 0.681934565625 0.7941386109375 0.6776769109375 0.8874405140625001 0.9345554875 0.8906578203125 0.935265096875 0.875107503125 0.9579725953124999 0.8756437203124999 0.9593918140625 0.8107613640625001
4 0.9657782984375001 0.66169280625 0.833081353125 0.66169280625 0.831662134375 0.6767069046875 0.684773003125 0.677779340625 0.6812249578125 0.7882402140625 0.74863784375 0.790921303125 0.74579940625 0.7775158578125 0.9622302515625 0.77858829375 0.9657782984375001 0.66169280625
4 0.837339009375 0.9131789703125 0.6776769109375 0.9126427515625 0.6783865203125 0.9442796031249999 0.956553378125 0.9485693453125 0.9572629859375 0.8987010874999999 0.835919790625 0.8976286515625 0.837339009375 0.9131789703125
4 0.5524585828124999 0.9256122625 0.3758529703125 0.9256122625 0.3766076953125 0.9392996890624999 0.658874784375 0.94101061875 0.656610609375 0.9090732875 0.5524585828124999 0.9096435968750001 0.5524585828124999 0.9256122625
4 0.661138959375 0.826378415625 0.5305715609375 0.825237796875 0.5290621125 0.842917390625 0.37811714531249996 0.8400658421875 0.37962659374999996 0.9062217406249999 0.5894400984375 0.907362359375 0.58793065 0.8936749328125 0.658874784375 0.8925343140625 0.661138959375 0.826378415625
4 0.6664220328125 0.6273404124999999 0.5554774828125 0.62848103125 0.5562322078124999 0.6427387671875 0.38189076875 0.6415981484375 0.38038131875 0.8246674875 0.6384972140625 0.8229565593749999 0.6362330390625 0.80926913125 0.661138959375 0.809839440625 0.6664220328125 0.6273404124999999
4 0.6701956578125 0.5378018265625 0.5350999109375 0.5378018265625 0.5328357359375 0.554911109375 0.3886832921875 0.551489253125 0.3856643921875 0.6182154609375 0.46340105156250005 0.6193560796875001 0.46264632656250004 0.6033874140625 0.6694409328125001 0.6028171046875 0.6701956578125 0.5378018265625
4 0.6701956578125 0.453966334375 0.5471755093749999 0.453966334375 0.546420784375 0.47164592812499995 0.3894380171875 0.47107561875000004 0.392456915625 0.5343799703125 0.5773645015625 0.5338096593749999 0.5781192265625 0.5178409953124999 0.6694409328125001 0.5206925421874999 0.6701956578125 0.453966334375
4 0.6775865 0.3182178578125 0.5382696484375 0.3182178578125 0.542491371875 0.3381563203125 0.388398490625 0.33656124374999996 0.388398490625 0.455394478125 0.6258703953125 0.45060924843750005 0.623759534375 0.43784863124999995 0.6754756375000001 0.43784863124999995 0.6775865 0.3182178578125
4 0.6775865 0.21772800781249999 0.55832283125 0.21613293125 0.55832283125 0.2368689328125 0.390509353125 0.2376664703125 0.38945392343749996 0.31901539687499997 0.454890625 0.31662278125 0.454890625 0.30226708750000003 0.6754756375000001 0.30146955000000003 0.6775865 0.21772800781249999
4 0.681808221875 0.11404800468750001 0.5752097234375 0.118035696875 0.5741542921875 0.1371766203125 0.39684193749999996 0.133188928125 0.39262021406250003 0.2153353921875 0.5910411828125001 0.2153353921875 0.5920966140624999 0.20177723749999998 0.6807527921875 0.20097969999999998 0.681808221875 0.11404800468750001
4 0.6775865 0.067790771875 0.4000082296875 0.0661956953125 0.39684193749999996 0.11564308125 0.5910411828125001 0.11644062031249999 0.5920966140624999 0.10208492656249998 0.6881408062500001 0.102882465625 0.6775865 0.067790771875