7 0.2926143484375 0.197811090625 0.9541680578125 0.1933367234375 0.9677456359375001 0.13678474062499998 0.9626541015625 0.09657 0.5689028406250001 0.09468491875 0.5400503140625 0.059497045312499997 0.474707959375 0.0613820828125 0.47362207031250003 0.095242375 0.10869660781249998 0.09567335 0.1191729359375 0.18746803750000002 0.20065545937499998 0.1922086046875 0.2926143484375 0.197811090625
6 0.5393598609375 0.24264847343749998 0.5479350328125 0.2438154046875 0.5571895265625 0.2434727765625 0.574773096875 0.2406175296875 0.5719967453125 0.21571979843750003 0.5565725609375 0.21297875781250003 0.5180121265625 0.2135498078125 0.5135391046875 0.22005976718750003 0.47081414062500004 0.2164050515625 0.4449015140625 0.21377822812499997 0.436418221875 0.21206507968750002 0.4282434015625 0.2121792890625 0.42916884843750003 0.2192602984375 0.3902999203125 0.217889778125 0.3878320609375 0.21400665000000002 0.3819708640625 0.21526295312500002 0.3818166265625 0.2180039953125 0.3562353078125 0.2192857734375 0.3599226671875 0.23749265 0.41539150625000004 0.23915483437499999 0.5306311734375 0.24072697187499997 0.5393598609375 0.24264847343749998
6 0.9655531765625 0.9298351078125 0.9663245093749999 0.9522524671875001 0.97538774375 0.9521096984374999 0.9869577640625 0.9509673968750001 0.9869577640625 0.914911215625 0.972045190625 0.9146060734375 0.969217028125 0.915842103125 0.9684456953125 0.9282644640625 0.9655531765625 0.9298351078125
6 0.9744929578124999 0.8849522453124999 0.96952956875 0.8886640046875 0.96960653125 0.90294545 0.986246784375 0.9033366078125 0.9859826437500001 0.886419084375 0.9744929578124999 0.8849522453124999
7 0.08611853750000001 0.726744359375 0.2781970421875 0.72650451875 0.329374790625 0.7243459390625 0.3277552359375 0.7101952515625001 0.216654175 0.7065976265625 0.14396619375 0.712418559375 0.07445778593749999 0.710674934375 0.0702469515625 0.711634315625 0.0721904140625 0.7229068843750001 0.08611853750000001 0.726744359375
7 0.06474049531250001 0.8624281546875 0.240623496875 0.863867209375 0.29244906249999997 0.86170863125 0.299898990625 0.8595500609375 0.299575071875 0.8477977843750001 0.0853028046875 0.8479316562499999 0.0841750859375 0.844679840625 0.0653883125 0.8463587468749999 0.06474049531250001 0.8624281546875
7 0.7292301343750001 0.6351153968750001 0.763462178125 0.6358664359375 0.7938906484375 0.636992984375 0.7974406421875 0.6210334796875 0.6825731328125 0.619719171875 0.6318589796875 0.6163395125 0.5927684 0.620264746875 0.5397872687499999 0.619719171875 0.541055125 0.6321112609374999 0.6353834265625 0.6341766 0.7292301343750001 0.6351153968750001
4 0.1313239078125 0.32761215625 0.18715542031250001 0.32761215625 0.246175646875 0.3282212515625 0.2736435640625 0.32733695625000003 0.2958866109375 0.32711588125 0.3023057546875 0.3291055625 0.3375363359375 0.32788964374999996 0.334550684375 0.311861715625 0.39256398125 0.3136738328125 0.524235071875 0.313805559375 0.525334471875 0.252207340625 0.4359153390625 0.2492224078125 0.38057803749999997 0.25030784375000004 0.2937241625 0.24895105 0.1977085078125 0.24949376406249998 0.1610612953125 0.24949376406249998 0.11765637656250001 0.2546948890625 0.118124259375 0.268991178125 0.0893743609375 0.2695062171875 0.0879832421875 0.32684685625 0.1313239078125 0.32761215625
4 0.12196241249999999 0.3731503125 0.16797751875 0.373441528125 0.2712165421875 0.3725678828125 0.3322231046875 0.3731503125 0.3676193390625 0.3747520015625 0.4234071734375 0.3749405703125 0.50015071875 0.373524653125 0.49938656718749996 0.3604533109375 0.5212689578124999 0.357866275 0.520717284375 0.3283196015625 0.4754814515625 0.3275026359375 0.46996489375 0.329953515625 0.3039162484375 0.3307704734375 0.2973718140625 0.3280777125 0.2882583171875 0.3283711125 0.2522374328125 0.328175515625 0.25070448437500004 0.330131509375 0.1254178359375 0.330522703125 0.12383288125 0.32719751874999997 0.1165685 0.327490915625 0.11503215468750001 0.3289893765625 0.11552201250000001 0.34557711874999997 0.085532359375 0.3450003390625 0.0857808421875 0.373579684375 0.12196241249999999 0.3731503125
4 0.08082001093749999 0.449675371875 0.1037935515625 0.449110471875 0.13559079062499999 0.44953855000000004 0.157945228125 0.44996663124999997 0.21968440781249998 0.4509654921875 0.2850362328125 0.45153627343749997 0.3208310125 0.449325390625 0.327961284375 0.45060964062500003 0.4029473875 0.451608503125 0.4579623984375 0.45075233593749997 0.4566591703125 0.43519864999999996 0.49751381875 0.43776714375000003 0.51904558125 0.43548403750000003 0.51904558125 0.3769055203125 0.493800490625 0.37733360625 0.49124026406250004 0.3739686125 0.48362796875 0.3736820078125 0.4799680515625 0.37626146562499996 0.34174003750000004 0.375879321875 0.33967569375 0.3736820078125 0.329344928125 0.373508315625 0.31159225468749996 0.3738096859375 0.3075222265625 0.376019728125 0.249375928125 0.37642155625 0.24557721406250002 0.3738096859375 0.23703013906249998 0.3736087703125 0.23703013906249998 0.375818815625 0.21939331874999998 0.3765220125 0.2189863125 0.3743119703125 0.2091705765625 0.3746133390625 0.20835656249999998 0.376220646875 0.12436586875 0.37571836406250003 0.1231448578125 0.3738096859375 0.115276125 0.3736087703125 0.1129405640625 0.3765522140625 0.11179910625 0.38861587656249996 0.085776671875 0.3906344859375 0.081315684375 0.42219821875 0.08082001093749999 0.449675371875
4 0.0865335 0.5712826015625 0.1226270953125 0.5712826015625 0.1365092546875 0.5706779515625 0.14124550625 0.5739430999999999 0.16198706875 0.5718872609375001 0.1922986796875 0.5721253703125 0.23222275625000002 0.5733701359375 0.29944697656249997 0.5710720968749999 0.29957629531249996 0.5583371171875 0.509773265625 0.5595475890625 0.5163824546875 0.5544906187499999 0.5175938203125 0.454383846875 0.4921315984375 0.45385508750000003 0.44080503125000003 0.4534296578125 0.33253107656249997 0.45371328125000004 0.33006172500000003 0.45100919375000004 0.320862428125 0.44986532968750004 0.30368171093749996 0.45208352500000004 0.21498285625000002 0.452864859375 0.1156879859375 0.4520938484375 0.109327428125 0.4536735875 0.1112354265625 0.4679346515625 0.0825597390625 0.46841998125 0.0767398765625 0.5682006203125 0.0865335 0.5712826015625
4 0.097904546875 0.603018221875 0.1097660796875 0.60282305 0.1215269078125 0.6018471625 0.15579356093750002 0.6035061671874999 0.2604849609375 0.6024326890625 0.31371022656249997 0.60370134375 0.40834962499999994 0.6041253984375 0.443905875 0.60374695625 0.443905875 0.590627609375 0.5094884234375 0.5889876875 0.5118734984375 0.5863385875 0.5111920453125001 0.5757421890625001 0.325821896875 0.5746068609375 0.17214182656250002 0.574859159375 0.162623625 0.5724180671875 0.1570540734375 0.5725139734375 0.153541409375 0.5745280296875 0.13424229999999998 0.5751993828125 0.133113590625 0.5714589937500001 0.10879283125000001 0.5711712703125 0.1074181578125 0.5725925921874999 0.1072583796875 0.589854259375 0.07787833125 0.5902364015625 0.077080975 0.6015543906249999 0.097904546875 0.603018221875
4 0.1632516953125 0.69500785 0.20006394374999997 0.693111634375 0.2002240015625 0.6788900812499999 0.3061722234375 0.6809048015625 0.4637171765625 0.682515828125 0.5087359453125 0.681802790625 0.51101815625 0.606933653125 0.49392543906249997 0.60515105625 0.45781413750000005 0.6031901984375 0.452036315625 0.6047945343750001 0.3853507390625 0.6058640953125 0.2399166359375 0.6050116531249999 0.238101203125 0.60258771875 0.23077343906249997 0.60258771875 0.2236084328125 0.6055666546875 0.133706409375 0.6047155328125 0.1314074984375 0.6029068890625 0.1265223140625 0.6024813234375 0.12034399062500001 0.6028004984375 0.11474039375 0.6050347015625 0.10246575937499999 0.6065317390625 0.10339179375 0.6204391703125001 0.07602268906250001 0.6210317328125 0.07314173125 0.6938227265625 0.1632516953125 0.69500785
4 0.068847453125 0.8308454281250001 0.08653229999999999 0.8331072734375 0.1780112046875 0.8316787328125 0.1784935328125 0.818107640625 0.3310763609375 0.8175915625 0.5037022 0.817451621875 0.5071268640625 0.7862760875 0.5053137890625 0.7432239140625 0.4035817828125 0.7432239140625 0.4003585890625 0.739793115625 0.34213968125 0.73859979375 0.2619411328125 0.7402406109374999 0.1171601484375 0.7387489578124999 0.09894673125 0.7424360453125 0.0987509328125 0.7556641828124999 0.0722236546875 0.7537594671875001 0.070455171875 0.765663940625 0.068847453125 0.8308454281250001
4 0.68126929375 0.2827839546875 0.6861363421875 0.28267795625000003 0.6889992953124999 0.2845858734375 0.6938663421875 0.28416189062499997 0.6938663421875 0.2823599671875 0.7345002218750001 0.28267795625000003 0.7773888375 0.283419921875 0.8417110828125001 0.283631915625 0.851015703125 0.282995940625 0.8487253593749999 0.268898553125 0.9549421703125001 0.268920384375 0.9810496343749999 0.26878774375000003 0.98058035625 0.256742084375 0.9051852874999999 0.2565104375 0.8561096656249999 0.2561629640625 0.8210928875000001 0.254773084375 0.8164002453125001 0.2530357296875 0.8036181578124999 0.25442560937500003 0.7466807875 0.25442560937500003 0.7133667109374999 0.2543097875 0.7099254453125 0.2511825484375 0.7021043765625 0.2511825484375 0.6956911 0.2551205515625 0.6006307078125 0.253962315625 0.544147196875 0.2540781390625 0.543108234375 0.256317871875 0.5432885 0.28278061875 0.5953217343749999 0.282584978125 0.6164688453125 0.2831484703125 0.68126929375 0.2827839546875
4 0.5400881734375 0.357650953125 0.5416085859375 0.377432996875 0.54974465 0.3792804328125 0.5628167078125 0.3793762703125 0.6135828921875001 0.3798686625 0.66465576875 0.3794508265625 0.7088032656250001 0.3793549875 0.7279583656249999 0.380505003125 0.7543267859375 0.3818474859375 0.8329171484375 0.38031412656249997 0.8752683812500001 0.381176646875 0.9260813484374999 0.381176646875 0.946737171875 0.38284430937499997 0.9665394031250001 0.38159845 0.966280525 0.366935709375 0.9788349000000001 0.3660731921875 0.97799278125 0.287513953125 0.8760770375 0.28611126875 0.8734249515625001 0.282744821875 0.8622483171875001 0.2830253640625 0.860732846875 0.285970996875 0.8186784062499999 0.286391803125 0.814885846875 0.2842732328125 0.8074873421875 0.284074021875 0.8034366531250001 0.2865641578125 0.7410204484375 0.2861657359375 0.739002671875 0.2833767875 0.7301076609375 0.2828787609375 0.7267152218749999 0.2854684953125 0.7123217640624999 0.285667709375 0.709227840625 0.28307796875 0.6782886296874999 0.2834763890625 0.6752629953125 0.285368896875 0.5788399921875 0.2855681046875 0.5733107562499999 0.28710872187500003 0.573911453125 0.29556675625 0.543720315625 0.29585336875 0.5430752046875 0.3023497796875 0.5400881734375 0.357650953125
4 0.5438337296875 0.4531479015625 0.552647625 0.456455953125 0.561998846875 0.45695053281250003 0.571884428125 0.45704945312499995 0.5803005171875 0.4555656984375 0.5819035859375 0.441024875 0.6670959859375001 0.4421129640625 0.7127314499999999 0.44191513593750004 0.7550600171874999 0.44260754999999996 0.85080265625 0.4442997328125 0.9777686750000001 0.44461577031250005 0.9794758937499999 0.3851954125 0.8345775828124999 0.3826671875 0.6945915375 0.3823511609375 0.6926347125000001 0.37981155625 0.6681368203125 0.380005565625 0.5734558937500001 0.383237753125 0.5725082296874999 0.39522506874999996 0.5472199296875 0.3932188234375 0.5446394921875 0.394556321875 0.5438337296875 0.4531479015625
4 0.52794520625 0.941565321875 0.5645297078125 0.9418161734374999 0.9411155796875 0.9433944625 0.9624181 0.941749578125 0.9650656828124999 0.8833362359375 0.9652421921875 0.8664569625 0.9684192796875 0.8228800953125001 0.974136296875 0.6928283171875 0.9729840109375001 0.65347406875 0.749151578125 0.6483547234375 0.60861633125 0.6485680296874999 0.5685806312499999 0.6516042093750001 0.5706271296875001 0.6648805359375001 0.5364138484375001 0.66563301875 0.529977671875 0.8788442890624999 0.52794520625 0.941565321875
4 0.5370698 0.5942321749999999 0.568885175 0.59473699375 0.6718306625 0.5964197078125 0.80045569375 0.5949052640625 0.798422128125 0.5827401390625 0.8687536031249999 0.5820413953125 0.934958184375 0.5832392453125 0.9729868984375001 0.5828399640625 0.97622231875 0.5067773703125 0.9295784046875 0.50398239375 0.7894821828125 0.5052800609375 0.78435944375 0.5026847265625001 0.77748418125 0.5030840125 0.7726310578125 0.50398239375 0.77330510625 0.50627826875 0.7399598296875001 0.5052800609375 0.7361851859375 0.50328365 0.7227042906250001 0.5046811359375 0.7181207859375001 0.5060786296875001 0.653266359375 0.504880778125 0.5668677890625 0.5057680437500001 0.5686858124999999 0.517210503125 0.5414154796874999 0.5155277890625001 0.5377515546875 0.5757223171875 0.5370698 0.5942321749999999
4 0.5581451578125 0.5022074046875 0.6683635421874999 0.5026533703125 0.6871409796875 0.5033223296875 0.7395398796875 0.5033223296875 0.7430030484375 0.5039912796875 0.7439064625 0.5048832125 0.7491764625 0.5048832125 0.7820010515625 0.5032108328125 0.7990272218750001 0.5040691015625 0.8303209953125 0.5037741953125 0.8301882546874999 0.489127371875 0.9004513140625001 0.49292590468749997 0.9760718171875 0.49292590468749997 0.9775555828125 0.46147582812500004 0.9105991937500001 0.45817974375 0.8434572953125 0.45817974375 0.7934271921875 0.45639436718750004 0.7594219015625 0.458729090625 0.63789485625 0.45776773281249994 0.632145128125 0.455433009375 0.6221295 0.45639436718750004 0.6189764078125 0.45790506718749996 0.570752959375 0.45859174999999996 0.5699799578125 0.46004686250000004 0.571395446875 0.47310795156249996 0.542636284375 0.47355391874999997 0.54233514375 0.5012039749999999 0.5581451578125 0.5022074046875
4 0.2653297453125 0.9416304468750001 0.418107121875 0.9416304468750001 0.4970339359375 0.940991421875 0.4999105265625 0.8811378046874999 0.3526275109375 0.8796467953124999 0.34601129531249997 0.8777297671875001 0.333929471875 0.8783687703125 0.32616259375 0.879433784375 0.27409575468749997 0.879433784375 0.27035613125 0.8758127468750001 0.25860465312500003 0.8766647531249999 0.25486505 0.8790077828125 0.10039046562500001 0.8751737437499999 0.093230921875 0.8765074734375 0.09359543125 0.8935224859374999 0.0639662234375 0.8941614984375 0.063390890625 0.9392874109375 0.2653297453125 0.9416304468750001