2 0.9232922328125 0.5166015625 0.9232922328125 0.1025390625 0.9300116859375 0.07195616406250001 0.8693498890625 0.076171875 0.5155884609375 0.076171875 0.51182504375 0.0791015625 0.51182504375 0.5224609375 0.5331510859375 0.52734375 0.9170198671875 0.525390625 0.9232922328125 0.5166015625
2 0.4867355796875 0.2724609375 0.4867355796875 0.0791015625 0.48297215937500004 0.076171875 0.13924651875 0.072265625 0.0752683890625 0.0771484375 0.0727594421875 0.2646484375 0.0790318078125 0.27734375 0.472936375 0.279296875 0.4867355796875 0.2724609375
2 0.48046321406250003 0.525390625 0.4867355796875 0.5224609375 0.4867355796875 0.3935546875 0.484226634375 0.3173828125 0.48046321406250003 0.314453125 0.0790318078125 0.314453125 0.070250496875 0.3212890625 0.070250496875 0.5205078125 0.07401391562500001 0.525390625 0.2446222625 0.52734375 0.48046321406250003 0.525390625
1 0.4139761375 0.2939453125 0.41021271718749996 0.283203125 0.34999800625 0.28125 0.15430019687500002 0.28125 0.07401391562500001 0.28515625 0.070250496875 0.2880859375 0.07401391562500001 0.296875 0.41021271718749996 0.296875 0.4139761375 0.2939453125
1 0.4302842875 0.55859375 0.479208740625 0.5517578125 0.479208740625 0.5439453125 0.470427428125 0.541015625 0.0765228609375 0.544921875 0.0727594421875 0.5517578125 0.0790318078125 0.556640625 0.0940854859375 0.55859375 0.4302842875 0.55859375
1 0.9170198671875 0.552734375 0.9258011796875 0.5439453125 0.9232922328125 0.5361328125 0.9094930296875001 0.53125 0.8593141031249999 0.529296875 0.5206063546874999 0.53125 0.5105705687500001 0.53515625 0.509316096875 0.5634765625 0.513079515625 0.56640625 0.7514294125000001 0.56640625 0.9170198671875 0.552734375
4 0.20698806875 0.947265625 0.48297215937500004 0.9296875 0.48924452656249995 0.9248046875 0.48924452656249995 0.6259765625 0.4867355796875 0.5966796875 0.4779542671875 0.587890625 0.2270596390625 0.5859375 0.0790318078125 0.58984375 0.0727594421875 0.5947265625 0.070250496875 0.6259765625 0.0707331671875 0.8164291125 0.070250496875 0.9384765625 0.0765228609375 0.943359375 0.20698806875 0.947265625
4 0.5206063546874999 0.73828125 0.9145109218749999 0.7265625 0.9283101265625 0.7177734375 0.930819071875 0.6337890625 0.9220377609374999 0.59375 0.698741540625 0.587890625 0.5557316015625 0.58984375 0.513079515625 0.607421875 0.509316096875 0.6103515625 0.509316096875 0.7138671875 0.51182504375 0.7333984375 0.5206063546874999 0.73828125
4 0.89945724375 0.947265625 0.9157653953124999 0.9404296875 0.9258011796875 0.9111328125 0.9258011796875 0.7470703125 0.9120019750000001 0.7421875 0.55322265625 0.740234375 0.51182504375 0.7607421875 0.5042982046875 0.8525390625 0.5017892578125001 0.9111328125 0.5080616234375 0.943359375 0.575803171875 0.947265625 0.89945724375 0.947265625
3 0.0577057640625 0.8779296875 0.0514333984375 0.876953125 0.0451610328125 0.8818359375 0.048924453125 0.89453125 0.060214710937500006 0.8876953125 0.0577057640625 0.8779296875
6 0.0514333984375 0.900390625 0.042652087500000005 0.9091796875 0.042652087500000005 0.9365234375 0.056451290625 0.9375 0.060214710937500006 0.9072265625 0.0514333984375 0.900390625