2 0.904248684375 0.1181640625 0.904248684375 0.0947265625 0.909521271875 0.0849609375 0.906884978125 0.0576171875 0.9029305390625 0.0546875 0.7315714578125 0.052734375 0.7276170171875 0.0556640625 0.7276170171875 0.2080078125 0.8884309234375 0.2080078125 0.90556683125 0.20703125 0.909521271875 0.2001953125 0.909521271875 0.1259765625 0.904248684375 0.1181640625
7 0.7790247421875 0.6484375 0.66566411875 0.646484375 0.6076656625 0.650390625 0.554939790625 0.638671875 0.5338494421875 0.646484375 0.5008957734374999 0.6494140625 0.5008957734374999 0.6591796875 0.50748650625 0.666015625 0.5391220296875 0.671875 0.6524826515625 0.669921875 0.6683004125 0.673828125 0.7790247421875 0.673828125 0.7948425015625 0.66796875 0.81593285 0.673828125 0.8884309234375 0.6728515625 0.8884309234375 0.6513671875 0.8660224281250001 0.64453125 0.786933621875 0.654296875 0.7790247421875 0.6484375
7 0.75266180625 0.60546875 0.7262988703125 0.60546875 0.715753696875 0.611328125 0.6498463578125 0.609375 0.641937478125 0.61328125 0.6287560109375 0.609375 0.5628486703125 0.609375 0.5562579375000001 0.6142578125 0.5628486703125 0.625 0.58393901875 0.630859375 0.8330687593749999 0.6318359375 0.838341346875 0.6162109375 0.81593285 0.607421875 0.7605706859375 0.609375 0.75266180625 0.60546875
7 0.2860378484375 0.375 0.299219315625 0.37109375 0.35194518750000003 0.37109375 0.366444803125 0.3447265625 0.3624903609375 0.341796875 0.3440363078125 0.345703125 0.309764490625 0.341796875 0.3044919046875 0.345703125 0.2807652625 0.345703125 0.2544023265625 0.3515625 0.24253900625 0.3447265625 0.24253900625 0.3369140625 0.2517660328125 0.33984375 0.2544023265625 0.3359375 0.28340155624999996 0.330078125 0.2873559953125 0.3271484375 0.284719703125 0.3154296875 0.2596749140625 0.310546875 0.249129740625 0.3125 0.2280393921875 0.3046875 0.2122216296875 0.30859375 0.1884949890625 0.3046875 0.1792679609375 0.3095703125 0.1739953734375 0.3232421875 0.1766316671875 0.3310546875 0.1871768421875 0.3369140625 0.1832224 0.34375 0.1581776125 0.3369140625 0.1542231734375 0.3125 0.10940618124999998 0.310546875 0.09622471406250001 0.3046875 0.080406953125 0.3046875 0.0698617796875 0.310546875 0.0369081109375 0.3134765625 0.042180696875 0.3291015625 0.06854363125 0.3388671875 0.0369081109375 0.3486328125 0.034271815625 0.3583984375 0.0461351359375 0.369140625 0.0883158328125 0.375 0.12258765 0.37109375 0.1318146765625 0.3544921875 0.113360621875 0.3369140625 0.1410417046875 0.3359375 0.1344509703125 0.3544921875 0.1449961453125 0.3720703125 0.164768346875 0.375 0.1726772265625 0.380859375 0.19244942812500002 0.3798828125 0.20431274843749997 0.375 0.238584565625 0.375 0.2517660328125 0.369140625 0.2860378484375 0.375
6 0.00263629375 0.9130859375 0.0184540546875 0.9130859375 0.0210903484375 0.8837890625 0.0118633203125 0.880859375 0.0052725859375 0.8857421875 0.00263629375 0.9130859375
3 0.0234446265625 0.868873146875 0.0234446265625 0.853571715625 0.006698464062499999 0.8519175062500001 0.0094894921875 0.868873146875 0.0234446265625 0.868873146875
4 0.2321997203125 0.9218170125 0.23740307500000002 0.6100472234375001 0.05268396875 0.6105290937500001 0.0539848078125 0.6249851875 0.026016775 0.6240214484375 0.02536635625 0.9198895328125 0.2321997203125 0.9218170125
4 0.2315493 0.3994701015625 0.051383131250000005 0.4009157109375 0.05723690625 0.416817415625 0.029919292187500002 0.4177811546875 0.026667193750000002 0.605228525 0.215288815625 0.6066741343750001 0.214638396875 0.58884495 0.23415097812500002 0.58884495 0.2315493 0.3994701015625
4 0.46799745625 0.40110825625 0.2551044953125 0.4017881 0.2532692125 0.5017252421875 0.2954807453125 0.501045396875 0.29731603125 0.48200975156250003 0.4652445296875 0.4833694390625 0.46799745625 0.40110825625
4 0.286304325 0.5194011984375 0.2551044953125 0.5221205765625 0.251433928125 0.81513355625 0.45698575 0.8164932453124999 0.46616217187500003 0.50308493125 0.28538668437500003 0.50444461875 0.286304325 0.5194011984375
4 0.278045546875 0.8212521562499999 0.27988083124999996 0.8362087359375 0.2532692125 0.8362087359375 0.254186853125 0.9232288328125 0.45790339375 0.9225489874999999 0.45790339375 0.8198924671875 0.278045546875 0.8212521562499999
4 0.5130211953125 0.8498056265624999 0.482739009375 0.8504854703125 0.48176208750000005 0.9205094546874999 0.686455546875 0.9184699203125 0.687373190625 0.8348490468750001 0.50751534375 0.8334893578125 0.5130211953125 0.8498056265624999
4 0.68553790625 0.6941212359375 0.50476241875 0.693441390625 0.509350628125 0.7117971921875 0.480903725 0.71315688125 0.47815079843749997 0.831449825 0.60295011875 0.8307699812499999 0.5946913406250001 0.8158134015625 0.68829083125 0.8137738671875001 0.68553790625 0.6941212359375
4 0.8108853406250001 0.6968494625 0.708911465625 0.6968494625 0.708911465625 0.7083333328125 0.8108853406250001 0.7083333328125 0.8108853406250001 0.6968494625
4 0.9120425531249999 0.7149806953125 0.7301235109374999 0.714376315625 0.7333866328124999 0.73069455625 0.704834315625 0.7312989359375 0.7040185359375 0.7965718984375 0.7970175078125 0.798989415625 0.795385946875 0.782671175 0.9104109906250001 0.7820667953125 0.9120425531249999 0.7149806953125
4 0.7342024125 0.8020113125 0.73501819375 0.8171207953125 0.70157119375 0.818329553125 0.7113605609375 0.9204696531250001 0.918568796875 0.922282790625 0.9120425531249999 0.8038244499999999 0.7342024125 0.8020113125
6 0.748707365625 0.5654296875 0.7500255124999999 0.57421875 0.773752153125 0.578125 0.7948425015625 0.5703125 0.8053876765625001 0.576171875 0.8620679890625 0.5771484375 0.8976579499999999 0.576171875 0.9016123921875 0.5673828125 0.8950216578125 0.5625 0.748707365625 0.5654296875
4 0.918568796875 0.38680274375 0.736649753125 0.385593984375 0.737465534375 0.406747259375 0.7097289984375 0.40553850156250004 0.7040185359375 0.5566333218749999 0.8802271140625001 0.5590508390625 0.8802271140625001 0.5433369781249999 0.9210161375 0.5433369781249999 0.918568796875 0.38680274375
4 0.916937234375 0.2139502671875 0.73501819375 0.214554646875 0.739912875 0.23087288749999998 0.7129921203125 0.2314772671875 0.7113605609375 0.232081646875 0.7105447796875 0.381967709375 0.7603073874999999 0.381967709375 0.7619389484375 0.37108888125 0.918568796875 0.3716932609375 0.916937234375 0.2139502671875
4 0.51053596875 0.385593984375 0.5097201890624999 0.39828595 0.4803520921875 0.3988903296875 0.481983653125 0.5844347703125 0.48524677499999996 0.5844347703125 0.531746259375 0.5832260109375 0.532562040625 0.572347184375 0.6893344875 0.5717428046874999 0.69082345 0.572347184375 0.6900076687500001 0.3825720875 0.51053596875 0.385593984375
4 0.693270790625 0.0495591015625 0.48361521406249997 0.0507678609375 0.48687833593749996 0.3813633296875 0.533377821875 0.38075895000000004 0.5309304796875 0.3656494671875 0.694902353125 0.36504508750000003 0.693270790625 0.0495591015625
4 0.28516160625000003 0.22724661249999997 0.28434582656249996 0.24114733593749998 0.25334616875 0.245377990625 0.2517146078125 0.273783815625 0.2990298734375 0.273783815625 0.2998456546875 0.26290498906250004 0.4591418 0.262300609375 0.45973862343749994 0.26290498906250004 0.45973862343749994 0.22603785312500002 0.28516160625000003 0.22724661249999997
4 0.2948767359375 0.0864262375 0.259798175 0.0870306171875 0.257350834375 0.2254334734375 0.258982396875 0.22603785312500002 0.46211172968750003 0.2218071984375 0.46211172968750003 0.06889923906249999 0.29324517499999997 0.0707123765625 0.2948767359375 0.0864262375
4 0.259798175 0.0670861015625 0.4612959484375 0.0670861015625 0.4547697046875 0.052580998437500005 0.2614297375 0.051372239062500005 0.259798175 0.0670861015625
4 0.1887389671875 0.2314772671875 0.23931735625 0.23026850781250002 0.2328774203125 0.050163481249999996 0.025582874999999998 0.048954721875 0.029661778125 0.245377990625 0.1879231859375 0.24416923124999998 0.1887389671875 0.2314772671875
4 0.060661435937499994 0.26169623125 0.036188021875 0.26350936875 0.025582874999999998 0.27861885000000003 0.23197533125 0.2804319875 0.23115955000000002 0.2465867484375 0.0549509703125 0.249004265625 0.060661435937499994 0.26169623125