0 0.8985782890625 0.500521909375 0.023356375 0.487651646875 0.0209846 0.9126603125000001 0.888199284375 0.9278542359375 0.8985782890625 0.500521909375
7 0.701908521875 0.3466796875 0.7058080125 0.349609375 0.90468209375 0.3525390625 0.9033822625000001 0.326171875 0.7058080125 0.322265625 0.701908521875 0.3271484375 0.701908521875 0.3466796875
4 0.8227927656249999 0.4765625 0.846189715625 0.47265625 0.8669870062499999 0.4765625 0.885184634375 0.474609375 0.8994827703125001 0.4658203125 0.9020824328125 0.4306640625 0.8968831093749999 0.4111328125 0.9020824328125 0.3994140625 0.9043165109375 0.3666861875 0.8695866671875001 0.3671875 0.84099039375 0.361328125 0.8227927656249999 0.361328125 0.8201931046875 0.365234375 0.760400896875 0.36328125 0.755201575 0.3671875 0.737003946875 0.3671875 0.7292049625 0.373046875 0.7045081828125 0.3798828125 0.699308859375 0.4169921875 0.70710784375 0.4287109375 0.699308859375 0.4462890625 0.6967091984375 0.4619140625 0.701908521875 0.4677734375 0.6967091984375 0.4794921875 0.7032083515625 0.484375 0.7292049625 0.48828125 0.7725210109375 0.4860569078125 0.772099371875 0.4814453125 0.77989835625 0.4755859375 0.786397509375 0.47265625 0.8227927656249999 0.4765625
3 0.90468209375 0.8759765625 0.908581584375 0.87890625 0.9176803984375 0.8779296875 0.920280059375 0.8662109375 0.908581584375 0.86328125 0.90468209375 0.8662109375 0.90468209375 0.8759765625
6 0.9020824328125 0.8935546875 0.9020824328125 0.9208984375 0.9059819234375001 0.923828125 0.9176803984375 0.9228515625 0.922879721875 0.9150390625 0.920280059375 0.8896484375 0.9059819234375001 0.888671875 0.9020824328125 0.8935546875
4 0.0773604640625 0.085325696875 0.087973159375 0.0729171484375 0.241267384375 0.07203083906249999 0.24952169687499998 0.057849653125 0.0569051734375 0.0560439015625 0.039626537499999996 0.0729171484375 0.040805706250000004 0.08310988750000001 0.0773604640625 0.085325696875
4 0.0612851265625 0.131633884375 0.054799609375 0.1524625 0.035343018749999996 0.1537919828125 0.038290984374999996 0.18171120000000002 0.158568 0.1852564921875 0.16092638125 0.1710753390625 0.244059009375 0.1737342703125 0.245238221875 0.15822360156249998 0.209273003125 0.1560077921875 0.2134001828125 0.139167640625 0.170949446875 0.14005396718750002 0.170949446875 0.1245433 0.2328567296875 0.1249864546875 0.2352151125 0.11124844062499999 0.116117309375 0.108146303125 0.115527725 0.0948514453125 0.0392144421875 0.093701859375 0.0377014 0.10637366562499999 0.0506724765625 0.10991895781250001 0.0612851265625 0.131633884375
4 0.2753074640625 0.1688595296875 0.26292601718749997 0.1697458234375 0.2641051859375 0.1848133203125 0.310093471875 0.183927009375 0.3124518078125 0.1688595296875 0.467514875 0.1688595296875 0.46515644843750004 0.1560077921875 0.3655152390625 0.1502466890625 0.3643360703125 0.139167640625 0.40619713125 0.13606550312500001 0.4044283328125 0.12321381718749999 0.4398039234375 0.12321381718749999 0.43921438593750006 0.11257792343749999 0.44393114687499996 0.1077031484375 0.452185415625 0.0917493078125 0.4250640953125 0.092635634375 0.42801205937500003 0.074022828125 0.407965928125 0.0735796734375 0.416220196875 0.059841659375 0.26698261562500003 0.056597695312499995 0.2605676359375 0.13961081250000001 0.274128253125 0.13961081250000001 0.2753074640625 0.1688595296875
4 0.0494932625 0.25160679531249996 0.034753434374999996 0.25204995 0.0312158828125 0.317637934375 0.1768453796875 0.3171947796875 0.16918069375 0.3016841109375 0.24346942500000002 0.3003546125 0.24346942500000002 0.2852870984375 0.14559696718749998 0.28484394218750003 0.1444177546875 0.2702196171875 0.22931917968749999 0.2693332734375 0.22931917968749999 0.2538226046875 0.245238221875 0.2529362953125 0.245238221875 0.2414141078125 0.23403594375 0.2414141078125 0.23344635937499997 0.207733771875 0.2063250375 0.20684744375 0.20868341875000002 0.1944389125 0.0362659875 0.1911695140625 0.033574265625 0.20817695937499997 0.046545296874999996 0.20817695937499997 0.0494932625 0.25160679531249996
4 0.046545296874999996 0.38306185312499996 0.030036715624999998 0.3852776625 0.030626300000000002 0.400345209375 0.09135436875 0.40078833124999996 0.09783992968750001 0.41718532656249996 0.22814001093749997 0.416299 0.22814001093749997 0.4021178296875 0.1668223125 0.3972430390625 0.1662327296875 0.3852776625 0.23816307656250002 0.38483450625 0.24287984062499998 0.37109649375 0.1632847640625 0.370210165625 0.16092638125 0.35602897968749997 0.1797933453125 0.35602897968749997 0.1774350078125 0.33697301875 0.1992499375 0.33874565625 0.19866035312500002 0.3232349875 0.034791759374999995 0.32186477812500003 0.035343018749999996 0.336086690625 0.044776543749999995 0.3396319828125 0.046545296874999996 0.38306185312499996
4 0.038290984374999996 0.4654899875 0.183330940625 0.46504683281250003 0.1839205234375 0.48011434687500004 0.2328567296875 0.4805575015625 0.2316775609375 0.4340254953125 0.1992499375 0.432252840625 0.1909956234375 0.43579815 0.112579759375 0.43358233906250004 0.1119901296875 0.4180716875 0.031843304687500004 0.417671053125 0.0323950515625 0.43579815 0.040649365625 0.43535496093750004 0.038290984374999996 0.4654899875
4 0.6783269828125 0.1381522515625 0.6665351203125 0.12707320312499998 0.6889395875 0.1253005484375 0.6877604203125001 0.10978987968750001 0.6046278359375 0.1084603984375 0.6046278359375 0.09605185625 0.665945490625 0.091620246875 0.6677142890625001 0.08054118906249999 0.6907083859375 0.07921170625 0.6912980156249999 0.0645873640625 0.48443119531249995 0.06047424999999999 0.4843507765625 0.1385954078125 0.677147725 0.142583871875 0.6783269828125 0.1381522515625
4 0.603448578125 0.1595289390625 0.575148178125 0.1581994390625 0.575148178125 0.1435750984375 0.4859054234375 0.1435432734375 0.48199239374999997 0.173266953125 0.6040382078125 0.176369090625 0.603448578125 0.1595289390625
4 0.2738660328125 0.2261990515625 0.43541457031249997 0.2306306703125 0.43541457031249997 0.2430392109375 0.2750452 0.2399370734375 0.27150765 0.272731065625 0.259126203125 0.2740605484375 0.2608949546875 0.291343871875 0.42008511249999997 0.29223018125 0.4224434921875 0.3095135046875 0.2956809625 0.30907035 0.2956809625 0.3228083640625 0.26914926875 0.32458101875 0.26914926875 0.3374327046875 0.255588653125 0.3383190671875 0.2526406875 0.41587239374999996 0.4088828765625 0.42207663437500004 0.4088828765625 0.4344851828125 0.275634784375 0.42961040781250004 0.275634784375 0.453097971875 0.300397725 0.45620012499999996 0.300397725 0.46683602031250004 0.265022134375 0.4655065203125 0.26384292187499997 0.4810171890625 0.45663991406250004 0.4845624984375 0.45722950000000007 0.470031609375 0.39355341875 0.46825895624999997 0.38647831875 0.45230513125 0.45663991406250004 0.45230513125 0.46076705 0.39203509375 0.4483856015625 0.38751002031250004 0.44484805156249996 0.3587044765625 0.46784219374999997 0.35560235625000003 0.46961094687499993 0.21581049531250002 0.34579638125 0.21182204843750002 0.3446172125 0.19586820625 0.263297046875 0.19670744843750002 0.262663753125 0.2111315453125 0.2738660328125 0.2137905359375 0.2738660328125 0.2261990515625
4 0.603448578125 0.2165753921875 0.6883500484375 0.21701854687500002 0.6889395875 0.20106472343749998 0.5757377171875 0.20062155 0.5745585484375 0.18511088281250002 0.48369408125 0.18452399218749999 0.48199239374999997 0.232086059375 0.603448578125 0.23075656093750002 0.603448578125 0.2165753921875
4 0.510292884375 0.29541012968749997 0.48022364062499995 0.2967396125 0.47727567656250003 0.3118071171875 0.6211363734375001 0.3118071171875 0.635876203125 0.3268746296875 0.481402809375 0.326431465625 0.471969328125 0.485969765625 0.6812749499999999 0.488628746875 0.6812749499999999 0.472231784375 0.6488473234375001 0.4691296140625 0.6482576953125 0.4545052734375 0.6824541171875 0.4546570140625 0.6842229140625 0.366467775 0.6795061515625 0.3562750375 0.66181835625 0.3292421640625 0.6854020828125 0.325696871875 0.690118846875 0.29822082656250004 0.6181884078125 0.296448171875 0.6181884078125 0.284039640625 0.591067175 0.2822669859375 0.5881192093750001 0.26454050625000003 0.673020590625 0.26542683437500003 0.6753790171875 0.2539046296875 0.658870390625 0.2490298390625 0.5798648515625 0.2494730109375 0.5780961437500001 0.23484866875 0.48443119531249995 0.23436540625000002 0.48788832656250003 0.2512659171875 0.5085240859375 0.2670477609375 0.510292884375 0.29541012968749997
4 0.719219546875 0.176264175 0.7027109203124999 0.17582101875 0.7027109203124999 0.19266117031250002 0.7156819515625 0.19354749843750002 0.7209882984375 0.20817183906249997 0.7068380546874999 0.20994449375 0.7038900890625001 0.3185191578125 0.7492887890625 0.3202918125 0.7510575421875 0.3069969546875 0.909068575 0.308769609375 0.9126060796875001 0.2462837609375 0.9031726421874999 0.19487698125 0.8925599484375001 0.19177484375 0.8878431843750001 0.181138965625 0.9131957078124999 0.1820252765625 0.9114269109375 0.16474197031249999 0.7952770296875 0.1594240234375 0.7952770296875 0.1461291640625 0.9108372828125001 0.145686009375 0.9143748765625 0.0672463296875 0.7092509140625001 0.062135629687500006 0.7038900890625001 0.1603103515625 0.71627158125 0.1625261609375 0.719219546875 0.176264175