2 0.3652666140625 0.0450379234375 0.08419547187500001 0.048046568750000004 0.08072956249999999 0.23277786250000002 0.0828743359375 0.42297420468749997 0.3688411984375 0.4224346609375 0.3652666140625 0.0450379234375
2 0.0868152265625 0.44121240625 0.081885228125 0.442044328125 0.0821069453125 0.7726268453125 0.361464478125 0.7730216734375001 0.3646033609375 0.442396828125 0.0868152265625 0.44121240625
4 0.1645563671875 0.909999703125 0.3598030890625 0.9093941484375 0.3595356515625 0.8890075718749999 0.361407871875 0.7962294796875 0.334627159375 0.79329639375 0.2596488625 0.7961022328125 0.12146572656250001 0.7967257531249999 0.11155124375 0.7967257531249999 0.1110817234375 0.79857205625 0.107319653125 0.811859909375 0.083248140625 0.8128691453125001 0.0843179890625 0.9065682828125 0.1645563671875 0.909999703125
7 0.189674178125 0.79189346875 0.23945316718749998 0.79189346875 0.23821384375000001 0.7775524921875 0.0882572546875 0.776149571875 0.0839772296875 0.7783371734375 0.0851589796875 0.79236110625 0.1101517484375 0.7914258249999999 0.1669534828125 0.7911140671875 0.189674178125 0.79189346875
7 0.3837498578125 0.0529598046875 0.3838602328125 0.06518911250000001 0.44177514218749997 0.06518911250000001 0.440299596875 0.051965625 0.3837498578125 0.0529598046875
7 0.429424309375 0.27724387500000003 0.429424309375 0.2662595109375 0.3826931546875 0.2658139671875 0.38282017343749997 0.2773495 0.402133596875 0.278616925 0.429424309375 0.27724387500000003
4 0.38435110625 0.3842238046875 0.38435110625 0.426732696875 0.654358921875 0.42742221406249997 0.655044175 0.413804184375 0.6564146453124999 0.3002782234375 0.4937829234375 0.2961411015625 0.43211077812500004 0.2956239578125 0.4078778953125 0.29921512968749997 0.4099336359375 0.31335029375 0.395771875 0.311454115625 0.3850363609375 0.31248839375 0.38435110625 0.3842238046875
4 0.656292196875 0.5586998875 0.6591456 0.46790939062500003 0.6569506796875 0.44769961406250003 0.5759580843750001 0.44339281875000003 0.4183594640625 0.4448386984375 0.3831322203125 0.4456832265625 0.3832887234375 0.5714546328125001 0.6286809109375 0.5757614249999999 0.630436853125 0.560025059375 0.656292196875 0.5586998875
4 0.5951896015625 0.2456755921875 0.5927423296875001 0.2283609421875 0.6545356953125 0.2285918015625 0.654841621875 0.10652403437499999 0.6551475015625 0.079974896875 0.6242508421874999 0.079744034375 0.45080110937500006 0.082052653125 0.4247149109375 0.0822833578125 0.41044343593750005 0.0837943078125 0.41195080468749995 0.0981879421875 0.381665928125 0.09911139375 0.3825836609375 0.24313610468750002 0.5951896015625 0.2456755921875
4 0.65669455 0.5999154234375 0.37666828125 0.600307328125 0.377057525 0.7671350453125 0.37759735625 0.965364978125 0.6588539171875001 0.9661797921874999 0.65669455 0.5999154234375
4 0.856141428125 0.44299008281249996 0.9479021812499999 0.44177188593750005 0.94844023125 0.380659628125 0.9285320203125 0.37802022968750004 0.689080121875 0.37619294999999997 0.6744344828125 0.3796870765625 0.672788528125 0.45618708281250003 0.8412010125 0.4600446546875 0.8530383359375 0.4572022359375 0.856141428125 0.44299008281249996
2 0.9483178421874999 0.3750000671875 0.949668759375 0.00671873125 0.6736111453125 0.006936715625000001 0.6716933359375 0.13513987968750002 0.669802040625 0.3733688484375 0.6984414828125 0.3741844578125 0.9483178421874999 0.3750000671875
2 0.9998646093750001 0.48271347656249997 0.6720067140625 0.48134503281249996 0.67052855 0.6349382375 0.6695280890624999 0.909677946875 1 0.9114909000000001 0.9998646093750001 0.48271347656249997