2 0.2509035046875 0.08069360625000001 0.2497860984375 0.0688109203125 0.0462357234375 0.0661167171875 0.0424791 0.255557071875 0.2466126015625 0.2582867484375 0.2509035046875 0.08069360625000001
7 0.2498432953125 0.266659190625 0.2321015578125 0.2669640890625 0.2294504984375 0.26422004062500004 0.1656210765625 0.262543128125 0.113415521875 0.2614759984375 0.11219195781249999 0.263457809375 0.0601903375 0.25995153125 0.0459153828125 0.2593417515625 0.039593634375 0.2620857890625 0.03653470625 0.2690983421875 0.0385616390625 0.2754409578125 0.0652885359375 0.2771780234375 0.16521320781249998 0.27900738281250004 0.24780400937499997 0.2808367421875 0.2498432953125 0.266659190625
4 0.040613278125 0.3789693984375 0.0379621890625 0.42890729062500005 0.0444878859375 0.43195622499999997 0.146859696875 0.4305842046875 0.14951075625000002 0.428449946875 0.1509382671875 0.4139675078125 0.23414084375000002 0.41701644375 0.23862725468749998 0.4112234609375 0.24229795625 0.346135059375 0.24596868593750001 0.301033159375 0.2449490453125 0.28959964375 0.23679193125000003 0.28716049374999997 0.21966196875000002 0.288075175 0.1768370890625 0.28548358125 0.1366632984375 0.28365421875 0.07813599375 0.282891984375 0.0697749484375 0.2855625953125 0.06936709375 0.30095972187500003 0.0614139 0.2988254640625 0.0444878859375 0.30156950625 0.040613278125 0.3789693984375
7 0.2351110046875 0.45620699531250003 0.2336629140625 0.44278354531249997 0.14764531875 0.44061847343749994 0.12433079375 0.4405102203125 0.10936716093750001 0.4419175203125 0.038409896875 0.44105148906249997 0.037685840625 0.4539336703125 0.0399251171875 0.45526821562500003 0.0735270265625 0.457397784375 0.1323201828125 0.4589133375 0.14781495 0.4578308015625 0.2351110046875 0.45620699531250003
4 0.03783065625 0.4817644890625 0.0365273546875 0.5468396515625 0.034789626562499995 0.6044798984375 0.0345000015625 0.670647228125 0.0343551921875 0.7291376265625 0.0345000015625 0.7741405296874999 0.0393109828125 0.77630081875 0.0781097984375 0.776012696875 0.094939740625 0.776012696875 0.0971237859375 0.769578003125 0.10624535625 0.7699621624999999 0.10624535625 0.7628551890625 0.134649234375 0.765872159375 0.20606709687500002 0.76524865 0.22045605781250002 0.7679377765625001 0.22970611562499998 0.7678417359374999 0.23510196562500002 0.7619832796875 0.23497350625000002 0.6871945953124999 0.23381725000000003 0.62885895625 0.23664365156249997 0.5817942171875 0.23600128593749997 0.5327503453125 0.235872809375 0.470648521875 0.23535891874999998 0.463611440625 0.17215025781249998 0.463899559375 0.165469665625 0.46149855312500004 0.15532031562499998 0.46149855312500004 0.1530077953125 0.46409164062499997 0.06440589062499999 0.46341935625 0.064357984375 0.4634325796875 0.0646206359375 0.4791726359375 0.054773512499999996 0.47809009687500004 0.0407268703125 0.477765340625 0.03783065625 0.4817644890625
6 0.0007243640625 0.9049982406250001 0.0026514578125 0.912873534375 0.0223078109375 0.915562665625 0.0242349015625 0.8790673796874999 0.0060854203125 0.8781741734375 0.0056063328125 0.8887674421874999 0.0016236750000000002 0.8926090500000001 0.0007243640625 0.9049982406250001
3 0.0226451203125 0.8652104328125001 0.0241867984375 0.8581034609374999 0.0248291640625 0.8504202375000001 0.022388175 0.8482113140624999 0.013908965625 0.848595475 0.008253050000000001 0.8507147140625 0.0076137953125 0.863961909375 0.0090269953125 0.8674193562499999 0.0187909390625 0.8679956000000001 0.0226451203125 0.8652104328125001
2 0.236794509375 0.923741671875 0.24090564374999998 0.7786957906249999 0.0676509015625 0.777159146875 0.0335420671875 0.77676876875 0.0312850609375 0.8857831562499999 0.030642703124999997 0.9223010687500001 0.23602366406250003 0.9265268390625 0.236794509375 0.923741671875
2 0.2559653046875 0.783044134375 0.25179284062499996 0.92268106875 0.45591302031250003 0.9244138703125 0.46003383593749997 0.7854076437499999 0.2559653046875 0.783044134375
4 0.26077094375 0.7384802296874999 0.2605494796875 0.772244046875 0.2798187703125 0.7745620609375 0.3650086125 0.775081825 0.37062396249999996 0.7755906453125 0.3730062421875 0.7600715828125 0.432345078125 0.7598171687499999 0.45889046406249995 0.7598171687499999 0.4594009671875 0.703720215625 0.4599114234375 0.6789724234375 0.43915158125 0.6769371343749999 0.37210751875 0.6756650828125 0.3089771859375 0.6750290546875 0.2867784875 0.678248746875 0.2873493078125 0.6927821765625 0.2667510734375 0.693444471875 0.26143540781249996 0.69493461875 0.26077094375 0.7384802296874999
4 0.26338899374999997 0.6189865421875 0.2614163703125 0.626660325 0.26259994375 0.6658857140625 0.2657561421875 0.6694248468749999 0.3084962890625 0.669326534375 0.3109949484375 0.665689096875 0.31086343437499997 0.6538919875 0.3722777515625 0.655366628125 0.442537065625 0.6581388421875001 0.4593701171875 0.6560743484375 0.4600276609375 0.6444738578125 0.4606852015625 0.5975927000000001 0.4622632953125 0.5423573187499999 0.45923860625 0.5376322984375 0.4488494515625 0.53576441875 0.40242707031249997 0.5359610375 0.33828965312500003 0.534879634375 0.28124357031249997 0.5344863984375 0.2809218203125 0.5365028390625 0.28035355 0.552604121875 0.2678602734375 0.5534889046875 0.264835584375 0.5543736953125 0.26338899374999997 0.6189865421875
7 0.3415075171875 0.512986525 0.307446903125 0.512396671875 0.2660218328125 0.51436285625 0.2652327953125 0.5180986062499999 0.270271378125 0.5284244953125 0.30429070937499997 0.5288143140625 0.33953488906249996 0.5282244609375 0.342428084375 0.5202614125 0.3415075171875 0.512986525
2 0.46487405937500004 0.3622365703125 0.257141778125 0.36175803281249996 0.256971896875 0.4774351 0.466438540625 0.4758757203125 0.46487405937500004 0.3622365703125
4 0.26737263125 0.1105251 0.262833040625 0.18399677187500002 0.2653091875 0.24958452968749997 0.2638647703125 0.33329833125 0.26654725468749996 0.351191778125 0.2797468453125 0.3530317453125 0.3406070015625 0.3518917515625 0.3389434046875 0.3394554453125 0.3882406421875 0.3396627125 0.46290014843750005 0.3404918046875 0.46525691562500004 0.337486359375 0.46622734374999997 0.2716119140625 0.467890959375 0.22219007031250002 0.46886140468750004 0.21077438437499998 0.4699704515625 0.16217132343750001 0.46692051250000005 0.14565794375000002 0.46678189375 0.1128053671875 0.469440484375 0.09663725937499999 0.4580063765625 0.09606101875 0.4547945609375 0.09337189375 0.3680753109375 0.092315446875 0.3637072296875 0.09394813125 0.312703459375 0.093756053125 0.31077636875 0.09087484375 0.299085328125 0.09087484375 0.297579071875 0.09360937968750001 0.29853075625000003 0.10867405156250001 0.29130868125 0.107902784375 0.278515271875 0.1083655453125 0.26737263125 0.1105251
7 0.41746272656250005 0.089350828125 0.4294883875 0.089350828125 0.4447467859375 0.0860642203125 0.443583009375 0.074754434375 0.4329797328125 0.07340113125 0.43259179531249997 0.0691478734375 0.40634218125 0.0688578796875 0.4068594140625 0.0728211390625 0.3669031125 0.0723378140625 0.3599204484375 0.0704045171875 0.2929386859375 0.06856788593749999 0.2854387953125 0.071371165625 0.271990715625 0.0715644953125 0.27200485625000004 0.08423196093749999 0.28143023125 0.08490424375 0.37517885624999997 0.0865475453125 0.410480053125 0.086740875 0.41746272656250005 0.089350828125
2 0.48665132499999997 0.072125803125 0.4828070453125 0.1906272953125 0.6914778890625 0.1923279640625 0.6931841328125 0.0740716109375 0.48665132499999997 0.072125803125
7 0.532655465625 0.230711915625 0.5353244296875 0.2113299953125 0.6401769609375 0.2130401578125 0.6615287484375 0.21232758437500002 0.6636258359375 0.1993588 0.6584785046875 0.1945133234375 0.6291197875 0.19593846406249998 0.629691728125 0.1975061171875 0.518166740625 0.196223490625 0.48872455312499996 0.1971760515625 0.4901425125 0.2290017421875 0.4983400890625 0.232564596875 0.52903328125 0.23199453281250002 0.532655465625 0.230711915625
4 0.4878548421875 0.2989911046875 0.537612125 0.2989911046875 0.5959482921875 0.2984210453125 0.594995084375 0.28587980156250004 0.6607662140625 0.28644985625 0.689552990625 0.286022315625 0.689171696875 0.2415914828125 0.6868840125 0.23916874687499998 0.6516154296875001 0.2390262296875 0.5988078890625 0.2381711421875 0.52140763125 0.2397388015625 0.5153146765625001 0.24113158750000002 0.5153071296875 0.2565703875 0.508253409375 0.2537201046875 0.4876641828125 0.25357760625000003 0.4878548421875 0.2989911046875
4 0.486901634375 0.32406240625 0.486520340625 0.3679358546875 0.48194495000000004 0.372781334375 0.4815636671875 0.3810471578125 0.49109572031250004 0.38332738437499997 0.6209222375000001 0.38689023906250003 0.6880278671875 0.3850375578125 0.6882184890625 0.322643225 0.6897436359375 0.305872071875 0.627213371875 0.30387687812499997 0.594232496875 0.3037343609375 0.5928979953125 0.3013116265625 0.5761216015625 0.30102659374999996 0.572880709375 0.304589446875 0.544284553125 0.30159665 0.5334180125 0.302451734375 0.5135913750000001 0.304304415625 0.512098128125 0.305621096875 0.5122568734375 0.3198377140625 0.508253409375 0.3169874265625 0.4888080375 0.31812754062500004 0.486901634375 0.32406240625
7 0.4932090484375 0.4089956265625 0.48379730624999995 0.41116047968749997 0.48234935312499994 0.42072190625 0.484761896875 0.42418277031249996 0.49513240625000005 0.4258156140625 0.514928440625 0.42234554375 0.514928440625 0.409897646875 0.4932090484375 0.4089956265625
4 0.4813840328125 0.4712048796875 0.4796947453125 0.5020540109375 0.47872945937500005 0.5294528046875 0.4895891546875 0.5319784546874999 0.588050375 0.530332140625 0.6500713109375 0.5308733578125 0.6512779484375 0.5148173828125 0.676858584375 0.5122917203124999 0.6814437625 0.48144258281249996 0.682891734375 0.431651003125 0.675169278125 0.42786251249999996 0.6051845874999999 0.43092938593749996 0.5482314984375 0.43147060000000004 0.518065665625 0.42840372968749996 0.509810584375 0.43033399531249994 0.5091365921875 0.4477825453125 0.48524525937499996 0.4486845703125 0.4830733203125 0.45265346093750003 0.4813840328125 0.4712048796875
4 0.482311165625 0.6525658375 0.4810785875 0.66099199375 0.48066773281249997 0.713973059375 0.4792297484375 0.7760958718750001 0.4818351390625 0.788763415625 0.525772859375 0.7870346921875 0.525258971875 0.7722445 0.5792175921875 0.7738771812499999 0.6822824890625 0.7742613484375 0.6818970578125 0.7255689515625 0.6815116453125001 0.6569705875 0.6800984359375 0.635441984375 0.6802371265625 0.6200969656249999 0.682167765625 0.60891190625 0.680961128125 0.6040409906249999 0.6744453109374999 0.6042214 0.6778238875 0.55010010625 0.67854785625 0.535126553125 0.62714528125 0.5335029140625 0.6182162234375 0.535126553125 0.5380957875 0.5347657421875 0.5079299546875 0.53368331875 0.5035672671875 0.5369472562500001 0.5035860765625 0.551651959375 0.47752282187499995 0.5536364109374999 0.477586315625 0.6183450296874999 0.482311165625 0.6525658375
4 0.4811875453125 0.8098756734375 0.47823266562500005 0.8676959140625 0.47707641093750003 0.9177283468749999 0.47848961093750003 0.9249313656249999 0.5252537421875 0.9270442546875 0.5419552265625 0.926468009375 0.5401566046874999 0.9106213703125 0.56546576875 0.9098530453125001 0.6423926640625 0.9111015734375 0.675281740625 0.91167781875 0.6791359390625 0.8607815203125 0.6782366015625 0.829504084375 0.67785120625 0.798140665625 0.66885809375 0.796123821875 0.6174689296875 0.79333865625 0.5483354031250001 0.792474296875 0.5089043109375 0.79103369375 0.5068079640625001 0.792984984375 0.5076529671875 0.80958755625 0.49377788593750005 0.8078588390625001 0.48247226875000004 0.8078588390625001 0.4811875453125 0.8098756734375
7 0.7244713171875 0.0745194546875 0.7150283843749999 0.07590358750000001 0.714472928125 0.09002175 0.71500076875 0.0910077703125 0.7716859203124999 0.0897449203125 0.7740929359375001 0.0764572390625 0.7663164296875 0.072996909375 0.7244713171875 0.0745194546875
4 0.7146763375 0.1088416140625 0.7130099390625 0.1655802046875 0.7113435421875 0.1806368203125 0.710047465625 0.24207712812499999 0.7081959062500001 0.3113743765625 0.7081959062500001 0.3441152890625 0.727822375 0.3464683109375 0.7913306640625 0.34605307343749997 0.8637860546875 0.346606725 0.8683307687499999 0.3479091140625 0.8750113875000001 0.34723683125 0.9064157921874999 0.3481972328125 0.9070581593749999 0.335808046875 0.9105269453125 0.25558177656250003 0.9130964109375 0.21239384218750001 0.9170790500000001 0.17825128750000002 0.9155373812500001 0.13816480312499999 0.9168220968749999 0.11022463906249999 0.9152804281250001 0.0926950359375 0.9030755015624999 0.094807925 0.90179076875 0.0919267140625 0.8876587593749999 0.09125443125 0.8343425046874999 0.09240691250000001 0.8071062484375 0.092791075 0.80356533125 0.094903959375 0.74960671875 0.09403959687499999 0.740200971875 0.0975516046875 0.7394871609375 0.1107793984375 0.730970009375 0.110917815625 0.7265262984375 0.10911844062500001 0.7146763375 0.1088416140625
2 0.9080202187499999 0.3487221734375 0.80980135625 0.3475135484375 0.706835909375 0.3477311421875 0.7048715890625 0.43624332812500005 0.7041979328125 0.4692468140625 0.9055950609375 0.47307411093749996 0.9080202187499999 0.3487221734375
4 0.692183971875 0.624329415625 0.6908783203125 0.633504190625 0.6977982484374999 0.6405316796875 0.6955786515625 0.689686271875 0.694925825 0.723511421875 0.71490223125 0.721168925 0.7288726546875 0.72175455 0.7683032171875 0.7212665281249999 0.7692171625 0.7070163468749999 0.8265424687499999 0.708578009375 0.9006731015625 0.7097492578125 0.8984534859375 0.6964751171875 0.8997591375 0.649729959375 0.9092903671875 0.6383251109375 0.9069402015625 0.6267102375 0.8984534859375 0.6271982546875 0.9011953390624999 0.5912156015625001 0.90511229375 0.5872138359375 0.9041983312499999 0.5586439765625 0.9045900375 0.5249976828125 0.9092903671875 0.5186534234375 0.907331890625 0.4980686890625 0.9052428625 0.489186725 0.8886611375 0.4874375203125 0.8171177343749999 0.486266275 0.7471289750000001 0.483826175 0.717099084375 0.482069303125 0.7073018609374999 0.4867290671875 0.7049793125 0.5088342578125 0.699887284375 0.5722277921875001 0.700540109375 0.6208156734375 0.692183971875 0.624329415625
2 0.69356843125 0.9225379031250001 0.698357771875 0.9278088656250001 0.7040783546875 0.9305935249999999 0.8348537140625 0.9323836671875 0.8829337390625 0.9324831140625 0.8906499015625 0.9263170859375001 0.8910490062499999 0.9148800890625 0.898366028125 0.729391446875 0.8931775890625 0.725015553125 0.8887873624999999 0.7231259640625 0.851670040625 0.7226287015625 0.71756335625 0.72163418125 0.7074525484375 0.7224297984375 0.701247584375 0.7247333593749999 0.6991935515625001 0.7286208750000001 0.69662050625 0.8044618187499999 0.6949664078125 0.908484621875 0.69356843125 0.9225379031250001