2 0.5080433234374999 0.205078125 0.5042613640625 0.2080078125 0.5042613640625 0.6142578125 0.5105646312500001 0.619140625 0.9177556812500001 0.6181640625 0.9227982953125 0.4267578125 0.9202769890625 0.2080078125 0.90388849375 0.203125 0.5080433234374999 0.205078125
7 0.118210771875 0.1296445390625 0.0589685359375 0.131939134375 0.0685499671875 0.18813605312499998 0.6350992765625 0.18586208437500001 0.6336182203125 0.1307918375 0.5032853015625001 0.131939134375 0.4810694640625 0.11128779062500001 0.143388721875 0.11472968125 0.118210771875 0.1296445390625
7 0.2544679140625 0.06539591875 0.1478318890625 0.064248621875 0.1478318890625 0.09293104218750001 0.332963875 0.0940783390625 0.33000176406250004 0.059659434375 0.2752026953125 0.059659434375 0.2544679140625 0.06539591875
6 0.067854871875 0.228312065625 0.21151729375 0.23175395625 0.21151729375 0.2076607234375 0.066373815625 0.2053661296875 0.067854871875 0.228312065625
4 0.48131654375000005 0.246592990625 0.1064433234375 0.2460030546875 0.10492021562500001 0.2637011171875 0.06455791093749999 0.262521246875 0.06397044843750001 0.328594009375 0.1073940453125 0.32623426875 0.1081555984375 0.3126657546875 0.48055499218750003 0.311485884375 0.48131654375000005 0.246592990625
4 0.48436275625 0.328594009375 0.1073940453125 0.328594009375 0.1073940453125 0.3468820078125 0.0647470796875 0.3439323296875 0.061700868750000006 0.35986058593750003 0.42800783750000004 0.35986058593750003 0.42953094375 0.3451122 0.48055499218750003 0.3451122 0.48436275625 0.328594009375
4 0.48131654375000005 0.36222032656250003 0.1081555984375 0.3628102625 0.1073940453125 0.37932845312499996 0.061700868750000006 0.3799183875 0.0670317390625 0.45778985937499994 0.2726510359375 0.4583797953125 0.2756972484375 0.44481128124999997 0.48055499218750003 0.4406817328125 0.48131654375000005 0.36222032656250003
4 0.48436275625 0.45955966562499995 0.1058709390625 0.46191940625 0.10510938593750001 0.47902753281250005 0.06093931406250001 0.4778476625 0.061700868750000006 0.5279921703125 0.061700868750000006 0.525632428125 0.2756972484375 0.525632428125 0.2764588 0.5138337203125001 0.47979343906249994 0.508524303125 0.48436275625 0.45955966562499995
4 0.48131654375000005 0.52858210625 0.1081555984375 0.52858210625 0.10510938593750001 0.5456902312499999 0.06398552656249999 0.5445103609374999 0.061700868750000006 0.658367890625 0.11196336250000001 0.660137696875 0.112724915625 0.647749053125 0.48436275625 0.6412597640625 0.48131654375000005 0.52858210625
4 0.10651688906250001 0.694943884375 0.11108620625000001 0.71323188125 0.0638699234375 0.712641946875 0.0662701859375 0.9250186843750001 0.4851788359375 0.923248878125 0.48137107187500006 0.6919942078125 0.10651688906250001 0.694943884375
6 0.0273712796875 0.9167595890625 0.0540256328125 0.9167595890625 0.047933209375 0.88077353125 0.029655939062499997 0.88077353125 0.0273712796875 0.9167595890625
3 0.031940596875 0.8725144359374999 0.0494563140625 0.8719245000000001 0.051740973437500004 0.853636503125 0.031179043750000003 0.8548163734375 0.031940596875 0.8725144359374999
4 0.5086356890625 0.627632221875 0.51043616875 0.9302904265624999 0.9317485624999999 0.9261062125 0.9281476015625 0.6283295921875001 0.5086356890625 0.627632221875