2 0.4623882640625 0.0022633484375 0.031323075 0 0.0402725265625 0.407402675 0.46387983750000006 0.402875978125 0.4623882640625 0.0022633484375
2 0.0458482875 0.768595903125 0.47267400468750004 0.7702523593749999 0.46721587500000006 0.462151415625 0.042573409374999996 0.463807871875 0.0458482875 0.768595903125
1 0.159377378125 0.4083165734375 0.1615606296875 0.4240529125 0.48468188906250004 0.4182553140625 0.48359026250000003 0.4058318890625 0.159377378125 0.4083165734375
1 0.4650326234375 0.42819405312500003 0.0403901578125 0.4323351953125 0.0414817828125 0.46049495937499996 0.1266286015625 0.463807871875 0.123353725 0.451384446875 0.46721587500000006 0.4455868484375 0.4650326234375 0.42819405312500003
6 0.01724343125 0.8851316734375001 0.016704573437500002 0.9149767609375001 0.032870290625 0.9141590859375001 0.0344868625 0.8847228375 0.01724343125 0.8851316734375001
3 0.018860003125 0.8769549375000001 0.035564578125 0.8761372640625 0.0344868625 0.8597837921875 0.020476575 0.8597837921875 0.018860003125 0.8769549375000001
4 0.47396944375 0.9223358218750001 0.4707363 0.7731103906250001 0.044725150000000005 0.7780164328125 0.0452080734375 0.7780164328125 0.048980075 0.9256065171875001 0.47396944375 0.9223358218750001
4 0.9137946546875 0.048449525 0.48747706874999996 0.048449525 0.48387945312499997 0.095534275 0.7941738968750001 0.0948518875 0.7932744921875 0.0818865203125 0.9155934625000001 0.0812041328125 0.9137946546875 0.048449525
4 0.5306484703125001 0.113958740625 0.4856782609375 0.11600590468750001 0.48747706874999996 0.18015034531250002 0.7815822390625 0.17742079375 0.7815822390625 0.16309065312499998 0.9182916750000001 0.161043490625 0.9182916750000001 0.095534275 0.5306484703125001 0.0996286 0.5306484703125001 0.113958740625
4 0.9173922703124999 0.17810318281249998 0.5351454906249999 0.182197509375 0.5351454906249999 0.1985748125 0.48927587812500006 0.19993958750000002 0.4901752828125 0.3773603828125 0.63767756875 0.3787251578125 0.6367781640625 0.3643950171875 0.9209898875 0.36030069062500003 0.9173922703124999 0.17810318281249998
4 0.8427417234375 0.6789757328125 0.8427417234375 0.6653279796875 0.9227886953125 0.6639632046874999 0.9236881 0.3800899328125 0.5369443 0.3821370953125 0.5369443 0.397149625 0.4901752828125 0.3964672375 0.491974090625 0.681022896875 0.8427417234375 0.6789757328125
4 0.9218892921874999 0.681705284375 0.5351454906249999 0.685799609375 0.5369443 0.7035416890625 0.4937728984375 0.7035416890625 0.48927587812500006 0.8366072859375 0.4901752828125 0.835242509375 0.7563989203125 0.831148184375 0.7572983265625 0.8161356546875 0.9218892921874999 0.8134061046875001 0.9218892921874999 0.681705284375
4 0.9227886953125 0.9164466421874999 0.9218892921874999 0.8338777343749999 0.5387431078125 0.8393368359375 0.5414413203125 0.8523022015624999 0.49287349531249997 0.8516198140625001 0.4937728984375 0.91917619375 0.9227886953125 0.9164466421874999