6 0.0459462609375 0.8651812890624999 0.0440450375 0.9006906703125 0.0659091203125 0.901650384375 0.0662259890625 0.8661410015625 0.0459462609375 0.8651812890624999
3 0.0646416359375 0.8397488937500001 0.04816435625 0.839029109375 0.04911496875 0.8570237281249999 0.06400789375 0.856543871875 0.0646416359375 0.8397488937500001
0 0.073958853125 0.9057892453124999 0.4940164125 0.9095950828125 0.4875539890625 0.48279762968749995 0.064624240625 0.484428703125 0.073958853125 0.9057892453124999
0 0.514839778125 0.9068766281249999 0.9614650812500001 0.9030707906250001 0.9384875734374999 0.47790440937499995 0.50765930625 0.4822539375 0.514839778125 0.9068766281249999
4 0.338311928125 0.042413334375 0.0533474796875 0.045442859375 0.056459415624999995 0.1935529171875 0.30452519218749996 0.191196621875 0.29919044375000003 0.175039159375 0.3427575515625 0.17402931875 0.338311928125 0.042413334375
4 0.340090178125 0.194899371875 0.0853559671875 0.19523598749999999 0.0853559671875 0.21374974375 0.055570290625 0.2150962 0.057348540625 0.463180546875 0.3427575515625 0.46082425000000005 0.340090178125 0.194899371875
4 0.5746666671875 0.44725413437499995 0.3843218390625 0.44725413437499995 0.3843218390625 0.46075282812499996 0.5746666671875 0.46075282812499996 0.5746666671875 0.44725413437499995
4 0.5306264374999999 0.4304351609375 0.382867815625 0.4304351609375 0.382867815625 0.44366405625 0.5306264374999999 0.44366405625 0.5306264374999999 0.4304351609375
4 0.6146954015625 0.4144560484375 0.3843160921875 0.4144560484375 0.3843160921875 0.42768494375 0.6146954015625 0.42768494375 0.6146954015625 0.4144560484375
4 0.555017240625 0.3984769359375 0.3872356328125 0.3984769359375 0.3872356328125 0.41335944375 0.555017240625 0.41335944375 0.555017240625 0.3984769359375
4 0.63398674375 0.3598387375 0.3886899203125 0.36562569843750004 0.359210628125 0.3821598734375 0.359210628125 0.393458225 0.4032475953125 0.3948911859375 0.40506730625 0.3800104296875 0.6358064531250001 0.3758768875 0.63398674375 0.3598387375
4 0.6401737546875 0.2466347609375 0.3857783859375 0.2480126078125 0.3865062703125 0.2642712125 0.3584827453125 0.2659246296875 0.35629909375 0.36149215468749996 0.4229004578125 0.36094101562500003 0.42653987656250003 0.34495798125 0.6387179890625 0.3446824109375 0.6401737546875 0.2466347609375
4 0.6401737546875 0.1452251609375 0.3875980953125 0.1501854125 0.3850505015625 0.1631371828125 0.3577548625 0.1667195859375 0.35629909375 0.2452569125 0.503695553125 0.24415463437499998 0.503695553125 0.22734489062500002 0.644177115625 0.22789602968749997 0.6401737546875 0.1452251609375
4 0.6390819296875 0.041059865625000004 0.358118803125 0.045744546875 0.3584827453125 0.14494959062499999 0.5808512296874999 0.1438473125 0.580123346875 0.12896655625 0.6416295234375 0.12869098750000002 0.6390819296875 0.041059865625000004
4 0.9298714875 0.0405087265625 0.67765976875 0.045468978125 0.646724709375 0.0625542921875 0.650364128125 0.22954944687499998 0.86181435625 0.22982501718749998 0.866181659375 0.2127397046875 0.9367863828124999 0.2135664125 0.9298714875 0.0405087265625
4 0.6823910125 0.248288178125 0.8385220765625 0.2471859 0.837066309375 0.2331318515625 0.6834828390625 0.23175400468750001 0.6823910125 0.248288178125
4 0.9360584984375 0.2449813421875 0.6816631281250001 0.25131944375000004 0.683118896875 0.265373490625 0.6525477796875 0.26840475625 0.652911721875 0.2984418390625 0.87528020625 0.2959617125 0.874552321875 0.28300994375 0.9371503234375 0.2791519703125 0.9360584984375 0.2449813421875
4 0.9338748484374999 0.294859434375 0.6816631281250001 0.300921965625 0.6536396046874999 0.31718056875 0.655459315625 0.3957178953125 0.7737404234375 0.393788909375 0.7813832015625 0.379459290625 0.9371503234375 0.3783570125 0.9338748484374999 0.294859434375
6 0.8639980078124999 0.3800104296875 0.861450415625 0.39599346406249997 0.7610024578125001 0.39516675625 0.7591827484375 0.4072918171875 0.778107725 0.4155589046875 0.776651959375 0.4290618125 0.729339515625 0.42795953437499995 0.729339515625 0.44504484843750003 0.940061859375 0.4433914296875 0.9386060921875 0.3808371390625 0.8639980078124999 0.3800104296875