4 0.0506692015625 0.177900934375 0.4656960234375 0.1744599109375 0.4661566515625 0.055400484375 0.0520510875 0.055400484375 0.0506692015625 0.177900934375
4 0.0644880734375 0.18994451875 0.46523539375 0.1923532359375 0.4633928765625 0.176524525 0.0644880734375 0.181341959375 0.0644880734375 0.18994451875
4 0.8994847281249999 0.0523035625 0.48722168125 0.05367997343749999 0.4827393 0.102198409375 0.648105146875 0.10151020468750001 0.6517901796875 0.0849932890625 0.8962603234375001 0.086025596875 0.8994847281249999 0.0523035625
4 0.8962603234375001 0.1717070921875 0.8994847281249999 0.10598353593750001 0.51808383125 0.10495122812499999 0.48676105156249994 0.12181224531249998 0.4835366484375 0.1889122125 0.7396464296875 0.190288621875 0.7405676875 0.1720511953125 0.8962603234375001 0.1717070921875
7 0.1610511 0.20402139687499998 0.082214896875 0.20444205937499998 0.0588455953125 0.21054166875 0.0574378046875 0.22778883749999998 0.24016886093749998 0.2294714875 0.23904262968749998 0.20654537187500002 0.168090046875 0.20949001093750003 0.1610511 0.20402139687499998
4 0.2438291125 0.24966329687500002 0.071515696875 0.250504621875 0.0447677 0.2700654359375 0.0447677 0.3689211640625 0.19680895 0.3680798390625 0.20300322343750002 0.34957068125 0.24608157656250002 0.3478880296875 0.2438291125 0.24966329687500002
4 0.24861559687499998 0.380068725 0.06898167656250001 0.38112038125000003 0.046175490624999996 0.402994840625 0.0498357421875 0.4137217390625 0.12416701875 0.4151940578125 0.125574809375 0.39920887656250004 0.25255740625 0.3998398703125 0.24861559687499998 0.380068725
4 0.2494602703125 0.42802426875000005 0.0839042453125 0.42465896875000003 0.047020164062499994 0.4448507765625 0.047301721875 0.5113154796875 0.17597366718750002 0.5121568046875 0.1793523625 0.495330296875 0.25030494375 0.49764394218749997 0.2494602703125 0.42802426875000005
4 0.24861559687499998 0.5312969562500001 0.0748943921875 0.5277213234375 0.046457048437499995 0.5441271671875 0.045330815625 0.5937653625 0.179070803125 0.5956583453125 0.176255225 0.5752562046875 0.24692624843750002 0.5809351515625 0.24861559687499998 0.5312969562500001
4 0.0757390671875 0.6076472296875 0.045049259375 0.6276287078125 0.046738606249999995 0.6943037421875 0.2474893640625 0.6959863921875 0.2488971546875 0.6133261765625 0.0757390671875 0.6076472296875
4 0.24242132343749997 0.7098682609375 0.07376816093750001 0.7094475984375 0.048427953125 0.7275360937500001 0.046175490624999996 0.7557204921875 0.1019239484375 0.7557204921875 0.09910836875 0.7416282921875 0.244392228125 0.7433109421874999 0.24242132343749997 0.7098682609375
4 0.2441106703125 0.753406846875 0.0771468546875 0.7569824796875 0.0492726265625 0.7717056734375001 0.0481463953125 0.786218534375 0.19258558125 0.7872701921874999 0.1951196015625 0.7731779921874999 0.25227585 0.7731779921874999 0.2441106703125 0.753406846875
4 0.2494602703125 0.8015727234375 0.0760206234375 0.8017830546875 0.0495541859375 0.8219748625 0.047301721875 0.8865465828125 0.1182543046875 0.88486393125 0.119098978125 0.8690890828125 0.24692624843750002 0.8678270937500001 0.2494602703125 0.8015727234375
6 0.0166119140625 0.8703510703124999 0.0121069890625 0.904214415625 0.035194734374999995 0.905476403125 0.036320965625 0.8701407390625 0.0166119140625 0.8703510703124999
3 0.0208352828125 0.8388013703125001 0.018019703125 0.8575208578125 0.03575785 0.8560485390625001 0.036602521875 0.8404840203124999 0.0208352828125 0.8388013703125001
4 0.2455184609375 0.8833916125 0.0698263515625 0.8878085703125 0.0422336796875 0.9006387828125 0.039699659375 0.9140999875 0.120788325 0.91515164375 0.1216329984375 0.9023214328125 0.24580001718750003 0.9031627578125001 0.2455184609375 0.8833916125
4 0.4585451984375 0.9027420968750001 0.45910831406249997 0.8726647140624999 0.28465500312500003 0.8720337203125 0.2815578671875 0.8930668546874999 0.2590332375 0.8953804999999999 0.25835755625 0.9180962828125001 0.320018728125 0.9174652890624999 0.32142651718750004 0.905055740625 0.4585451984375 0.9027420968750001
4 0.46473947187500003 0.7111302484375 0.29327073124999997 0.7132335624999999 0.267930521875 0.7338460328124999 0.26736740625 0.8667754375 0.3079117390625 0.86656510625 0.3104457609375 0.8503695921875 0.46248700937500004 0.8507902546875 0.46473947187500003 0.7111302484375
4 0.2958047515625 0.614167503125 0.2622993640625 0.632466328125 0.266241175 0.6985103671874999 0.463050125 0.6955657296875 0.463894796875 0.614167503125 0.2958047515625 0.614167503125
4 0.45910831406249997 0.48628605 0.2870764578125 0.49133400156249996 0.2614546921875 0.5092121656249999 0.2631440390625 0.6074369 0.3605630609375 0.6063852437499999 0.3633786390625 0.5899793984375 0.46333168281250003 0.5895587359375 0.45910831406249997 0.48628605
4 0.46642881875000003 0.4393821625 0.2969309828125 0.4450611078125 0.29777565625 0.46777689218749996 0.271590775 0.46588391093750003 0.2696198703125 0.491754665625 0.32030028593750004 0.4883893625 0.3186109390625 0.47555915156250006 0.4672734921875 0.47534882031250003 0.46642881875000003 0.4393821625
4 0.4667103765625 0.283526640625 0.28792113124999996 0.2925708890625 0.2639887125 0.310028390625 0.265678059375 0.4299172515625 0.3594368296875 0.42823460156250004 0.3588737140625 0.41224941875 0.46755504999999997 0.4069911359375 0.4667103765625 0.283526640625
4 0.453246321875 0.22200000156250002 0.28870145156250004 0.23131208281250001 0.25928282343750003 0.24956376093750002 0.26426903125 0.28047986874999997 0.362995953125 0.27601006875 0.36199871250000004 0.2596208078125 0.46022701093749996 0.2585033578125 0.453246321875 0.22200000156250002
4 0.6856036203125 0.21827517031250002 0.5065987484375001 0.22497986874999998 0.48366218906249997 0.24583892812500002 0.4831635703125 0.42612080937499996 0.6103118765625 0.4216510109375 0.6128049812499999 0.41122147968749995 0.6861022421875 0.4093590640625 0.6856036203125 0.21827517031250002
4 0.91015876875 0.215050759375 0.7334053109374999 0.2171260390625 0.70909736875 0.2383976453125 0.7073610875 0.283534959375 0.8299425625 0.28094086093750004 0.8354986640625001 0.2690080078125 0.9112005375000001 0.2674515484375 0.91015876875 0.215050759375
4 0.91015876875 0.3686213875 0.9105060249999999 0.290539025 0.732016284375 0.29131725468749997 0.7368778734375 0.30895712343750004 0.7070138328125 0.311551221875 0.7070138328125 0.3751066328125 0.91015876875 0.3686213875
4 0.9084224875 0.370956075 0.7334053109374999 0.3751066328125 0.7351415921875 0.39248709375 0.70909736875 0.3930059125 0.70840285625 0.42050335624999996 0.8865453406249999 0.41557456875 0.886892596875 0.40467935625000007 0.9157148703125 0.40364171562499995 0.9084224875 0.370956075
0 0.91424023125 0.45044324375 0.466193921875 0.45044324375 0.466193921875 0.9092324328125001 0.91424023125 0.9092324328125001 0.91424023125 0.45044324375