4 0.0918230203125 0.5646388734375 0.08542755625000001 0.580297503125 0.06236921250000001 0.58342923125 0.06307980937499999 0.60639521875 0.1067821734375 0.6024805609375 0.15581409375 0.6006537187500001 0.22794072656250003 0.5996098062499999 0.23362558125000002 0.5891707203125 0.35119472812499997 0.5865609484375 0.3497735078125 0.5583754187500001 0.23820814375000002 0.5633339875 0.160751928125 0.5633339875 0.0918230203125 0.5646388734375
4 0.0684093640625 0.774503175 0.07444954375 0.866396125 0.1035844359375 0.867971659375 0.1042950578125 0.878410746875 0.072673025 0.8786717390625001 0.0843980296875 0.916513415625 0.209109646875 0.9144255906250001 0.3697069328125 0.9149475375 0.3686410109375 0.8643179765625 0.36565166250000003 0.8027080390625001 0.3624539515625 0.6904588625 0.355347878125 0.59569515 0.33047662031249997 0.5943902640625 0.3070265546875 0.5975219921875 0.28002350625 0.5959561328125 0.2512438859375 0.5990878609375 0.2391635546875 0.5975219921875 0.22708322343749998 0.6001317625 0.19830362968749998 0.6024805609375 0.171655853125 0.60169763125 0.1347042640625 0.6030025171875 0.11089892812499999 0.6030025171875 0.0888700828125 0.6035244640624999 0.0907935078125 0.6092659625 0.08937228750000001 0.6197050484375 0.058816175000000005 0.6197050484375 0.0652116515625 0.705324896875 0.0684093640625 0.774503175
4 0.4110863734375 0.69369496875 0.4222784453125 0.6916071625 0.4359576328125 0.6913461890625 0.4501697796875 0.6827339359375 0.6615754500000001 0.6769924453125 0.6512716640625 0.5519843812499999 0.5659987765625 0.5598136953124999 0.5226517109375 0.5585088093749999 0.45834174843750003 0.5592917484375 0.40575681875 0.5624234671874999 0.38514919375 0.5611185812499999 0.36414860937500004 0.5655745421875 0.3659627890625 0.6451435546875001 0.3698711234375 0.6965657328125 0.39794012031250003 0.695260846875 0.4110863734375 0.69369496875
4 0.4142840859375 0.774375578125 0.49493803906249995 0.7717658078125 0.496359259375 0.7639364921875 0.6622860984375001 0.756629153125 0.6597989296875 0.687731165625 0.623557965625 0.685904334375 0.580921521875 0.6895580031249999 0.528691890625 0.691123878125 0.498846375 0.6913848453125 0.45869704687499996 0.6932116828125 0.43027275156250006 0.692950709375 0.41748182343750007 0.691906796875 0.3968742265625 0.696343415625 0.3983347140625 0.7000176015624999 0.399361340625 0.712523990625 0.3716476421875 0.712523990625 0.3759113015625 0.7782902359375 0.4142840859375 0.774375578125
4 0.3773325234375 0.874097871875 0.41215226875 0.874619809375 0.42636441718749996 0.870966125 0.43951066875 0.8738368796874999 0.48676604375 0.870966125 0.48641074531250006 0.8568733640625 0.6669050046875 0.853480653125 0.6633519671875 0.765792334375 0.6345724015624999 0.7676191765625 0.584474559375 0.769185034375 0.5603139234375 0.769706990625 0.5237176328125 0.7723167625 0.494227415625 0.7730996921875 0.464381928125 0.7751875125 0.4480379359375 0.7751875125 0.399666640625 0.7796392203125 0.397584821875 0.7911071140625 0.377687821875 0.7903241953125 0.3773325234375 0.8456513390625 0.3773325234375 0.874097871875
4 0.7191221718749999 0.6229659109375 0.74328280625 0.621661025 0.7585608749999999 0.619051253125 0.784853353125 0.620617121875 0.822515540625 0.6169634578125 0.8271344984375 0.6052194656250001 0.962860525 0.600782853125 0.956109721875 0.54597765 0.7677222421875001 0.553827090625 0.6636948 0.5561557640625 0.6693796546875 0.625053725 0.70633124375 0.6229659109375 0.7191221718749999 0.6229659109375
4 0.671005765625 0.6748896265625 0.7187810484375 0.6711600578125 0.7799426515625 0.668617171875 0.8579525515625 0.668617171875 0.9168061703125 0.665565709375 0.9195757453125 0.652851275 0.9680790125 0.6487826546875 0.9574622671874999 0.6147079703125 0.932766834375 0.61453844375 0.9027630296875 0.6152165468749999 0.869297228125 0.6172508578125 0.8326002796875001 0.6155556 0.818983165625 0.618946115625 0.8037504671875 0.6184375390625 0.7663610984375 0.6208109 0.7562059609375 0.6192851687500001 0.7361265 0.6221671046874999 0.7366260375 0.6221744015625 0.6970859843749999 0.6230084546875 0.6973167984375 0.636061940625 0.6693901640625 0.6375876765624999 0.671005765625 0.6748896265625
4 0.6760476421875 0.792515790625 0.68368499375 0.8748964796875001 0.70937430625 0.868776721875 0.72881485625 0.8652068749999999 0.7340221484375 0.8544972671875 0.9759876562500001 0.8496524593749999 0.9766819515625 0.794574578125 0.970780365625 0.7161448921875 0.96626736875 0.6604754421875 0.9336350281250001 0.6627703515625 0.9256505031250001 0.665320253125 0.9055156312499999 0.6671051875 0.8860751328124999 0.6671051875 0.8673288234375001 0.6686351234375 0.8242818734374999 0.6694000921875001 0.785053625 0.6696550890624999 0.752074109375 0.6686351234375 0.71319298125 0.671440021875 0.6979182796875001 0.6729699578125 0.70035273125 0.679805871875 0.7007803781249999 0.6865869015625 0.6744693453124999 0.687773596875 0.6726229499999999 0.7383048234375 0.6760476421875 0.792515790625
4 0.890240903125 0.8758733781249999 0.8864222281249999 0.857769075 0.81733881875 0.8621039187499999 0.7874836828125 0.8623589 0.7364522328125 0.865418784375 0.7114572171875 0.8697536187500001 0.7093338921875 0.87621451875 0.7111100703125001 0.897547540625 0.722218975 0.9011174078125 0.8714946734375 0.8978025374999999 0.890240903125 0.8758733781249999
4 0.3989371984375 0.9054022859374999 0.5154364890625 0.9027509078125 0.5245078515625 0.9032105328125001 0.5742824468750001 0.9007591906249999 0.64571874375 0.90060598125 0.6669895453125 0.8983844578125 0.6637572234375 0.8698110078125 0.6469699656250001 0.8696577984375 0.5955654765625 0.8720325359375 0.5312757953125 0.8726453734374999 0.463542375 0.8748668984375 0.4333044453125 0.8758627562499999 0.427861865625 0.8723776328125 0.4237551953125 0.8724462000000001 0.421328528125 0.8732690468750001 0.4203018625 0.8760804328124999 0.408697065625 0.876887834375 0.40965408124999997 0.8914347890625001 0.38079444375 0.892992371875 0.38433958281249997 0.902950946875 0.3989371984375 0.9054022859374999
6 0.048250071875 0.869599828125 0.048623407812500005 0.8840703984375 0.0437700671875 0.8844818203125 0.043676734375 0.8937388265624999 0.0437700671875 0.8988816078124999 0.045543403125 0.9036815359375 0.06411675 0.9019738109375 0.065796753125 0.88654546875 0.062343421875000006 0.869608575 0.0589834125 0.8681685984374999 0.0575834125 0.8589801609375 0.05525007656249999 0.8589801609375 0.0524154 0.8601372218750001 0.0524500765625 0.8682284203125 0.048996734375 0.86788556875 0.048250071875 0.869599828125
3 0.0570234125 0.8586496765625 0.059916746875 0.8581696828125001 0.0609434125 0.8552897249999999 0.0604767453125 0.8428784796875 0.057210076562500004 0.8408899375000001 0.04974340625 0.8417813531249999 0.046581093750000004 0.84495711875 0.046290071875 0.8581011109375 0.047036735937500004 0.8597468015624999 0.0512367390625 0.8597468015624999 0.0570234125 0.8586496765625
2 0 0.556921265625 0.5475895828125 0.53780816875 0.6689397640625 0.5354211062500001 0.671374484375 0.5045659390624999 0.6518971 0.474157959375 0.640332484375 0.45582372343750005 0.72737173125 0.44509150468750003 0.8551915781250001 0.4437499625 0.982402721875 0.447327384375 0.98970669375 0.43838386093750004 0.9842287375 0.29682306875000003 0.9808919703125 0.1429885375 0.9656753203124999 0.08664434843749999 0.9455893265625 0.06786292656250001 0.8676801609375 0.0656270453125 0.7136876156249999 0.081725390625 0.67188758125 0.058970703125 0.6575761625000001 0.045256351562500005 0.5860191640625 0.0507420953125 0.445394115625 0.0507420953125 0 0.0655597421875 0 0.556921265625
7 0.801921978125 0.500894209375 0.8908110015625 0.5014507859374999 0.8925787125 0.48475342968749996 0.8852554453125 0.4585942390625 0.848386721875 0.45989292812500004 0.833740225 0.46193370937499995 0.8206089000000001 0.46582975937500004 0.76340185625 0.467313975 0.6699986609375 0.47016707343749997 0.68879049375 0.5025639484375 0.7261642796875 0.507202103125 0.801921978125 0.500894209375
6 0.7385380406250001 0.5361441921875 0.8716190750000001 0.529279715625 0.87717463125 0.5213021046875 0.875912003125 0.5085007796875 0.73677036875 0.508129734375 0.69683396875 0.5098465578125 0.69131575 0.5170349890625 0.7031844484375 0.5313205078125 0.7385380406250001 0.5361441921875