7 0.8329701671875 0.0908203125 0.834224640625 0.0703125 0.7840457140625 0.064453125 0.7715009828125 0.072265625 0.7702465109375 0.0849609375 0.776518875 0.08984375 0.804117284375 0.09375 0.8329701671875 0.0908203125
7 0.2270596390625 0.125 0.23834989687500002 0.1201171875 0.2345864765625 0.111328125 0.2195328 0.107421875 0.1342286265625 0.103515625 0.11415705625000001 0.109375 0.11290258281250001 0.1201171875 0.11917494843750001 0.125 0.136737571875 0.126953125 0.2270596390625 0.125
7 0.45035585781250004 0.181640625 0.5268787203125 0.1767578125 0.5231153 0.154296875 0.45788269687499994 0.14453125 0.337453275 0.14453125 0.12168389531249998 0.154296875 0.12042942187500001 0.1650390625 0.1254473140625 0.1708984375 0.1467733578125 0.1796875 0.45035585781250004 0.181640625
3 0.0790318078125 0.865234375 0.07777733437499999 0.8779296875 0.086558646875 0.8828125 0.090322065625 0.8662109375 0.0790318078125 0.865234375
6 0.08906759375 0.888671875 0.08154075468750001 0.888671875 0.0752683890625 0.8974609375 0.0752683890625 0.9208984375 0.08906759375 0.921875 0.0928310125 0.8935546875 0.08906759375 0.888671875
2 0.7865546609375 0.92578125 0.952145115625 0.92578125 0.955908534375 0.9208984375 0.9609264281250001 0.6005859375 0.9496361703125 0.59375 0.1292107328125 0.583984375 0.1103936375 0.5888671875 0.10788469062499999 0.6435546875 0.10286679843749999 0.9013671875 0.10537574375 0.9111328125 0.11415705625000001 0.916015625 0.7865546609375 0.92578125
1 0.487990053125 0.583984375 0.49175347187499996 0.5791015625 0.487990053125 0.5703125 0.4629005890625 0.56640625 0.2772385640625 0.5625 0.1593180890625 0.5625 0.111648109375 0.56640625 0.10788469062499999 0.5751953125 0.1166660015625 0.580078125 0.16182703437499998 0.58203125 0.487990053125 0.583984375
4 0.487990053125 0.556640625 0.513079515625 0.5546875 0.521860828125 0.5498046875 0.5206063546874999 0.5390625 0.18189860468750002 0.53515625 0.149282303125 0.5390625 0.145518884375 0.5458984375 0.15179125 0.55078125 0.32255055312500003 0.5530869703125 0.487990053125 0.556640625
4 0.47072215625 0.31916721875 0.513079515625 0.302734375 0.5267837234375 0.297996771875 0.525134878125 0.20369216093750003 0.4227574484375 0.203125 0.15179125 0.205078125 0.10788469062499999 0.2236328125 0.1054911046875 0.31339345625 0.12168389531249998 0.31640625 0.1939386484375 0.3166011453125 0.47072215625 0.31916721875
4 0.4047611671875 0.53353243125 0.4047611671875 0.52006035 0.5259532046875 0.5226264484375001 0.5259532046875 0.3218281578125 0.2901646390625 0.3205451078125 0.1424448375 0.31870336250000003 0.1038422578125 0.337224840625 0.0988955953125 0.5322493703125 0.4047611671875 0.53353243125
4 0.9567545624999999 0.5547028765625 0.9617011 0.5104374296875 0.9328458609375 0.5059467765625 0.6756220515625 0.505305209375 0.5774067015625 0.5056567453125 0.5379413078125 0.523267990625 0.5379413078125 0.55213675625 0.9567545624999999 0.5547028765625
4 0.5420634859375 0.504022146875 0.7770276265625 0.5033806046875 0.7778519875 0.487342403125 0.9600522546875 0.48541782187500004 0.964998915625 0.44949225937500004 0.6179115765625001 0.443076978125 0.5856524234375 0.4430714921875 0.5453612390625 0.46168127812500004 0.5404146390625 0.47130419999999995 0.5420634859375 0.504022146875
4 0.681393075 0.4450015578125 0.681393075 0.42768029375000005 0.9666477625000001 0.42768029375000005 0.967472121875 0.38084874687500003 0.5866831390625 0.3780791140625 0.5453612390625 0.39688694999999996 0.5453612390625 0.44371849531249996 0.681393075 0.4450015578125
4 0.5453612390625 0.3761060921875 0.7531189265625 0.376747659375 0.7572411031249999 0.36199247031250004 0.96417443125 0.3613509265625 0.9715942984374999 0.14900513437500001 0.5887445703124999 0.14378560625 0.5478345703125 0.161194190625 0.5453612390625 0.3645585671875 0.5453612390625 0.3761060921875
4 0.8825553796875001 0.130400821875 0.9633499437499999 0.1284762296875 0.9633499437499999 0.1137210890625 0.5454545265624999 0.1108882296875 0.544536815625 0.143872903125 0.8825553796875001 0.1445144328125 0.8825553796875001 0.130400821875