2 0.1880633109375 0.433744771875 0.1929931015625 0.43415997968750003 0.22731905000000002 0.43471359375 0.46523052500000006 0.436043421875 0.465757834375 0.42844909062500003 0.47081981562499997 0.20581486875000002 0.47281009999999996 0.053465203125000006 0.0439487921875 0.0513542546875 0.041539781250000005 0.18718298125 0.04112714375 0.4343192171875 0.049481396875 0.4333295578125 0.07705171250000001 0.433744771875 0.13200975312500002 0.4331911546875 0.1880633109375 0.433744771875
2 0.5677247453125001 0.385333725 0.6639717109375 0.3861312265625 0.7785079875 0.38750691718749997 0.89401985 0.387799328125 0.9150281781249999 0.387657421875 0.9169002390625 0.38638026718749996 0.9170874250000001 0.291758234375 0.919146725 0.101498121875 0.9197083062500001 0.0598397609375 0.91633863125 0.059130234375 0.71921111875 0.056717828125 0.48815483437499996 0.054905068749999994 0.48880678125 0.1261041125 0.4864822859375 0.3254620015625 0.4864822859375 0.3848188640625 0.5677247453125001 0.385333725
2 0.9077270859375 0.6386628937500001 0.9080463671875 0.6156682921875001 0.9115588140625001 0.48787508593749995 0.9131553953125 0.4437672078125 0.8551628578124999 0.44352846875 0.7750680234375 0.4427382640625 0.743543934375 0.4423431640625 0.637714921875 0.44102616406250006 0.4870744546875 0.43745491875000003 0.48169384062500004 0.6315393171875 0.4868028890625 0.633475715625 0.6014371078125 0.63517005625 0.9077270859375 0.6386628937500001
2 0.224656571875 0.7494725484375 0.46010221875 0.751109715625 0.46102778593749993 0.74152059375 0.46287904375 0.6643879625 0.4675071671875 0.4899976296875 0.43171641406249994 0.49023151093750006 0.3216127453125 0.49052740625 0.3075525328125 0.49062518437499997 0.23312360937499998 0.490918521875 0.20416927031249998 0.4907193203125 0.202621359375 0.489741525 0.18056356406250001 0.48925262812500003 0.1767634125 0.48827483281250006 0.0697668625 0.48661257812500003 0.0363236078125 0.48503138281249997 0.0357040796875 0.56297625625 0.031814425 0.7413132609375 0.0318186328125 0.74736761875 0.224656571875 0.7494725484375
2 0.9011974031250001 0.92901176875 0.9055004609375 0.670842309375 0.90162778125 0.6701899484375 0.6537724109374999 0.6685590453125 0.4802344265625 0.6678354484375 0.47605669375000004 0.8142132984374999 0.47691732968749995 0.9267285031249999 0.559105459375 0.9264023124999999 0.9011974031250001 0.92901176875
4 0.3889416234375 0.7647189484375 0.2728778375 0.7609883890625 0.25978946718749996 0.7645717265624999 0.25729330625 0.922335040625 0.45825176093750003 0.9257547171875 0.46522383281249996 0.76844950625 0.3889416234375 0.7647189484375
4 0.24165620156249998 0.9248820359375 0.24343303437500002 0.7639293281249999 0.113723825 0.76056211875 0.0675143953125 0.7644558375 0.0675259734375 0.77840833125 0.0413175921875 0.7811020953125001 0.0404291765625 0.921851546875 0.24165620156249998 0.9248820359375
3 0.0350986796875 0.8928935421875 0.02665868125 0.8875059890625 0.0088902828125 0.8895263203124999 0.012443962499999999 0.9248820359375 0.035542871875 0.9231984484375 0.0350986796875 0.8928935421875
1 0.9068134625000001 0.663683184375 0.9060511281249999 0.64866010625 0.8599344296875 0.6469266765625 0.7943800984375 0.6480822921875 0.65215531875 0.650046315625 0.6533620984375 0.663683184375 0.6689884265625 0.664549890625 0.7589350484375 0.6668611265625 0.9068134625000001 0.663683184375
1 0.21345635000000002 0.49073481562500004 0.21587963281250003 0.4900580609375 0.2393471890625 0.4900580609375 0.2503157125 0.4899613859375 0.2510380046875 0.49094743125000007 0.253699228125 0.49094743125000007 0.2550298453125 0.49034224843749996 0.2864322953125 0.49003965781250003 0.28802903281250003 0.48983792968750006 0.2882951546875 0.49074570156249997 0.291488621875 0.4906448390625 0.2970771890625 0.48983792968750006 0.3045286265625 0.489938796875 0.3045286265625 0.49074570156249997 0.311713934375 0.4901405234375 0.3174355578125 0.4902413859375 0.31876617500000004 0.49074570156249997 0.323955575 0.4908465640625 0.324354753125 0.489938796875 0.3463098515625 0.4897370671875 0.3463098515625 0.47601963593749996 0.4391813578125 0.47601963593749996 0.4410441984375 0.47924726875 0.46136736875000006 0.47854122343750005 0.4630971640625 0.46129356875000005 0.41652573593750003 0.45947802812500005 0.28915542968749997 0.45998234531250004 0.287026446875 0.45816680156249995 0.27678073125 0.45816680156249995 0.269465775 0.460789253125 0.18763612968750001 0.46058752500000005 0.185224990625 0.456891053125 0.1709874421875 0.456891053125 0.1687012546875 0.4597473765625 0.0763737625 0.4590756234375 0.0756215859375 0.47161950937499997 0.1054583984375 0.473900209375 0.19772690625 0.47485050624999997 0.20145066093750003 0.4889130703125 0.2036356921875 0.4890912703125 0.2036356921875 0.49054145625 0.20899241562499998 0.49063813593749994 0.21345635000000002 0.49073481562500004
1 0.185856809375 0.444948228125 0.18559150156249998 0.4343903671875 0.1126344890625 0.43388761093749995 0.07523186875 0.433924609375 0.056319532812499996 0.43387818281249996 0.04866169375 0.43414025624999997 0.0494935015625 0.44474712343749995 0.0616972203125 0.44555153281250004 0.1274911984375 0.44635594218749997 0.185856809375 0.444948228125
1 0.736284584375 0.4056644578125 0.73313510625 0.3921828875 0.6955269015625001 0.3920424546875 0.695156365625 0.3895146609375 0.656436553125 0.3895146609375 0.6375398156250001 0.390918990625 0.5126084046875 0.3890933640625 0.511682103125 0.3861442671875 0.506680025 0.3857229671875 0.49871374687500003 0.3857229671875 0.4974812296875 0.38821234375 0.4872745796875 0.38895292656249997 0.4872745796875 0.401872765625 0.59602350625 0.404681425 0.736284584375 0.4056644578125
1 0.8247677781249999 0.4423185890625 0.8531454374999999 0.4430288625 0.8609091546875 0.44333325781250005 0.8672004203125001 0.44272445312500003 0.883530984375 0.4432317890625 0.9021370765625001 0.4432317890625 0.9064205 0.4305484609375 0.8022798265625 0.42983819375000004 0.79679168125 0.42740299843749996 0.786484696875 0.427200065625 0.7839195421875 0.42918540156249996 0.7726974359375001 0.42973673124999995 0.7733667234375 0.44099953125 0.7819335609375 0.44201419375000006 0.8247677781249999 0.4423185890625