6 0.076416315625 0.879136803125 0.058949729687499994 0.879542496875 0.0562205765625 0.9152434828124999 0.055674745312499996 0.9156491765625001 0.0780538078125 0.914026403125 0.076416315625 0.879136803125
3 0.058949729687499994 0.8661546250000001 0.077507978125 0.8661546250000001 0.07477882500000001 0.8495212109375 0.0611330515625 0.850332596875 0.058949729687499994 0.8661546250000001
7 0.9670264875000001 0.1435546875 0.8027896515625 0.109375 0.794906284375 0.109375 0.7909646 0.1220703125 0.779139546875 0.126953125 0.5242439796875 0.125 0.51110503125 0.130859375 0.48482713750000006 0.130859375 0.46643261249999995 0.125 0.43489914062499996 0.125 0.427015771875 0.1328125 0.398110090625 0.125 0.356065459375 0.123046875 0.2141648328125 0.123046875 0.206281465625 0.1171875 0.17474799218749998 0.111328125 0.16686462500000002 0.119140625 0.12744778437499998 0.123046875 0.11825052031250001 0.1279296875 0.11825052031250001 0.1376953125 0.09460041875 0.1474609375 0.0959143125 0.15234375 0.11430883750000001 0.15625 0.11562273125 0.1669921875 0.152411784375 0.1884765625 0.1458423109375 0.1953125 0.12481999531250002 0.197265625 0.12219220625 0.203125 0.2220482015625 0.220703125 0.2299315703125 0.21875 0.2312454640625 0.2138671875 0.21022314999999997 0.2021484375 0.21153704375000001 0.1953125 0.31664861875 0.21484375 0.3232180921875 0.2138671875 0.329787565625 0.197265625 0.34818209218749996 0.197265625 0.41913240468749996 0.20703125 0.45329366562500006 0.216796875 0.46774650781249993 0.2158203125 0.46643261249999995 0.201171875 0.5321273468750001 0.212890625 0.5478940828125001 0.212890625 0.5531496625 0.208984375 0.6030776609374999 0.212890625 0.6188443968749999 0.208984375 0.624099975 0.201171875 0.6398667109375 0.201171875 0.7344671296875 0.21875 0.7410366015625 0.2138671875 0.7436643921874999 0.1943359375 0.7554894437499999 0.189453125 0.918412384375 0.21875 0.9512597515625 0.2197265625 0.9565153296875 0.2158203125 0.9565153296875 0.1611328125 0.9696542765625 0.1533203125 0.9670264875000001 0.1435546875
6 0.45433130312500003 0.28359275156249997 0.470318190625 0.281216275 0.7431610375 0.27487900625 0.7460546640625 0.2305181296875 0.4060668953125 0.2297259703125 0.3943431796875 0.22259654375000001 0.3794220875 0.2138828 0.3549088625 0.2099220078125 0.3442509375 0.2273494953125 0.3048166203125 0.2297259703125 0.20569792812499998 0.2289338125 0.1449477640625 0.225765178125 0.1193687453125 0.2313102875 0.1055134453125 0.2416083484375 0.11190819999999999 0.2598279953125 0.12150033125 0.2709182140625 0.4113834953125 0.275671165625 0.429818078125 0.282008434375 0.45433130312500003 0.28359275156249997
4 0.505248528125 0.3287425859375 0.111817296875 0.3318207 0.11513040156250001 0.34782689375000003 0.08448417968750001 0.3496737609375 0.08696900937499999 0.3976923421875 0.35201741875 0.39646109531249996 0.35201741875 0.38230177187500003 0.5077333578125 0.380454903125 0.505248528125 0.3287425859375
4 0.5019354234375 0.40077045624999996 0.1126455734375 0.402617325 0.1159586796875 0.41923914062499995 0.08696900937499999 0.41923914062499995 0.0861407328125 0.4321672203125 0.3884615734375 0.431551596875 0.387633296875 0.415545403125 0.5044202531249999 0.41492978125 0.5019354234375 0.40077045624999996
4 0.5019354234375 0.43586095625 0.11098902031249999 0.4364765796875 0.111817296875 0.45371401875000006 0.0828276265625 0.454329640625 0.0819993515625 0.482648290625 0.1929883734375 0.48449515937500004 0.1929883734375 0.4709514578125 0.505248528125 0.46417960625 0.5019354234375 0.43586095625
4 0.5044202531249999 0.48880451875 0.1101607453125 0.48880451875 0.10933246875 0.502348221875 0.0803427984375 0.5048107125 0.08531245625 0.639632109375 0.124241440625 0.639632109375 0.12506971718749998 0.6230102937499999 0.50690508125 0.6223946703125 0.5044202531249999 0.48880451875
4 0.5044202531249999 0.643325846875 0.10933246875 0.6457883375 0.1126455734375 0.6581007953125 0.0836559046875 0.66179453125 0.0828276265625 0.7079662421874999 0.41248158437500004 0.708581865625 0.41248158437500004 0.6907288031250001 0.5077333578125 0.69011318125 0.5044202531249999 0.643325846875
4 0.50690508125 0.7091974890625 0.10933246875 0.712891225 0.1085041921875 0.7307442875 0.0836559046875 0.7307442875 0.08531245625 0.7590629375 0.4497540171875 0.7584473140625 0.4456126375 0.7424411203125 0.5085616328125 0.7436723671875 0.50690508125 0.7091974890625
4 0.208725621875 0.847097 0.21121045 0.832322053125 0.5044202531249999 0.8280126921875001 0.501107146875 0.76398791875 0.10933246875 0.7664504109375 0.10933246875 0.78184098125 0.0819993515625 0.78368785 0.08448417968750001 0.8489438687499999 0.208725621875 0.847097
7 0.0861407328125 0.871106290625 0.2020994109375 0.8698750437499999 0.200442859375 0.85571571875 0.08448417968750001 0.856946965625 0.0861407328125 0.871106290625
4 0.5027637 0.9258967218749999 0.5044202531249999 0.8791093875 0.10933246875 0.8791093875 0.111817296875 0.8944999578124999 0.0802337984375 0.895731203125 0.0810620734375 0.9271279671875 0.5027637 0.9258967218749999
4 0.553288553125 0.9135842656250001 0.5292685406250001 0.9148155109375 0.5276119890625 0.9252810984375 0.9483763359375 0.93020608125 0.9483763359375 0.897578071875 0.5566016578124999 0.8969624484375001 0.553288553125 0.9135842656250001
4 0.5549451046875 0.8446345093750001 0.5276119890625 0.8446345093750001 0.52841946875 0.8920476828125 0.6253485875 0.8926530890625 0.626176865625 0.8754156500000001 0.947548059375 0.8760312734375001 0.9492046125 0.8255502015625 0.5566016578124999 0.8286283156250001 0.5549451046875 0.8446345093750001
4 0.9541742703124999 0.7602941828125 0.5549451046875 0.7584473140625 0.554116828125 0.773837884375 0.525127159375 0.7763003765625001 0.52347060625 0.821856465625 0.53175336875 0.821856465625 0.5267837109375 0.8200095968750001 0.785205909375 0.8212408421875 0.7885190140625 0.8070815171874999 0.9525177171875001 0.807697140625 0.9541742703124999 0.7602941828125
4 0.9566590984375001 0.6728757421875 0.5590864859375 0.6710288734375001 0.5590864859375 0.6851881984375 0.5300968171875 0.6888819359375 0.5284402640625 0.7541379546875 0.88874044375 0.75352233125 0.8837707859374999 0.7381317609375 0.9583156515625 0.73936300625 0.9566590984375001 0.6728757421875
4 0.959972203125 0.5756073359375 0.5690258015625 0.5829948093749999 0.5673692499999999 0.5996166265625 0.534238196875 0.6002322484375 0.5300968171875 0.664257021875 0.821650065625 0.6673351375000001 0.8249631718750001 0.651944565625 0.9541742703124999 0.6500976984375 0.959972203125 0.5756073359375
7 0.5383795796874999 0.5811479421875 0.70237828125 0.5780698281250001 0.6974086234375 0.5626792578125 0.5383795796874999 0.5632948796874999 0.5383795796874999 0.5811479421875
4 0.9550025453125001 0.3268957171875 0.534238196875 0.3318207 0.5433492359375001 0.557754275 0.8274480000000001 0.5571386515625 0.8249631718750001 0.5399012140624999 0.9657701375000001 0.5386699671875 0.9550025453125001 0.3268957171875