1 0.09017786718750001 0.5166015625 0.09017786718750001 0.5224609375 0.099195653125 0.52734375 0.1288255234375 0.5263671875 0.131402034375 0.5166015625 0.12753726875 0.513671875 0.1017721640625 0.51171875 0.09017786718750001 0.5166015625
1 0.9133729640625001 0.517578125 0.9043551765625001 0.5224609375 0.9082199421875 0.529296875 0.927543771875 0.5302734375 0.9545971328125 0.529296875 0.958461896875 0.5205078125 0.9288320265625 0.515625 0.9133729640625001 0.517578125
7 0.40580040000000006 0.541015625 0.3839000609375 0.5478515625 0.3954943578125 0.5546875 0.474077928125 0.5537109375 0.47665443906249993 0.5478515625 0.4599071203125 0.54296875 0.43156550468750005 0.546875 0.40580040000000006 0.541015625
7 0.441871546875 0.705078125 0.43156550468750005 0.708984375 0.40580040000000006 0.703125 0.38905308125000004 0.7080078125 0.38905308125000004 0.7138671875 0.3954943578125 0.71875 0.569408815625 0.7177734375 0.5706970703125 0.708984375 0.5475084765625 0.705078125 0.5037077984375 0.708984375 0.441871546875 0.705078125
7 0.39162959218750004 0.8603515625 0.4032238890625 0.865234375 0.4637718859375 0.8642578125 0.4599071203125 0.85546875 0.4212594625 0.853515625 0.39162959218750004 0.8564453125 0.39162959218750004 0.8603515625
7 0.7716648875 0.748046875 0.7072521265625 0.748046875 0.6827752765625 0.7529296875 0.6892165515625 0.763671875 0.7523410578124999 0.7626953125 0.7897004609375 0.759765625 0.7909887171875 0.7490234375 0.77939441875 0.744140625 0.7716648875 0.748046875
7 0.20998560312499998 0.716796875 0.3104695125 0.712890625 0.314334278125 0.7041015625 0.27439836562500003 0.697265625 0.148149353125 0.697265625 0.0940426328125 0.69921875 0.09017786718750001 0.7021484375 0.09275437656249999 0.7236328125 0.09661914218749999 0.7265625 0.14943760781249998 0.7255859375 0.163608415625 0.716796875 0.18937352031250002 0.71875 0.19452654062500002 0.71484375 0.20998560312499998 0.716796875
3 0.080649621875 0.86964059375 0.08196150468749999 0.8517316953125 0.0694984671875 0.8517316953125 0.066989271875 0.8642578125 0.080649621875 0.86964059375
6 0.0642508359375 0.8935191328125001 0.0644127625 0.9091796875 0.074718803125 0.9091796875 0.08244833593749999 0.9072265625 0.08244833593749999 0.8798828125 0.0708540375 0.876953125 0.0642508359375 0.8935191328125001
4 0.243480240625 0.900390625 0.2563627921875 0.900390625 0.27182185468750003 0.908203125 0.2795513875 0.8984375 0.3568467015625 0.896484375 0.3632879765625 0.8916015625 0.3632879765625 0.7568359375 0.354270190625 0.75 0.315622534375 0.751953125 0.28728091875 0.74609375 0.2563627921875 0.75 0.1198077375 0.75 0.10692518437500001 0.763671875 0.09017786718750001 0.7685546875 0.09017786718750001 0.8466796875 0.0872091359375 0.8636709546875 0.0898329515625 0.9094382015625 0.0940426328125 0.912109375 0.1146547171875 0.9140625 0.16747318125 0.9130859375 0.21513862499999997 0.912109375 0.22029164531249998 0.908203125 0.23059768749999998 0.908203125 0.243480240625 0.900390625
4 0.664739703125 0.8935546875 0.655721915625 0.88671875 0.42641248281250005 0.88671875 0.40580040000000006 0.90234375 0.39162959218750004 0.9052734375 0.39807086875 0.9140625 0.42898899375 0.916015625 0.62866855625 0.9169921875 0.6608749375 0.916015625 0.6673162140625 0.9111328125 0.6621631921875 0.9033203125 0.664739703125 0.8935546875
4 0.5475084765625 0.8203125 0.6608749375 0.81640625 0.664739703125 0.8115234375 0.65958668125 0.7744140625 0.6621631921875 0.7431640625 0.655721915625 0.73828125 0.56554405 0.736328125 0.418682953125 0.73828125 0.40580040000000006 0.751953125 0.38905308125000004 0.7587890625 0.38905308125000004 0.8291015625 0.39807086875 0.83984375 0.4083769109375 0.83984375 0.41352993125 0.8359375 0.43285375937500004 0.8388671875 0.465060140625 0.833984375 0.506284309375 0.833984375 0.5268963921875 0.82421875 0.5475084765625 0.8203125
4 0.5835796234374999 0.67578125 0.6618225921875001 0.6679605625 0.6621631921875 0.6572265625 0.6621631921875 0.6435546875 0.6570101703125 0.6220703125 0.65958668125 0.6025390625 0.6591988265625 0.573938796875 0.6119212375 0.568359375 0.5706970703125 0.572265625 0.5578145171875 0.572265625 0.50886081875 0.572265625 0.49597826562499997 0.5703125 0.48567222499999996 0.5703125 0.44444805781249996 0.572265625 0.418682953125 0.5703125 0.4032238890625 0.587890625 0.3903413375 0.58984375 0.3839000609375 0.5947265625 0.386476571875 0.6826171875 0.3954943578125 0.685546875 0.417808675 0.6873618671874999 0.42512422812499995 0.6806640625 0.42502418124999997 0.6704479109375 0.5500849859375 0.671875 0.5835796234374999 0.67578125
4 0.28728091875 0.673828125 0.3594232109375 0.671875 0.3658644875 0.6669921875 0.3684409984375 0.6435546875 0.3632879765625 0.5419921875 0.297586959375 0.5390625 0.27182185468750003 0.55078125 0.243480240625 0.5390625 0.09661914218749999 0.5390625 0.09017786718750001 0.5458984375 0.09275437656249999 0.6826171875 0.099195653125 0.6875 0.1455728421875 0.6875 0.2460567515625 0.689453125 0.258939303125 0.6875 0.26924534375000003 0.6796875 0.28728091875 0.673828125
4 0.9628218671875001 0.7112454203125 0.958461896875 0.5712890625 0.9562623515625001 0.5376285140625 0.9346159343749999 0.5336487515624999 0.9133729640625001 0.537109375 0.7355937406249999 0.537109375 0.6866400421875001 0.5390625 0.6827752765625 0.5419921875 0.6827752765625 0.6474609375 0.6853517859375 0.6787109375 0.6905048078125 0.6826171875 0.6853517859375 0.6884765625 0.6853517859375 0.7099609375 0.6860103765625001 0.7182099828124999 0.685354434375 0.7271644328125 0.70081085 0.7294921875 0.7175581671875 0.7265625 0.7304407203125 0.716796875 0.9159494734375 0.716796875 0.9628218671875001 0.7112454203125
4 0.9497028375 0.7697705296875 0.9082199421875 0.767578125 0.8438071812500001 0.771484375 0.815465565625 0.771484375 0.7948534828125 0.771484375 0.7665118671875 0.771484375 0.7175581671875 0.767578125 0.704675615625 0.77734375 0.696946084375 0.77734375 0.6853517859375 0.7900390625 0.6827752765625 0.8037109375 0.6853517859375 0.9130859375 0.6943695734374999 0.91796875 0.736881996875 0.9169921875 0.7536293140625 0.9140625 0.9608539921875 0.9150317015624999 0.95888621875 0.7747452265625 0.9497028375 0.7697705296875
2 0.5119388109375 0.052578296875 0.063375409375 0.053263707812500005 0.0665477796875 0.5115437875 0.5146938343749999 0.512240234375 0.5119388109375 0.052578296875
2 0.963758209375 0.056757037499999996 0.5318025046875 0.054134029687499995 0.533060475 0.515026075 0.9610031843750001 0.51641896875 0.963758209375 0.056757037499999996