7 0.2685611515625 0.354934853125 0.09644604375 0.354934853125 0.09644604375 0.42330618906249995 0.2685611515625 0.42330618906249995 0.2685611515625 0.354934853125
6 0.275676259375 0.42547774218749995 0.07358992812500001 0.42547774218749995 0.07358992812500001 0.45467426718750004 0.275676259375 0.45467426718750004 0.275676259375 0.42547774218749995
2 0.2768666171875 0.46363330156250004 0.974507425 0.47886780624999997 0.9804394328124999 0.22346603437499998 0.8261994749999999 0.2691695 0.781113596875 0.24318113437500002 0.713485478125 0.24497342031249997 0.7075528359375001 0.294261603125 0.6743318640625 0.281715553125 0.641110890625 0.271857953125 0.66365401875 0.23870039375 0.7146716515625 0.200166215625 0.689755921875 0.133851240625 0.643484125 0.11503216406250001 0.593652665625 0.10607078125 0.5485667890625 0.10607078125 0.521278078125 0.090836275 0.5011085640624999 0.0639518375 0.4690740171875 0.0487173796875 0.439412453125 0.038859734374999996 0.4038182453125 0.036171329687499996 0.3658514390625 0.039755853125000004 0.3397495359375 0.05409423906250001 0.3207658140625 0.0729133171875 0.310087590625 0.09173239375 0.2531376953125 0.0612634328125 0.22822196562500002 0.0684326015625 0.1475421359375 0.1302667171875 0.1131348625 0.1499819609375 0.0839801625 0.0665077140625 0.085846025 0.3551995765625 0.2709343546875 0.3578878859375 0.27212078281249996 0.44391800937500003 0.2768666171875 0.46363330156250004
3 0.9914532375 0.8646959828125 0.9643453234375 0.8646959828125 0.9643453234375 0.8885722046875 0.9914532375 0.8885722046875 0.9914532375 0.8646959828125
6 0.98617985625 0.8937133546875 0.9633741 0.8937133546875 0.9633741 0.9311943546875 0.98617985625 0.9311943546875 0.98617985625 0.8937133546875
4 0.9565755390625 0.8315200875000001 0.518417265625 0.8315200875000001 0.518417265625 0.9337785015625 0.9565755390625 0.9337785015625 0.9565755390625 0.8315200875000001
4 0.9613956828125 0.7333984796874999 0.5194676265625 0.7333984796874999 0.5194676265625 0.83394136875 0.9613956828125 0.83394136875 0.9613956828125 0.7333984796874999
4 0.605784453125 0.5184099375 0.97408076875 0.528898615625 0.97408076875 0.5170418453125001 0.9710617812500001 0.48922409843750003 0.538498825 0.47495921250000006 0.546615565625 0.5320908171875 0.590690359375 0.5348269515624999 0.605784453125 0.5184099375
4 0.5285026453125 0.5749574843749999 0.5423892171875 0.600495084375 0.9463076265625 0.610071684375 0.9595904187500001 0.6050554265625 0.9795144796875 0.600495084375 0.9704580359375001 0.5343709375000001 0.6112184234375 0.5247943375 0.5765531453125 0.5315942234375 0.572577503125 0.5471397625 0.5363516640625 0.5480518171875 0.5285026453125 0.5749574843749999
4 0.9118928937499999 0.740495846875 0.9124968328125 0.727727046875 0.9692504796874999 0.7304632796874999 0.976495815625 0.613263884375 0.9638167687499999 0.6041432999999999 0.5828415031249999 0.6009511 0.5822376609375 0.60277524375 0.5623134390625 0.6109837390624999 0.53091769375 0.6105277 0.5260876640625 0.734567534375 0.9118928937499999 0.740495846875
4 0.09927168593749999 0.591789525 0.12330526718749998 0.5898787390625 0.14670637343749998 0.585101659375 0.33138530624999996 0.592267240625 0.336445190625 0.5760252671874999 0.5204916109375 0.5831908734375 0.53124361875 0.580802346875 0.5350384109374999 0.47379648906250005 0.1411028046875 0.46244024687499996 0.1429115125 0.479528928125 0.085989975 0.4852614 0.087887371875 0.5779361171875 0.09927168593749999 0.591789525
4 0.07650295625 0.6858974 0.3769226296875 0.6983177234375 0.3788200265625 0.68303110625 0.5261839375 0.6839865890625 0.5344057671875 0.597522009375 0.33138530624999996 0.589400996875 0.1479713265625 0.58032463125 0.1346895828125 0.596566603125 0.088519746875 0.597522009375 0.07650295625 0.6858974
4 0.0809301921875 0.7355786203125 0.4863388046875 0.7484767109375 0.4838087625 0.7355786203125 0.5217567 0.7312792828125 0.5293460859375 0.6954514296875 0.3857771046875 0.6930629796875001 0.1289224046875 0.687214378125 0.1258351078125 0.7040501828125 0.0821952140625 0.6992731296875 0.0809301921875 0.7355786203125
4 0.19034623281250002 0.8028958812500001 0.19097874374999999 0.7880869796875001 0.5173294640625 0.8000296640625001 0.5261839375 0.7489151953125 0.5027826640625 0.7436604515624999 0.12227855000000001 0.73400750625 0.1270999609375 0.7527368937500001 0.07966527343749999 0.7527368937500001 0.0847250546875 0.8057620468750001 0.19034623281250002 0.8028958812500001
4 0.06448626562500001 0.8267418921875 0.07966527343749999 0.855404240625 0.224499175 0.86018129375 0.2213368921875 0.8439392703124999 0.5166968187500001 0.8477609703125 0.5204916109375 0.8114553515624999 0.1156346953125 0.801690421875 0.12393764375 0.8205317421875 0.08915229218750001 0.8214871484374999 0.06448626562500001 0.8267418921875
4 0.5173294640625 0.9198943625 0.5185942140625001 0.8592258109375001 0.2333536484375 0.8534934281250001 0.1233858578125 0.850154734375 0.1220403484375 0.8630475109375 0.068913503125 0.8616143390625 0.08156273750000001 0.9046078218750001 0.5173294640625 0.9198943625