0 0.7251282046874999 0.5562330625 0.38871794843749996 0.5562330625 0.38871794843749996 0.9668021687499999 0.7251282046874999 0.9668021687499999 0.7251282046874999 0.5562330625
0 0.377435896875 0.5562330625 0.036923076562500004 0.5562330625 0.036923076562500004 0.9681571812499999 0.377435896875 0.9681571812499999 0.377435896875 0.5562330625
0 0.37230769218750004 0.322493225 0.036923076562500004 0.322493225 0.036923076562500004 0.54810298125 0.37230769218750004 0.54810298125 0.37230769218750004 0.322493225
0 0.728205128125 0.32384823906250004 0.384615384375 0.32384823906250004 0.384615384375 0.5535230359375001 0.728205128125 0.5535230359375001 0.728205128125 0.32384823906250004
0 0.37641025625 0.22560975625 0.032820512499999996 0.22560975625 0.032820512499999996 0.317750678125 0.37641025625 0.317750678125 0.37641025625 0.22560975625
0 0.9651282046875 0.5121951218749999 0.73641025625 0.5121951218749999 0.73641025625 0.9668021687499999 0.9651282046875 0.9668021687499999 0.9651282046875 0.5121951218749999
0 0.9610256406250001 0.1436314359375 0.737435896875 0.1436314359375 0.737435896875 0.5115176156250001 0.9610256406250001 0.5115176156250001 0.9610256406250001 0.1436314359375
0 0.9641025640625 0.052845528125 0.7384615390625 0.052845528125 0.7384615390625 0.141598915625 0.9641025640625 0.141598915625 0.9641025640625 0.052845528125
7 0.1476923078125 0.033875339062499996 0.037948717187499995 0.033875339062499996 0.037948717187499995 0.0501355015625 0.1476923078125 0.0501355015625 0.1476923078125 0.033875339062499996
7 0.9302564109375 0.031165310937500003 0.854358975 0.031165310937500003 0.854358975 0.044715446874999995 0.9302564109375 0.044715446874999995 0.9302564109375 0.031165310937500003
7 0.72923076875 0.05487804843750001 0.3815384609375 0.05487804843750001 0.3815384609375 0.0779132796875 0.72923076875 0.0779132796875 0.72923076875 0.05487804843750001
7 0.3784615390625 0.0542005421875 0.1579487171875 0.0542005421875 0.1579487171875 0.092140921875 0.3784615390625 0.092140921875 0.3784615390625 0.0542005421875
7 0.13538461562499998 0.052845528125 0.0430769234375 0.052845528125 0.0430769234375 0.075880759375 0.13538461562499998 0.075880759375 0.13538461562499998 0.052845528125
6 0.8051282046875 0.036585365625 0.46256410312499996 0.036585365625 0.46256410312499996 0.0467479671875 0.8051282046875 0.0467479671875 0.8051282046875 0.036585365625
6 0.3928205125 0.0379403796875 0.21025641093749997 0.0379403796875 0.21025641093749997 0.047425475 0.3928205125 0.047425475 0.3928205125 0.0379403796875
4 0.61641025625 0.19308943125 0.49948717968749995 0.19308943125 0.49948717968749995 0.31639566406249997 0.61641025625 0.31639566406249997 0.61641025625 0.19308943125
1 0.7323076921875 0.17682926875 0.49846153906249996 0.17682926875 0.49846153906249996 0.1883468828125 0.7323076921875 0.1883468828125 0.7323076921875 0.17682926875
4 0.495384615625 0.08943089374999999 0.384615384375 0.08943089374999999 0.384615384375 0.31504065 0.495384615625 0.31504065 0.495384615625 0.08943089374999999
6 0.44923076875 0.08062330625 0.377435896875 0.08062330625 0.377435896875 0.08604336093750001 0.44923076875 0.08604336093750001 0.44923076875 0.08062330625
6 0.2451282046875 0.09281842812499999 0.14974358906250002 0.09281842812499999 0.14974358906250002 0.0995934953125 0.2451282046875 0.0995934953125 0.2451282046875 0.09281842812499999
6 0.1241025640625 0.08062330625 0.037948717187499995 0.08062330625 0.037948717187499995 0.0873983734375 0.1241025640625 0.0873983734375 0.1241025640625 0.08062330625
6 0.078974359375 0.11585365781250001 0.036923076562500004 0.11585365781250001 0.036923076562500004 0.1300813015625 0.078974359375 0.1300813015625 0.078974359375 0.11585365781250001
2 0.06769230781249999 0.1023035234375 0.04923076875 0.1023035234375 0.04923076875 0.11517615156250001 0.06769230781249999 0.11517615156250001 0.06769230781249999 0.1023035234375
4 0.14666666718750002 0.08604336093750001 0.033846153125 0.08807588125 0.03076923125 0.108401084375 0.036923076562500004 0.100948509375 0.08 0.100948509375 0.08 0.13346883437499998 0.0287179484375 0.132791328125 0.034871795312499995 0.2228997296875 0.1169230765625 0.22357723593749998 0.1405128203125 0.217479675 0.144615384375 0.1754742546875 0.14666666718750002 0.08604336093750001
4 0.15076923125 0.2201897015625 0.37333333281250003 0.222222221875 0.37641025625 0.1951219515625 0.1528205125 0.1951219515625 0.15076923125 0.2201897015625
4 0.3784615390625 0.1907181578125 0.3794871796875 0.132791328125 0.15076923125 0.132791328125 0.14923076875000002 0.1951219515625 0.3287179484375 0.19546070468750001 0.3784615390625 0.1907181578125
4 0.38 0.1263550140625 0.37641025625 0.10060975624999999 0.15076923125 0.10060975624999999 0.15128205156250002 0.1307588078125 0.193846153125 0.13313008125 0.19692307656250002 0.1277100265625 0.38 0.1263550140625
4 0.7333333328125 0.31063685625000004 0.7312820515625 0.19546070468750001 0.62 0.19579945781250002 0.62 0.31808943125 0.6205128203125 0.3204607046875 0.6871794875 0.3170731703125 0.7333333328125 0.31063685625000004
2 0.7266666671875 0.0792682921875 0.5030769234375 0.0792682921875 0.5030769234375 0.1744579953125 0.7266666671875 0.1744579953125 0.7266666671875 0.0792682921875
3 0.9628205124999999 0.030487804687499998 0.9423076921875 0.030487804687499998 0.9423076921875 0.046578590625 0.9628205124999999 0.046578590625 0.9628205124999999 0.030487804687499998