2 0.23306325156250002 0.0730662546875 0.23038861875 0.0573613125 0.219689878125 0.047118965624999995 0.19650937968749999 0.0245857984375 0.19650937968749999 0.0150262890625 0.178678215625 0 0.101112678125 0.001369825 0.07704056718749999 0.010246515624999999 0.06455873906250001 0.03277968125 0.0618841046875 0.0587269640625 0.0654503515625 0.071700603125 0.07971526875 0.08194295 0.092197096875 0.09901355625 0.09932952187500001 0.115401284375 0.0814983578125 0.12291236875 0.0654503515625 0.13588598125 0.0449444859375 0.17070997968749999 0.0315711125 0.20075418437499998 0.03293436875 0.3715730359375 0.3685800703125 0.3728256875 0.3685800703125 0.0839914140625 0.22682237187499998 0.08672271875000001 0.23306325156250002 0.0730662546875
2 0.6657313609375 0.5473276015625 0.3925736453125 0.5479790265625 0.3920229546875 0.9071754171874999 0.6684059265625 0.9051269796874999 0.6657313609375 0.5473276015625
1 0.5217488828125 0.544921875 0.5778783484375001 0.544921875 0.5829810265625001 0.5390625 0.5880837046875 0.5390625 0.593186384375 0.544921875 0.6556941968750001 0.5439453125 0.656969865625 0.533203125 0.5191975453125 0.533203125 0.5153705359375 0.5361328125 0.5217488828125 0.544921875
1 0.1160859375 0.376953125 0.0969508921875 0.3798828125 0.0969508921875 0.3896484375 0.10588058125 0.392578125 0.2729933046875 0.3916015625 0.281922990625 0.390625 0.28575 0.3857421875 0.2768203125 0.37890625 0.1160859375 0.376953125
3 0.0816428578125 0.8623046875 0.084194196875 0.8486328125 0.07271316875 0.845703125 0.0714375 0.8603515625 0.0816428578125 0.8623046875
6 0.0688861609375 0.9033203125 0.084194196875 0.9033203125 0.08674553593749999 0.8740234375 0.0778158484375 0.87109375 0.0714375 0.8759765625 0.0688861609375 0.9033203125
4 0.3724955359375 0.5556640625 0.369944196875 0.4404296875 0.3635658484375 0.4375 0.20538281249999998 0.439453125 0.15690736562500002 0.435546875 0.12373995468750001 0.44140625 0.1224642859375 0.4501953125 0.1007779015625 0.45703125 0.0969508921875 0.4619140625 0.0969508921875 0.5576171875 0.0972696265625 0.5821475734375 0.13266964375 0.5810546875 0.1560353796875 0.57964716875 0.164561384375 0.568359375 0.3661171875 0.56640625 0.3724955359375 0.5556640625
4 0.3533604921875 0.728515625 0.3728157421875 0.7278706109375 0.375046875 0.7158203125 0.369944196875 0.6162109375 0.3724955359375 0.5888671875 0.3610145078125 0.583984375 0.12884263437500001 0.5859375 0.1186372765625 0.6015625 0.103329240625 0.603515625 0.09950223124999999 0.6064453125 0.09950223124999999 0.7216796875 0.112258928125 0.7314453125 0.0972696265625 0.7373721578125 0.0985755625 0.7448733734374999 0.14232338125 0.7458735203125 0.164561384375 0.74609375 0.2334475453125 0.74609375 0.24483695156250002 0.745373446875 0.244184009375 0.7313711640625 0.3533604921875 0.728515625
4 0.375046875 0.7880859375 0.3724955359375 0.7529296875 0.3661171875 0.75 0.32784709843750004 0.748046875 0.12884263437500001 0.748046875 0.12373995468750001 0.76171875 0.09950223124999999 0.7685546875 0.09950223124999999 0.8017578125 0.103329240625 0.80859375 0.152117671875 0.8108352609375 0.23472321406250002 0.8115234375 0.253858259375 0.80859375 0.252019471875 0.7978331421875 0.371219865625 0.794921875 0.375046875 0.7880859375
4 0.3724955359375 0.8232421875 0.375046875 0.8193359375 0.3686685265625 0.814453125 0.22394248125 0.8128355734375001 0.12469367499999999 0.8138357390625 0.1262912953125 0.826171875 0.102053571875 0.8291015625 0.0969508921875 0.8896484375 0.09950223124999999 0.9091796875 0.103329240625 0.912109375 0.25513392968750004 0.9111328125 0.35846316875 0.908203125 0.369944196875 0.9052734375 0.377598215625 0.8447265625 0.3724955359375 0.8232421875
4 0.65952120625 0.267578125 0.665899553125 0.2646484375 0.665899553125 0.2158203125 0.6710022312499999 0.1982421875 0.665899553125 0.1826171875 0.665899553125 0.0810546875 0.6620725453125 0.076171875 0.6467645078125 0.072265625 0.4809274546875 0.07421875 0.42084001718749997 0.076780915625 0.41841964374999996 0.0849609375 0.406938615625 0.091796875 0.39673325937500004 0.091796875 0.39290625 0.0966796875 0.39290625 0.2626953125 0.3954575890625 0.2763671875 0.4018359375 0.28125 0.4490357140625 0.2822265625 0.5207417671875 0.2826808375 0.51943588125 0.2716790703125 0.5370569203125 0.26953125 0.65952120625 0.267578125
4 0.6135970984375 0.46484375 0.65952120625 0.462890625 0.665899553125 0.4580078125 0.6684508921875 0.2919921875 0.65952120625 0.287109375 0.567672990625 0.28515625 0.5370569203125 0.2890625 0.51664620625 0.28515625 0.46561941874999996 0.28515625 0.45031138437499996 0.2890625 0.4222466515625 0.2890625 0.3954575890625 0.3076171875 0.39290625 0.4267578125 0.3947219046875 0.44850755 0.3954575890625 0.4599609375 0.3927630265625 0.47551196874999996 0.4018359375 0.48046875 0.4477600453125 0.48046875 0.48347879374999997 0.478515625 0.5115435265625 0.48046875 0.5853841046875 0.48001266875 0.6186997765625 0.478515625 0.6225267859375 0.4716796875 0.6135970984375 0.46875 0.6135970984375 0.46484375
4 0.6467645078125 0.482421875 0.4477600453125 0.482421875 0.4222466515625 0.484375 0.41459263437500005 0.49609375 0.4043872765625 0.49609375 0.3954575890625 0.5009765625 0.3954575890625 0.5263671875 0.3992845984375 0.529296875 0.5791540187499999 0.5322265625 0.6620725453125 0.529296875 0.665899553125 0.5263671875 0.665899553125 0.4873046875 0.6467645078125 0.482421875
4 0.8738337046875 0.072265625 0.7140418578125 0.0728850203125 0.714375 0.0810546875 0.7079966515625 0.08984375 0.6859648671875 0.09200719375000001 0.6863102671875 0.1279296875 0.6863102671875 0.2646484375 0.6840059890625 0.29892163125 0.6853119249999999 0.317924725 0.7105479906250001 0.314453125 0.7156506703125001 0.310546875 0.7309587046875 0.31640625 0.7754193828125 0.3164244671875 0.825358259375 0.314453125 0.8426735921875 0.3144241359375 0.8707504828125 0.3139240625 0.9172064734375001 0.31640625 0.9595521046875 0.3134239890625 0.959303571875 0.2763671875 0.959303571875 0.0771484375 0.9248604921875 0.072265625 0.8738337046875 0.072265625
4 0.9452712062499999 0.62890625 0.960579240625 0.625 0.96440625 0.6201171875 0.9618549109375 0.5341796875 0.718202009375 0.53515625 0.7105479906250001 0.55078125 0.6888616062499999 0.5556640625 0.6888616062499999 0.6220703125 0.687270753125 0.62910208125 0.6859648671875 0.6451046765624999 0.704247565625 0.648105175 0.8537737703125 0.6446046046875 0.861077009375 0.634765625 0.8687310265624999 0.6328125 0.9452712062499999 0.62890625
4 0.9554765625 0.759765625 0.96440625 0.7548828125 0.96440625 0.6533203125 0.960579240625 0.6484375 0.878936384375 0.646484375 0.835563615625 0.65234375 0.799844865625 0.6484375 0.780643025 0.6514399890625 0.736061384375 0.65234375 0.7207533484375 0.654296875 0.7169263390625 0.6591796875 0.719477678125 0.6611328125 0.7079966515625 0.669921875 0.6977912953125001 0.66796875 0.691412946875 0.6708984375 0.687270753125 0.7644583 0.691188509375 0.7784605640625 0.7130993296875 0.775390625 0.7538719703125001 0.78096096875 0.8152494953125 0.7774604171874999 0.8865904015625 0.7734375 0.9248604921875 0.775390625 0.9325145078125001 0.759765625 0.9554765625 0.759765625
4 0.9669575890625 0.8232421875 0.9618549109375 0.7841796875 0.9554765625 0.779296875 0.92996316875 0.779296875 0.9248604921875 0.7734375 0.914655134375 0.77734375 0.896795759375 0.775390625 0.8865904015625 0.779296875 0.8636283484374999 0.775390625 0.8585256703124999 0.779296875 0.82025558125 0.77734375 0.8126015625 0.78125 0.8049475453125 0.77734375 0.7666774546874999 0.779296875 0.7615747765624999 0.783203125 0.7386127234375001 0.783203125 0.7309587046875 0.779296875 0.7207533484375 0.78125 0.7169263390625 0.7841796875 0.719477678125 0.7998046875 0.6952399546875 0.80078125 0.691412946875 0.8037109375 0.691412946875 0.9052734375 0.700342634375 0.91015625 0.755196428125 0.9091796875 0.9554765625 0.90625 0.9618549109375 0.9013671875 0.96440625 0.8857421875 0.9669575890625 0.8232421875
4 0.687270753125 0.53165375 0.73297745 0.5291533453125 0.73297745 0.5146509874999999 0.8132907156250001 0.517651465625 0.9647757468749999 0.5121505828124999 0.9602050984374999 0.3176190609375 0.70955100625 0.3182102234375 0.7160006875 0.333121584375 0.6840059890625 0.3361220625 0.687270753125 0.53165375
4 0.8694445984374999 0.0680147890625 0.8668328265625 0.0540125140625 0.961510984375 0.056512918749999995 0.961510984375 0.041510490625 0.6850612093749999 0.0388701421875 0.6853119249999999 0.06901495468749999 0.8198202437500001 0.071515359375 0.8694445984374999 0.0680147890625
4 0.47227834687500003 0.055012681249999994 0.666858253125 0.056012846875 0.66555236875 0.040010250000000004 0.46836063906250003 0.0395101671875 0.388734678125 0.0413698296875 0.3906592453125 0.0740157640625 0.47227834687500003 0.06901495468749999 0.47227834687500003 0.055012681249999994
4 0.2420720953125 0.43264199843749995 0.23946027499999997 0.41913980781250004 0.3707037796875 0.41763957031250004 0.372009715625 0.4026371390625 0.09648978124999999 0.40257467968749994 0.09581065625 0.4331420921875 0.185265171875 0.435642496875 0.2420720953125 0.43264199843749995