2 0.9407422328124999 0.657456521875 0.0012370546874999999 0.657456521875 0.0012370546874999999 0.9800391296875001 0.9407422328124999 0.9800391296875001 0.9407422328124999 0.657456521875
2 1 0.1422347828125 0.7405926359375 0.1422347828125 0.7405926359375 0.399643478125 1 0.399643478125 1 0.1422347828125
4 0.9066800921875 0.3966739125 0.725794015625 0.3966739125 0.725794015625 0.45661304375 0.9066800921875 0.45661304375 0.9066800921875 0.3966739125
4 0.9463291140625 0.45246956562499996 0.728745684375 0.45246956562499996 0.728745684375 0.6441913046875001 0.9463291140625 0.6441913046875001 0.9463291140625 0.45246956562499996
6 0.944649021875 0.644430434375 0.8040736484375 0.644430434375 0.8040736484375 0.6665260875000001 0.944649021875 0.6665260875000001 0.944649021875 0.644430434375
4 0.28075374062499997 0.1756913046875 0.0582336015625 0.1756913046875 0.0582336015625 0.646743478125 0.28075374062499997 0.646743478125 0.28075374062499997 0.1756913046875
4 0.5085212890624999 0.1756956515625 0.27829113906249997 0.1756956515625 0.27829113906249997 0.6473826093749999 0.5085212890624999 0.6473826093749999 0.5085212890624999 0.1756956515625
7 0.318716915625 0.051817390625 0.089246259375 0.051817390625 0.089246259375 0.0962347828125 0.318716915625 0.0962347828125 0.318716915625 0.051817390625
7 0.27400460312499997 0.136630434375 0.07151898749999999 0.136630434375 0.07151898749999999 0.161943478125 0.27400460312499997 0.161943478125 0.27400460312499997 0.136630434375
4 0.7337571921875 0.1265913046875 0.504263521875 0.1265913046875 0.504263521875 0.47133912968749997 0.7337571921875 0.47133912968749997 0.7337571921875 0.1265913046875
4 0.7033831984375001 0.46697391250000003 0.5042577671874999 0.46697391250000003 0.5042577671874999 0.6441391296875 0.7033831984375001 0.6441391296875 0.7033831984375001 0.46697391250000003