7 0.8054701828124999 0.490911071875 0.1736123859375 0.490911071875 0.1736123859375 0.527537053125 0.8054701828124999 0.527537053125 0.8054701828124999 0.490911071875
2 0.9363130734375 0.526068003125 0.0843520640625 0.526068003125 0.0843520640625 0.7579773328125 0.9363130734375 0.7579773328125 0.9363130734375 0.526068003125
2 0.09617545937500001 0 0.09617545937500001 0.21178727187500002 0.2925630734375 0.21178727187500002 0.2925630734375 0 0.09617545937500001 0
2 0.8564506875 0.0575806453125 0.6844438078125 0.0575806453125 0.6844438078125 0.21459023593749998 0.8564506875 0.21459023593749998 0.8564506875 0.0575806453125
4 0.59908256875 0.0355056671875 0.2951376140625 0.0355056671875 0.2951376140625 0.1879468171875 0.59908256875 0.1879468171875 0.59908256875 0.0355056671875
6 0.6647993125 0.188400175 0.43923738593749995 0.188400175 0.43923738593749995 0.21646469062499998 0.6647993125 0.21646469062499998 0.6647993125 0.188400175
4 0.07142201875000001 0.076386225 0.04240825625 0.076386225 0.04240825625 0.886752396875 0.07142201875000001 0.886752396875 0.07142201875000001 0.076386225
4 0.889621559375 0.7574847421875 0.1004701828125 0.7574847421875 0.1004701828125 0.8189755890624999 0.889621559375 0.8189755890624999 0.889621559375 0.7574847421875
4 0.8761066515625 0.8195858765624999 0.1015538984375 0.8195858765624999 0.1015538984375 0.86236704375 0.8761066515625 0.86236704375 0.8761066515625 0.8195858765624999
4 0.9332339453125 0.8588360937499999 0.07896789062500001 0.8588360937499999 0.07896789062500001 0.9670749781250001 0.9332339453125 0.9670749781250001 0.9332339453125 0.8588360937499999
4 0.9860607796874999 0.033465562500000004 0.939329128125 0.033465562500000004 0.939329128125 0.97901918125 0.9860607796874999 0.97901918125 0.9860607796874999 0.033465562500000004
6 0.2925630734375 0.22519180468750002 0.108010321875 0.22519180468750002 0.108010321875 0.24887968593749998 0.2925630734375 0.24887968593749998 0.2925630734375 0.22519180468750002
4 0.8908543578125 0.2448081953125 0.1123107796875 0.2448081953125 0.1123107796875 0.3666652140625 0.8908543578125 0.3666652140625 0.8908543578125 0.2448081953125
6 0.8840940359375 0.468840453125 0.6962729359375001 0.468840453125 0.6962729359375001 0.48863121249999997 0.8840940359375 0.48863121249999997 0.8840940359375 0.468840453125
4 0.779056071875 0.360552346875 0.14779748125 0.36336666093750003 0.162333653125 0.390934728125 0.78274155 0.3881302609375 0.779056071875 0.360552346875
4 0.1340775296875 0.479277384375 0.6691026124999999 0.4750705703125 0.6709454171875 0.45590633125 0.8933094515625 0.457308553125 0.89576630625 0.382988634375 0.160702875 0.38707718281250003 0.1531197609375 0.4026203296875 0.11810656562499999 0.40822931406249996 0.11810656562499999 0.46992899218749995 0.1340775296875 0.479277384375