7 0.7183899890625 0.09765625 0.707844815625 0.08984375 0.6920270546875 0.087890625 0.6867544671875 0.09765625 0.6248015687499999 0.1005859375 0.6274378640625 0.1201171875 0.6366648890625 0.126953125 0.67620929375 0.12109375 0.6867544671875 0.126953125 0.705208521875 0.12109375 0.723662578125 0.126953125 0.7368440453125 0.123046875 0.7724340078124999 0.1259765625 0.7724340078124999 0.1083984375 0.7777065953125 0.1025390625 0.7684795671875 0.09765625 0.7183899890625 0.09765625
6 0.5681212578125 0.1015625 0.4969413328125 0.103515625 0.44948805 0.1015625 0.4442154609375 0.09765625 0.43235214062500005 0.1005859375 0.43630658125000005 0.1171875 0.5193498265625001 0.1220703125 0.58393901875 0.1171875 0.587893459375 0.1025390625 0.5786664328125 0.095703125 0.5681212578125 0.1015625
1 0.6981204515625 0.5699054890624999 0.5628486703125 0.56640625 0.4600332234375 0.56640625 0.3783081234375 0.5703125 0.3018556109375 0.568359375 0.289992290625 0.5732421875 0.2965830234375 0.599609375 0.3690810953125 0.5986328125 0.374353684375 0.5888671875 0.38621700468750003 0.5859375 0.690732871875 0.5785026734375001 0.6981204515625 0.5699054890624999
1 0.7355258984375 0.6103515625 0.7289351640625 0.603515625 0.7131174031249999 0.6015625 0.483759865625 0.599609375 0.4231251125 0.603515625 0.4191706734375 0.6142578125 0.43367028750000003 0.6171875 0.723662578125 0.615234375 0.7355258984375 0.6103515625
2 0.953478628125 1 0.9513679140625 0.610992925 0.286482928125 0.6141191781249999 0.288593721875 1 0.6867544671875 1 0.953478628125 1
2 0.726573434375 0.14908042500000002 0.37039924218750003 0.154296875 0.05746702031249999 0.15455133906250001 0.0585223765625 0.5726862500000001 0.7255181578125 0.5679968984375 0.7223444296875 0.3173828125 0.726573434375 0.14908042500000002
7 0.24781159375 0.5947265625 0.243857153125 0.5859375 0.2280393921875 0.583984375 0.1304965296875 0.583984375 0.08174055 0.5867645593749999 0.0775191234375 0.5984879671875001 0.1384054109375 0.62109375 0.19640386875 0.62109375 0.24781159375 0.5947265625
4 0.2227668046875 0.953125 0.2649475 0.9453125 0.271538234375 0.9111328125 0.274174528125 0.7626953125 0.26854161875 0.6274057156249999 0.12258765 0.62890625 0.09622471406250001 0.6328125 0.0659073375 0.6513671875 0.0606347515625 0.7041015625 0.057998459375 0.9404296875 0.067225484375 0.947265625 0.11204247656249999 0.953125 0.2227668046875 0.953125
3 0.0355899625 0.8828125 0.0289992296875 0.8955078125 0.04086255 0.8984375 0.0448169890625 0.8857421875 0.0355899625 0.8828125
6 0.0289992296875 0.9130859375 0.026362934375 0.9404296875 0.04349884375 0.9453125 0.0448169890625 0.9130859375 0.0289992296875 0.9130859375
4 0.75266180625 0.611328125 0.8528409609375001 0.611328125 0.9372023546875001 0.599609375 0.9437930890624999 0.5947265625 0.94642938125 0.5615234375 0.94642938125 0.1494140625 0.9372023546875001 0.142578125 0.765843275 0.1484375 0.75266180625 0.150390625 0.746071071875 0.1611328125 0.7381621921875 0.3017578125 0.7381621921875 0.5439453125 0.746071071875 0.6064453125 0.75266180625 0.611328125