0 0.1067481203125 0.9307594640625 0.947661875 0.9401352453125 0.9520189406249999 0.34605159531249996 0.1089266515625 0.3434945640625 0.1067481203125 0.9307594640625
6 0.9517514125 0.9024756859374999 0.948700565625 0.9389920421875001 0.9676836156249999 0.9379310343749999 0.9685875703125 0.9059239609375 0.9517514125 0.9024756859374999
3 0.95288135625 0.8949602125 0.9705084749999999 0.8942528734374999 0.9712994343749999 0.874535809375 0.9549152546874999 0.8756852343749999 0.95288135625 0.8949602125
7 0.27338800937499996 0.0804321703125 0.2271057859375 0.0800110578125 0.2174188109375 0.0776949484375 0.16602401718749998 0.0779055046875 0.1461118984375 0.0802216140625 0.138846665625 0.08316939062499999 0.1404611609375 0.09011771874999999 0.149340890625 0.0928549390625 0.27284984218749997 0.09201271718750001 0.27338800937499996 0.0804321703125
4 0.3032561859375 0.10401437499999999 0.135348590625 0.10422493125000001 0.1348104265625 0.12170103125000001 0.1103239015625 0.1229643640625 0.1097857359375 0.16970766718750002 0.1956231125 0.1684443328125 0.1956231125 0.15433712187499998 0.30702334531250003 0.1528632328125 0.3032561859375 0.10401437499999999
4 0.30890692343750004 0.1726554421875 0.138846665625 0.174550440625 0.13777033593750002 0.18886820937499998 0.10897848750000001 0.19139487500000002 0.1124765625 0.22213596562500001 0.1948158640625 0.21939874375 0.196968525 0.2044493109375 0.3062160953125 0.2036070890625 0.30890692343750004 0.1726554421875
4 0.31025233750000003 0.22150429843750002 0.138846665625 0.2225570765625 0.11113114843750001 0.2423492859375 0.1162437203125 0.2739325984375 0.2892638875 0.2705637109375 0.2908783828125 0.25624594218749996 0.3107905015625 0.2564564984375 0.31025233750000003 0.22150429843750002
4 0.313212246875 0.3076214640625 0.3113286671875 0.2754064859375 0.1404611609375 0.274143153125 0.1369630875 0.2888820328125 0.11705096875000001 0.289934809375 0.1122074796875 0.32257089843750003 0.29060929999999996 0.32214978906249997 0.28953296875 0.307200353125 0.313212246875 0.3076214640625
4 0.5267372140625 0.203185978125 0.35237163437499996 0.202975421875 0.32411795312499997 0.2208726328125 0.326397296875 0.300252025 0.4513940625 0.30172591249999997 0.452739475 0.285302590625 0.5253918015625 0.28803981093750003 0.5267372140625 0.203185978125
4 0.35021897343749997 0.32046534531250004 0.5229700562499999 0.32046534531250004 0.5167811546875 0.3036209109375 0.35344796562499997 0.3021470234375 0.35021897343749997 0.32046534531250004
4 0.5253918015625 0.12170103125000001 0.35640787500000004 0.1200165875 0.3233107046875 0.13770324375 0.32600153125000003 0.20065931250000002 0.387621465625 0.20108042343750002 0.38681421875 0.187183765625 0.5261990484375 0.1907632078125 0.5253918015625 0.12170103125000001
4 0.5229700562499999 0.07116773125 0.35721512187500004 0.068641065625 0.32573244843750004 0.0896966078125 0.3276160265625 0.11791103437499999 0.4914873828125 0.1200165875 0.48960380312499996 0.10527770781250001 0.524584553125 0.1054882640625 0.5229700562499999 0.07116773125
4 0.747269421875 0.07044406875 0.5486666812500001 0.069492121875 0.544712875 0.1499316328125 0.6554194546875001 0.1515975390625 0.6542029 0.1366043765625 0.747269421875 0.13493846874999998 0.747269421875 0.07044406875
4 0.54592943125 0.1722512171875 0.5395425125 0.3181882421875 0.7460528656250001 0.3169983078125 0.7454445875 0.1513083859375 0.55900740625 0.1539262390625 0.54592943125 0.1722512171875
4 0.9540995453125 0.221803621875 0.7846941453125 0.221803621875 0.75823405625 0.24155651875 0.757914284375 0.3222340171875 0.792890265625 0.3212820703125 0.7913695703125 0.3043850125 0.95866163125 0.30652689375 0.9540995453125 0.221803621875
4 0.9540995453125 0.08686515156249999 0.8899262265625 0.069730109375 0.7585381953125 0.0718719890625 0.7570175 0.1508835796875 0.8856682796875001 0.1482657265625 0.8856682796875001 0.13351054843750002 0.9574450750000001 0.1316066546875 0.9540995453125 0.08686515156249999
4 0.958053353125 0.2165679140625 0.9525788515625001 0.15040760625 0.78682311875 0.153025459375 0.756409221875 0.16754265 0.7579299171875 0.22085167499999997 0.958053353125 0.2165679140625