6 0.9547992328125 0.941829459375 0.9579078093750001 0.9281695578125 0.9540220671874999 0.9238100203125 0.8871873171875 0.9239553468749999 0.884930334375 0.9249832390625 0.8372555265624999 0.9251178796874999 0.8364783890625 0.9392137406250001 0.9423648421875 0.9440092312499999 0.9547992328125 0.941829459375
6 0.0593726609375 0.945014603125 0.079933959375 0.9440952125000001 0.0800457046875 0.9115821328125 0.07557585624999999 0.910495578125 0.0730056984375 0.9028896906250001 0.06842410156249999 0.9029561140625001 0.06898283281249999 0.9091411218750001 0.061719329687500005 0.9093082812500001 0.0597078984375 0.93363040625 0.0593726609375 0.945014603125
3 0.07540736249999999 0.9009148687499999 0.0771953 0.88804336875 0.075854340625 0.8840314734374999 0.0646797234375 0.8848672843750001 0.06188606875 0.88804336875 0.061662575 0.9024193296874999 0.0698200515625 0.9020850062499999 0.0712727484375 0.901332775 0.07540736249999999 0.9009148687499999
4 0.08495711875 0.9405422203124999 0.3059173484375 0.9433695249999999 0.36502334531249997 0.9384859953125 0.365710665625 0.7773454640625 0.362961540625 0.571657840625 0.3399376984375 0.571143784375 0.1251629390625 0.5729429765625 0.10984696249999999 0.5755443640625 0.111969384375 0.5901270281250001 0.083411534375 0.590305028125 0.0846134578125 0.8892483546875001 0.08495711875 0.9405422203124999
7 0.10832459375 0.551866753125 0.0846134578125 0.55392296875 0.08530075312499999 0.5708867609375 0.125506571875 0.56934459375 0.1248193046875 0.556236215625 0.10832459375 0.551866753125
4 0.3554014796875 0.509904253125 0.357119678125 0.4770047875 0.205574603125 0.47443451718749996 0.0835825546875 0.479575059375 0.0799953828125 0.48162980468749994 0.080146159375 0.5289242609375 0.2193201875 0.5317515546875 0.218976553125 0.5114464125 0.3554014796875 0.509904253125
7 0.48792627812499995 0.6697312 0.478131590625 0.6666590140624999 0.4310538765625 0.6679587828125 0.39487670937499997 0.6660682078125 0.38587191718749997 0.6665408484374999 0.3812268515625 0.6699529859375 0.38192244375 0.6824926062500001 0.4665991265625 0.6814291578125 0.48539860468749996 0.6821381234375 0.48792627812499995 0.6697312
4 0.3810079359375 0.8932923734375 0.38267128281249996 0.941600721875 0.590004309375 0.941956178125 0.6614824953125 0.9417784499999999 0.663858715625 0.9364465281250001 0.661007259375 0.7968979640625 0.658868675 0.6836256484375001 0.6184729265625 0.680959684375 0.5585921625 0.68202606875 0.48482193906250004 0.6837550765625 0.4368615046875 0.683356496875 0.40932866093750003 0.6826921921875 0.4076927078125 0.6851751593750001 0.4086208671875 0.7024618453125 0.3795527609375 0.7019891984375 0.38005744375 0.7649035609375 0.3810079359375 0.8932923734375
1 0.7248694109375 0.465293578125 0.9500038390625001 0.4638544859375 0.9494541296874999 0.4486413984375 0.9405235953125001 0.4478459734375 0.8310530140625 0.44648585625 0.6937951046874999 0.4477099640625 0.6837936375 0.446893890625 0.6139972859375 0.44798198281249996 0.555079553125 0.4504302 0.49373966874999997 0.44852603281250003 0.48282897968749994 0.4490700828125 0.3764685484375 0.4509028 0.3610764453125 0.4515195453125 0.3632753046875 0.4669382203125 0.4792658421875 0.466732640625 0.7248694109375 0.465293578125
4 0.5442076890624999 0.506079453125 0.6559480203125 0.5051957125000001 0.65260034375 0.4739703859375 0.601400478125 0.473233940625 0.40891959375000003 0.4752959875 0.37426421875 0.4782709515625 0.374597959375 0.507110478125 0.412210165625 0.5056375859375 0.5057483953124999 0.504606559375 0.5442076890624999 0.506079453125
4 0.374848559375 0.6528307812499999 0.44928528593749995 0.6528307812499999 0.44849760625 0.6372181125 0.65193200625 0.6361870859375001 0.65449200625 0.536205296875 0.6535649921875 0.5077715609375 0.640557703125 0.5076712640625 0.4874464859375 0.5077715609375 0.4832958328125 0.505373775 0.4749008734375 0.5055269234375 0.40688556406250004 0.5080538609375 0.405038478125 0.5088514078124999 0.4055719171875 0.522723146875 0.3770181453125 0.521692115625 0.3722885671875 0.5747400203125 0.374848559375 0.6528307812499999
4 0.8078437203125001 0.89331814375 0.9574445046875001 0.8947064156250001 0.963755196875 0.8680902796875 0.9574445046875001 0.591412165625 0.9544747515625 0.47417687812500003 0.9114135203125 0.471400334375 0.7870555578125 0.47028972343750003 0.672836925 0.4736251703125 0.6745274765625 0.6668120328125 0.6823721218750001 0.9080338343750001 0.8085862015625 0.9077561734374999 0.8078437203125001 0.89331814375
2 0.6348882828125 0.44740839687499995 0.833365225 0.44681118125 0.908140490625 0.4474502328125 0.9512285296874999 0.447268371875 0.95221991875 0.07851330937499999 0.547250559375 0.07752270624999999 0.078194678125 0.080290753125 0.08087802031249999 0.4505160859375 0.106174903125 0.4507999390625 0.34113419375 0.44888509374999996 0.6348882828125 0.44740839687499995