2 0.10094341874999999 0.0424976125 0.096554575 0.41477669375000004 0.2951497796875 0.41732655 0.30283025625 0.04504746875 0.10094341874999999 0.0424976125
2 0.32477447812500004 0.0458974203125 0.3280661109375 0.3654794640625 0.52446689375 0.3671793671875 0.5211752609375 0.0458974203125 0.32477447812500004 0.0458974203125
2 0.7636589078125 0.0492972296875 0.75597843125 0.34338070468750004 0.9556708468749999 0.3467805140625 0.9633513234375 0.050997134374999996 0.7636589078125 0.0492972296875
2 0.088874096875 0.6680624609375 0.093262940625 0.8788506171874999 0.2896637234375 0.8805505218749999 0.2896637234375 0.67061231875 0.088874096875 0.6680624609375
2 0.5354390046875 0.6833616015625 0.5277585265625 0.9119987546875 0.9490875796875 0.9170984687500001 0.9556708468749999 0.6910111718749999 0.5354390046875 0.6833616015625
6 0.06532477187499999 0.8788732875 0.05992603125 0.9123302765625001 0.0820608703125 0.9123302765625001 0.0839504296875 0.8788732875 0.06532477187499999 0.8788732875
3 0.06775420625 0.8533623328125 0.0680241421875 0.869672615625 0.08287068125 0.8682088718750001 0.0817909328125 0.8529441203125 0.06775420625 0.8533623328125
4 0.5090229296875 0.6657940875 0.3206068515625 0.6687215734375 0.3060302515625 0.6854500671875 0.30421908124999997 0.9127484890625001 0.3468691390625 0.9117029578125001 0.34416976718750003 0.8960199953125001 0.5106425515625 0.8960199953125001 0.5090229296875 0.6657940875
7 0.308459684375 0.650947546875 0.4104958984375 0.652202184375 0.41103577187499996 0.636101009375 0.3079198109375 0.6356827968750001 0.308459684375 0.650947546875
7 0.5329138296875 0.6187548921875 0.6168856484374999 0.6187548921875 0.6160664109375 0.607331725 0.5316849734375 0.603524003125 0.5329138296875 0.6187548921875
4 0.5443831515625 0.6266876484374999 0.534552303125 0.6403319875 0.5308657359375 0.6701591453125 0.72953076875 0.6714283859375 0.7336269546875 0.62541840625 0.5443831515625 0.6266876484374999
4 0.9524116359375 0.6070144156249999 0.7504696531249999 0.6076490359375 0.7455058953125 0.6857073453125 0.7946601296875 0.6853900359375 0.7971178421875 0.671745696875 0.9499539234375 0.6704764562500001 0.9524116359375 0.6070144156249999
7 0.2355267203125 0.4390111640625 0.24160744374999998 0.42550795937499997 0.0944539171875 0.4242518484375 0.093643153125 0.4559686765625 0.1690441359375 0.45628270468750004 0.168638753125 0.4405813046875 0.2355267203125 0.4390111640625
4 0.0920216265625 0.4917678703125 0.09283239062500001 0.6211474124999999 0.30119854375 0.622717553125 0.2947124359375 0.4735542453125 0.1058046015625 0.471670078125 0.0920216265625 0.4917678703125
4 0.312549228125 0.37669224218749997 0.3113330828125 0.622403525 0.5141372375000001 0.6246017203124999 0.51535338125 0.37794835312499997 0.312549228125 0.37669224218749997
7 0.5414877140625001 0.0567074953125 0.6504558296875 0.059737667187499996 0.6504558296875 0.044153928125000005 0.538693659375 0.044153928125000005 0.5414877140625001 0.0567074953125
4 0.5499589765625 0.075827740625 0.5372561203124999 0.089141009375 0.530531078125 0.5620514234375 0.7330295609374999 0.5661032875 0.7382601484375 0.076406578125 0.5499589765625 0.075827740625
7 0.9063861953125001 0.3594582234375 0.7561935937500001 0.356564034375 0.756940821875 0.393030809375 0.8241912390625 0.3924519734375 0.8264329203124999 0.38029637968749996 0.9086278765625 0.3785598671875 0.9063861953125001 0.3594582234375
4 0.95794485 0.5689974765625 0.9564503953125 0.45901830937500004 0.7688964515625 0.456702959375 0.7532046859375 0.4700162265625 0.7502157796875 0.588677959375 0.8779915734375001 0.5875202828125 0.8735082125 0.573049340625 0.95794485 0.5689974765625
4 0.754699140625 0.4254457234375 0.75096300625 0.4532299328125 0.9586920765625001 0.457281796875 0.96018653125 0.4092382671875 0.7666547703125 0.408659428125 0.754699140625 0.4254457234375