4 0.33925070625 0.242347034375 0.09330939218749999 0.242347034375 0.090837621875 0.258223334375 0.0525251546875 0.255421634375 0.050671325 0.3226624296875 0.22802096718749998 0.3259310796875 0.2304927390625 0.3114556296875 0.3380148203125 0.31052172968749997 0.33925070625 0.242347034375
4 0.3380148203125 0.3263980296875 0.08651202031250001 0.3282658296875 0.084040246875 0.344142128125 0.054996928125 0.344609078125 0.0519072125 0.3749608265625 0.2873434953125 0.3791633765625 0.2898152671875 0.3637540265625 0.33925070625 0.363287078125 0.3380148203125 0.3263980296875
4 0.3343071625 0.46508217187499995 0.3343071625 0.3791633765625 0.08218641875 0.3768286265625 0.07971464687499999 0.391771025 0.0525251546875 0.395039675 0.046345725 0.47535507031249996 0.2379080546875 0.47909067031249997 0.2372901109375 0.4636813203125 0.3343071625 0.46508217187499995
4 0.33739687812499997 0.4786237203125 0.08218641875 0.48282627031249997 0.051289268750000006 0.49730171875 0.048817496875 0.5313890671875 0.2663334328125 0.5318560171875 0.266951375 0.5183144671875 0.3404865921875 0.5178475171875 0.33739687812499997 0.4786237203125
4 0.3361609921875 0.5341907671875 0.0834223046875 0.5332568671875 0.0519072125 0.550534015625 0.0519072125 0.5981629125000001 0.162519009375 0.5981629125000001 0.15942929374999998 0.5822866140625 0.3361609921875 0.5846213640625 0.3361609921875 0.5341907671875
4 0.048817496875 0.6201095609375 0.050671325 0.6350519593749999 0.331835390625 0.6345850109375 0.33368922031250003 0.6014315625 0.08218641875 0.6004976625 0.048817496875 0.6201095609375
4 0.6370992328125 0.24281398593749998 0.3528454515625 0.245148734375 0.3503736796875 0.31005478124999997 0.4955902859375 0.3095878296875 0.4955902859375 0.29791408124999996 0.6383351187499999 0.29464543125 0.6370992328125 0.24281398593749998
4 0.6370992328125 0.31285648125 0.39919117656249997 0.3123895296875 0.3998091203125 0.33013362968750004 0.347901909375 0.3273319296875 0.3509916234375 0.4253914234375 0.45665987656249996 0.4272592234375 0.45727781875 0.41044902499999997 0.6364812890625 0.4137176734375 0.6370992328125 0.31285648125
4 0.3961014625 0.446871121875 0.3497557375 0.447805021875 0.3540813390625 0.46134657187499994 0.635245403125 0.46321437187500003 0.635245403125 0.43332957343749995 0.39919117656249997 0.4300609234375 0.3961014625 0.446871121875
4 0.6364812890625 0.5323229671874999 0.6290659734374999 0.4678838703125 0.38559643125 0.4646152203125 0.3497557375 0.4809584703125 0.3491377953125 0.544463665625 0.5085670890625 0.544930615625 0.5110388609375 0.5327899171875 0.6364812890625 0.5323229671874999
4 0.383742603125 0.546798415625 0.3497557375 0.5659433640625 0.3491377953125 0.6280477109375 0.6340095171875 0.6313163609375 0.633391575 0.550534015625 0.383742603125 0.546798415625
7 0.050053382812500005 0.141485840625 0.0537610421875 0.2133961359375 0.43997541562500003 0.21853258593749997 0.44182924375 0.1779079390625 0.572833159375 0.1774409890625 0.5746869890624999 0.141485840625 0.050053382812500005 0.141485840625
7 0.202685303125 0.0611704453125 0.116173284375 0.059769596875 0.11493739843749999 0.09198914375 0.1921802734375 0.08918744375 0.2051570765625 0.0849848953125 0.202685303125 0.0611704453125
1 0.64822220625 0.384766775 0.8966352921875 0.385700675 0.8953994062499999 0.366088778125 0.6476042640624999 0.3684235265625 0.64822220625 0.384766775
2 0.6500760359375 0.13494854218750002 0.6519298640625 0.36001842812499996 0.9800575968749999 0.36141927812499997 0.9788217109374999 0.136349390625 0.6500760359375 0.13494854218750002
4 0.650693978125 0.41044902499999997 0.8923096921875 0.408581225 0.8935455765625001 0.39363882499999997 0.650693978125 0.392704925 0.650693978125 0.41044902499999997
4 0.9287683281250001 0.411382925 0.6840629 0.41044902499999997 0.6852987859375 0.42819312343749993 0.6494580921875001 0.42819312343749993 0.6494580921875001 0.4758220203125 0.8428742515625001 0.4772228703125 0.8428742515625001 0.46414827187499996 0.9312400999999999 0.4608796203125 0.9287683281250001 0.411382925
4 0.9300042140624999 0.5626747140624999 0.9300042140624999 0.4818923703125 0.6809731859375 0.47909067031249997 0.6494580921875001 0.49730171875 0.6488401500000001 0.5785510140625 0.7458572 0.5780840640625 0.7446213140625 0.561273865625 0.9300042140624999 0.5626747140624999
4 0.9312400999999999 0.5813527140625 0.6927141031249999 0.5804188140625001 0.6964217609375 0.5981629125000001 0.64822220625 0.5944273124999999 0.64822220625 0.7816742515625 0.7470930859375 0.7802734015625 0.7495648578125 0.7657979515625 0.9312400999999999 0.7667318515625 0.9312400999999999 0.5813527140625
4 0.9300042140624999 0.7802734015625 0.6778834703125 0.7821412015625 0.646368378125 0.8003522500000001 0.646368378125 0.89747784375 0.7730466921875 0.90027954375 0.7705749203125001 0.8830023953125 0.9293862718750001 0.8853371437499999 0.9300042140624999 0.7802734015625
4 0.6908602734375 0.90121344375 0.6890064437500001 0.9175566937499999 0.645750434375 0.9212922921875 0.6438966046875 0.9329660421874999 0.9281503859375 0.9385694421874999 0.9306221562499999 0.90588294375 0.6908602734375 0.90121344375
6 0.8076515000000001 0.9451067406250001 0.810123271875 0.959582190625 0.90034295 0.9581813406249999 0.8991070640625001 0.9423050406250001 0.8076515000000001 0.9451067406250001
3 0.9120838671874999 0.9441728406250001 0.9108479812500001 0.956780490625 0.9324759859375 0.9553796406249999 0.9324759859375 0.9441728406250001 0.9120838671874999 0.9441728406250001
7 0.1397724265625 0.650738925 0.1402844125 0.644935665625 0.1285087140625 0.6472569703125 0.0993254609375 0.65422088125 0.11314910625 0.668535590625 0.204282778125 0.668535590625 0.2058187390625 0.6511258093750001 0.1397724265625 0.650738925
7 0.0542706125 0.7122534859375 0.11110115937500001 0.7149616734375 0.11110115937500001 0.6994863125 0.056830546875 0.699099428125 0.0542706125 0.7122534859375
6 0.053246639062500004 0.7385615984375 0.2022348296875 0.7377878296875 0.2017228421875 0.723473121875 0.052222665625 0.7226993546875 0.053246639062500004 0.7385615984375
4 0.3373993734375 0.7493943515625 0.08242989375000001 0.747073046875 0.084477840625 0.7664172484375 0.0537586265625 0.7668041328124999 0.055294587500000006 0.84611535625 0.15871594218750001 0.8480497765624999 0.159739915625 0.8318006484374999 0.3353514265625 0.833348184375 0.3373993734375 0.7493943515625
4 0.339447321875 0.8526923859375 0.0829418796875 0.849210428125 0.08242989375000001 0.8658464421875 0.056830546875 0.8701021656249999 0.052222665625 0.914593828125 0.1735635625 0.91420694375 0.1745875359375 0.8991184671875001 0.3353514265625 0.9033741921875 0.339447321875 0.8526923859375
4 0.0798699578125 0.9312298421874999 0.3363754 0.9331642625000001 0.3348394390625 0.9176889015624999 0.089597709375 0.9173020171875 0.0798699578125 0.9312298421874999
4 0.633839796875 0.6871060234375 0.3512230203125 0.6851716031249999 0.35327096875 0.7370140625 0.4357008609375 0.7358534109375 0.438260796875 0.720764934375 0.6323038359375001 0.7211518171875 0.633839796875 0.6871060234375
4 0.632815821875 0.7455255109375 0.380406275 0.7451386265625 0.38091826093750003 0.763322175 0.35275898125 0.76409594375 0.35327096875 0.8642989062499999 0.48331564374999997 0.8654595578125001 0.48331564374999997 0.8499841968749999 0.6323038359375001 0.8511448484375 0.632815821875 0.7455255109375
4 0.3870621046875 0.866620209375 0.3875740921875 0.8813218031250001 0.35224699375 0.884029990625 0.350199046875 0.9316167265624999 0.6323038359375001 0.93587245 0.6312798609375 0.8685546296875 0.3870621046875 0.866620209375