2 0.95953271875 0.4267578125 0.9543036578124999 0.0576171875 0.9477673328125 0.05078125 0.32289452500000004 0.060546875 0.3189727296875 0.1708984375 0.3307381171875 0.4375 0.80396815 0.43359375 0.95953271875 0.4267578125
3 0.986985290625 0.841796875 0.9856780265625 0.8544921875 0.9974434125 0.857421875 1 0.8427734375 0.986985290625 0.841796875
6 1 0.8720703125 0.9856780265625 0.8720703125 0.9830634953124999 0.9013671875 0.9922143515625 0.904296875 1 0.8994140625 1 0.8720703125
4 0.9634545156250001 0.896484375 0.9699908421875 0.8896484375 0.9705797328125 0.8313609703125 0.80396815 0.833984375 0.7778228453125 0.849609375 0.7739010484375 0.9091796875 0.78305190625 0.912109375 0.9059348437500001 0.91015625 0.9634545156250001 0.896484375
4 0.9503818624999999 0.82421875 0.9699908421875 0.7978515625 0.9673763109375001 0.6630859375 0.9608399859375 0.658203125 0.8510297 0.658203125 0.8013536203125 0.662109375 0.7723492484375 0.6792564375000001 0.7739010484375 0.7919921875 0.7723492484375 0.8316005640625 0.938747146875 0.8261982906249999 0.9503818624999999 0.82421875
4 0.96476178125 0.6123046875 0.9699908421875 0.5556640625 0.9582254546875 0.458984375 0.9007057812499999 0.45703125 0.8013536203125 0.462890625 0.7686719890625 0.4853515625 0.7686719890625 0.6064453125 0.7752083140625 0.630859375 0.9163929656249999 0.6328125 0.96476178125 0.6123046875
4 0.7425266828125 0.5849609375 0.74341049375 0.457673965625 0.5608168078125 0.455078125 0.543822359375 0.4638671875 0.5386688328125 0.628385809375 0.63663819375 0.625 0.733375825 0.609375 0.7425266828125 0.5849609375
7 0.7189959078125 0.6611328125 0.6941578671874999 0.654296875 0.6314091328125 0.66015625 0.63010186875 0.6708984375 0.6418672546875 0.6796875 0.7216104375 0.6767578125 0.7189959078125 0.6611328125
7 0.48760995156250003 0.611328125 0.4405484015625 0.60546875 0.43401207499999994 0.6103515625 0.437933871875 0.6328125 0.4889172171875 0.6318359375 0.48760995156250003 0.611328125
4 0.3711416328125 0.579225128125 0.5137552578125 0.578125 0.5202915828125 0.5732421875 0.5202915828125 0.5166015625 0.5137552578125 0.49609375 0.356883421875 0.49609375 0.3202799953125 0.515625 0.3189727296875 0.5576171875 0.3255630703125 0.5981330859375 0.3704181734375 0.594351490625 0.3711416328125 0.579225128125
4 0.5137552578125 0.474609375 0.5202915828125 0.4638671875 0.5111407265625 0.458984375 0.409174034375 0.45703125 0.32289452500000004 0.4609375 0.3163582 0.4697265625 0.3199551796875 0.4911680859375 0.35106430781250003 0.49062783593750003 0.358298996875 0.47496124375 0.5137552578125 0.474609375
4 0.52159885 0.916015625 0.528135175 0.9111328125 0.52159885 0.83984375 0.362112484375 0.837890625 0.329430853125 0.8583984375 0.326816321875 0.9130859375 0.335967178125 0.91796875 0.4928390125 0.91796875 0.52159885 0.916015625
4 0.528135175 0.8173828125 0.528135175 0.7724609375 0.5255206453125 0.7587890625 0.5163697875000001 0.755859375 0.3464253015625 0.7578125 0.329430853125 0.7763671875 0.3307381171875 0.833984375 0.36172930625 0.8334240156250001 0.36751707968749997 0.8220792484375 0.528135175 0.8173828125
4 0.4362466234375 0.7504419671875 0.4376935390625 0.7347753671875 0.5229061140625 0.7314453125 0.528135175 0.6591796875 0.52159885 0.65234375 0.36472701406249997 0.65234375 0.326816321875 0.6806640625 0.326816321875 0.7314453125 0.32917320625 0.7526028859375 0.338581709375 0.751953125 0.4362466234375 0.7504419671875
4 0.3074367078125 0.915211328125 0.30381936249999997 0.780154471875 0.1346483234375 0.78125 0.1071957546875 0.8017578125 0.1099297359375 0.9184526843749999 0.1372628546875 0.919921875 0.3074367078125 0.915211328125
4 0.2810620359375 0.7734375 0.30328554531249996 0.7587890625 0.3059000765625 0.6552734375 0.2993637515625 0.62890625 0.1372628546875 0.62890625 0.1071957546875 0.6494140625 0.10458122343750001 0.7255859375 0.104865421875 0.7754818796875 0.214832725 0.777642796875 0.2810620359375 0.7734375
4 0.144656209375 0.62251456875 0.14610318125 0.609549103125 0.30328554531249996 0.6083984375 0.2993637515625 0.529296875 0.2810620359375 0.525390625 0.1346483234375 0.52734375 0.10458122343750001 0.5498046875 0.10458122343750001 0.6181640625 0.11111755000000001 0.623046875 0.144656209375 0.62251456875
4 0.30328554531249996 0.4892578125 0.30328554531249996 0.2666015625 0.2928274234375 0.0634765625 0.1006594265625 0.064453125 0.1043641671875 0.52730115625 0.28491738125 0.5226116640625 0.300671015625 0.5009765625 0.30328554531249996 0.4892578125
4 0.6131074203125 0.916015625 0.749063009375 0.91015625 0.7425266828125 0.7099609375 0.7281467640625 0.705078125 0.5843475828125 0.70703125 0.546436890625 0.7294921875 0.546436890625 0.8544921875 0.5542804796875 0.9111328125 0.5608168078125 0.916015625 0.6131074203125 0.916015625