3 0.0606128296875 0.8384178328124999 0.045916379687499995 0.8384178328124999 0.045916379687499995 0.8552534968750001 0.0606128296875 0.8552534968750001 0.0606128296875 0.8384178328124999
6 0.0625429546875 0.8637762234374999 0.041305842187500004 0.8637762234374999 0.041305842187500004 0.897377621875 0.0625429546875 0.897377621875 0.0625429546875 0.8637762234374999
2 0.7039805265625 0.6591040203125 0.06797823593749999 0.6591040203125 0.06797823593749999 0.9012456296875 0.7039805265625 0.9012456296875 0.7039805265625 0.6591040203125
2 0.9118155781249999 0.3101923078125 0.71796678125 0.3101923078125 0.71796678125 0.5260314687500001 0.9118155781249999 0.5260314687500001 0.9118155781249999 0.3101923078125
2 0.9141695296875 0.050546328125 0.715910653125 0.050546328125 0.715910653125 0.2669012234375 0.9141695296875 0.2669012234375 0.9141695296875 0.050546328125
1 0.7589519328125001 0.2893091859375 0.760493821875 0.2728418203125 0.7166289140625001 0.2714372328125 0.715118215625 0.28309191562499997 0.7190830703125 0.2913255984375 0.7589519328125001 0.2893091859375
1 0.9149030515625001 0.30493640312500003 0.9155637953125 0.2993912609375 0.9111583890625001 0.2883009921875 0.8107177906249999 0.2870332078125 0.8120369859375 0.30308800156250004 0.9065327203125 0.30560852031249996 0.9149030515625001 0.30493640312500003
4 0.7118141015624999 0.8830456375000001 0.718422209375 0.9072425703125001 0.9212909203124999 0.9087549046875001 0.917105684375 0.5408514328125 0.7127728140625 0.5398057171875 0.7129155125 0.6962373203125 0.7113736234375 0.7892213875 0.7118141015624999 0.8830456375000001
4 0.493327153125 0.6339261671875 0.6983677875 0.632836146875 0.6955100890625 0.18348757031250001 0.699796596875 0.12299195624999999 0.6913705890624999 0.109445034375 0.683753125 0.1081391875 0.6598735984374999 0.110424428125 0.6420709796875 0.1123832046875 0.6353093765625 0.110424428125 0.6276919234375 0.1087268203125 0.5730638875 0.10663047187500001 0.488867971875 0.10866754999999999 0.49296995 0.35938384375 0.49368447031249996 0.5726130265625 0.493327153125 0.6339261671875
4 0.35555314843749997 0.4340406078125 0.3632529765625 0.4330190671875 0.37103654218750004 0.431933671875 0.3778994390625 0.433529840625 0.401835965625 0.43378522343750003 0.40016208437499995 0.4222290046875 0.4799675625 0.41641115624999997 0.4799675625 0.10293308281249999 0.4488163125 0.10632795937499999 0.4431793375 0.11266500937499999 0.4114348125 0.108591159375 0.2699190453125 0.10972278906249999 0.272877228125 0.4354312875 0.3193973109375 0.4338490765625 0.33379270625 0.43461522500000005 0.34442184375 0.4344236921875 0.35555314843749997 0.4340406078125
4 0.2781575640625 0.5206718921875 0.284291634375 0.53375514375 0.33874716562499996 0.5309857078125 0.3468841984375 0.515896965625 0.4809575125 0.515514984375 0.48271010312499996 0.43267167500000003 0.449648021875 0.4319076921875 0.41602160312500003 0.43505913906250004 0.37195643437500003 0.435345628125 0.36256758125 0.4340086515625 0.353303884375 0.43582312031250003 0.3380312984375 0.43582312031250003 0.288060009375 0.43656208437500005 0.287922003125 0.44871538749999995 0.2770308984375 0.44661443749999996 0.2781575640625 0.5206718921875
4 0.2797116796875 0.6302993156250001 0.4837868546875 0.62910789375 0.4819589625 0.5311998359375 0.4530411859375 0.5281438875 0.361530859375 0.531581828125 0.33912273593750003 0.5333962984375 0.32960865 0.5326323125 0.29441226875000004 0.53539956875 0.29342080937500004 0.5490173734375 0.2767616109375 0.5521945265625 0.2797116796875 0.6302993156250001
1 0.2025088078125 0.6359917234375 0.1056772171875 0.635462171875 0.06888815625 0.6358593171875 0.0681940359375 0.6551869499999999 0.39384443125 0.6554747671875 0.391166621875 0.6374478984375 0.31547899375 0.6357269546875 0.2025088078125 0.6359917234375
4 0.053107414062500004 0.2972164265625 0.057775846875 0.5858702765625 0.06077696406250001 0.6331853203125 0.2698560796875 0.633948428125 0.2665215515625 0.27222536875 0.2611861828125 0.13451237031250002 0.2588519671875 0.10627600156250001 0.0673828984375 0.1102235640625 0.0727815046875 0.12614859375 0.0544412296875 0.129964340625 0.053107414062500004 0.2972164265625
7 0.42699274374999996 0.107495134375 0.43697735312499997 0.10922965312499999 0.441228221875 0.109003425 0.4458745515625 0.1038752546875 0.46525062031250003 0.1019144921875 0.49283948750000006 0.097815096875 0.5212336171875 0.1000366921875 0.6147507796875 0.10207315937500001 0.623305625 0.10637801718749999 0.637142940625 0.1082530796875 0.6429691859375 0.11068370937500001 0.6497968265625 0.1104753828125 0.65125338125 0.10721137343750001 0.681526921875 0.10526686562500001 0.6981154734375 0.10269734374999999 0.6950345609374999 0.0411573265625 0.6293049796875 0.042700218750000005 0.6287994921875 0.0562000421875 0.4437454359375 0.057357114062500006 0.40582468125000004 0.043085875 0.3820607875 0.057357114062500006 0.3395893953125 0.0461716 0.3335221859375 0.058514248437500006 0.26880374218749997 0.061599971875000006 0.2425119203125 0.048100148437500004 0.2045911109375 0.06082855625 0.169198284375 0.0612142125 0.1479625078125 0.046943015625 0.11813148281250001 0.057742873437499995 0.04734583125 0.063914178125 0.0469512015625 0.1035414203125 0.17081865000000002 0.10443371093750001 0.3242099984375 0.10341617343750001 0.389568065625 0.1046880984375 0.42699274374999996 0.107495134375