2 0.93131156875 0.45959825312499997 0.6551030921875001 0.45959825312499997 0.6551030921875001 0.7258689953124999 0.93131156875 0.7258689953124999 0.93131156875 0.45959825312499997
2 0.9288946156250001 0.0974628828125 0.3709679265625 0.0974628828125 0.3709679265625 0.42035371250000003 0.9288946156250001 0.42035371250000003 0.9288946156250001 0.0974628828125
7 0.2660194734375 0.052200873437499996 0.154690721875 0.052200873437499996 0.154690721875 0.0852139734375 0.2660194734375 0.0852139734375 0.2660194734375 0.052200873437499996
6 0.232101946875 0.10285152812500001 0.09390034375 0.10285152812500001 0.09390034375 0.13265938906250002 0.232101946875 0.13265938906250002 0.232101946875 0.10285152812500001
1 0.9256586484374999 0.41864192187500004 0.3695532640625 0.41864192187500004 0.3695532640625 0.4591222703125 0.9256586484374999 0.4591222703125 0.9256586484374999 0.41864192187500004
1 0.943424971875 0.724737990625 0.6579266890625 0.724737990625 0.6579266890625 0.77506986875 0.943424971875 0.77506986875 0.943424971875 0.724737990625
3 0.9628006875 0.8249694328125001 0.9420561281250001 0.8249694328125001 0.9420561281250001 0.85517030625 0.9628006875 0.85517030625 0.9628006875 0.8249694328125001
6 0.964421534375 0.855148471875 0.9378235968749999 0.855148471875 0.9378235968749999 0.898301309375 0.964421534375 0.898301309375 0.964421534375 0.855148471875
6 0.9377720500000001 0.8756244546874999 0.8318041234375 0.8756244546874999 0.8318041234375 0.9050742359375 0.9377720500000001 0.9050742359375 0.9377720500000001 0.8756244546874999
4 0.3519473078125 0.1379039296875 0.0631271484375 0.1379039296875 0.0631271484375 0.22267248906249998 0.3519473078125 0.22267248906249998 0.3519473078125 0.1379039296875
4 0.3514948453125 0.22168995625000001 0.0654811 0.22168995625000001 0.0654811 0.28870305625000003 0.3514948453125 0.28870305625000003 0.3514948453125 0.22168995625000001
4 0.35104810937500003 0.28751965 0.0670504015625 0.28751965 0.0670504015625 0.384445415625 0.35104810937500003 0.384445415625 0.35104810937500003 0.28751965
4 0.35597938125 0.3850655015625 0.06626575 0.3850655015625 0.06626575 0.5318777296875 0.35597938125 0.5318777296875 0.35597938125 0.3850655015625
4 0.356437571875 0.532288209375 0.062348225 0.532288209375 0.062348225 0.74220960625 0.356437571875 0.74220960625 0.356437571875 0.532288209375
4 0.34880870625 0.740554584375 0.06862542968749999 0.740554584375 0.06862542968749999 0.8078122265625 0.34880870625 0.8078122265625 0.34880870625 0.740554584375
4 0.35150057343749996 0.8063842796875 0.07019473125 0.8063842796875 0.07019473125 0.8392925765625 0.35150057343749996 0.8392925765625 0.35150057343749996 0.8063842796875
4 0.3541867125 0.8375021828125 0.0639117984375 0.8375021828125 0.0639117984375 0.9077205234375001 0.3541867125 0.9077205234375001 0.3541867125 0.8375021828125
4 0.645595646875 0.885978165625 0.388081328125 0.885978165625 0.388081328125 0.9070349343749999 0.645595646875 0.9070349343749999 0.645595646875 0.885978165625
4 0.6491867124999999 0.4616724890625 0.363757159375 0.4616724890625 0.363757159375 0.641331878125 0.6491867124999999 0.641331878125 0.6491867124999999 0.4616724890625
4 0.65411225625 0.640008734375 0.3558991984375 0.640008734375 0.3558991984375 0.887554584375 0.65411225625 0.887554584375 0.65411225625 0.640008734375
4 0.935624284375 0.7795371171875 0.6553035515625 0.7795371171875 0.6553035515625 0.8820873359375 0.935624284375 0.8820873359375 0.935624284375 0.7795371171875