3 0.06869515000000001 0.8612185609375 0.054607390624999995 0.8612185609375 0.054607390624999995 0.8787640937500001 0.06869515000000001 0.8787640937500001 0.06869515000000001 0.8612185609375
6 0.07241339531249999 0.8882567218749999 0.0524364890625 0.8882567218749999 0.0524364890625 0.920398959375 0.07241339531249999 0.920398959375 0.07241339531249999 0.8882567218749999
2 0.3490127015625 0.6690719859375001 0.076506928125 0.6690719859375001 0.076506928125 0.9215437984375001 0.3490127015625 0.9215437984375001 0.3490127015625 0.6690719859375001
2 0.64584295625 0.6652558546875 0.3668129328125 0.6652558546875 0.3668129328125 0.9184388546875001 0.64584295625 0.9184388546875001 0.64584295625 0.6652558546875
2 0.9934584296875 0.7404813531250001 0.6672806 0.7404813531250001 0.6672806 0.9689549 0.9934584296875 0.9689549 0.9934584296875 0.7404813531250001
2 0.9341859124999999 0.0146487421875 0.36579099375 0.0146487421875 0.36579099375 0.2511621859375 0.9341859124999999 0.2511621859375 0.9341859124999999 0.0146487421875
2 0.6345842953124999 0.32599739843750003 0.3632678984375 0.32599739843750003 0.3632678984375 0.6047745015625 0.6345842953124999 0.6047745015625 0.6345842953124999 0.32599739843750003
1 0.6366713953125 0.25974635625000003 0.358166971875 0.2612367375 0.35756291406249996 0.2827962421875 0.6372347546875 0.276029325 0.6366713953125 0.25974635625000003
1 0.6346998921875 0.2982333578125 0.50115201875 0.29825923125 0.5054256406250001 0.3168424265625 0.6363898203125 0.31620802187499997 0.6346998921875 0.2982333578125
1 0.545700690625 0.6406529812499999 0.3680280109375 0.6397072968749999 0.3685470421875 0.6639143515625 0.547108834375 0.6611653078125 0.545700690625 0.6406529812499999
1 0.8832959359375 0.714666425 0.66484524375 0.71784554375 0.6647408484375 0.7370819625 0.8855490734375 0.7330640546875 0.8832959359375 0.714666425
6 0.926105728125 0.70599630625 0.9252609453125 0.6884445515625 0.810797475 0.6893306390625 0.8064073265625 0.7007096234375 0.811476990625 0.707476575 0.926105728125 0.70599630625
1 0.1420036390625 0.6495376703125 0.33915392031249997 0.6478459625 0.345350153125 0.6311400500000001 0.3363375734375 0.627968053125 0.21016130312499998 0.631351521875 0.06825246562500001 0.6308195343749999 0.0690580359375 0.664551853125 0.13608913125 0.666666525 0.1420036390625 0.6495376703125
4 0.065396709375 0.5917559390625 0.0704662546875 0.6238989203124999 0.35154623749999997 0.6228415843749999 0.3521095953125 0.45760900781249997 0.346758296875 0.4231398921875 0.2777556984375 0.42546603593750004 0.2552242328125 0.4233513515625 0.24536671875 0.4261004296875 0.10201029843750001 0.427157771875 0.094687571875 0.44238338749999995 0.0651150296875 0.44344072968750003 0.065396709375 0.5917559390625
4 0.0645383875 0.412942828125 0.067613021875 0.42870110781250004 0.09717933437500001 0.4278981359375 0.1236479421875 0.4262921984375 0.1904462765625 0.42708091875000004 0.1904462765625 0.4118552875 0.345350153125 0.409106209375 0.342815290625 0.3109855328125 0.0933981109375 0.31197105 0.08779866875 0.32708895937500004 0.0618647890625 0.329397490625 0.0645383875 0.412942828125
7 0.129105740625 0.3122218578125 0.1292394171875 0.2968650671875 0.0630478921875 0.2976560015625 0.062934228125 0.3054969828125 0.06681094531250001 0.3131252 0.129105740625 0.3122218578125
4 0.2882760203125 0.22784577343749998 0.2723672015625 0.232111796875 0.25577657343750004 0.2309173109375 0.2250953421875 0.233818203125 0.17100536093750002 0.23177050625 0.162141878125 0.23125859062499998 0.1564600890625 0.23330628281250002 0.140324009375 0.23228243124999998 0.11918803281250001 0.23159986250000003 0.0939611609375 0.23330628281250002 0.0885067421875 0.24115575156250002 0.08487044218749999 0.2464456203125 0.068052515625 0.246104340625 0.055552759375 0.2532712765625 0.0597676078125 0.295077875 0.120324378125 0.2954195546875 0.121460725 0.283304075 0.345775028125 0.28245086875 0.34236600156249997 0.2300641046875 0.3235027546875 0.22682191718750003 0.2882760203125 0.22784577343749998
4 0.064165503125 0.23087993125 0.11303059374999999 0.2307519078125 0.14612609999999998 0.23132800312500001 0.1499624625 0.23280023437500003 0.154651334375 0.2331843046875 0.1566121390625 0.232096121875 0.1619830375 0.22966373125 0.1687179859375 0.230495875 0.17562341718750002 0.23017582499999997 0.188070271875 0.23062389843750003 0.20136962656250001 0.23068789843749998 0.21134415781250002 0.2327362328125 0.21850535624999998 0.232096121875 0.2238762546875 0.2312639875 0.2482767109375 0.23085527187500002 0.276458109375 0.2294901515625 0.2819124921875 0.2172039984375 0.33986607343749997 0.21583889531249997 0.338047978125 0.11614324843749999 0.33145716406250003 0.06921700625 0.055075553124999996 0.07035272031249999 0.055816173437500005 0.214058784375 0.0600733875 0.230239828125 0.064165503125 0.23087993125
4 0.941474121875 0.6606068125 0.9370493546875001 0.2867929375 0.928937409375 0.283470696875 0.655340525 0.2862392078125 0.6501783203125 0.3032195796875 0.6487034359375 0.3268444359375 0.6533740046875 0.35268409375 0.6542972890625001 0.6892427046875 0.8047986843749999 0.6903224421874999 0.8156146625 0.6788791890625 0.9368035421875 0.676479765625 0.941474121875 0.6606068125