7 0.39629081093749996 0.087968828125 0.36808185781249997 0.086980634375 0.367324575 0.0937568328125 0.3304068140625 0.089945228125 0.3003046390625 0.0955920609375 0.29992600937499997 0.10434464843749999 0.31178276562499996 0.11964130625 0.31090665781250004 0.1200146046875 0.35293609375 0.1205792859375 0.43548039687499995 0.1190264078125 0.439077490625 0.099686009375 0.42449973593749996 0.0903687359375 0.39629081093749996 0.087968828125
4 0.23024122187499999 0.185109925 0.2613189234375 0.1843719109375 0.2613189234375 0.1109562953125 0.26072506406249996 0.0822054953125 0.2292514828125 0.081319884375 0.16353303125000002 0.0822054953125 0.058621029687500006 0.084862340625 0.055466390624999994 0.08596930625 0.0564435984375 0.16296800625000002 0.056641553125 0.19913216250000002 0.0590169234375 0.2023794140625 0.09939815156250001 0.20267462812499998 0.1013776171875 0.185109925 0.23024122187499999 0.185109925
4 0.056524412499999996 0.29535460625 0.060052249999999995 0.36458098125 0.05922217656249999 0.37264691875 0.058599614062500006 0.42516134687499996 0.0583920875 0.4950674421875 0.0583920875 0.5848110656250001 0.0625424734375 0.6044825140625 0.0729184453125 0.6063393890625 0.1545767046875 0.605256128125 0.1557266796875 0.588320478125 0.23828446718750002 0.58917798125 0.26383125 0.5875701640625001 0.2629687578125 0.5230117859375001 0.2658437171875 0.4586857390625 0.264837475 0.4090023109375 0.26210628593749996 0.333513040625 0.2628250265625 0.21186237812500003 0.243994103125 0.21100487656250003 0.1594705703125 0.20928987812500002 0.0879014515625 0.2099330015625 0.08312403125 0.213743059375 0.0845395296875 0.2273134953125 0.05901465 0.22886089687500002 0.057354487499999995 0.23319362031250002 0.056524412499999996 0.29535460625
4 0.058075771875 0.649668909375 0.05910000625 0.6991304515625 0.057461976562499996 0.7594063296875 0.07696941874999999 0.761182946875 0.1082409046875 0.7592952890625 0.1086876421875 0.7427505562500001 0.2400335 0.7416401718750001 0.262816990625 0.7395304375 0.2619235125 0.6676937671875 0.2613278671875 0.610391521875 0.1886588984375 0.609725278125 0.16393952812499998 0.609725278125 0.14830379062500001 0.6077265859375001 0.08814341249999999 0.6116129359375 0.08561047499999999 0.6120946671875 0.0870954234375 0.6271676234375 0.0616315125 0.6262793203125 0.060291296875 0.6317202046875 0.058075771875 0.649668909375
4 0.0641037703125 0.8256331593749999 0.08000827499999999 0.828253275 0.17876415625 0.8275637703125 0.2536632671875 0.8271500749999999 0.255512634375 0.8254952640625 0.2547728671875 0.8111536062500001 0.262540190625 0.8085334906250001 0.26438953125000003 0.777356415625 0.26383475624999997 0.7641396203124999 0.2061614703125 0.761092046875 0.13430935 0.7641900890625 0.0926449140625 0.7641900890625 0.088515328125 0.7653316343750001 0.08814545781250001 0.7784321828125 0.0648435125 0.7836724078125 0.0615146625 0.80536178125 0.0641037703125 0.8256331593749999
4 0.0645072046875 0.9505785031249999 0.090859003125 0.9533440234375 0.115454021875 0.9511607218749999 0.1166251953125 0.9332577140625 0.1849446640625 0.9355865609375 0.233939484375 0.9355865609375 0.2649760234375 0.9344221484374999 0.267318421875 0.8924343265625 0.2647808171875 0.8307069531250001 0.253068928125 0.83041585 0.163082425 0.8296880921875 0.09281097968749999 0.8321624875 0.0878495203125 0.8354497249999999 0.0900782125 0.8508755578124999 0.0617744296875 0.8513122187500001 0.0617744296875 0.9203759078125 0.0645072046875 0.9505785031249999
4 0.29123935 0.9515499421875001 0.3235437609375 0.9527747515625 0.489993565625 0.9519582015625 0.49601641562500004 0.94624234375 0.49464758125 0.9178671515625 0.4015671171875 0.9164381703125001 0.324638821875 0.9199085390624999 0.31690155 0.922628196875 0.3169733625 0.9360354359375 0.295893384375 0.9356271609375 0.29123935 0.937464403125 0.29123935 0.9515499421875001
4 0.49079734999999997 0.8965450546874999 0.49422893281249997 0.8936206906249999 0.497170296875 0.837154384375 0.494917378125 0.8279790468750001 0.4924574984375 0.7501415125 0.4834231671875 0.74932495625 0.47575770625 0.7523870296874999 0.4516663046875 0.7513663375 0.3895213796875 0.75197875625 0.3169733625 0.7527953046875 0.3147832421875 0.7670849734375 0.2906918203125 0.7658601421875 0.290418065625 0.7942011390625 0.28850169999999997 0.8107363171875 0.2915131265625 0.8419277765625001 0.28822792656249996 0.9165279500000001 0.318068421875 0.9157114 0.3276502640625 0.9142824328125 0.3254601078125 0.9008093265625 0.3698746171875 0.8991038796874999 0.3849082515625 0.898007240625 0.49079734999999997 0.8965450546874999
4 0.2850050546875 0.7107649671875 0.2898361984375 0.747564996875 0.311681434375 0.7478782609375 0.4106150421875 0.747721628125 0.4099849015625 0.730335996875 0.4639678 0.7312757671875 0.4901670921875 0.7298661328125 0.492267571875 0.7174925609375 0.4907972046875 0.658305490625 0.4903771203125 0.6137167375 0.3935439765625 0.613403490625 0.31981636406249997 0.614656503125 0.313554278125 0.6162167390625 0.31525228125 0.6305267015625 0.287945746875 0.6314664609375 0.2862653515625 0.6521863671875 0.2850050546875 0.7107649671875
4 0.4913628375 0.566834496875 0.49321104687500006 0.500051475 0.49115744218749996 0.453969840625 0.489514571875 0.4040495328125 0.4745233046875 0.40221197656249996 0.38519182343749997 0.40328388125 0.3396019703125 0.4025182359375 0.3135212921875 0.40374327499999996 0.3114676890625 0.42181258593750004 0.285181646875 0.4228844953125 0.2862189921875 0.460999790625 0.28767034062499997 0.5689549375 0.2889604328125 0.6053103828124999 0.2908955578125 0.6083165515625 0.39669508750000004 0.60842231875 0.396536934375 0.5904392203125 0.4311924078125 0.592273278125 0.491568175 0.590282603125 0.4913628375 0.566834496875
2 0.28523797812499996 0.13989365625 0.287800259375 0.398285803125 0.4952942 0.3955672171875 0.49331935156249995 0.13934161875 0.28523797812499996 0.13989365625
4 0.5430211796875 0.1473630859375 0.6211802546875 0.14716004062500002 0.6842633046875 0.146043284375 0.6865778703125 0.1300025953125 0.7114935296875 0.12959650312499998 0.7124465984375 0.1166126875 0.7125827359375 0.0821686375 0.6803149125 0.08074730937499999 0.6029810437500001 0.08095035625 0.531442790625 0.0836914859375 0.5095224546875 0.08541739375 0.5087805703125 0.0856935234375 0.5093429890625 0.1388425828125 0.5099238078125 0.1472878546875 0.5209592062499999 0.1483705765625 0.5430211796875 0.1473630859375
4 0.508840196875 0.2036122703125 0.51038566875 0.252371765625 0.56517935625 0.25100984843749996 0.6438173109374999 0.2498574390625 0.7024147953125001 0.24797169375 0.7028362796875001 0.2329905015625 0.7111255828124999 0.22963806875 0.7114066046875 0.190261225 0.710001634375 0.14769594531250002 0.6359598765625 0.15000075 0.626956828125 0.147341584375 0.620497290625 0.14724525156249998 0.6016354140625 0.14859391875 0.5455613390625 0.148786584375 0.53729311875 0.1488829171875 0.5340117875 0.1526114078125 0.5363775515625 0.1669713453125 0.5248568125 0.1667618203125 0.50954268125 0.169276146875 0.508840196875 0.2036122703125
4 0.511972775 0.3034892390625 0.5139322 0.34713849531249996 0.5147159765625 0.3867334515625 0.5162835125 0.40861444531249996 0.529868871875 0.40910146718749996 0.5772869953125 0.407640390625 0.577417628125 0.39108149999999997 0.627671278125 0.38884118125 0.717712403125 0.38815934375 0.7182348968750001 0.3837761109375 0.7153610718750001 0.339212975 0.715883584375 0.31447001874999997 0.7122259843750001 0.25378351875 0.6817895593750001 0.2516406 0.6695104859375001 0.2531016765625 0.665722253125 0.25407573125 0.5548301 0.25466015937500003 0.5435960421875 0.25466015937500003 0.537939071875 0.2574577 0.539127196875 0.273695484375 0.533118284375 0.272429215625 0.51221773125 0.2743773203125 0.511972775 0.3034892390625
4 0.5160854796875001 0.440074171875 0.51544840625 0.458917653125 0.5173596265625 0.46081784062500003 0.5407190703125 0.4600260953125 0.6076120296874999 0.46034279062500005 0.6921307671875 0.45875930625 0.69786445 0.4605011390625 0.7084823828125 0.4605011390625 0.7241969312500001 0.461292884375 0.7193126515625 0.4422910546875 0.7195250171875001 0.4133132640625 0.7033857671875 0.409354553125 0.690644240625 0.4090378484375 0.5906233484375 0.4107796828125 0.5443291890624999 0.4128382140625 0.5405067203125 0.414580046875 0.5462404015625 0.4293064703125 0.5237303890625 0.42898976875 0.5173596265625 0.43041490624999995 0.5160854796875001 0.440074171875
4 0.71583463125 0.7321711171875 0.714174325 0.7020451765625 0.6452705734374999 0.7022515171875 0.5531222 0.7049339609375 0.513274253125 0.70369590625 0.51189065 0.7144256953125 0.5107837484375 0.7552814406249999 0.5138276859375 0.7722014765625 0.5998881921875 0.7711697640625 0.6004586171875 0.75861924375 0.6034855921875 0.753630690625 0.7150044796875 0.7515672703125 0.71583463125 0.7321711171875
4 0.5233890015625 0.4617729875 0.5276756296875 0.7005259078125 0.7068512546875 0.6992192078125 0.7012980640625 0.459912703125 0.5233890015625 0.4617729875
4 0.5136444499999999 0.837178484375 0.5151076390625 0.863250096875 0.523561628125 0.863250096875 0.645331565625 0.8594920328125 0.6458192875 0.8427625781250001 0.7183853328125 0.840093028125 0.718222775 0.840093028125 0.7149108171874999 0.80155905625 0.7149108171874999 0.776299221875 0.697189978125 0.7748444890624999 0.6259813875 0.7793299218749999 0.5554231125 0.779087465625 0.53802158125 0.7848008156249999 0.5404695937499999 0.798322715625 0.5177088671875001 0.79905008125 0.513156715625 0.80014113125 0.5136444499999999 0.837178484375
4 0.5177907265624999 0.9311609078125 0.5195919515625 0.949716834375 0.5301419796875 0.9503883906249999 0.5778744 0.9496209015625 0.6740021203125 0.94923715625 0.7150080578125 0.946359059375 0.71629465 0.9290904875000001 0.7207977046875 0.9254448999999999 0.7205403796875001 0.898685646875 0.7177099046875 0.8655403328125001 0.7071598781249999 0.863717540625 0.6065378484374999 0.8645809671875 0.5963280578125 0.8646769031250001 0.5927256062499999 0.8665956343750001 0.5465531546875 0.8675549984375 0.5414053703125 0.8703143750000001 0.5424932234375001 0.8858567734375 0.5255102625 0.8841299156250001 0.5163754796875 0.885281153125 0.5177907265624999 0.9311609078125
4 0.735831578125 0.9430707734375 0.744406128125 0.9452020187500001 0.80266906875 0.9442183578125001 0.8053074125 0.94159528125 0.8046478125000001 0.9312669187499999 0.8776595500000001 0.9324145265625001 0.9383626812499999 0.9288077890625 0.94034139375 0.91388904375 0.9405612906249999 0.8704718171874999 0.9381428140624999 0.8630944140624999 0.8519576109375 0.8642420062499999 0.8154375234375 0.8626570125 0.7679127140625 0.8665535734375001 0.7589996218749999 0.8682921859375 0.763094240625 0.8826679140625 0.73319325 0.8849631078125 0.734952140625 0.9208664593749999 0.735831578125 0.9430707734375
6 0.9498692171875 0.9437501453125 0.9625318828125 0.9442318796875 0.9673127046875001 0.943268403125 0.9686047984374999 0.9382583 0.9674419015625 0.9081976859375 0.9613689859375001 0.9078122953125 0.9490778750000001 0.908645446875 0.9499984328125001 0.9210119890625 0.946897375 0.92274625 0.9470265812499999 0.9363313375000001 0.9498692171875 0.9437501453125
3 0.9642116203125 0.8955231156250001 0.9638239937499999 0.884057690625 0.9585263484375 0.8807818546874999 0.9505312640625 0.8820740468749999 0.95038606875 0.888778746875 0.949481590625 0.8952340718749999 0.9574926671874999 0.8963902499999999 0.9642116203125 0.8955231156250001
4 0.731136978125 0.8459210625000001 0.7334562140625 0.8614961156250001 0.8196773515625001 0.8602753765625 0.81913163125 0.8417608609375 0.8773100296875 0.8419643203125 0.9352458499999999 0.8426764140625 0.9355186906249999 0.790523446875 0.9352458499999999 0.7481033546875 0.933472315625 0.724463021875 0.89540950625 0.7220215453125001 0.7957069765625 0.7242595625 0.7611912453125 0.7273114078125 0.7573139531249999 0.728071778125 0.7580128640625 0.7436278515625 0.73195553125 0.7451537734375 0.7314098296875 0.7824725515625001 0.731136978125 0.8459210625000001
4 0.7362022265625 0.7083645296875 0.8344123781249999 0.70731271875 0.833001825 0.689563496875 0.8491289546875 0.690820253125 0.8964769703125001 0.6914041546874999 0.9380884406250001 0.690878253125 0.94002799375 0.680653434375 0.9372068640625001 0.6776129703125 0.9368542124999999 0.621181665625 0.9375594890625001 0.59244493125 0.8548654750000001 0.5904727921874999 0.7730530875 0.590735740625 0.758065890625 0.59441706875 0.7598158515625 0.5943693171875 0.7615922984375 0.610096403125 0.7351443125 0.610096403125 0.7354969390625 0.654346584375 0.7362022265625 0.7083645296875
4 0.7329976375 0.580898815625 0.746305725 0.5834632921875 0.7963980312500001 0.5834632921875 0.79714568125 0.5665154609374999 0.8822399734375 0.5656234703125 0.9399651859375 0.565177475 0.9384698890625 0.5466686593750001 0.9390680031249999 0.507329403125 0.9381708203124999 0.44752805625000003 0.9348812000000001 0.3994983078125 0.9299467281249999 0.3950383546875 0.90644329375 0.3943413421875 0.7959411843749999 0.3955678296875 0.77052120625 0.3961253171875 0.7462921140625001 0.40026282812499997 0.7470533734375 0.41496746562500003 0.7322499890625 0.4166399453125 0.7329976375 0.47403443906250003 0.7329976375 0.580898815625
4 0.7334986609375 0.376650975 0.7341388515625 0.39363415625 0.8180025015625001 0.3923214109375 0.880099990625 0.3901732859375 0.879619884375 0.3743010375 0.9366846437499999 0.3725109328125 0.9363645437500001 0.319970625 0.9358844156250001 0.2568009140625 0.8510604984375 0.25775563749999997 0.7992058796875 0.2568009140625 0.779840421875 0.25859101875 0.7575287890625 0.260082075 0.7589458421875 0.2754029984375 0.733018534375 0.277073753125 0.7328584953124999 0.2872176734375 0.7334986609375 0.376650975
4 0.7338062937500001 0.25251870468750004 0.78970495625 0.2534925796875 0.8116465109375 0.251739609375 0.8108628609374999 0.23537855156249998 0.9359818437499999 0.23459945625 0.9341533625 0.1890222359375 0.9349370125 0.1459057 0.9345029703125001 0.12329049843749999 0.9245941 0.1227472109375 0.8899130656249999 0.1226385546875 0.83002270625 0.1236164703125 0.754540453125 0.12513767656250002 0.7513107953125 0.12631163125 0.7547029984375 0.14112097343750002 0.7285821218749999 0.144237365625 0.7322390484375 0.2120188765625 0.7338062937500001 0.25251870468750004
7 0.8922872953125 0.1147537796875 0.8938902078125001 0.09563006874999999 0.884709953125 0.089436596875 0.836914221875 0.0885673359375 0.7946558078125 0.089001965625 0.763909175 0.092261690625 0.748171571875 0.0937828953125 0.7479258718749999 0.0959052046875 0.752543125 0.11366720625 0.784164065625 0.1176875296875 0.8806298078125 0.1155143828125 0.8922872953125 0.1147537796875