4 0.131634721875 0.188859759375 0.1916510703125 0.18872197968749999 0.2060994578125 0.187895321875 0.2070256390625 0.17632220781250002 0.25077914687499997 0.176184428125 0.2522610265625 0.141465065625 0.2522610265625 0.07574410937500001 0.253001965625 0.059762176562500005 0.16260697500000001 0.057282225 0.0683220328125 0.055628921875 0.0510951203125 0.0557666984375 0.048657153125000005 0.0586442703125 0.0468465796875 0.1209245984375 0.047759728125 0.1806073765625 0.050131046874999995 0.1885842 0.131634721875 0.188859759375
4 0.0488585890625 0.234406375 0.0479324203125 0.3133999203125 0.04663576875 0.3583976109375 0.0614546140625 0.3621175421875 0.1353636375 0.3623930921875 0.2146114453125 0.3625308625 0.2160933 0.34627338281250003 0.25128807656249996 0.34572228437499997 0.2522142578125 0.3158250609375 0.251658559375 0.24197103125 0.2514732921875 0.1950545875 0.23504532656250002 0.1929576515625 0.1800283921875 0.19324515312499999 0.140472896875 0.1936284828125 0.125313859375 0.1942034828125 0.0785430203125 0.1943951484375 0.07607325468750001 0.195427259375 0.077199640625 0.2071268765625 0.0684935796875 0.21015792968749997 0.0494142984375 0.2107090296875 0.0488585890625 0.234406375
4 0.11896348593749999 0.41407725937500006 0.24720182968749999 0.4159199015625 0.24836146406249998 0.4113489796875 0.2517210828125 0.370118265625 0.21711699375000001 0.3664949609375 0.1433616203125 0.3648798796875 0.08843182499999999 0.3650048265625 0.0747987109375 0.3686204 0.07454881875 0.3844922359375 0.0465893921875 0.384204740625 0.0468470828125 0.41232495468749997 0.11896348593749999 0.41407725937500006
4 0.37226973124999996 0.1415587046875 0.40748013437499997 0.141677746875 0.4071600328125 0.1244168734375 0.4731125875 0.1244168734375 0.4734326875 0.0926330625 0.47535324687499997 0.05898640937500001 0.4673508875 0.0566055984375 0.35403748749999997 0.0564865640625 0.29374821406249996 0.0560104015625 0.291507553125 0.0580340875 0.2717697359375 0.058917660937500005 0.27442606875000003 0.1236117546875 0.2729856375 0.1407254296875 0.29731281875 0.14120159375000002 0.37226973124999996 0.1415587046875
4 0.2721401125 0.1909032546875 0.278001909375 0.1933946265625 0.3217141453125 0.19451575000000002 0.37581010937500003 0.19650884531249999 0.4059922859375 0.195636865625 0.4113516265625 0.1932700546875 0.41017926875 0.1772006875 0.452384190625 0.1794429265625 0.4726492484375 0.1781972359375 0.47214679843749996 0.14805160312500001 0.444345165625 0.14568479375 0.38338251093750003 0.14568479375 0.3036621 0.1453110859375 0.29888721875 0.1485669515625 0.29960679687499997 0.16387183125 0.27347993593750003 0.1644946734375 0.2716376640625 0.167110621875 0.2721401125 0.1909032546875
7 0.3926386234375 0.20217088749999998 0.3746099265625 0.19931517031249998 0.3298720953125 0.19943933281249998 0.29565098125 0.19956349375 0.2742836546875 0.204529953125 0.27127888125 0.21098635 0.2747519296875 0.21747279062499997 0.29431553125 0.219056846875 0.3777816421875 0.2198018125 0.39447486718749997 0.21520784375000002 0.3926386234375 0.20217088749999998
4 0.27044421406249997 0.3072912953125 0.27127888125 0.341044290625 0.3133458078125 0.34116845156250003 0.358250571875 0.342534228125 0.42051631718750004 0.341044290625 0.42085016406250003 0.32366168281249996 0.47488604375000004 0.32527578749999997 0.4758876328125 0.2702206140625 0.477723853125 0.24062217656249998 0.471881228125 0.23292416718750003 0.4713804453125 0.227585228125 0.4059430078125 0.22572280312499998 0.3630414328125 0.22423286562500003 0.3186374390625 0.2238603796875 0.294933075 0.224729509375 0.2876175265625 0.22690179531250002 0.2906430203125 0.2429776125 0.27328207187500003 0.2431017765625 0.2722804703125 0.2461985484375 0.27044421406249997 0.3072912953125
4 0.2691927703125 0.4128334015625 0.2783277078125 0.414720740625 0.3508997 0.4143432671875 0.4028960953125 0.41497238281250004 0.46994086093750004 0.41497238281250004 0.473324190625 0.38301345468750003 0.4746775171875 0.3531935125 0.44964101718749994 0.34878972343750003 0.411578778125 0.34891554375 0.3665807484375 0.3490413671875 0.300473928125 0.34891554375 0.29581111875 0.35047038124999996 0.296090078125 0.36728563593749997 0.2691927703125 0.36778892343749997 0.267162784375 0.40780050624999997 0.2691927703125 0.4128334015625
1 0.044862753125 0.431125696875 0.0492726296875 0.43655466093750006 0.0497839125 0.4359185796875 0.1376223140625 0.43644155625 0.1388388140625 0.4232084625 0.0479040515625 0.4225298421875 0.044862753125 0.431125696875
2 0.0471175515625 0.4376603140625 0.0425491734375 0.9294157640625 0.4756788375 0.9315067406249999 0.4820347375 0.43845286406249995 0.0471175515625 0.4376603140625
4 0.679729796875 0.9153391421875 0.60477025 0.9155519390625001 0.5938253125 0.9170415453125 0.538463940625 0.916828740625 0.5204393125 0.9182119421875001 0.522728159375 0.923744753125 0.5288878218749999 0.9288565578125001 0.579201021875 0.930235159375 0.698612728125 0.9291711640625 0.69818358125 0.9166159390624999 0.679729796875 0.9153391421875
4 0.4981337671875 0.6889617734375 0.4946459515625 0.7225442671875 0.4946459515625 0.792008434375 0.494820346875 0.9032754890625 0.4949947296875 0.909371821875 0.5019703703125 0.9109283296875 0.5535901015625 0.9109283296875 0.5558571796875 0.8954929453125 0.6559469531250001 0.8967900359375 0.6980694 0.8943255578124999 0.7010340312500001 0.88152595625 0.699987690625 0.8154296453125 0.7015572140625 0.718000965625 0.7008596625 0.655909028125 0.670515609375 0.653055425 0.651332615625 0.653703971875 0.6490655249999999 0.655909028125 0.5468107296875 0.6555199 0.5157225484375 0.6573710109374999 0.51766555 0.6724887125000001 0.4949947296875 0.6730075421875 0.49412277031249996 0.681308928125 0.4981337671875 0.6889617734375
4 0.4975798328125 0.5683159078125 0.4950130234375 0.6023393984375 0.49794651874999996 0.648931803125 0.5074803953125 0.6507500453125 0.580940096875 0.651113696875 0.665652978125 0.6493863671875 0.6651640703125 0.6342949765625 0.686431921875 0.6341131484375 0.69999934375 0.6321130828125 0.7006105015624999 0.59467784375 0.6962766375 0.5643636765625 0.6994545875 0.5539825265625 0.700310190625 0.5215909046875 0.7004324234375 0.5128440609375 0.616094340625 0.5123895 0.609127290625 0.5094803125 0.598737809375 0.509571228125 0.59445979375 0.511480378125 0.5593800375 0.5103894359375001 0.5270437203125 0.5112076437499999 0.5256682765625 0.51338846875 0.5258147609375 0.5283014296874999 0.501368940625 0.52839234375 0.4988021296875 0.5317560875 0.4975798328125 0.5683159078125
4 0.5531891296875 0.5067206921875 0.6641829703125001 0.5068116 0.6652830375 0.49072017968750004 0.702475109375 0.4906292671875 0.7010083484375 0.43740848593750004 0.7006416515625 0.3857594890625 0.702841803125 0.3399577921875 0.70210843125 0.2341809984375 0.702475109375 0.1960813234375 0.707486496875 0.1939903515625 0.707364265625 0.16584454531249998 0.705897521875 0.096386325 0.7039418703125 0.060612998437499996 0.6660508421875 0.0589765828125 0.6596949234375 0.0576129046875 0.5852542406250001 0.058885671875000004 0.4993754328125 0.0609808125 0.4996996578125 0.2423976328125 0.4990043296875 0.3731303828125 0.5012417515625 0.505447921875 0.5531891296875 0.5067206921875
4 0.7262287265625 0.2799197234375 0.7259623656249999 0.33355550625 0.725829165625 0.3508914765625 0.7339536203125 0.354953034375 0.766584540625 0.35455678281249997 0.7688487140625 0.3389048828125 0.8298214093749999 0.3389048828125 0.9289254640625 0.3382114515625 0.930257328125 0.310374846875 0.93079006875 0.2409390578125 0.9319887609374999 0.19396415 0.9317223796875 0.1451876328125 0.9333206234375 0.0641046140625 0.8968272562499999 0.060736482812500006 0.8139488531250001 0.0602411703125 0.7323948296875 0.059250543749999995 0.72961205 0.06195995625 0.7259623656249999 0.10264917031250001 0.7279601703125 0.1589186796875 0.7279601703125 0.227441525 0.7262287265625 0.2799197234375
4 0.7246040484375 0.440663134375 0.724481815625 0.47461766406250006 0.744649628125 0.4772541125 0.7705621828125 0.4777086703125 0.7858408203125 0.47907235000000004 0.8045418812499999 0.4778905 0.846833140625 0.47598134375 0.8448774890624999 0.4600717421875 0.920718259375 0.46216271875 0.9274408718749999 0.45961718281249997 0.9287854031249999 0.4260402734375 0.9273186234375 0.38243576562500003 0.9306188234375 0.3624153875 0.8825827859375 0.3589607328125 0.7850439687499999 0.3609607984375 0.7511382078125 0.3609607984375 0.751494446875 0.36208876874999996 0.7511277609375 0.3773619875 0.7271708578125 0.3773619875 0.7247262703125 0.38018025624999996 0.7246040484375 0.440663134375
6 0.849768121875 0.50122944375 0.889759675 0.5010475171875 0.8990543499999999 0.505140875 0.9065145375 0.5055047296875 0.9188666703124999 0.5007746281250001 0.9288951234375 0.49649934218749997 0.9258376734375 0.4859475765625 0.9143416296875 0.48158133281250004 0.9008888265625 0.48412830781249994 0.9005219312499999 0.48740299374999996 0.8999457015625 0.486587253125 0.824696971875 0.4860385421875 0.826776046875 0.4948620015625 0.8309341890624999 0.499955959375 0.849768121875 0.50122944375
7 0.8423072078124999 0.5457799078125001 0.863728065625 0.546239934375 0.9247903265625 0.5445838484375 0.9304804343749999 0.539155565625 0.9288723781250001 0.52498684375 0.858364390625 0.52471083125 0.8503240140624999 0.5192825515624999 0.8398096578124999 0.5191905453125 0.834861728125 0.5246188234375 0.7892990156249999 0.52507884375 0.7754448203125001 0.5192825515624999 0.7698783953125 0.5206626203125 0.764017565625 0.5261093484375 0.7438434296875001 0.5263669109375 0.748172865625 0.5398916125000001 0.7652432250000001 0.54541189375 0.8423072078124999 0.5457799078125001
4 0.72765309375 0.619492721875 0.7278913703125001 0.6450574687499999 0.7455240296875 0.646120834375 0.7714964578125 0.6448802390624999 0.7691136859375 0.6266257328125 0.858706703125 0.6298158421875 0.9337646312500001 0.6298158421875 0.9394833468750001 0.6018137890624999 0.9309052921875001 0.5582156421875 0.8899212593750001 0.5601651609375 0.813195325 0.557506734375 0.758194209375 0.5585098656249999 0.7546654203125 0.5600426984375 0.7552934859375 0.5766035031250001 0.74671543125 0.5735906265625 0.726938259375 0.576249053125 0.72765309375 0.619492721875
4 0.7534248640625 0.7275683078124999 0.7963771140625 0.7269163265625 0.7959388171875 0.7083348140625 0.8136164234375001 0.7105080953125 0.926224384375 0.7103994203124999 0.932068215625 0.7063788640625 0.929876771875 0.6635653125000001 0.91468281875 0.65987074375 0.7890426984375 0.659327428125 0.753345634375 0.661283371875 0.7526881296875 0.6630998140625 0.7525483015625001 0.6773656203125 0.7342863000000001 0.6800822156249999 0.7268354015625 0.6812775171875 0.7256666296875001 0.71626726875 0.729757328125 0.7262643468750001 0.7534248640625 0.7275683078124999
4 0.726365825 0.7893614437500001 0.7412167859375 0.792881565625 0.758678896875 0.7931243296875 0.7715714874999999 0.7909394265625 0.7730402562500001 0.7750381859375 0.8445386296875 0.7783155374999999 0.9303804078125 0.7764947921875 0.9313596093750001 0.7495476531249999 0.9253213062500001 0.7448137 0.8275660968749999 0.7451778484375 0.7511997296875 0.7449350781249999 0.7519769015625 0.7469653562499999 0.7531302078125 0.7613218546875 0.7464391109374999 0.7584086484375 0.7248970546875 0.7621715390625 0.726365825 0.7893614437500001
4 0.7236193828124999 0.9003848578125 0.722803403125 0.927332 0.802280496875 0.9272106156250001 0.8024436859374999 0.9270892281249999 0.8070713703125 0.9194168453125 0.8033860109375001 0.908909315625 0.8833886 0.912107275 0.9263662390625 0.910279865625 0.929437371875 0.9031987046875001 0.929590909375 0.8626533359374999 0.9348118234375 0.8447254859375001 0.931433571875 0.8117181296875 0.925752003125 0.8101191546875001 0.8385323124999999 0.80863439375 0.8271691859375 0.8072638484375 0.7619983609375 0.8097765171875 0.7563168046875 0.8108044281250001 0.7515898921875 0.8119237359374999 0.7508733296875 0.8248126750000001 0.7445086484375001 0.822991921875 0.724272171875 0.8272403468749999 0.7236193828124999 0.9003848578125
6 0.92996195625 0.9279200015625 0.931896871875 0.932280103125 0.939228421875 0.93338920625 0.9517790265625001 0.93338920625 0.9519033 0.916475403125 0.9525246031249999 0.8972509750000001 0.9407195875 0.8965115734375001 0.9334133390625 0.8974444390625 0.9343111671875001 0.9116165484375 0.9305832687500001 0.9139271765625001 0.9298376984375001 0.9174393296875 0.92996195625 0.9279200015625
3 0.9500393296875 0.8679188453125001 0.9372402015624999 0.8679188453125001 0.9350340750000001 0.8689301546875001 0.9338850921875 0.8848326468750001 0.9476783375 0.88612659375 0.9520275578125 0.8785477328125 0.9500393296875 0.8679188453125001