2 0.5201156609375001 0.13523909218750002 0.10026676406249999 0.1358641359375 0.10044325937500001 0.45567736718749996 0.5210048515625 0.4576759640625 0.5201156609375001 0.13523909218750002
2 0.9691296609375 0.1319081328125 0.7638950453125 0.13253413281249998 0.7655173203125 0.2431621875 0.9682404703125 0.24182979843750002 0.9691296609375 0.1319081328125
2 0.305833778125 0.7358545234375 0.10804800156250001 0.7360972375 0.1057780671875 0.9097306078124999 0.300498971875 0.9097306078124999 0.305833778125 0.7358545234375
7 0.816198209375 0.07046747812500001 0.5315695671875 0.06926407031250001 0.528117903125 0.1017784875 0.8135307734375001 0.0997799171875 0.816198209375 0.07046747812500001
7 0.101709265625 0.4892578125 0.108229090625 0.4921875 0.17733923437500002 0.4912109375 0.187770953125 0.4853515625 0.17342733906250002 0.48046875 0.101709265625 0.4814453125 0.101709265625 0.4892578125
7 0.6076476703125 0.4130859375 0.6063437046875 0.40234375 0.545057353125 0.4033203125 0.5515771765624999 0.412109375 0.6076476703125 0.4130859375
7 0.7693393234375 0.3369140625 0.7836829390625 0.34375 0.8306256781249999 0.33984375 0.86583273125 0.3427734375 0.8736565203125 0.3388671875 0.8723525562500001 0.328125 0.7693393234375 0.3291015625 0.7693393234375 0.3369140625
7 0.110837021875 0.62890625 0.104317196875 0.6318359375 0.1069251265625 0.6396484375 0.11605288124999999 0.642578125 0.1369163203125 0.642578125 0.14213218125 0.638671875 0.14995597031250002 0.642578125 0.17733923437500002 0.6416015625 0.1851630234375 0.6396484375 0.183859059375 0.630859375 0.13952425 0.6328125 0.110837021875 0.62890625
7 0.39379741562500004 0.7197265625 0.400317240625 0.7265625 0.409444996875 0.7275390625 0.4498679109375 0.7265625 0.4537798046875 0.7177734375 0.426396540625 0.712890625 0.39379741562500004 0.7197265625
7 0.5463613171875 0.798828125 0.54766528125 0.8076171875 0.5580970015625 0.8095703125 0.5776564750000001 0.80859375 0.578960440625 0.7998046875 0.575048546875 0.796875 0.5463613171875 0.798828125
4 0.7315243406249999 0.81640625 0.5828723359375 0.81640625 0.5711366499999999 0.8212890625 0.5646168265625 0.83203125 0.5567930359375 0.830078125 0.545057353125 0.8369140625 0.5463613171875 0.90625 0.5698326859375 0.91015625 0.648070584375 0.91015625 0.6611102328125 0.90625 0.7041410765625 0.9091796875 0.7432600265625 0.9052734375 0.7406520953125 0.8369140625 0.7380441640625001 0.8212890625 0.7315243406249999 0.81640625
4 0.2960000453125 0.646484375 0.254273165625 0.64453125 0.22022689374999999 0.6442173 0.134308390625 0.646484375 0.133004425 0.6591796875 0.1069251265625 0.6689453125 0.1073065859375 0.6828564203124999 0.10953305625000001 0.7060546875 0.1073065859375 0.72882366875 0.1268675625 0.72882366875 0.302916615625 0.7274912796875 0.3051278 0.7158203125 0.3051278 0.6669921875 0.3025198703125 0.6513671875 0.2960000453125 0.646484375
4 0.5124582281250001 0.677734375 0.5189780515625 0.6708984375 0.5189780515625 0.6318359375 0.4968106484375 0.626953125 0.4498679109375 0.630859375 0.41596482031250004 0.625 0.324687275 0.62890625 0.323383309375 0.6904296875 0.3403348546875 0.6953125 0.4042291359375 0.6943359375 0.426396540625 0.69140625 0.4316124 0.68359375 0.44465205 0.6875 0.5124582281250001 0.677734375
4 0.3025198703125 0.5126953125 0.2960000453125 0.501953125 0.170819409375 0.501953125 0.16299562031249998 0.498046875 0.1290925296875 0.501953125 0.1251806359375 0.5087890625 0.104317196875 0.5205078125 0.104317196875 0.5986328125 0.12648460156250002 0.603515625 0.1955947421875 0.6064453125 0.21515421875000001 0.6015625 0.27774453593750004 0.603515625 0.2999119390625 0.5966796875 0.3025198703125 0.5126953125
4 0.5241939140625 0.5810546875 0.5215859828125 0.4697265625 0.5176740875 0.466796875 0.3716300125 0.46875 0.3403348546875 0.462890625 0.320775378125 0.4697265625 0.323383309375 0.5029296875 0.31816745 0.5458984375 0.323383309375 0.5908203125 0.33511899375 0.599609375 0.4068370671875 0.6005859375 0.44204412031249996 0.599609375 0.46812341875 0.58984375 0.5150661578125 0.5859375 0.5241939140625 0.5810546875
4 0.9623261390625 0.2958984375 0.9584142421875 0.259765625 0.8488811859375 0.255859375 0.7693393234375 0.2587890625 0.774555184375 0.2705078125 0.7693393234375 0.2783203125 0.7693393234375 0.3076171875 0.7758591484374999 0.3125 0.897127890625 0.3115234375 0.90234375 0.3095703125 0.9036477156249999 0.298828125 0.9584142421875 0.298828125 0.9623261390625 0.2958984375
4 0.3263105171875 0.7966280390625 0.42144809531250005 0.79529565 0.4223372203125 0.7793070609375 0.5219205484375 0.777974671875 0.5281444750000001 0.757322709375 0.52547710625 0.732007425 0.350377925 0.73110223125 0.3547628578125 0.7506607921875 0.3263105171875 0.7506607921875 0.3263105171875 0.7966280390625
4 0.32008652187500003 0.8465924765624999 0.3316453234375 0.8605824703125 0.3263105171875 0.9065497171875 0.36098685625 0.9132116359375001 0.5272553531249999 0.9065497171875 0.5219205484375 0.84392765 0.520142234375 0.8012913859375 0.4143350453125 0.8006251796875 0.3526011359375 0.8018648031250001 0.3476498078125 0.8179461828125 0.33075620156249996 0.8186123640625 0.32008652187500003 0.8465924765624999
4 0.6855216765625001 0.145592315625 0.7406481125 0.1449261328125 0.7397589906250001 0.1336008671875 0.6401756609375 0.1309360890625 0.5832709796875 0.1329346609375 0.543797221875 0.1308691328125 0.544148959375 0.16424568125 0.6881890453125 0.1622471109375 0.6855216765625001 0.145592315625
4 0.546816328125 0.25029721718750003 0.610834196875 0.25162959375 0.610834196875 0.2336424203125 0.7344241828125 0.234974796875 0.7450937953125 0.2323100578125 0.7433155484375 0.16635704375 0.7068608984375 0.16768941875 0.57269895625 0.1674991671875 0.5743796140625 0.185676603125 0.54859464375 0.186342796875 0.546816328125 0.25029721718750003
4 0.5432598359374999 0.391529878125 0.58060354375 0.390197490625 0.58060354375 0.37620747187500003 0.746872040625 0.3742089015625 0.7442046718750001 0.2576253296875 0.57269895625 0.2549117546875 0.5734904234375 0.2729477375 0.5432598359374999 0.27494630781249996 0.5432598359374999 0.391529878125
4 0.539703278125 0.6454493234374999 0.6766303125 0.6467817625000001 0.677519434375 0.628794528125 0.7397589906250001 0.629460734375 0.7397589906250001 0.4182779046875 0.56714093125 0.41558441718749994 0.56815561875 0.4362651140625 0.5423706453125 0.4362651140625 0.539703278125 0.6454493234374999
4 0.5432598359374999 0.778489853125 0.628616928125 0.7798222171875 0.628616928125 0.762501290625 0.7415372359375 0.7631674203125 0.7379806765625 0.6552443640625001 0.7184197 0.649914809375 0.6383974140625 0.649914809375 0.6019428328124999 0.649914809375 0.56714093125 0.6511821515625 0.5610425671875 0.6665696046875 0.5414815234375 0.6685682015625 0.5432598359374999 0.778489853125
4 0.7626865203125 0.685222996875 0.961853178125 0.6872215671874999 0.9636314234375 0.627930484375 0.7939083828125 0.624542125 0.7955846109375 0.642586709375 0.7662430812500001 0.642586709375 0.7626865203125 0.685222996875
4 0.764464834375 0.8204599343750001 0.833817440625 0.819793753125 0.8355957546875 0.8071360984375 0.9654096687499999 0.8078022796875001 0.9627422328125 0.68855395625 0.7894619625 0.6861471875 0.7920280515625 0.7045425437499999 0.7626865203125 0.7038763640625 0.764464834375 0.8204599343750001
4 0.7653539578124999 0.6252848484375 0.8106999046875 0.6246186421875 0.8106999046875 0.6119610125 0.960074796875 0.6139595828125 0.9654096687499999 0.5939738265625001 0.964520478125 0.5759866421875001 0.9609639874999999 0.55533470625 0.8098107812500001 0.5513375390624999 0.7916851734375 0.5512820515625 0.7938062984375 0.567326153125 0.7653539578124999 0.5706571125 0.7653539578124999 0.6252848484375
4 0.7689105171875 0.42596539375000003 0.7662430812500001 0.5512094796875 0.8106999046875 0.5505432734375 0.8106999046875 0.5372194359375 0.9654096687499999 0.5405503953124999 0.969855353125 0.414640153125 0.9787467171875001 0.39665296875 0.969855353125 0.3786657828125 0.9654096687499999 0.34335762187499996 0.7939083828125 0.34398934375 0.786693246875 0.358013859375 0.7662430812500001 0.36134481875 0.7689105171875 0.42596539375000003
6 0.9867488921875 0.8816874578125 0.9695419984375 0.8834498843749999 0.96807710625 0.91433084375 0.9867488921875 0.91433084375 0.9867488921875 0.8816874578125
3 0.9849706453125 0.8590369250000001 0.9706536046875 0.858474859375 0.9734118437499999 0.876357903125 0.9858598359374999 0.8756917218750001 0.9849706453125 0.8590369250000001