4 0.63125 0.8485143953125001 0.640625 0.8455001109375001 0.6875 0.8453181484375 0.70625 0.8392009265624999 0.8765625 0.8375199375 0.88296928125 0.834375 0.883077809375 0.7765625 0.8765625 0.7732743640625 0.1234375 0.7714004984375 0.123201678125 0.8515625 0.140625 0.85162188125 0.2015625 0.8488513171875001 0.590625 0.85000365625 0.63125 0.8485143953125001
4 0.878125 0.918817359375 0.8801031281249999 0.9140625 0.8799397375 0.890625 0.1277310203125 0.890625 0.128125 0.9328538015625 0.765625 0.932817003125 0.778125 0.9312837375 0.80625 0.9204094906250001 0.878125 0.918817359375
4 0.5 0.8767584749999999 0.5078125 0.87531694375 0.8671875 0.8765907374999999 0.876836190625 0.875 0.8772440265625001 0.8515625 0.165625 0.8509600390625 0.140625 0.851534803125 0.131227965625 0.8578125 0.13125 0.8924987859375 0.403125 0.8921881218750001 0.4859375 0.8906257609375 0.490625 0.889064340625 0.5 0.8767584749999999
4 0.87696291875 0.7171875 0.871875 0.7154488671875 0.784375 0.7168527203124999 0.753125 0.7138611234375001 0.1578125 0.7136487609375 0.1390625 0.7140610828125 0.1359375 0.717053334375 0.12027750781249999 0.71875 0.1203125 0.773761271875 0.465625 0.7735036875 0.478125 0.7580011078125 0.8765625 0.757957928125 0.87696291875 0.7171875
4 0.5203125 0.681338778125 0.5265625 0.6798258234375 0.746875 0.682926315625 0.8796875 0.6797707578125001 0.8796875 0.654626596875 0.8078125 0.6544062609375 0.790632409375 0.6515625 0.8203125 0.643923590625 0.8796875 0.6438395984375 0.8804244171875 0.628125 0.1291150796875 0.628125 0.1296875 0.656359121875 0.146875 0.6550100734375001 0.245299284375 0.6578125 0.240625 0.6606347234375 0.1296875 0.6623303484374999 0.1296875 0.6942169875 0.4125 0.693751934375 0.509375 0.6922169296875 0.515625 0.6890951875 0.5203125 0.681338778125
4 0.2329037734375 0.50625 0.240625 0.5017566109375 0.515625 0.5032520171875 0.578125 0.504800471875 0.596875 0.5078727890625 0.6296875 0.5048117796875 0.73125 0.50325994375 0.8484375 0.5046881671875 0.8734794765625 0.503125 0.8741461296875 0.4765625 0.521875 0.47632674531249997 0.4953125 0.480935428125 0.465625 0.48256035468749997 0.340625 0.47801617500000004 0.30625 0.47937242343750003 0.278125 0.47630325312500005 0.20625 0.476556946875 0.2 0.4793502390625 0.1421875 0.47812267343750003 0.1343682484375 0.4796875 0.13361702343749998 0.5140625 0.134375 0.518913478125 0.14375 0.51876223125 0.221875 0.5172111515625 0.228125 0.5156548703125 0.2329037734375 0.50625
4 0.7640625 0.589082265625 0.76875 0.5859911171875 0.8296875 0.5875023421875001 0.84375 0.5829672640625 0.853125 0.5843864140624999 0.8625 0.5812773484375 0.8671875 0.5766367078125 0.8718813187500001 0.5703125 0.8718934218750001 0.565625 0.865625 0.55622789375 0.840625 0.5436719250000001 0.8265625 0.5328078781250001 0.790625 0.5295481375 0.7671875 0.5184645828125001 0.1277935421875 0.51875 0.137455025 0.521875 0.1312188875 0.5328125 0.1343383875 0.540625 0.12809355 0.546875 0.129676528125 0.559375 0.1280622234375 0.571875 0.137460671875 0.578125 0.129651190625 0.5875 0.1328125 0.5984956312499999 0.7203125 0.5984600453125 0.7328125 0.592281228125 0.7484375 0.592189096875 0.7640625 0.589082265625
4 0.4484375 0.415653425 0.4578125 0.4079458734375 0.4671875 0.40645492031249997 0.5296875 0.4064887203125 0.571875 0.4141092125 0.6125 0.40794876875 0.8734375 0.40625167656250005 0.8798184578124999 0.4046875 0.88038468125 0.378125 0.1421875 0.3781245203125 0.13114056093749998 0.38125 0.1308325625 0.41875 0.1359375 0.42035252968750003 0.15 0.4176101046875 0.440625 0.417337578125 0.4484375 0.415653425
4 0.14350453125 0.340625 0.1435184125 0.35625 0.1515625 0.35939143281249997 0.1828125 0.359566465625 0.196875 0.362508721875 0.3640625 0.3625373796875 0.368857225 0.359375 0.36875 0.340124753125 0.14350453125 0.340625
6 0.415625 0.0847500015625 0.5875 0.0844541375 0.5875 0.061885448437500004 0.41488040625 0.0625 0.415625 0.0847500015625
4 0.64375 0.7156316109375 0.665625 0.7140925421875 0.6828125 0.7078672171875 0.690625 0.707897746875 0.6906433046875 0.70625 0.684375 0.7077802640625 0.6797713125 0.7015625 0.6796875 0.6952782109375 0.6703125 0.694728090625 0.13546043125 0.6953125 0.13553034218749999 0.7109375 0.1375 0.7140700484375 0.4796875 0.7172013734375 0.4828125 0.7142185375000001 0.5203125 0.71284658125 0.64375 0.7156316109375
4 0.6421961453125 0.1515625 0.6625 0.1469561734375 0.678125 0.146893375 0.6875 0.143753625 0.7000128234375 0.134375 0.700053565625 0.115625 0.6953125 0.1109072734375 0.6671875 0.10922481875000001 0.659375 0.1062022015625 0.6453125 0.0937088015625 0.324600984375 0.09375 0.32488533125 0.1546875 0.334375 0.1593835515625 0.409375 0.15797309531249998 0.41090074843749996 0.1703125 0.421875 0.175280703125 0.7 0.17556932812499998 0.7 0.153119690625 0.65625 0.15445731875 0.6421961453125 0.1515625
4 0.14769635 0.321875 0.1484375 0.33940534843750003 0.1984375 0.3391308625 0.20174531718750002 0.3375 0.2015625 0.32123072656249996 0.14769635 0.321875
4 0.1431081546875 0.4203125 0.14375 0.43789501406250003 0.465625 0.43755644531250004 0.470607865625 0.4359375 0.4703125 0.41962409687499996 0.1431081546875 0.4203125
4 0.32661200468749996 0.309375 0.33125 0.3064595046875 0.8703125 0.30625870312500003 0.8752615390624999 0.3046875 0.87521600625 0.2734375 0.12894440000000001 0.2734375 0.1296875 0.3205060265625 0.1515625 0.3176064515625 0.1953125 0.3176107921875 0.278125 0.32344832968750004 0.315625 0.3203680390625 0.321875 0.317260490625 0.32661200468749996 0.309375
4 0.1461735421875 0.3625 0.146875 0.379811075 0.19375 0.37969689375 0.1970468265625 0.378125 0.196875 0.36186868437499997 0.1461735421875 0.3625
4 0.584375 0.18123030625 0.578125 0.180870884375 0.1461982828125 0.18125 0.146875 0.203126040625 0.1484375 0.20032796406250003 0.1984375 0.20034206718749997 0.2078125 0.2031254875 0.221875 0.20323315156250002 0.2671875 0.20313014375 0.2703125 0.20033521875 0.35 0.200344359375 0.353125 0.20314298437499997 0.3640625 0.2032540109375 0.421875 0.200315378125 0.446875 0.2031317859375 0.459375 0.2015983296875 0.61875 0.2038265796875 0.61875 0.1905846390625 0.5953125 0.188992878125 0.584375 0.18123030625
4 0.1453125 0.4767576734375 0.2015625 0.47656418125 0.2015625 0.4588458484375 0.14472938125 0.459375 0.1453125 0.4767576734375
3 0.12424969062499999 0.0640625 0.125 0.0848213265625 0.1734375 0.08448489218750001 0.17667971875 0.08125 0.1765625 0.0635571625 0.12424969062499999 0.0640625
4 0.1546875 0.23667190625 0.675 0.2366502578125 0.675 0.20097884375000002 0.1542990703125 0.2015625 0.1546875 0.23667190625
4 0.1453125 0.2632526953125 0.846875 0.26297148593749997 0.846875 0.2153753953125 0.144627828125 0.215625 0.1453125 0.2632526953125
4 0.5953125 0.596270975 0.1277972515625 0.596875 0.128125 0.61731946875 0.5796875 0.617200678125 0.5828125 0.61416085625 0.595479803125 0.6125 0.5953125 0.596270975
4 0.121875 0.463975778125 0.114076615625 0.4578125 0.1171875 0.45473423124999995 0.1265625 0.453255328125 0.2078125 0.45656853281250004 0.215625 0.4579731921875 0.21875 0.4609496796875 0.240625 0.4625092140625 0.7140625 0.46412322812499995 0.7328125 0.45630923437500004 0.759375 0.4562511546875 0.7703125 0.45314065000000003 0.7704609796875 0.4390625 0.7296875 0.43733710937500003 0.7140625 0.4325707578125 0.4859375 0.4328041890625 0.4874799125 0.4390625 0.4765625 0.44196595937499994 0.4578125 0.441865846875 0.45626624531250004 0.4390625 0.4734375 0.437526746875 0.4828125 0.432799621875 0.113916325 0.4328125 0.1140625 0.435996440625 0.128125 0.43604611249999997 0.13905038593750002 0.440625 0.1140156265625 0.4453125 0.1140625 0.47046597031250004 0.228125 0.4703464140625 0.215625 0.467137490625 0.2125 0.462481034375 0.121875 0.463975778125