3 0.9296705203125001 0.8708477515625 0.915578034375 0.8708477515625 0.915578034375 0.8867301031249999 0.9296705203125001 0.8867301031249999 0.9296705203125001 0.8708477515625
6 0.9276647406249999 0.8952335640625 0.9093757218749999 0.8952335640625 0.9093757218749999 0.9275519031250001 0.9276647406249999 0.9275519031250001 0.9276647406249999 0.8952335640625
2 0.47634104062500005 0.026141868750000002 0.0050693640625 0.026141868750000002 0.0050693640625 0.34171280312499996 0.47634104062500005 0.34171280312499996 0.47634104062500005 0.026141868750000002
2 0.913936415625 0.0848140140625 0.5016705203125 0.0848140140625 0.5016705203125 0.34888840781249997 0.913936415625 0.34888840781249997 0.913936415625 0.0848140140625
2 0.6174739890625001 0.6072794125 0.34860693593750003 0.6072794125 0.34860693593750003 0.9244333906250001 0.6174739890625001 0.9244333906250001 0.6174739890625001 0.6072794125
1 0.494904928125 0.5831963859375 0.34753443281249996 0.5835891375 0.3471388484375 0.5988916359374999 0.496683046875 0.5995566906249999 0.494904928125 0.5831963859375
1 0.6973181171875 0.35410772343749997 0.501001015625 0.3511251328125 0.5033196234374999 0.3686058859375 0.694828678125 0.3716651171875 0.6973181171875 0.35410772343749997
1 0.27269573125 0.34668125625 0.052741628124999995 0.34413723749999997 0.054514082812499996 0.3613124265625 0.2707397828125 0.36370662343750004 0.27269573125 0.34668125625
7 0.18449842031250002 0.392070134375 0.1882325796875 0.3762418640625 0.053052920312499995 0.37558276875 0.0527359078125 0.3882128078125 0.05789261875 0.39246914843749997 0.18449842031250002 0.392070134375
4 0.0510601953125 0.4603041171875 0.31111969375 0.4597988328125 0.31064641718749997 0.44793940781249997 0.33336323437500004 0.443868271875 0.33738599687500004 0.398023728125 0.07722905625000001 0.39473090625 0.0825323625 0.4123354984375 0.049403765625 0.412866490625 0.0510601953125 0.4603041171875
4 0.049877028125 0.47523693125 0.0479839671875 0.6004659375 0.047510703125 0.649496615625 0.3319433796875 0.650381646875 0.3352562390625 0.4603469828125 0.296685153125 0.459815990625 0.0801288453125 0.46168548749999994 0.08560858906249999 0.47700700312500005 0.0631284859375 0.47205083593749997 0.049877028125 0.47523693125
4 0.045144384375 0.7145007015625 0.0938907453125 0.7129076203125 0.0969669671875 0.6999862109375 0.329103846875 0.6978621390625 0.333126609375 0.65060153125 0.07888607812500001 0.6504602078125 0.075196759375 0.666709075 0.0460909046875 0.6686561281250001 0.045144384375 0.7145007015625
4 0.044907740625 0.8085337687499999 0.2370536015625 0.8094187890625 0.2410763640625 0.7959663124999999 0.3260275625 0.7936652578125 0.32437113281249996 0.715251603125 0.075572034375 0.7140050640625 0.075196759375 0.7281730265624999 0.045381009374999996 0.7306511109375 0.044907740625 0.8085337687499999
7 0.2176497453125 0.822935571875 0.046988406249999996 0.819706509375 0.0437245796875 0.838512084375 0.21646659218750003 0.840282146875 0.2176497453125 0.822935571875
4 0.043014678125 0.92422586875 0.3231880296875 0.9286510171875 0.329577046875 0.843334146875 0.0801288453125 0.8404748281250001 0.07496012656249999 0.857317625 0.0456176421875 0.857317625 0.043014678125 0.92422586875
4 0.599723825 0.5756447062500001 0.624767315625 0.5731046234375 0.631134175 0.37783746093750004 0.3443635921875 0.37722184062499997 0.34207397031250003 0.556594259375 0.34249844375 0.5708820703125 0.599723825 0.5756447062500001
4 0.6905628640625 0.425933934375 0.696584675 0.413064134375 0.92168566875 0.4158525875 0.9185314234374999 0.3804606421875 0.6375135796875 0.3791736625 0.6386605875 0.42807890625 0.681386778125 0.4289368890625 0.6905628640625 0.425933934375
4 0.6289110734375 0.6491144859375 0.8173077171875001 0.6540479421875001 0.8164474546875 0.63603021875 0.9176711296875 0.63731718125 0.919965265625 0.43043836718749995 0.6879508921874999 0.42687571875 0.6773722375 0.4415921984375 0.6326387765625 0.440090721875 0.6289110734375 0.6491144859375
7 0.7840443890625 0.6805089843750001 0.7877720921875 0.6661377296875 0.6352412171874999 0.665400240625 0.6283374921875 0.6704276359375 0.6309183421875 0.6805089843750001 0.7840443890625 0.6805089843750001
4 0.6312050250000001 0.798157159375 0.6320652890625 0.8271142046875 0.76339816875 0.8301171578125001 0.767125965625 0.8161748734375 0.9113625750000001 0.81596040625 0.91222286875 0.6833234265625 0.657831078125 0.6830548109375 0.6507042078125 0.6992221890625 0.6291977546874999 0.7013671421875001 0.6312050250000001 0.798157159375
4 0.624896471875 0.8930167078125001 0.6309183421875 0.9256202124999999 0.9067746078125 0.9301246421875 0.916237409375 0.8326911203125 0.768272971875 0.8301171578125001 0.658835071875 0.8280476703125 0.6616008203125 0.8436824312500001 0.6306315062500001 0.8445404265625 0.624896471875 0.8930167078125001