2 0.7038029781249999 0.07567685625000001 0.5105612828125 0.07567685625000001 0.5105612828125 0.2549956328125 0.7038029781249999 0.2549956328125 0.7038029781249999 0.07567685625000001
2 0.9294329890625 0.0889694328125 0.7301546390625 0.0889694328125 0.7301546390625 0.2539825328125 0.9294329890625 0.2539825328125 0.9294329890625 0.0889694328125
1 0.6673024062499999 0.261711790625 0.5047479953125 0.261711790625 0.5047479953125 0.278288209375 0.6673024062499999 0.278288209375 0.6673024062499999 0.261711790625
2 0.261289196875 0.1376953125 0.2407959265625 0.1083984375 0.19596689843749998 0.087890625 0.175473628125 0.083984375 0.1472953796875 0.083984375 0.126802109375 0.087890625 0.11143215625 0.09375 0.08453474062500001 0.1142578125 0.0768497640625 0.1259765625 0.071726446875 0.1767578125 0.0896580578125 0.2021484375 0.1216787921875 0.224609375 0.1370487453125 0.23046875 0.1870010921875 0.2314453125 0.21389850781250003 0.224609375 0.248480903125 0.1982421875 0.26385085625000004 0.1728515625 0.261289196875 0.1376953125
2 0.26385085625000004 0.3017578125 0.2536042203125 0.2802734375 0.22414514375 0.25390625 0.19596689843749998 0.244140625 0.160103675 0.2421875 0.1319254265625 0.248046875 0.094781375 0.2685546875 0.0768497640625 0.2919921875 0.071726446875 0.3056640625 0.071726446875 0.3349609375 0.0870963984375 0.3623046875 0.101185521875 0.375 0.1319254265625 0.388671875 0.174192796875 0.3896484375 0.21646016875 0.380859375 0.248480903125 0.3583984375 0.26385085625000004 0.3310546875 0.26385085625000004 0.3017578125
2 0.4546944359375 0.29296875 0.29330993125 0.29296875 0.28946744375 0.2958984375 0.28946744375 0.3701171875 0.295871590625 0.376953125 0.3189265203125 0.37890625 0.3266114953125 0.3828125 0.481591853125 0.3818359375 0.4892768296875 0.3779296875 0.4892768296875 0.3193359375 0.4777493640625 0.302734375 0.4546944359375 0.29296875
1 0.1651374578125 0.3892794765625 0.052777778124999994 0.3892794765625 0.052777778124999994 0.408572053125 0.1651374578125 0.408572053125 0.1651374578125 0.3892794765625
4 0.3967583046875 0.080104803125 0.283997709375 0.080104803125 0.283997709375 0.1021659390625 0.3967583046875 0.1021659390625 0.3967583046875 0.080104803125
4 0.4982932421875 0.0987074234375 0.275864834375 0.0987074234375 0.275864834375 0.28651528437499996 0.4982932421875 0.28651528437499996 0.4982932421875 0.0987074234375
4 0.27265177500000004 0.4114192140625 0.060910653125000006 0.4114192140625 0.060910653125000006 0.5770873359375 0.27265177500000004 0.5770873359375 0.27265177500000004 0.4114192140625
4 0.49630011406249996 0.3848427953125 0.283997709375 0.3848427953125 0.283997709375 0.5892008734374999 0.49630011406249996 0.5892008734374999 0.49630011406249996 0.3848427953125
2 0.270664375 0.577078603125 0.042325315625 0.577078603125 0.042325315625 0.8266419218750001 0.270664375 0.8266419218750001 0.270664375 0.577078603125
7 0.4239633453125 0.60542358125 0.2781901484375 0.60542358125 0.2781901484375 0.6296331875 0.4239633453125 0.6296331875 0.4239633453125 0.60542358125
4 0.2726460484375 0.832205240625 0.05626575 0.832205240625 0.05626575 0.9056462875 0.2726460484375 0.9056462875 0.2726460484375 0.832205240625
4 0.5002749140625 0.6293406109374999 0.26888888906249997 0.6293406109374999 0.26888888906249997 0.9086855890625 0.5002749140625 0.9086855890625 0.5002749140625 0.6293406109374999
2 0.9317983968749999 0.5823973796875 0.5093928984375 0.5823973796875 0.5093928984375 0.9036288203125 0.9317983968749999 0.9036288203125 0.9317983968749999 0.5823973796875
3 0.9649885453125 0.8206943234375 0.9428006874999999 0.8206943234375 0.9428006874999999 0.856021834375 0.9649885453125 0.856021834375 0.9649885453125 0.8206943234375
6 0.970292096875 0.8578951968749999 0.940475371875 0.8578951968749999 0.940475371875 0.8985589515625 0.970292096875 0.8985589515625 0.970292096875 0.8578951968749999
7 0.7141294390625 0.3919344984375 0.5198682703124999 0.3919344984375 0.5198682703124999 0.41503493437500005 0.7141294390625 0.41503493437500005 0.7141294390625 0.3919344984375
4 0.7194444437499999 0.4202838421875 0.49663802968750004 0.4202838421875 0.49663802968750004 0.57557641875 0.7194444437499999 0.57557641875 0.7194444437499999 0.4202838421875
4 0.9397651781249999 0.3875021828125 0.7208762890625 0.3875021828125 0.7208762890625 0.577091703125 0.9397651781249999 0.577091703125 0.9397651781249999 0.3875021828125
4 0.71811569375 0.278541484375 0.48967353906250005 0.278541484375 0.48967353906250005 0.3781397375 0.71811569375 0.3781397375 0.71811569375 0.278541484375
4 0.9344616265625 0.26082532812500003 0.7197193578125 0.26082532812500003 0.7197193578125 0.3761179046875 0.9344616265625 0.3761179046875 0.9344616265625 0.26082532812500003
7 0.8641065296875 0.0322707421875 0.481529209375 0.0322707421875 0.481529209375 0.070768559375 0.8641065296875 0.070768559375 0.8641065296875 0.0322707421875