4 0.346875 0.3252387390625 0.5421875 0.3234412296875 0.56875 0.3205234171875 0.6703125 0.31906430937499997 0.8015625 0.3203159578125 0.803791490625 0.3109375 0.8032851187500001 0.2265625 0.2140625 0.225961259375 0.2015625 0.226518421875 0.1953125 0.2311887484375 0.178125 0.2343637359375 0.1640625 0.240548375 0.15622893124999998 0.2375 0.15625 0.34434373749999997 0.3234375 0.3437572921875 0.3359375 0.339097625 0.337579465625 0.3296875 0.346875 0.3252387390625
4 0.3734375 0.49376420000000004 0.38127926562500003 0.490625 0.3813022265625 0.484375 0.384375 0.4813200078125 0.3953125 0.4767566375 0.6296875 0.475009103125 0.7375 0.47051466406250003 0.7953125 0.471906546875 0.7960618546875 0.4015625 0.2203125 0.40130369843749997 0.2140625 0.4015014234375 0.178125 0.418702053125 0.17340841875 0.41875 0.1734375 0.498992134375 0.2796875 0.49844905937500006 0.35 0.49687776093749997 0.3578125 0.49396243906250004 0.3734375 0.49376420000000004
4 0.73125 0.1656356171875 0.7875 0.162557209375 0.7879924828125 0.1296875 0.162001775 0.1296875 0.1625 0.18176426875 0.634375 0.1813142984375 0.6421875 0.1782074203125 0.6578125 0.16418936875 0.73125 0.1656356171875
4 0.6299821234375 0.35 0.3383739203125 0.35 0.3390625 0.395865965625 0.575 0.39531596874999997 0.628125 0.39385016875 0.63022479375 0.3890625 0.6299821234375 0.35
4 0.7875 0.162512853125 0.7894570140625 0.1578125 0.7893778328125001 0.1296875 0.16196710625 0.1296875 0.1625 0.181716446875 0.634375 0.181260353125 0.6421875 0.178151225 0.65625 0.1641823296875 0.7875 0.162512853125
6 0.3930234390625 0.1015625 0.39375 0.12370101250000001 0.54375 0.12353871406250001 0.546942546875 0.121875 0.546875 0.10107532187499998 0.3930234390625 0.1015625
7 0.3883102703125 0.19375 0.3890625 0.22046328593750003 0.5671875 0.22034301875 0.5735146484375 0.215625 0.5734375 0.193262646875 0.3883102703125 0.19375
3 0.7476940640625 0.1046875 0.7484375 0.12386146093749999 0.790625 0.12349353593750001 0.7923658203125 0.121875 0.7921875 0.1041612765625 0.7476940640625 0.1046875
4 0.659375 0.5484378171875 0.675 0.5390859140625001 0.6828125 0.5251025984375 0.734375 0.523525196875 0.734891646875 0.4984375 0.25428429218750004 0.4984375 0.2546875 0.5282619171875 0.3 0.52975345625 0.30623434375 0.534375 0.309368996875 0.5453125 0.315625 0.5500020796875 0.340625 0.551761003125 0.35 0.5546879078125 0.3859375 0.5547947421874999 0.392143328125 0.5578125 0.39375 0.56718961875 0.584375 0.5672236046875 0.5891309109375 0.5546875 0.596875 0.550240846875 0.659375 0.5484378171875
4 0.5609375 0.5954828203125 0.6625 0.5937883921875 0.6625999796875 0.571875 0.4109375 0.5713639328125 0.3279007828125 0.5734375 0.328125 0.6002008531249999 0.390625 0.601701175 0.4 0.6141034890625 0.5421875 0.6141146875 0.5546875 0.60939084375 0.5563492250000001 0.6015625 0.5609375 0.5954828203125
4 0.6821643515625 0.6082643078125 0.313784721875 0.6082643078125 0.313784721875 0.8423230421874999 0.6821643515625 0.8423230421874999 0.6821643515625 0.6082643078125