7 0.5484458453125 0.1203638140625 0.565779815625 0.128021421875 0.6244647171875 0.12818435 0.6841938234375 0.1301394828125 0.7600038578125 0.12851020468750002 0.7616745671875 0.10928471718749999 0.7689840968749999 0.1045598109375 0.7631365125 0.089733375 0.730974653125 0.07735085625 0.7194882812500001 0.0752327984375 0.7071665390625 0.075721578125 0.7023631453125 0.0820757640625 0.7017036578125 0.08805260625 0.5741335484375 0.08794116874999999 0.555964209375 0.0892445921875 0.54552205625 0.102604684375 0.5484458453125 0.1203638140625
7 0.15525958906249998 0.15292520781250002 0.1287039203125 0.15185730625 0.08626961562499999 0.150575828125 0.060124604687500006 0.1510029859375 0.0575237875 0.15324557968750002 0.0597577140625 0.169267240625 0.08955485937499999 0.168302978125 0.137190796875 0.16776902656249998 0.1544382921875 0.16755544687499999 0.15525958906249998 0.15292520781250002
4 0.059727850000000006 0.24309077031249998 0.0625427328125 0.2555806625 0.0732745171875 0.2580511921875 0.112155234375 0.2572276953125 0.1116274625 0.2413065015625 0.195018696875 0.24254176562500002 0.2585297265625 0.23869872656250002 0.256418565625 0.1993075 0.2565945015625 0.1752884671875 0.241816290625 0.171857175 0.23196417500000002 0.1730924421875 0.20610234374999997 0.1752884671875 0.11409047187500002 0.1757002234375 0.1010716 0.17171992656249999 0.0891082984375 0.17336695156249998 0.08293801875 0.17645376875000002 0.08611747812500001 0.1924449171875 0.062190871875 0.193131178125 0.060079696875 0.195876209375 0.059727850000000006 0.24309077031249998
4 0.0572609671875 0.3210676609375 0.0583165546875 0.3726146203125 0.0556775890625 0.3960214140625 0.060427723437500004 0.5239219562499999 0.0593721359375 0.5840058359375 0.0614833109375 0.5968205375 0.075205921875 0.59860480625 0.1355502078125 0.5968205375 0.1967741515625 0.59503626875 0.2582156515625 0.5936637484375 0.26050275156249997 0.5770563046875 0.259974965625 0.5341267328125 0.257863803125 0.4819100359375 0.2569841453125 0.43207762812499995 0.2582156515625 0.3768392421875 0.2587434609375 0.33881335625000003 0.25575261562499996 0.281189953125 0.2536414546875 0.2627867359375 0.18485247968750002 0.2604534609375 0.1113133734375 0.260865215625 0.0845211421875 0.2648265671875 0.0862895671875 0.2783673078125 0.06746495625 0.27713204375 0.057436896875 0.2782300578125 0.0572609671875 0.3210676609375
4 0.059403751562499996 0.6778026328125 0.062333596874999994 0.701502315625 0.072588078125 0.70222959375 0.17966083125 0.7018140046875 0.25598055 0.700567253125 0.2607748703125 0.6989049171875 0.2611743890625 0.643435946875 0.261440746875 0.611615528125 0.2583777 0.5984533890625 0.163956596875 0.59928455625 0.1558329171875 0.597102740625 0.14917416249999998 0.5979339078125 0.14704336093749998 0.6001157234375001 0.134529746875 0.5984533890625 0.0889965046875 0.6023098499999999 0.0910994078125 0.619057953125 0.0625999453125 0.6197852203124999 0.062067253125 0.6315254593749999 0.059403751562499996 0.6778026328125
1 0.453809946875 0.38916039375 0.469667890625 0.388981096875 0.47185123281249997 0.37822328125000004 0.46874859375 0.37660961249999997 0.3989966625 0.3756234765625 0.3884247078125 0.375085584375 0.3819896046875 0.3719478875 0.37095799375 0.3738305078125 0.35808778750000003 0.3754441796875 0.35882835156250004 0.376619296875 0.3601758984375 0.38656059374999996 0.3738505 0.3874570828125 0.42324321875 0.38925005 0.453809946875 0.38916039375
4 0.46757004375 0.46052729687499994 0.47554715468750003 0.45652660625 0.47554715468750003 0.41086272187499995 0.4747874078125 0.3921455015625 0.4178250453125 0.39107241875 0.36396640625 0.39153213125 0.30115729999999996 0.3908885359375 0.2940861421875 0.3876705625 0.2805330890625 0.388681925 0.27689842656249997 0.3909800015625 0.27650276875 0.47401111250000005 0.3118299296875 0.475344675 0.46719237968750005 0.47386293437499993 0.46757004375 0.46052729687499994
4 0.46963801875 0.151182890625 0.2844937515625 0.1496931125 0.2815858625 0.3690508515625 0.2816622421875 0.3695207140625 0.468728765625 0.3694323984375 0.46963801875 0.151182890625
4 0.28145721875 0.5458661046875 0.30444836406250003 0.5488953671875 0.330607184375 0.5454675203125 0.330198446875 0.52848769375 0.3972409390625 0.528965996875 0.47507682500000004 0.5302752843749999 0.47640520156250005 0.5246950625 0.475383384375 0.48001404531249997 0.4249050421875 0.47977489218749997 0.4102928875 0.47818054375 0.335495190625 0.47818054375 0.305329 0.48049235 0.3047112078125 0.48242169687500003 0.3059811046875 0.49767125625 0.2794135625 0.49838871406249996 0.2780851828125 0.5397278578125 0.28145721875 0.5458661046875
4 0.2777471234375 0.5937119640625 0.2802472796875 0.598831990625 0.30899907187500003 0.5990757999999999 0.3943168875 0.5995634187500001 0.4235374453125 0.5995634187500001 0.42384997343749997 0.5811557234375 0.4755719328125 0.5812776296875 0.4771345328125 0.55262989375 0.41463064843749997 0.5514108421875 0.406817659375 0.5481193984375 0.40041100937499996 0.5490946421875 0.3991609359375 0.5514108421875 0.31790586875 0.5515327484375 0.3041550125 0.552264178125 0.30330866093750003 0.5534940515625 0.3046237953125 0.569087103125 0.29087294375 0.5682337703125 0.2799347625 0.569452821875 0.2777471234375 0.5937119640625
4 0.2810356625 0.8176262875000001 0.28176185 0.871666359375 0.2903434875 0.8732781031249999 0.33261600156250004 0.874517903125 0.3993620875 0.8720382984375 0.3995210109375 0.8587724343750001 0.475961159375 0.8591443734374999 0.47739143281249996 0.8559208921874999 0.47770928125 0.7933752187499999 0.47755035625 0.758363509375 0.47786818281250004 0.7130841718750001 0.47898063124999996 0.66443725 0.477232509375 0.6222282046875 0.4764379109375 0.6044607562500001 0.3785436640625 0.6043367796875 0.3119565046875 0.6037168796875 0.3036927015625 0.605948515625 0.30497706406249997 0.6061140921875 0.3068544609375 0.6216263671875 0.27832664375 0.6225473046875 0.28108105 0.6924504781249999 0.2810356625 0.8176262875000001
4 0.2947390015625 0.9265264265625 0.3237059046875 0.9266884203125001 0.3244505578125 0.92529733125 0.3278257828125 0.9242600281250001 0.33273518750000003 0.9270527703125 0.3852667140625 0.9261270093749999 0.4468535671875 0.92564825625 0.44746724843749996 0.9080938484375001 0.47467356250000003 0.9096099109375 0.4789692859375 0.903705246875 0.47683420156249995 0.87868583125 0.37987334375000004 0.8767708046875 0.3161635515625 0.8778879046875 0.30871118750000004 0.8799962328125 0.3096835875 0.896454046875 0.2819610796875 0.897737875 0.282087665625 0.9255012578124999 0.2947390015625 0.9265264265625
1 0.255161059375 0.7098410796875 0.19285904375000001 0.710174746875 0.17289958593750002 0.7109533124999999 0.17689774687499998 0.7211606109375001 0.1895799890625 0.724300115625 0.2454664640625 0.7244113390625 0.25630159531249996 0.7231878828125 0.255161059375 0.7098410796875
6 0.03563700625 0.9396833000000001 0.0364780796875 0.9495257140625 0.057084440624999996 0.9491976359375001 0.057504978124999995 0.912944721875 0.041416303125 0.9136821640624999 0.0413142703125 0.92524774375 0.037529428125 0.9262319890624999 0.03563700625 0.9396833000000001
3 0.0605482203125 0.886581184375 0.056536134375000005 0.88368303125 0.050146525 0.88368303125 0.044254475 0.8874614781249999 0.042568153125 0.8992171296875 0.049403550000000004 0.902463059375 0.0578734953125 0.900492315625 0.0605482203125 0.886581184375
2 0.064798671875 0.7238027125000001 0.064427240625 0.94258975 0.2656829734375 0.9444620296874999 0.264206078125 0.7249671609375 0.064798671875 0.7238027125000001
7 0.5878506875 0.15402108125 0.567912259375 0.15319698125 0.497401415625 0.15402108125 0.49700529375 0.15917170625 0.49991023281249997 0.169575971875 0.5044043359375 0.171396559375 0.5228856625 0.17209357187500002 0.587454565625 0.169106209375 0.58890704375 0.16498570937499998 0.5878506875 0.15402108125
4 0.4962237546875 0.2592342359375 0.49732008906249997 0.32438345156250004 0.49695464375 0.3717004515625 0.49933003749999993 0.3795407171875 0.5318546953125 0.3825342765625 0.5607249109375 0.3809662140625 0.5903259890625 0.37854286406250004 0.64514284375 0.379825815625 0.6444119296874999 0.3661409875 0.691919875 0.3655707875 0.6955743156249999 0.3563050203125 0.6942952671875 0.307123678125 0.69776698125 0.28969970156249997 0.69502615625 0.24900046874999998 0.6933816515625 0.19276699375 0.690458071875 0.1780843140625 0.6824182750000001 0.1760886078125 0.6391129828125 0.1746631046875 0.631804075 0.173807803125 0.6283323359375 0.176231159375 0.587585153125 0.17537585625000002 0.5241803546875 0.1776566625 0.5232667390625 0.1776566625 0.5228213234375 0.1785858609375 0.5247342625 0.1904875046875 0.51303425 0.1939394859375 0.49750281718749995 0.1945096890625 0.4962237546875 0.2592342359375
4 0.4982217484375 0.57690533125 0.498768475 0.657285334375 0.4996796921875 0.71217044375 0.5129834171875001 0.715298315625 0.6035581421875 0.7140187328125001 0.6966842609375 0.7118860921875 0.696152684375 0.4455713296875 0.6958611671875 0.38629608437499996 0.6926545828124999 0.38356706875 0.666983103125 0.3841795 0.552374809375 0.3830175359375 0.5486512718750001 0.3851962109375 0.5235676109375 0.3871568078125 0.5257404203125 0.4037931515625 0.49840399062499996 0.4050727296875 0.4982217484375 0.498804615625 0.4982217484375 0.57690533125
4 0.7161312234375 0.790274896875 0.7180545140625 0.8575894125 0.7174775328125 0.8808079265625001 0.7311329468750001 0.8833586953125 0.8605709265625 0.8836587843749999 0.8803809234375001 0.8823083781250001 0.87961158125 0.87045480625 0.893844028125 0.872255353125 0.9142309546874999 0.8689543546875 0.91596195 0.8243210171875001 0.9178852531249999 0.785566934375 0.9176928921874999 0.7591448421875 0.9176928921874999 0.7516425859375 0.9223088171875 0.7411394203125 0.920193203125 0.7306362562500001 0.914038671875 0.7298860328125001 0.9082690109374999 0.700481884375 0.8899976734375 0.6968807953125 0.8094114875 0.6980811578125 0.801141290625 0.7000317453125 0.7409753484375 0.7021320953125 0.741518771875 0.715302575 0.726517034375 0.7138021234374999 0.7145925906249999 0.7141022125 0.7161312234375 0.790274896875
7 0.7765230703125 0.6821763671875 0.7534434828125 0.6821763671875 0.7490199078125 0.6787253265625 0.7245940109375 0.6769247859374999 0.72036275625 0.6785752828125 0.717862471875 0.6878780843750001 0.7186927234375 0.6968962234375 0.7397880828125001 0.697631021875 0.7701761890625 0.6974809843750001 0.7769077281250001 0.6923794390625 0.7765230703125 0.6821763671875
4 0.7156699390625 0.45847804999999997 0.7138993609375001 0.47447258124999997 0.7117474265625 0.5184833390625 0.7127706890625001 0.5783743984374999 0.7124296125 0.6595798281249999 0.71413505 0.66450265 0.7238560765625001 0.6647687484375 0.8125392187499999 0.665700096875 0.8125392187499999 0.6488028156250001 0.863248571875 0.6494680640625 0.9053255046875 0.6493350109375 0.9094185796875 0.6394893546875 0.91231783125 0.6043580375000001 0.91231783125 0.5590153515625 0.9141938546875 0.5548908171875 0.9077131296875001 0.5258728109375 0.91146510625 0.49621671718749993 0.915046578125 0.48036085 0.91538763125 0.45432704843750005 0.91061238125 0.44075600625 0.8979921281250001 0.43809501875 0.7907196359374999 0.4394255125 0.758486734375 0.43729672031250005 0.7407710062499999 0.4400721765625 0.738380890625 0.44138199062499994 0.739887253125 0.45701450625 0.7328949390624999 0.455550959375 0.7255615265625 0.4572806046875 0.7156699390625 0.45847804999999997
7 0.7850575171874999 0.4111753453125 0.7766788703125 0.41406360312499996 0.7690796171875001 0.416343803125 0.7347855828125 0.416495809375 0.7318628 0.41147937187499994 0.7147157625 0.41406360312499996 0.7147157625 0.4242484859375 0.7184757375 0.4325961921875 0.7474509953124999 0.4341293453125 0.79655381875 0.42987297656249995 0.7957744109375 0.41543171718750005 0.7850575171874999 0.4111753453125
4 0.7121807171875 0.3762930390625 0.711218575 0.400151528125 0.7134635828125 0.40678194687499997 0.71955716875 0.4076576625 0.7578826125 0.40703215000000004 0.7662047875 0.406116040625 0.76782048125 0.40517068749999996 0.7737783515625 0.40595848125 0.7763028656250001 0.40721895156250004 0.8126559828125 0.40714017968749994 0.8240668031249999 0.40643115781250005 0.8266783796875 0.40517068749999996 0.8235479765625 0.392408371875 0.8546327640625 0.39398396406249997 0.9061379734375 0.3931173890625 0.9082711671875 0.382324571875 0.9094829328125 0.3644906625 0.9104927296875 0.3358099015625 0.9062515578125 0.3321860359375 0.879794565625 0.33210725937499996 0.7853131703125 0.331004340625 0.7678434890625 0.33084678125 0.7405786671875 0.3305316671875 0.7388282984375001 0.3315101640625 0.7400829328125 0.3502462546875 0.722283253125 0.34799440625 0.7120203546874999 0.3508717671875 0.7121807171875 0.3762930390625
4 0.7123026859375 0.32382626875 0.718868840625 0.3263875546875 0.7650048078125 0.32706157812500003 0.7879863984375 0.32787039687499997 0.8833636031250001 0.325848334375 0.8850915453124999 0.31479438125 0.8968415343749999 0.3160076203125 0.9119776765625 0.3129071234375 0.913705621875 0.3021227796875 0.913705621875 0.260022896875 0.9143967953125 0.22776795625 0.913360046875 0.1912021078125 0.912496075 0.158981759375 0.8938343109375 0.1560160625 0.790330771875 0.157229303125 0.71794016875 0.15719754531250002 0.713717953125 0.1585883828125 0.712648259375 0.176473853125 0.712648259375 0.2331685953125 0.712648259375 0.2949936703125 0.7123026859375 0.32382626875
7 0.6810127375 0.7771661921875 0.6851845859375 0.7515359640625 0.67892679375 0.7486881578125 0.6280826312500001 0.7442130484375 0.550121575 0.7515359640625 0.5417779296874999 0.7521462046875 0.538209428125 0.7542672968749999 0.5370846234375 0.7647579046875 0.5548148828125 0.7769627796874999 0.6246930234375 0.777979846875 0.6810127375 0.7771661921875
6 0.4979737109375 0.723464759375 0.49771298125 0.7297706093749999 0.50401734375 0.7390170421875 0.5159647374999999 0.7405515796875 0.5430816125 0.7364832875 0.5459497437499999 0.7250920765625 0.5425601546875 0.721430615625 0.5125751296875001 0.722854515625 0.4979737109375 0.723464759375
4 0.50136331875 0.8414558281250001 0.4987559359375 0.8927333390625 0.500320365625 0.9045313640625 0.512370759375 0.90639305625 0.5334342859375 0.9067689218749999 0.5832354765625001 0.9041245359375001 0.5832354765625001 0.891106015625 0.6797090359375 0.893140153125 0.693788959375 0.8898855187500001 0.6992644734375 0.8553050578124999 0.6995252578125 0.8138084953125 0.69787538125 0.79484414375 0.6919516531250001 0.7933999671875 0.5439783390625 0.7947118234375 0.5313904171875 0.7939897359375 0.5270646218749999 0.7957116734375 0.52769800625 0.8120139765625 0.51648623125 0.8101832453125001 0.5021455421875001 0.8134378718749999 0.50136331875 0.8414558281250001
4 0.500077434375 0.9378504203125001 0.5106249859374999 0.941395059375 0.5323691546875 0.9416482453125001 0.5643363390625 0.9402557203124999 0.6053906312499999 0.9397493375 0.6942038562499999 0.941037821875 0.6966379125 0.9317964406250001 0.6966379125 0.9095158796874999 0.6878753359374999 0.9069839937499999 0.574448640625 0.907616965625 0.55546305625 0.9069839937499999 0.5279233390625 0.9087563140625001 0.5253249765625 0.91074115 0.52522928125 0.9268367359375 0.5044587234375 0.925317603125 0.49894154999999996 0.9259505750000001 0.500077434375 0.9378504203125001
6 0.329512040625 0.9410194890625 0.3309760953125 0.9300056234375 0.32919831093749996 0.9247026546875 0.3242832578125 0.9249474046874999 0.3239695265625 0.9266606734374999 0.30274066718750003 0.9266606734374999 0.29019158906250003 0.9273949312499999 0.2894595625 0.9277212671875 0.28949710156249997 0.9281008421875001 0.29060989375 0.9379192906249999 0.2970935859375 0.943630184375 0.3087014828125 0.9430590953125 0.329512040625 0.9410194890625