0 0.8938514328125 0.9556023984375001 0.9149588921875 0.3876975 0.378829378125 0.37518167812500003 0.3556112046875 0.943868825 0.8938514328125 0.9556023984375001
4 0.2463698078125 0.105709953125 0.274054425 0.1071756515625 0.2730656296875 0.0756632640625 0.0645256625 0.0688678046875 0.06444251250000001 0.1203668828125 0.24538108906249997 0.124031115625 0.2463698078125 0.105709953125
4 0.051588999999999996 0.44527016093749994 0.056532676562499995 0.45919424218750005 0.051588999999999996 0.5332117296875001 0.045656528125 0.7706540375 0.0377466921875 0.8703211515625 0.19396681093749998 0.8769167812499999 0.1959443265625 0.859328453125 0.24538108906249997 0.8600612890624999 0.2562571609375 0.5813273640625 0.264167071875 0.34022085 0.2710881890625 0.1291610734375 0.0880120234375 0.1256471109375 0.083228496875 0.14044007812499998 0.0634537921875 0.1419058046875 0.051588999999999996 0.44527016093749994
4 0.0308255 0.9402707124999999 0.129699021875 0.9461335046875 0.2038541640625 0.9446678078125 0.2038541640625 0.92781234375 0.23845989687500002 0.9270794796875 0.24142613281249997 0.8794444562500001 0.09311584843750001 0.8750473875000001 0.060817290625 0.8747676390624999 0.0634537921875 0.8919029093749999 0.035769175 0.8919029093749999 0.0308255 0.9402707124999999
3 0.024893103125 0.8691846218749999 0.009073356250000001 0.87138315625 0.009073356250000001 0.8860400859374999 0.024893103125 0.885307221875 0.024893103125 0.8691846218749999
6 0.02192694375 0.9344079453124999 0.0268706203125 0.8977656187499999 0.0051917 0.8967467250000001 0.003140959375 0.9116897140625 0.0011634421875000001 0.9344079453124999 0.02192694375 0.9344079453124999
6 0.43524530781250004 0.9461335046875 0.3673761 0.9452838734375 0.3660338421875 0.9527291078125 0.43524530781250004 0.9563933390624999 0.43524530781250004 0.9461335046875
6 0.881164953125 0.9534619703124999 0.816089196875 0.9553576218750001 0.8178858078125 0.962256134375 0.881164953125 0.9637218046875 0.881164953125 0.9534619703124999
4 0.283968865625 0.15889233593750002 0.2928674203125 0.1654879375 0.465896084375 0.1654879375 0.46194120468750005 0.1493653375 0.49160326093749995 0.1493653375 0.49852437812500006 0.128112778125 0.49852437812500006 0.081943453125 0.31793113125 0.07710996249999999 0.3175858015625 0.0944018484375 0.2928674203125 0.0944018484375 0.283968865625 0.15889233593750002
4 0.28594630468750004 0.2174758953125 0.296822378125 0.22480435937499998 0.28199134843749996 0.23213282500000001 0.2750702328125 0.362579553125 0.41744811875 0.3662437859375 0.41744811875 0.350853965625 0.4817159078125 0.3523196359375 0.48567078906249994 0.28489777968749996 0.48863702499999995 0.2262700578125 0.49259198125000003 0.1764364734375 0.3551577703125 0.1698408703125 0.31175050937500004 0.17052107968750002 0.3175858015625 0.1859635 0.28594630468750004 0.1896277328125 0.28594630468750004 0.2174758953125
4 0.5103891703125 0.1222058484375 0.515332846875 0.1471226265625 0.5064342890625 0.298821846875 0.6092627671875 0.30028754375 0.6092627671875 0.284164915625 0.7200010828125001 0.2856306140625 0.7190122859375 0.1485883109375 0.7150574062499999 0.11854161562500001 0.7150574062499999 0.0833649734375 0.53796124375 0.0816889390625 0.5420287421875 0.10315183593749999 0.5103891703125 0.1053503984375 0.5103891703125 0.1222058484375
4 0.503468053125 0.36896167343749997 0.7160462015625 0.371160209375 0.7170348468750001 0.3059368859375 0.53919736875 0.3042271875 0.5331301109375 0.3220594875 0.5103891703125 0.31986095312499996 0.503468053125 0.36896167343749997
4 0.865380425 0.20500172656250001 0.8643917812499999 0.18887909687499999 0.9434905984374999 0.19034479531249998 0.9494229187500001 0.08994481875 0.8080337515625 0.082616353125 0.7419217437500001 0.0826047328125 0.7338786859375 0.20133749375 0.796168959375 0.205734575 0.865380425 0.20500172656250001
4 0.7299237296875 0.254102446875 0.8100113421874999 0.2570338171875 0.8100113421874999 0.23944551718749998 0.9405243625 0.24310974999999999 0.9405243625 0.21379587500000002 0.9197608625000001 0.21159737031249998 0.76046360625 0.20715289062500003 0.7645294625 0.2240557375 0.7319011703125 0.2233228875 0.7299237296875 0.254102446875