4 0.1000657125 0.108636596875 0.06022556875 0.108636596875 0.062268698437500006 0.14265601875 0.10313036874999999 0.1449755484375 0.10313036874999999 0.15811939375 0.06431175156249999 0.1604389234375 0.06431175156249999 0.173582753125 0.102108765625 0.1759022828125 0.10313036874999999 0.189046128125 0.0612470953125 0.1874998140625 0.0612470953125 0.2060558453125 0.105173421875 0.20682903281249998 0.106194946875 0.22306556406250003 0.312546428125 0.22461190625 0.3074387203125 0.1952315015625 0.48314387031250006 0.1952315015625 0.48314387031250006 0.06379280312499999 0.062835225 0.0629951703125 0.05920404218749999 0.0939463796875 0.0990441859375 0.0947195515625 0.1000657125 0.108636596875
7 0.35442962499999997 0.23518999062499998 0.193103425 0.2330434796875 0.195069128125 0.24910703750000002 0.35442962499999997 0.24988020937500002 0.35442962499999997 0.23518999062499998
4 0.062268698437500006 0.28621912968749996 0.346257259375 0.2893118171875 0.3421710765625 0.27075575625 0.48518692343750003 0.27075575625 0.48518692343750003 0.256065553125 0.111366515625 0.25236715 0.105173421875 0.27230209843750003 0.062268698437500006 0.27230209843750003 0.062268698437500006 0.28621912968749996
5 0.48825157968750005 0.2916313171875 0.06411236406250001 0.2929468609375 0.063290225 0.6008988671875 0.49233776249999994 0.607857309375 0.48825157968750005 0.2916313171875
6 0.2749528546875 0.306640625 0.23106366718750002 0.3046875 0.223318515625 0.294921875 0.10714125468749999 0.29296875 0.09423266875 0.296875 0.07616065 0.29296875 0.0697063578125 0.2958984375 0.07616065 0.3046875 0.0916509515625 0.306640625 0.095523528125 0.3037109375 0.09294181093750001 0.3134765625 0.10714125468749999 0.326171875 0.17297503593750002 0.3271484375 0.197501346875 0.322265625 0.277534571875 0.3203125 0.2814071484375 0.3134765625 0.2749528546875 0.306640625
6 0.39500269375 0.2978515625 0.396293553125 0.306640625 0.47245420156250006 0.3076171875 0.48278107031250006 0.3056640625 0.48278107031250006 0.2978515625 0.47632677812499996 0.294921875 0.39500269375 0.2978515625
6 0.3394957796875 0.345703125 0.1949196296875 0.34375 0.1858836203125 0.3408203125 0.1820110453125 0.33203125 0.16135730937499998 0.328125 0.125213271875 0.328125 0.066354803125 0.331062925 0.069419459375 0.34266045625 0.102108765625 0.34343361250000004 0.1058503953125 0.3701171875 0.1148864046875 0.373046875 0.223318515625 0.373046875 0.3214237609375 0.376953125 0.32787805312499996 0.3662109375 0.3472409296875 0.359375 0.35111350625000004 0.3525390625 0.3394957796875 0.345703125
6 0.4337284484375 0.3681640625 0.4376010234375 0.375 0.48019935468749997 0.3740234375 0.48278107031250006 0.3681640625 0.47632677812499996 0.365234375 0.4376010234375 0.365234375 0.4337284484375 0.3681640625
6 0.42340157968750003 0.3994140625 0.42727415625000004 0.408203125 0.45180046718750005 0.4091796875 0.4789084953125 0.408203125 0.48278107031250006 0.4013671875 0.47632677812499996 0.3984375 0.42340157968750003 0.3994140625
6 0.4505096078125 0.423828125 0.4337284484375 0.4306640625 0.4376010234375 0.44140625 0.46729076875000003 0.4423828125 0.48278107031250006 0.4384765625 0.48278107031250006 0.4326171875 0.47632677812499996 0.427734375 0.4505096078125 0.423828125
6 0.4337284484375 0.4638671875 0.4376010234375 0.474609375 0.46212733437500003 0.4755859375 0.4789084953125 0.474609375 0.4853627875 0.4677734375 0.48278107031250006 0.4638671875 0.4337284484375 0.4638671875
6 0.4337284484375 0.4150390625 0.4337284484375 0.4208984375 0.44018274062499996 0.42578125 0.46729076875000003 0.4248046875 0.4814902109375 0.423828125 0.48278107031250006 0.4169921875 0.4789084953125 0.4140625 0.4337284484375 0.4150390625
6 0.4376010234375 0.505859375 0.48278107031250006 0.5048828125 0.4853627875 0.5009765625 0.4789084953125 0.49609375 0.4337284484375 0.4970703125 0.4376010234375 0.505859375
6 0.44921875 0.5322265625 0.4556730421875 0.541015625 0.48019935468749997 0.5400390625 0.48794450468750006 0.5361328125 0.4814902109375 0.52734375 0.45309132500000004 0.529296875 0.44921875 0.5322265625
6 0.4505096078125 0.572265625 0.48278107031250006 0.5712890625 0.484071928125 0.564453125 0.45309132500000004 0.5625 0.44663703281249995 0.5654296875 0.4505096078125 0.572265625
6 0.4814902109375 0.59375 0.42985587187499996 0.59375 0.42340157968750003 0.5966796875 0.42727415625000004 0.60546875 0.45954561875 0.6064453125 0.46858162812500004 0.603515625 0.4814902109375 0.60546875 0.4853627875 0.5966796875 0.4814902109375 0.59375
6 0.4505096078125 0.544921875 0.444055315625 0.5478515625 0.4479278921875 0.556640625 0.48019935468749997 0.5556640625 0.4853627875 0.5537109375 0.4853627875 0.5478515625 0.47632677812499996 0.544921875 0.4505096078125 0.544921875
6 0.10104242031249999 0.42293235781250005 0.34220484375 0.424002903125 0.33866873750000004 0.41222694375 0.184737884375 0.4068742375 0.18685956875 0.393492471875 0.346691553125 0.3950982796875 0.3452771328125 0.3795754421875 0.1458407171875 0.377969634375 0.0682581625 0.376722409375 0.06875364687499999 0.3924219265625 0.09774970625 0.3924219265625 0.10104242031249999 0.42293235781250005
6 0.3638389 0.4433893765625 0.3638389 0.42786651875 0.0682581625 0.4262207359375 0.0675132 0.439107215625 0.295238409375 0.44124828593750004 0.3638389 0.4433893765625
6 0.097739725 0.47175871718750007 0.28161724062500004 0.47497035312499997 0.283738871875 0.4567711421875 0.3565826796875 0.4578416890625 0.3579971 0.44392463906249996 0.0691423359375 0.4416053515625 0.0694508765625 0.4562358796875 0.09703251562500001 0.45730640468750006 0.097739725 0.47175871718750007
6 0.09986135625 0.5044102406250001 0.2165528578125 0.5054807640625001 0.2151384375 0.49049319062499996 0.2674728171875 0.4915637359375 0.26676560625 0.4792525140625 0.210187909375 0.47550561562500004 0.0682581625 0.473712375 0.0680364015625 0.486746290625 0.0991541453125 0.4888873828125 0.09986135625 0.5044102406250001
6 0.1048119375 0.5397380953125 0.21160232968749998 0.5381322875000001 0.21160232968749998 0.521538884375 0.3176855125 0.5226094296875 0.3176855125 0.5124393 0.1910929046875 0.50708659375 0.066489815625 0.507157190625 0.0673291921875 0.5199330765625 0.10198304218750001 0.5204683593749999 0.1048119375 0.5397380953125
6 0.09632525 0.5766717781249999 0.2314045453125 0.5766717781249999 0.2335261765625 0.560613659375 0.299297771875 0.5627547296875 0.34738878125 0.560078375 0.34738878125 0.5472318921875 0.2625222359375 0.5461613468750001 0.1309791015625 0.5456260640624999 0.0673739890625 0.5466220734375 0.0694508765625 0.5611489625 0.09632525 0.5611489625 0.09632525 0.5766717781249999
6 0.45276475468750005 0.733323290625 0.0682581625 0.7258862875000001 0.0694508765625 0.742958159375 0.45276475468750005 0.7461697953125 0.45276475468750005 0.733323290625
5 0.4902475 0.615818715625 0.070026509375 0.6068227421875 0.0687436671875 0.7234081203125 0.48812581406250005 0.7292960890625 0.4902475 0.615818715625
5 0.4951980265625 0.778541034375 0.06560564218750001 0.772040134375 0.0687436671875 0.9187819109375001 0.49236918437500005 0.9209230015625 0.4951980265625 0.778541034375
5 0.9236323359374999 0.1422485578125 0.4970822109375 0.1432775921875 0.4992996609375 0.470960815625 0.9257540203125 0.468819725 0.9236323359374999 0.1422485578125
4 0.495056290625 0.10840134531250001 0.7454126109375 0.1067955171875 0.7461198765625 0.0939490234375 0.9158529671875 0.09501958906249999 0.9172673890624999 0.0741440140625 0.8203781031249999 0.0746792875 0.8224997890625 0.06022699687500001 0.5368700109375 0.059665551562499995 0.5389040375 0.09020213437499999 0.495056290625 0.0928784875 0.495056290625 0.10840134531250001
4 0.9038302281249999 0.125108403125 0.4970822109375 0.1252173921875 0.49788518593750003 0.1411665234375 0.8981724375000001 0.13956069531249998 0.9038302281249999 0.125108403125
4 0.5474800890625 0.47304347968749993 0.88473516875 0.48673784375 0.889685803125 0.4749619046875 0.5474800890625 0.47304347968749993
4 0.5028357671875 0.5209951734375 0.7319754515625 0.5209951734375 0.7340971374999999 0.5054723171875 0.9193890734375 0.5033312453125001 0.9193890734375 0.48994947968749997 0.546595915625 0.49311036875 0.545269040625 0.508683953125 0.5028357671875 0.5097544984375 0.5028357671875 0.5209951734375
4 0.5063718734375 0.5541819593749999 0.6619604859375 0.5520408671875 0.660546065625 0.53705329375 0.9200962296874999 0.53223585 0.9243396 0.5183188203125 0.6506450109374999 0.52206571875 0.5501326109375 0.5252173921875001 0.5530484625 0.5408001921875 0.5063718734375 0.5429412625000001 0.5063718734375 0.5541819593749999
4 0.9236323359374999 0.5654226343750001 0.5483642625 0.5707023421875 0.5502195671875 0.58736874375 0.9236323359374999 0.580410209375 0.9236323359374999 0.5654226343750001
4 0.9123168609375 0.549899796875 0.5501326109375 0.5546488296875001 0.5509267765625 0.5686342703125 0.9094879109375 0.5638168265625 0.9123168609375 0.549899796875
4 0.5099079796875 0.6831821796875001 0.8748341156249999 0.6805058265625 0.8734196937500001 0.66284191875 0.9271684406249999 0.661236090625 0.9250468640625 0.5862981984375 0.8925146453125 0.584692390625 0.8564463203124999 0.584692390625 0.67327606875 0.5879040468750001 0.5510167828125 0.590100334375 0.547390671875 0.6034268640625 0.505664609375 0.6061032171875 0.5099079796875 0.6831821796875001
7 0.6018467375000001 0.6934160640625 0.5121131578125 0.6944481609375 0.5099079796875 0.7067978203124999 0.6025539484375 0.7051920125 0.6018467375000001 0.6934160640625
4 0.50778629375 0.756578009375 0.7086371296875 0.757648534375 0.7029793390625 0.7410551515625 0.9299973921875001 0.7373082531249999 0.9314118125 0.712150528125 0.8995868578125 0.7062625578125 0.6138694765625 0.7105447203125 0.55190095625 0.7131772578125 0.5502195671875 0.7276733859375 0.5099079796875 0.72499703125 0.50778629375 0.756578009375
4 0.8936562359375 0.8379391328124999 0.73099535625 0.8379391328124999 0.73099535625 0.8213457906249999 0.8568807546875 0.8213457906249999 0.85475906875 0.8047523671875 0.72816640625 0.8074287203124999 0.7253375656250001 0.79030005625 0.7635274671875 0.788158965625 0.765649153125 0.7753124812500001 0.64612875625 0.773706653125 0.643299915625 0.7587190796875001 0.5111283656250001 0.76133779375 0.5103423046875 0.8561383828125001 0.8901201296875 0.8534620296875 0.8936562359375 0.8379391328124999
4 0.5131712015625001 0.8871840375 0.5768211109375 0.8882546031249999 0.718265353125 0.88557825 0.7196797734375 0.8716611796875 0.9304317171875001 0.8684495640625001 0.9304317171875001 0.8534620296875 0.6305699109375 0.8572088890625 0.556221203125 0.8596655515625 0.5577261046875 0.8748728359375001 0.5124639906249999 0.8748728359375001 0.5131712015625001 0.8871840375
4 0.5131712015625001 0.9209061046875 0.9311389812499999 0.9166239234375 0.9325534015624999 0.8861135125 0.55533703125 0.8897658875 0.55843336875 0.9053832484375001 0.5131712015625001 0.9075243375 0.5131712015625001 0.9209061046875
7 0.2702993640625 0.75509429375 0.0673739890625 0.7513043484375 0.0722774234375 0.7679407984375 0.26605599375 0.7711524140625 0.2702993640625 0.75509429375
3 0.0595474203125 0.865895325 0.044385484375 0.8623411375 0.04611020625 0.880882940625 0.058133000000000004 0.88248870625 0.0595474203125 0.865895325
6 0.06025463125 0.9199576531250001 0.0659124234375 0.8899825046875 0.044385484375 0.8877591984375 0.0425741015625 0.9022937656250001 0.0432813109375 0.9178165625 0.06025463125 0.9199576531250001
6 0.4853627875 0.6787109375 0.484071928125 0.671875 0.43631016562499997 0.6728515625 0.4376010234375 0.6796875 0.4853627875 0.6787109375
6 0.4853627875 0.6962890625 0.4814902109375 0.6875 0.43631016562499997 0.6884765625 0.44018274062499996 0.697265625 0.4853627875 0.6962890625
6 0.43631016562499997 0.7216796875 0.44018274062499996 0.728515625 0.4853627875 0.7275390625 0.48794450468750006 0.7236328125 0.484071928125 0.720703125 0.4479278921875 0.71875 0.43631016562499997 0.7216796875
6 0.42340157968750003 0.7958984375 0.42727415625000004 0.8046875 0.44663703281249995 0.8056640625 0.4814902109375 0.8046875 0.4853627875 0.7978515625 0.4814902109375 0.794921875 0.42340157968750003 0.7958984375
6 0.42340157968750003 0.8447265625 0.42727415625000004 0.853515625 0.46212733437500003 0.8525390625 0.4814902109375 0.8515625 0.4853627875 0.8466796875 0.4814902109375 0.84375 0.42340157968750003 0.8447265625
6 0.4337284484375 0.8603515625 0.4337284484375 0.8662109375 0.4427644578125 0.87109375 0.4647090515625 0.8701171875 0.4814902109375 0.869140625 0.4853627875 0.8623046875 0.4814902109375 0.859375 0.4337284484375 0.8603515625
6 0.444055315625 0.8779296875 0.4505096078125 0.888671875 0.4776176375 0.8876953125 0.4853627875 0.8818359375 0.4814902109375 0.875 0.4479278921875 0.875 0.444055315625 0.8779296875
6 0.4556730421875 0.90625 0.42340157968750003 0.9091796875 0.42727415625000004 0.91796875 0.44921875 0.9189453125 0.4814902109375 0.91796875 0.4853627875 0.9111328125 0.4814902109375 0.908203125 0.4556730421875 0.90625
6 0.755152209375 0.1640625 0.7396619062500001 0.1640625 0.733207615625 0.1689453125 0.733207615625 0.1728515625 0.7396619062500001 0.17578125 0.76418821875 0.1787109375 0.7861328125 0.177734375 0.7900053890625001 0.1669921875 0.7654790765625 0.16015625 0.755152209375 0.1640625
6 0.7422436234374999 0.1796875 0.733207615625 0.1845703125 0.727523871875 0.18731733281250001 0.744825340625 0.193359375 0.787423671875 0.1923828125 0.7925871046874999 0.1884765625 0.7925871046874999 0.1826171875 0.7758059453125 0.177734375 0.7422436234374999 0.1796875
6 0.7125538796875001 0.2001953125 0.7164264546875 0.20703125 0.769351653125 0.2080078125 0.7912962453125 0.20703125 0.7925871046874999 0.1982421875 0.7603156421875 0.1953125 0.7125538796875001 0.2001953125
6 0.7680607937499999 0.208984375 0.7164264546875 0.208984375 0.7112630203125 0.212890625 0.68415499375 0.2158203125 0.6880275671875 0.224609375 0.70453918125 0.2242844625 0.7422436234374999 0.228515625 0.7822602375 0.2275390625 0.787423671875 0.2158203125 0.7835510953125 0.212890625 0.7680607937499999 0.212890625 0.7680607937499999 0.208984375
6 0.73191675625 0.23046875 0.7073904453125001 0.2333984375 0.7112630203125 0.240234375 0.7848419546875001 0.2392578125 0.7861328125 0.23046875 0.7525704921874999 0.228515625 0.747407059375 0.232421875 0.73191675625 0.23046875
6 0.7138447375 0.255859375 0.7925871046874999 0.2548828125 0.7912962453125 0.24609375 0.7267533234375 0.24609375 0.7099721625 0.2509765625 0.7138447375 0.255859375
6 0.72417160625 0.255859375 0.7125538796875001 0.2626953125 0.7164264546875 0.2734375 0.7900053890625001 0.2744140625 0.7925871046874999 0.2626953125 0.7861328125 0.2578125 0.7706425109375 0.259765625 0.72417160625 0.255859375
6 0.7099721625 0.2841796875 0.7164264546875 0.2890625 0.7900053890625001 0.2880859375 0.7912962453125 0.279296875 0.7603156421875 0.27734375 0.7138447375 0.28125 0.7099721625 0.2841796875
6 0.715135596875 0.2958984375 0.7164264546875 0.3046875 0.7900053890625001 0.3037109375 0.795168821875 0.3017578125 0.7912962453125 0.29296875 0.7344984734375 0.29296875 0.715135596875 0.2958984375
6 0.719008171875 0.3203125 0.7900053890625001 0.3212890625 0.7925871046874999 0.3115234375 0.7758059453125 0.30859375 0.7177173125 0.3134765625 0.719008171875 0.3203125
6 0.715135596875 0.3291015625 0.719008171875 0.337890625 0.76418821875 0.3369140625 0.7912962453125 0.3359375 0.7925871046874999 0.3271484375 0.7344984734375 0.326171875 0.715135596875 0.3291015625
6 0.715135596875 0.3388671875 0.715135596875 0.3505859375 0.7240761328125 0.356061403125 0.795168821875 0.3525390625 0.795168821875 0.3427734375 0.7887145296875 0.3359375 0.719008171875 0.3359375 0.715135596875 0.3388671875
6 0.737080190625 0.359375 0.72804418125 0.3642578125 0.7344984734375 0.369140625 0.7925871046874999 0.3681640625 0.795168821875 0.3623046875 0.7912962453125 0.359375 0.7628973593749999 0.357421875 0.737080190625 0.359375
6 0.7202990296875 0.3779296875 0.72417160625 0.38671875 0.7925871046874999 0.3857421875 0.795168821875 0.3759765625 0.780969378125 0.37109375 0.73191675625 0.373046875 0.7202990296875 0.3779296875
6 0.755105471875 0.14904548281250002 0.747407059375 0.1484375 0.7138447375 0.1484375 0.7073904453125001 0.1513671875 0.7073904453125001 0.1552734375 0.7164264546875 0.16015625 0.747407059375 0.16015625 0.7562547328125 0.15861345 0.7796785203125001 0.1591796875 0.7822602375 0.1513671875 0.7783876625 0.1484375 0.7628973593749999 0.1484375 0.755105471875 0.14904548281250002
6 0.8390580109375 0.1513671875 0.8429305843750001 0.158203125 0.8868197734375001 0.158203125 0.8984375 0.1611328125 0.9139278015625001 0.1572265625 0.9100552265624999 0.1484375 0.8429305843750001 0.1484375 0.8390580109375 0.1513671875
6 0.8842380562500001 0.158203125 0.87649290625 0.162109375 0.8687477546875 0.16015625 0.8622934624999999 0.1650390625 0.8597117453124999 0.1767578125 0.889565959375 0.1755748453125 0.9154237343749999 0.17383520937500002 0.9100552265624999 0.16015625 0.897146640625 0.162109375 0.8842380562500001 0.158203125
6 0.881656340625 0.19140625 0.911346084375 0.1904296875 0.9139278015625001 0.1865234375 0.907473509375 0.181640625 0.875202046875 0.1826171875 0.881656340625 0.19140625
6 0.8777837640625 0.2041015625 0.885528915625 0.2060546875 0.9100552265624999 0.205078125 0.9139278015625001 0.1982421875 0.881656340625 0.197265625 0.8777837640625 0.2041015625
6 0.8726203312499999 0.2197265625 0.8790746234375 0.224609375 0.8984375 0.2236328125 0.9139278015625001 0.2197265625 0.913699865625 0.21167215625 0.8726203312499999 0.2119140625 0.8726203312499999 0.2197265625
6 0.875202046875 0.2314453125 0.87649290625 0.23828125 0.8881106328125 0.2392578125 0.9126369437499999 0.23828125 0.9139278015625001 0.2333984375 0.897146640625 0.228515625 0.875202046875 0.2314453125
6 0.874189325 0.24579771718750001 0.8787862796875 0.256670403125 0.8984375 0.2548828125 0.9126369437499999 0.25390625 0.9165095187500001 0.2490234375 0.897146640625 0.244140625 0.874189325 0.24579771718750001
6 0.876487759375 0.27102234375 0.9139278015625001 0.2705078125 0.9126369437499999 0.26171875 0.897146640625 0.259765625 0.8777837640625 0.2626953125 0.876487759375 0.27102234375
6 0.876487759375 0.2771110546875 0.8777837640625 0.2861328125 0.8906923499999999 0.2880859375 0.9126369437499999 0.287109375 0.9139278015625001 0.2802734375 0.907473509375 0.27734375 0.876487759375 0.2771110546875
6 0.8803654812499999 0.2958984375 0.881656340625 0.30078125 0.9139278015625001 0.3017578125 0.9165095187500001 0.2978515625 0.9126369437499999 0.29296875 0.8842380562500001 0.29296875 0.8803654812499999 0.2958984375
6 0.8881106328125 0.3134765625 0.8945649234375 0.3203125 0.9061826500000001 0.3193359375 0.9165095187500001 0.3173828125 0.915218659375 0.310546875 0.8919832078125 0.310546875 0.8881106328125 0.3134765625
6 0.8919832078125 0.326171875 0.8881106328125 0.3330078125 0.8984375 0.3369140625 0.9126369437499999 0.3359375 0.9165095187500001 0.3291015625 0.9126369437499999 0.326171875 0.8919832078125 0.326171875
6 0.8868197734375001 0.33984375 0.8777837640625 0.3447265625 0.8842380562500001 0.35546875 0.8984375 0.3544921875 0.9126369437499999 0.353515625 0.9165095187500001 0.3447265625 0.9126369437499999 0.341796875 0.8868197734375001 0.33984375
6 0.8777837640625 0.3603515625 0.8777837640625 0.3662109375 0.8868197734375001 0.369140625 0.911346084375 0.3681640625 0.9165095187500001 0.3623046875 0.907473509375 0.357421875 0.881656340625 0.357421875 0.8777837640625 0.3603515625
6 0.8777837640625 0.3759765625 0.8777837640625 0.3837890625 0.8842380562500001 0.38671875 0.911346084375 0.3857421875 0.9165095187500001 0.3818359375 0.9126369437499999 0.373046875 0.899728359375 0.37109375 0.8777837640625 0.3759765625
6 0.8390580109375 0.4169921875 0.8403488687499999 0.40625 0.813240840625 0.4111328125 0.817113415625 0.41796875 0.8390580109375 0.4169921875
6 0.8558391703125 0.40625 0.8519665953125 0.4111328125 0.8584208875 0.416015625 0.871329471875 0.41796875 0.9139278015625001 0.4169921875 0.9165095187500001 0.4111328125 0.9100552265624999 0.40625 0.897146640625 0.404296875 0.8558391703125 0.40625
6 0.875202046875 0.4248046875 0.875202046875 0.4326171875 0.881656340625 0.435546875 0.9139278015625001 0.4365234375 0.9165095187500001 0.4248046875 0.9126369437499999 0.421875 0.8790746234375 0.421875 0.875202046875 0.4248046875
6 0.8067865484375 0.419921875 0.7835510953125 0.423828125 0.610576059375 0.423828125 0.6041217671875 0.4287109375 0.610576059375 0.4375 0.7680607937499999 0.4375 0.7783876625 0.43359375 0.80807740625 0.4365234375 0.8300220015625 0.435546875 0.8338945765625001 0.4306640625 0.8313128593749999 0.4228515625 0.8067865484375 0.419921875
6 0.857130028125 0.4560546875 0.8610026046874999 0.46484375 0.8777837640625 0.4658203125 0.915218659375 0.46484375 0.9165095187500001 0.4580078125 0.9126369437499999 0.455078125 0.857130028125 0.4560546875
6 0.3490260046875 0.630234771875 0.3108531765625 0.6285679484375 0.31011903749999997 0.613566496875 0.07268728437500001 0.60974495 0.0752091859375 0.64134695625 0.3490260046875 0.6463474890625001 0.3490260046875 0.630234771875
6 0.1031047546875 0.6780171734375 0.18752548125 0.678572775 0.18752548125 0.663571321875 0.3225986578125 0.663571321875 0.3225986578125 0.6502367140625 0.0736050546875 0.6451548703125 0.072272859375 0.6613488984375 0.1009024515625 0.663571321875 0.1031047546875 0.6780171734375
6 0.1537572015625 0.6824620640625 0.07268728437500001 0.6798704796874999 0.0752091859375 0.69524105 0.1530231203125 0.69524105 0.1537572015625 0.6824620640625
6 0.1126479890625 0.805752278125 0.2264324484375 0.805752278125 0.2264324484375 0.790195225 0.35049416718750004 0.7907508265625001 0.354164634375 0.7790830421875 0.2609348109375 0.7763049953125 0.0800294375 0.775685559375 0.0825501203125 0.789639603125 0.11117976874999999 0.790195225 0.1126479890625 0.805752278125
6 0.11411615312500001 0.8524234359375 0.14715035 0.8568683265624999 0.20440965000000003 0.85520148125 0.20440965000000003 0.8385332062499999 0.33067367187499996 0.8396444296875 0.325535040625 0.8229761546875001 0.400412534375 0.8229761546875001 0.400412534375 0.8096415453124999 0.2154210484375 0.8096415453124999 0.08094720625 0.80623529375 0.07667740625 0.8251985984375001 0.11191385000000001 0.8274210234374999 0.11411615312500001 0.8524234359375
6 0.2403801765625 0.8574239703125001 0.14641626875 0.857979528125 0.070851746875 0.8555314578125 0.0715387203125 0.8707585343750001 0.23744384687500003 0.8724253796875001 0.2403801765625 0.8574239703125001
6 0.2888303765625 0.8740922234375 0.070851746875 0.8721949499999999 0.072272859375 0.8874268093750001 0.286628075 0.8874268093750001 0.2888303765625 0.8740922234375
6 0.6457659140625001 0.16442420625 0.49823753281250005 0.16301449375 0.5011155640625 0.177877340625 0.6457659140625001 0.178805146875 0.6457659140625001 0.16442420625
6 0.6200230328125 0.18298025625 0.6034740765625 0.179269040625 0.55076253125 0.18112465312499998 0.4997701015625 0.18156521875 0.5011155640625 0.193186078125 0.6200230328125 0.1936499984375 0.6200230328125 0.18298025625
6 0.56240806875 0.21035042812500002 0.56240806875 0.19968069375 0.4997701015625 0.1972173921875 0.49988973281250004 0.208494825 0.5427944859375 0.21174212812499998 0.56240806875 0.21035042812500002
6 0.5771182796875001 0.2145255546875 0.49823753281250005 0.21344927500000002 0.4986639015625 0.22612307656250002 0.5758924484375 0.225659165625 0.5771182796875001 0.2145255546875
6 0.6255393687499999 0.2340093828125 0.624926453125 0.22751477812499998 0.49823753281250005 0.22910145 0.5011155640625 0.243287409375 0.61634549375 0.24143181406249997 0.6255393687499999 0.2340093828125
6 0.605925784375 0.24421521406250002 0.558730528125 0.24421521406250002 0.4990038171875 0.24591304374999998 0.5011155640625 0.25859616406249997 0.6040869921875001 0.25720444531250003 0.605925784375 0.24421521406250002
6 0.6034740765625 0.2609156703125 0.5005363843749999 0.25982608749999997 0.5011155640625 0.27436879531249997 0.599796534375 0.2734409890625 0.6034740765625 0.2609156703125
6 0.5789570734375 0.28086341875 0.5617951546875 0.27761610625 0.4997701015625 0.2783768125 0.49988973281250004 0.2919970375 0.578344159375 0.29153314375 0.5789570734375 0.28086341875
6 0.58937678125 0.29478045625 0.5501495671875001 0.29292484375 0.5005363843749999 0.29518840625 0.5005026484374999 0.3063779875 0.588763865625 0.3063779875 0.58937678125 0.29478045625
6 0.657411453125 0.31148089375 0.58937678125 0.30869749375 0.5685373203124999 0.30869749375 0.5020689515625001 0.30910145 0.5023414421875 0.321686725 0.6567985375000001 0.32215061875 0.657411453125 0.31148089375
6 0.5734407390625 0.32910913750000004 0.546472028125 0.3249340375 0.5020689515625001 0.32591304375 0.5017285265625 0.3388510734375 0.5703761140625 0.33931496875 0.5734407390625 0.32910913750000004
6 0.6169584078125 0.354159846875 0.6169584078125 0.343026175 0.5611822375 0.34117057968750003 0.5020689515625001 0.3433043484375 0.502954359375 0.3546237046875 0.5752795328125 0.356479353125 0.6169584078125 0.354159846875
6 0.6347332453125001 0.35787101718750003 0.5942802 0.3574071234375 0.55995640625 0.35833492968749997 0.5013026671875 0.35837681250000003 0.502954359375 0.37317977343750003 0.6347332453125001 0.3708602671875 0.6347332453125001 0.35787101718750003
6 0.578344159375 0.3898802109375 0.627991078125 0.38802459843750003 0.627991078125 0.37642706718749996 0.5519883625 0.37457145625 0.5020689515625001 0.3757681171875 0.5035672734375 0.3768909625 0.5041801890625 0.38802459843750003 0.578344159375 0.3898802109375