7 0.10003379999999999 0.16099761875000002 0.18158103125 0.1623146828125 0.21006819375000002 0.160339090625 0.218549125 0.1572110578125 0.23050938593749998 0.1572110578125 0.233988715625 0.1600098234375 0.2461664484375 0.1631378484375 0.275023159375 0.163811365625 0.3144724125 0.16233909375 0.33336361875 0.16170812031249998 0.375626059375 0.16339071562500002 0.4667483109375 0.16339071562500002 0.4700820421875 0.1484576734375 0.46980421406249995 0.1385724296875 0.40340723125 0.1387827515625 0.31811902187499996 0.13752080625000002 0.2242186765625 0.1392034015625 0.20477184531249998 0.1347865828125 0.19853775 0.131922234375 0.191714703125 0.1312110734375 0.1864362765625 0.136048534375 0.16643383125 0.13794145 0.15279294999999998 0.137731128125 0.13890236250000002 0.1333143171875 0.1230671046875 0.1326833375 0.10973213281250001 0.1339452890625 0.093306159375 0.1379642953125 0.0769831203125 0.1461806390625 0.07894025625 0.15918665781250002 0.0898132203125 0.1637963953125 0.10003379999999999 0.16099761875000002
7 0.10506504375 0.22024558125000002 0.125252640625 0.22163499843749998 0.13213477499999998 0.2139932296875 0.1449814375 0.219203525 0.16241615468749998 0.2174667609375 0.1830625546875 0.218508815625 0.20967348437500002 0.224066471875 0.22114370625 0.22094029062499998 0.47578264062500003 0.21955087343750002 0.48266477500000005 0.21017235312500002 0.4872528640625 0.1976676359375 0.4877117015625 0.1823841109375 0.43127819375 0.18029998593750002 0.4129258375 0.17404763437499998 0.3964086890625 0.1709214515625 0.3826444234375 0.17439498125 0.36933895781250003 0.180647346875 0.2000304375 0.17995263749999998 0.0821165328125 0.1823841109375 0.07984654062499999 0.1855442078125 0.0830422203125 0.20357263906249998 0.0766188890625 0.2139932296875 0.0779953296875 0.2251085296875 0.10506504375 0.22024558125000002
7 0.7603383874999999 0.07102671875 0.7513832890625001 0.07386981249999999 0.7505166562500001 0.0830552 0.7562941421875 0.09420888125 0.7900924484375 0.09617718125 0.8042472937499999 0.097270678125 0.8210020109375 0.0955210828125 0.82244638125 0.07146411875 0.7924469625 0.071701115625 0.7817150890625 0.06490312499999999 0.767271375 0.06555922656249999 0.7603383874999999 0.07102671875
2 0.9510138078124999 0.3122102671875 0.9491653093749999 0.108832034375 0.9492933546875 0.1066041625 0.8142573109375 0.1064021203125 0.5174749859375 0.10620008125 0.5164075031250001 0.1074123234375 0.5183704671875 0.10858053906250001 0.5156856328125 0.311860378125 0.5457242015625 0.31290998124999997 0.637226284375 0.3125601046875 0.9510138078124999 0.3122102671875
4 0.9479104968750001 0.393591875 0.953657959375 0.3428270015625 0.9455157140624999 0.317444565625 0.906730915625 0.315311978125 0.752285671875 0.31349382187499997 0.6340741296875 0.314531028125 0.6271540296875 0.312225853125 0.619403509375 0.3157883984375 0.5836397703125 0.315852525 0.5802380625 0.3132075703125 0.5783073703125 0.31292915468750004 0.5736185203125 0.31285954843749997 0.5717797578125 0.3134163828125 0.5615485453125 0.3146864359375 0.5599745015625001 0.3180911859375 0.5649214765624999 0.33324233125 0.51757025625 0.33232274687499996 0.5179302890625 0.33750131250000004 0.51721025 0.41517973281250004 0.5211703703125 0.41517973281250004 0.6327739390625 0.41654251249999996 0.6351699578125001 0.4001683046875 0.7419592234375 0.40011878437500004 0.9440788296875 0.39939358281250004 0.9479104968750001 0.393591875
7 0.5955212671875 0.44137478906250005 0.5948907140624999 0.4346915875 0.5955212671875 0.4308726171875 0.577025228125 0.4289631359375 0.540453540625 0.42880400625000004 0.534568434375 0.4248259109375 0.528473146875 0.4248259109375 0.518080959375 0.43081952812499996 0.5204862343750001 0.439942671875 0.5490710078125 0.44089741875 0.5925787140625001 0.44089741875 0.5955212671875 0.44137478906250005
4 0.9482383953125 0.7788801624999999 0.9527086390624999 0.4482057984375 0.8007200375 0.447359721875 0.7169027390625 0.447359721875 0.6543191671875 0.44651363593750004 0.5950883203124999 0.44651363593750004 0.5466605640625 0.4459495890625 0.558208715625 0.4614610578125 0.517976415625 0.463717265625 0.51574129375 0.4789467078125 0.5138786875 0.5170339109375 0.5146237328125001 0.5796438421875 0.5146237328125001 0.673581103125 0.5138786875 0.7702026640625 0.5193843375 0.7783537218750001 0.579788515625 0.7766239296874999 0.647959934375 0.7777520296875 0.78321149375 0.779444196875 0.9482383953125 0.7788801624999999
4 0.515232015625 0.8935429328125 0.6893701 0.8939682796874999 0.8108070046875 0.8966180406250001 0.8152246078125 0.8949607421874999 0.8374489359374999 0.8970682968749999 0.83801635 0.88246249375 0.9458269203125 0.881603325 0.94625046875 0.7999888515625 0.9461585390625 0.7818917828124999 0.802448040625 0.78230940625 0.7327609953125 0.7798732625 0.7203493484375 0.7789684078125 0.717867021875 0.7800820734375 0.712637409375 0.7821338484375 0.6901300406249999 0.7815411640625001 0.6310597718750001 0.7813958265625 0.5985559046875 0.7815815453125 0.5855543640625 0.778052871875 0.5689957953125 0.7781457281249999 0.5620144765624999 0.7781018984375 0.56058536875 0.781347728125 0.5592958968749999 0.7910125406249999 0.5142253890624999 0.7992339125 0.515981115625 0.8152798171875 0.515232015625 0.8935429328125
3 0.9680771671875 0.8751894374999999 0.9666980953125 0.8599461343750001 0.9614576171874999 0.857161971875 0.953458996875 0.8570923671875 0.9517471234375 0.859112271875 0.9505169796875 0.8765119140625 0.955297759375 0.875885478125 0.9631125 0.8751894374999999 0.9680771671875 0.8751894374999999
6 0.9653190234375 0.91794714375 0.9702836765624999 0.9154413984374999 0.9704675500000001 0.8861380656250001 0.9695481687499999 0.884606775 0.9673416593749999 0.875558240625 0.9586994734375001 0.875558240625 0.9537348140624999 0.8763238875000001 0.9499653515625001 0.8778551765625 0.9485287328125 0.8858311578125001 0.9468394546875001 0.9042351390625001 0.9473910812499999 0.91732070625 0.9553896953125 0.9201048703125 0.9653190234375 0.91794714375
4 0.8141955953125001 0.8967736374999999 0.801746921875 0.8972296640625 0.7979320203125 0.8966216296875 0.7953218109375 0.8972296640625 0.724427025 0.8979897109375001 0.6674041234375 0.8970776578124999 0.664191553125 0.8947975171874999 0.6565617359375 0.8954055562500001 0.649584959375 0.8978013546874999 0.5917121140625 0.896855715625 0.56548195 0.89527966875 0.559653021875 0.9009534515625001 0.5600693671875 0.9104097390625 0.5167688109374999 0.911355365625 0.5151033984375 0.9195508125 0.5167688109374999 0.9280614984375 0.7644980218749999 0.9299527265625 0.8102444328124999 0.9285463484375001 0.9444488390625001 0.9283609374999999 0.9446146609375001 0.8981577515625 0.8593721999999999 0.897533684375 0.8338725234375 0.8981417234375 0.8141955953125001 0.8967736374999999
4 0.49805772656249997 0.2270911796875 0.441358865625 0.2270911796875 0.41472755625 0.224489646875 0.38981440156249997 0.22514005781250002 0.34173368593750003 0.2279641640625 0.3190038984375 0.2271878578125 0.2639739 0.2279641640625 0.2542325703125 0.2246001640625 0.23765520156250003 0.224729546875 0.22569215781250002 0.2279641640625 0.21543812031249998 0.22447077656249997 0.21031110000000003 0.22615278125 0.1883581328125 0.2263967203125 0.15405068125000002 0.22412402656250002 0.11030869375 0.22996802500000002 0.11073752968749999 0.2410067203125 0.063135946875 0.24392870156250002 0.0618494046875 0.2497388671875 0.0657089984375 0.3601255390625 0.25225576875 0.360774875 0.2659787375 0.3555802125 0.2660359484375 0.34433492499999996 0.4985791234375 0.342443678125 0.49848728906249995 0.299283790625 0.49805772656249997 0.2270911796875
4 0.0634219671875 0.3978622421875 0.06342482656250001 0.60749991875 0.0751196703125 0.6121872828125 0.1156670890625 0.6092919796875 0.14748003125 0.6092919796875 0.1450011078125 0.5958420234374999 0.2825816546875 0.5958420234374999 0.49911373281250004 0.5926620125000001 0.496918809375 0.44697840156249996 0.4976504125 0.36111925 0.4830170015625 0.35613388281249997 0.28692926406249997 0.3589035328125 0.2416240984375 0.362144559375 0.21491379687499998 0.362144559375 0.184561175 0.36076580625 0.1171648765625 0.359999828125 0.1016507078125 0.3605741484375 0.103852853125 0.375364453125 0.068071525 0.375823596875 0.0626133625 0.38087411875 0.0634219671875 0.3978622421875
4 0.0611766328125 0.7176799500000001 0.059440778125 0.814271321875 0.06204454375 0.8780085109375 0.1154352375 0.8766823453124999 0.1714334015625 0.877805390625 0.2081474015625 0.8769631015625 0.23410681093750002 0.8769631015625 0.25747029062500004 0.8764015890625 0.31828948437500004 0.8758400546875 0.35871200000000003 0.8764015890625 0.37299495 0.8727474640624999 0.37064871250000003 0.8609057218749999 0.495780125 0.8603136453125 0.4987922671875 0.76159955625 0.49589997343750003 0.6455056890625 0.500077721875 0.628718 0.4904366734375 0.6097405890625 0.3911008421875 0.60925400625 0.292762140625 0.61047050625 0.2149910375 0.6102271906250001 0.17867644062500002 0.6087673859375 0.12018740624999999 0.61168700625 0.11408140625 0.609983884375 0.10058395 0.611443690625 0.1002625859375 0.6245818890625 0.0601559640625 0.626814178125 0.0603086890625 0.6335731874999999 0.0611766328125 0.7176799500000001
4 0.11518185624999999 0.9273831734375 0.1991769015625 0.9280178906250001 0.3845359046875 0.9246856343750001 0.45654975625 0.925161675 0.475203653125 0.9265897796875 0.47897634062499994 0.9253203624999999 0.49750722031250005 0.9219881000000001 0.4939441234375 0.8899349953125 0.49226736249999997 0.8770820171875 0.4353011203125 0.87612994375 0.42000073125000004 0.8737497624999999 0.407005890625 0.8740671234375 0.3868848234375 0.8751778765625 0.3680634390625 0.8769233390625001 0.3393490265625 0.8758125859374999 0.3041371765625 0.8764473 0.27436609375 0.8777167312499999 0.2582273390625 0.8773993734375001 0.2437653453125 0.8770820171875 0.23244723281250002 0.8775580578125 0.2177756328125 0.8783514531250001 0.1940914859375 0.8793035203124999 0.1762759703125 0.8788274812499999 0.1163319875 0.8793035203124999 0.10480430156250001 0.8810489859375 0.10408156093750001 0.891893134375 0.061624615625000004 0.897234215625 0.060576645312499997 0.927224496875 0.11518185624999999 0.9273831734375