2 0.9336424187500001 0.068000946875 0.3648830984375 0.068619646875 0.36355526875 0.3674022703125 0.9328114640624999 0.3712244046875 0.9336424187500001 0.068000946875
2 0.970207853125 0.3996766359375 0.653714265625 0.3989810546875 0.6527540921874999 0.59078383125 0.968545815625 0.5933319375 0.970207853125 0.3996766359375
1 0.6652195546875 0.3958544765625 0.667712546875 0.3780178078125 0.5555234453125 0.37738079375 0.42837569999999997 0.37228458125 0.389317275 0.37228458125 0.3628051765625 0.3719153 0.36355526875 0.386299115625 0.5355786921875 0.38948423593750003 0.6652195546875 0.3958544765625
1 0.8438911890625 0.610038053125 0.8438911890625 0.597297571875 0.7541398312500001 0.5941124515625 0.705108934375 0.5947494890625 0.6495584234375 0.5940136921875 0.6544161296875 0.60621591875 0.7275468703125 0.6106750921875 0.8438911890625 0.610038053125
1 0.5572654140625 0.6442756937499999 0.6170357640625 0.6437366609375 0.6205516624999999 0.629183128125 0.5657036062499999 0.62594899375 0.5122619390625001 0.62540998125 0.44335028281250005 0.62540998125 0.37865775 0.6248709484375 0.3623736109375 0.6245453328125 0.367406828125 0.6383464578125 0.494682440625 0.6421196046875 0.5572654140625 0.6442756937499999
2 0.9320604015624999 0.6507439421875 0.365010971875 0.6467735421875 0.360375028125 0.9526147796875 0.9292476187500001 0.9580049828125 0.9320604015624999 0.6507439421875
7 0.180360971875 0.8146255531250001 0.1824705328125 0.7989939546875 0.3048238546875 0.7984549421875 0.30412063125 0.7839013875 0.10230800625 0.78282334375 0.0713845984375 0.7798142265625 0.070664909375 0.8119304515625 0.1444988046875 0.8119304515625 0.180360971875 0.8146255531250001
3 0.0573044796875 0.8683078703125 0.0423736109375 0.867708475 0.043944076562500003 0.8871735828125 0.055898114062500004 0.8860955374999999 0.0573044796875 0.8683078703125
6 0.058206921875 0.9233658640625 0.0586880375 0.893861590625 0.0428270578125 0.8928011796875 0.04040534375 0.9075073203124999 0.040886478125 0.925578678125 0.058206921875 0.9233658640625
4 0.0662435609375 0.9281511984374999 0.34139793125 0.9281511984374999 0.3450544109375 0.8230422546874999 0.3349989515625 0.8174363937500001 0.1220057859375 0.8188378515625001 0.0939428359375 0.8180385296875 0.0927534578125 0.8321516390625 0.06990011093750001 0.83285238125 0.0662435609375 0.9281511984374999
4 0.46389182343749996 0.5750513734375 0.6394055796875 0.572248484375 0.6384913890624999 0.40057048437500004 0.5361084171875 0.3949647046875 0.47029080156249997 0.39636613593750003 0.3647999796875 0.3968476359375 0.364251278125 0.5876644718749999 0.462977703125 0.5883652421875001 0.46389182343749996 0.5750513734375
4 0.06990011093750001 0.7661567125000001 0.303918384375 0.766857428125 0.30483257343750003 0.75003998125 0.3450544109375 0.7521421828125 0.3450544109375 0.6897774890624999 0.2911205640625 0.6869745984375 0.0973714078125 0.6884413312500001 0.0927534578125 0.70379201875 0.072642540625 0.7023905859374999 0.06990011093750001 0.7661567125000001
4 0.07081423125 0.6843798015625 0.1777679421875 0.687883434375 0.288378134375 0.6850805171875 0.288378134375 0.66966455625 0.3459686015625 0.6717667046875 0.346882721875 0.4370233609375 0.28654989531249997 0.43422044531250004 0.1750255125 0.43211827031250005 0.10079997968750001 0.43187390625 0.10302475468750001 0.4496364328125 0.07447078124999999 0.44893569062500005 0.07081423125 0.6843798015625
4 0.0719441859375 0.43094903437500004 0.333386546875 0.43235051875 0.3324723578125 0.4162337890625 0.3507550359375 0.4162337890625 0.34709855625 0.173081696875 0.264826503125 0.1744831546875 0.15147387968749998 0.175183896875 0.1019428359375 0.1735551671875 0.10028239375 0.188497684375 0.07651485625 0.18919842656250002 0.0719441859375 0.43094903437500004
4 0.333386546875 0.17238098125 0.3297299984375 0.1562642640625 0.3498409171875 0.1583664515625 0.3498409171875 0.060965475000000005 0.07451426562499999 0.060595446875 0.07377249531249999 0.1702788078125 0.166100009375 0.171680265625 0.333386546875 0.17238098125