4 0.881419909375 0.2609375 0.8890728843750001 0.246875 0.8890625 0.2013193765625 0.6790832828125 0.2015625 0.6796278046875 0.26875 0.696875 0.2797197296875 0.8640625 0.2812749484375 0.8734375 0.27817014218749997 0.8781565328125 0.2734375 0.881419909375 0.2609375
6 0.8859760796874999 0.25625 0.8859375 0.201117290625 0.67903785 0.2015625 0.67963715 0.271875 0.6953125 0.279688728125 0.8640625 0.281323753125 0.8781425078125 0.2765625 0.8829497328125001 0.259375 0.8859760796874999 0.25625
6 0.2890625 0.2672035578125 0.2953125 0.2640690625 0.30474750156249997 0.253125 0.3048870078125 0.2015625 0.1328125 0.2008150953125 0.132638334375 0.28125 0.19375 0.2812714890625 0.225 0.276569603125 0.2453125 0.2656558640625 0.2890625 0.2672035578125
6 0.48989000625 0.2 0.490625 0.2283560046875 0.59375 0.22817439374999998 0.5968934453125 0.2265625 0.596875 0.19942703906249998 0.48989000625 0.2
6 0.511765284375 0.328125 0.5125 0.3501585046875 0.565625 0.35005710625 0.57370816875 0.346875 0.5734375 0.3277190640625 0.511765284375 0.328125
6 0.7509619859375001 0.3578125 0.7515625 0.3785934640625 0.815625 0.3782417109375 0.8235002046875 0.3734375 0.8234375 0.3577874890625 0.7509619859375001 0.3578125
6 0.7492484562499999 0.3296875 0.75 0.350263153125 0.8171875 0.3500488234375 0.8236497999999999 0.346875 0.8234375 0.3292989109375 0.7492484562499999 0.3296875
6 0.2515625 0.70936823125 0.1671875 0.70780285 0.1625 0.7105995515625 0.1359375 0.7106213296874999 0.13525473906250002 0.7140625 0.1359375 0.7314917234375 0.3453125 0.7313243234375 0.35164474375 0.728125 0.3515625 0.707541475 0.2515625 0.70936823125
6 0.7508315296875 0.7921875 0.7515625 0.8143517687499999 0.8203125 0.8141149875 0.8251808296875 0.8109375 0.825 0.7916395265625 0.7508315296875 0.7921875
6 0.736950234375 0.4109375 0.7375 0.431589121875 0.8203125 0.43135116875 0.8250126625 0.4296875 0.825 0.4123947890625 0.736950234375 0.4109375
6 0.8234375 0.49371336875000005 0.7510591468750001 0.49375 0.7515625 0.514307984375 0.8171875 0.514142746875 0.8252058968749999 0.509375 0.8251990203125 0.4953125 0.8234375 0.49371336875000005
6 0.240625 0.917232809375 0.2640625 0.907833809375 0.278125 0.9078397593749999 0.2921875 0.912504084375 0.315625 0.9140817828125 0.3203348875 0.909375 0.3203571984375 0.903125 0.334375 0.8938415984375 0.378125 0.889104509375 0.40007725 0.8671875 0.4002575453125 0.84375 0.134375 0.8431840125000001 0.133871784375 0.9234375 0.2015625 0.9235083921875 0.209375 0.920400253125 0.228125 0.9203153109375 0.240625 0.917232809375
6 0.7495788203125 0.384375 0.75 0.40516739062499996 0.8203125 0.4048015859375 0.822106134375 0.403125 0.821875 0.3842679453125 0.7495788203125 0.384375
6 0.4546875 0.5516215015625 0.5046875 0.5127577203125 0.5203125 0.50941230625 0.5328125 0.5016197609375 0.546875 0.4861339453125 0.559375 0.4767361015625 0.565625 0.4765941609375 0.598581665625 0.4453125 0.60316060625 0.440625 0.6001276390625 0.4328125 0.59375 0.42650453749999995 0.5828125 0.42181394375 0.575 0.4294566515625 0.553125 0.4388432765625 0.5390625 0.439039596875 0.5483088375 0.4453125 0.540625 0.45448848750000004 0.5078125 0.470240296875 0.4625 0.5061611859374999 0.453125 0.51699748125 0.4328125 0.5264895453125 0.3968488296875 0.5515625 0.39683004843749997 0.5578125 0.3999615515625 0.5625 0.4078125 0.5688277140625 0.415625 0.5703717687500001 0.4390625 0.5595190546875 0.446875 0.553410321875 0.4546875 0.5516215015625
6 0.753125 0.5411586203125001 0.821875 0.540664803125 0.8203125 0.5202803171875 0.7527082109375 0.5203125 0.753125 0.5411586203125001
6 0.81875 0.5483817390625 0.7529749875 0.5484375 0.753125 0.56762824375 0.8203125 0.5672994453125 0.8235858234375 0.565625 0.8238020703125001 0.5515625 0.81875 0.5483817390625
6 0.13719490625 0.6265625 0.1375 0.650145034375 0.3484375 0.650086003125 0.3548984234375 0.646875 0.3546875 0.6260825015625 0.13719490625 0.6265625
6 0.5119949296875 0.35625 0.5125 0.378568915625 0.571875 0.3782238296875 0.5751181921875 0.375 0.575 0.3561917328125 0.5119949296875 0.35625
7 0.7703125 0.14846030937500002 0.778125 0.146877271875 0.7921875 0.13289688125000002 0.809375 0.12503279375 0.8097100734374999 0.090625 0.2212226671875 0.090625 0.221875 0.14219831875 0.2390625 0.140648609375 0.2484375 0.1500043828125 0.278125 0.1547307421875 0.2828125 0.1594088609375 0.30625 0.1703279921875 0.7046875 0.1703370984375 0.7328125 0.16101139375 0.7609375 0.1578139515625 0.7703125 0.14846030937500002
6 0.821875 0.5749330890625 0.752677253125 0.575 0.753125 0.595353153125 0.815625 0.5954261828125 0.8235587203125 0.590625 0.823697640625 0.5765625 0.821875 0.5749330890625
3 0.480492965625 0.94375 0.48125 0.961337390625 0.534375 0.9610584781249999 0.5362465296875001 0.959375 0.5359375 0.9432078125000001 0.480492965625 0.94375
6 0.5148660625 0.7921875 0.515625 0.8144557484374999 0.5671875 0.814104065625 0.5767135609375 0.809375 0.5765625 0.7917867640625 0.5148660625 0.7921875
6 0.821875 0.656205603125 0.7526324609375 0.65625 0.753125 0.6768141187500001 0.81875 0.676568871875 0.8251483390625 0.671875 0.825004796875 0.6578125 0.821875 0.656205603125
6 0.5102037625 0.7359375 0.5109375 0.76280080625 0.571875 0.76259614375 0.5781712578125 0.75625 0.578125 0.7356004375 0.5102037625 0.7359375
6 0.44615599375 0.0359375 0.446875 0.068927659375 0.559375 0.0687769046875 0.5625288687500001 0.0671875 0.5625 0.03541698125 0.44615599375 0.0359375
6 0.8203125 0.6296739984374999 0.75275713125 0.6296875 0.753125 0.650210684375 0.8171875 0.6500664859375 0.8236596296875 0.646875 0.8235104640625 0.63125 0.8203125 0.6296739984374999
6 0.7508964359375 0.684375 0.7515625 0.70643290625 0.8171875 0.7062873296875 0.821970821875 0.703125 0.821875 0.6841160953125 0.7508964359375 0.684375
6 0.7578125 0.316078203125 0.8046875 0.31569746875 0.8046875 0.2916224578125 0.7570713328124999 0.2921875 0.7578125 0.316078203125
6 0.51040345 0.3828125 0.5109375 0.40511648593749994 0.5703125 0.404795878125 0.57354071875 0.403125 0.5734375 0.3826708984375 0.51040345 0.3828125
6 0.753125 0.8412142093750001 0.825 0.8406388281250001 0.825 0.8200131921875 0.752491190625 0.8203125 0.753125 0.8412142093750001
6 0.571875 0.656145659375 0.51341245625 0.65625 0.5140625 0.676892853125 0.56875 0.676563496875 0.575007040625 0.6734375 0.575110209375 0.6578125 0.571875 0.656145659375
6 0.73674594375 0.7375 0.7375 0.7614479843749999 0.8203125 0.7609404453125 0.825051965625 0.75625 0.825 0.7371195609375001 0.73674594375 0.7375
6 0.51875 0.316087759375 0.5625 0.315626175 0.5625 0.2900297 0.5180072234375 0.290625 0.51875 0.316087759375
6 0.7541644359374999 0.875 0.7546875 0.8956467171875 0.821875 0.895388715625 0.82382704375 0.890625 0.8234375 0.8748192828124999 0.7541644359374999 0.875
6 0.8235601640624999 0.46875 0.815625 0.4655956359375 0.7512925421875 0.4671875 0.7515625 0.48772171093749994 0.815625 0.4875610828125 0.8236322921875001 0.484375 0.8238448109375 0.4765625 0.8235601640624999 0.46875
6 0.821875 0.8483764109375 0.7890625 0.8466812828125001 0.7528042890625 0.8484375 0.753125 0.8690367328124999 0.81875 0.8687841515624999 0.8237070296875 0.865625 0.8238085703125 0.8515625 0.821875 0.8483764109375
6 0.7384407453125 0.4390625 0.7390625 0.4613069890625 0.8203125 0.46096397187499993 0.8250640671875 0.45625 0.825 0.43901601562500003 0.7384407453125 0.4390625
6 0.753125 0.6223618203125 0.8234375 0.621888625 0.8234375 0.6012985671875 0.7525267984374999 0.6015625 0.753125 0.6223618203125
6 0.5340285625 0.6296875 0.534375 0.648925884375 0.571875 0.6484583546875 0.5736226953125 0.646875 0.5734375 0.6312104078125 0.5340285625 0.6296875
6 0.3296875 0.7358640796875 0.1375 0.7357171499999999 0.1368445640625 0.7390625 0.1375 0.7598952156250001 0.3296875 0.7594140390625 0.32344431875 0.7578125 0.3297207796875 0.75625 0.3296875 0.7358640796875
6 0.7609375 0.9622930796875 0.244589921875 0.9625 0.2453125 0.9877445109374999 0.4765625 0.9860290609375 0.740625 0.9875559828125 0.7515625 0.9797697 0.7610050203125 0.978125 0.7609375 0.9622930796875
6 0.5328125 0.6223600078125 0.5703125 0.6219329984375 0.571875 0.60147064375 0.532224690625 0.6015625 0.5328125 0.6223600078125
6 0.157080821875 0.290625 0.1578125 0.31743176093750003 0.209375 0.317238878125 0.21415867031250002 0.3140625 0.2140625 0.29013854375000003 0.157080821875 0.290625
6 0.1355685359375 0.68125 0.1359375 0.7051820656250001 0.2875 0.704760325 0.2939576484375 0.703125 0.29375 0.680933571875 0.1355685359375 0.68125
6 0.53125 0.7050147703125 0.571875 0.7047055125 0.5734375 0.6841111421875 0.5305765046875 0.684375 0.53125 0.7050147703125
6 0.7195529703125 0.903125 0.7203125 0.9238880546875 0.8171875 0.9235752359375 0.8234974640624999 0.9203125 0.8234375 0.9029982640625001 0.7195529703125 0.903125
6 0.5296875 0.8411952765624999 0.575 0.840844996875 0.575 0.8200790015624999 0.5291646828125 0.8203125 0.5296875 0.8411952765624999
6 0.49612099218749994 0.903125 0.496875 0.9239374359375001 0.571875 0.9235594718750001 0.5750259703125 0.921875 0.575 0.9030421703125 0.49612099218749994 0.903125
6 0.53125 0.8956605218749999 0.5734375 0.8954631828125 0.5734375 0.87477239375 0.5307125593750001 0.875 0.53125 0.8956605218749999
6 0.5309555687499999 0.8484375 0.53125 0.869017346875 0.571875 0.8687795046875 0.5739925421875001 0.853125 0.571875 0.84837700625 0.5309555687499999 0.8484375
6 0.1390625 0.654526484375 0.13841874062499998 0.6578125 0.1390625 0.6766347625 0.321875 0.6766753875 0.33141484062500004 0.6734375 0.33125 0.6545910421875 0.1390625 0.654526484375
6 0.1337697875 0.6 0.134375 0.6222622609374999 0.21875 0.62190664375 0.22075479062499997 0.6171875 0.2203125 0.59954618125 0.1337697875 0.6
6 0.1340809703125 0.5734375 0.134375 0.594054446875 0.23125 0.593785415625 0.23324621250000002 0.590625 0.2328125 0.5714780875 0.1340809703125 0.5734375
6 0.1340016984375 0.7640625 0.134375 0.78645805625 0.3390625 0.7859450171875 0.345407096875 0.784375 0.3453125 0.7637843953125001 0.1340016984375 0.7640625
6 0.3375081609375 0.734375 0.3411676921875 0.7296875 0.340625 0.7086669078125001 0.13747421875000002 0.709375 0.1375 0.731473834375 0.2953125 0.731590265625 0.2999948484375 0.734375 0.1375 0.7357287734375 0.1375 0.758409103125 0.3203125 0.7578966203124999 0.3407986390625 0.7546875 0.3406957703125 0.7375 0.3375081609375 0.734375
6 0.1421875 0.6543705953125001 0.140625 0.6515560609375 0.13580673906250001 0.6515625 0.1359375 0.7022904140625 0.325 0.701845575 0.325 0.6514602640625 0.1640625 0.6544319859375001 0.1421875 0.6543705953125001
6 0.73722068125 0.4359375 0.7375 0.45991321875 0.821875 0.45949188124999996 0.8237788687500001 0.4390625 0.8203125 0.43587155 0.73722068125 0.4359375
6 0.13386093906250002 0.5203125 0.134375 0.542635071875 0.2328125 0.5422316828125 0.2390816875 0.540625 0.2390625 0.5201390359375 0.13386093906250002 0.5203125
6 0.51196986875 0.384375 0.5125 0.40507160156250005 0.565625 0.40631102812500003 0.5720895609375 0.403125 0.571875 0.38405133125 0.51196986875 0.384375
6 0.13252586093750002 0.459375 0.1328125 0.4877794515625 0.3421875 0.48909593124999995 0.3469954234375 0.4859375 0.346875 0.45905930625 0.13252586093750002 0.459375
6 0.5734375 0.3573147046875 0.5118128015625001 0.3578125 0.5125 0.40505573281249996 0.5703125 0.4047770296875 0.5736873546875 0.4015625 0.5720008421875 0.3828125 0.5734375 0.3573147046875
6 0.573547034375 0.6734375 0.5734375 0.6574063140625 0.521148571875 0.6578125 0.521875 0.7020514171875 0.5734375 0.7018161765625 0.5736110453125 0.6828125 0.5672351140624999 0.678125 0.573547034375 0.6734375
6 0.8234697796875 0.459375 0.8234375 0.43730509531250006 0.7401087890625 0.4375 0.740625 0.46259996093750005 0.7734351109375 0.4640625 0.771875 0.46684244843749995 0.740625 0.46699685625000004 0.740625 0.48637634375000005 0.8234375 0.485974653125 0.823604609375 0.4671875 0.8203270546875 0.4640625 0.8234697796875 0.459375
6 0.13526488750000001 0.5453125 0.1359375 0.567640046875 0.18125 0.5672317390625 0.18457760625 0.565625 0.184375 0.5451050390625001 0.13526488750000001 0.5453125
6 0.7529340890625 0.6546875 0.753125 0.6768256625 0.81875 0.6766388828125 0.8219225874999999 0.675 0.821875 0.656163378125 0.7529340890625 0.6546875
6 0.3391677359375 0.8125 0.33923150468749996 0.79375 0.3218871921875 0.790625 0.33914703125 0.7859375 0.3390625 0.7682995796875 0.1337121640625 0.76875 0.134375 0.838117659375 0.3140625 0.835995546875 0.3390625 0.8376591609374999 0.33909110625 0.821875 0.325005290625 0.815625 0.3391677359375 0.8125
6 0.753000771875 0.4921875 0.753125 0.514233603125 0.8171875 0.51406998125 0.8206707906249999 0.5109375 0.8203125 0.49346834375000004 0.753000771875 0.4921875
6 0.8173340328125 0.678125 0.821952390625 0.675 0.821875 0.65732825625 0.7524390578125 0.6578125 0.753125 0.7064296328124999 0.8171875 0.706278778125 0.8220096078125 0.703125 0.8219014906250001 0.684375 0.8173340328125 0.678125
6 0.821934728125 0.5421875 0.821875 0.5215492875 0.7524665453125 0.521875 0.753125 0.5439486625 0.7796786421874999 0.5453125 0.778125 0.548092740625 0.753125 0.5481070140625001 0.753125 0.56763076875 0.821875 0.5673000546875 0.8220613765625 0.5484375 0.81726426875 0.5453125 0.821934728125 0.5421875
6 0.8251435015625 0.8109375 0.825 0.793226575 0.7523719015625 0.79375 0.753125 0.8411896296875 0.8234375 0.8408074624999999 0.825103509375 0.821875 0.8188045609374999 0.815625 0.8251435015625 0.8109375
6 0.5139540046875 0.3546875 0.5140625 0.37856321249999997 0.571875 0.3782067765625 0.5739658546874999 0.371875 0.5734375 0.3561663234375 0.5139540046875 0.3546875
6 0.3478333328125 0.3316853359375 0.138717390625 0.3316853359375 0.138717390625 0.34768330000000003 0.3478333328125 0.34768330000000003 0.3478333328125 0.3316853359375
6 0.26707970937500003 0.353508146875 0.1345724640625 0.353508146875 0.1345724640625 0.379689409375 0.26707970937500003 0.379689409375 0.26707970937500003 0.353508146875
6 0.2318768109375 0.3811507125 0.136644928125 0.3811507125 0.136644928125 0.3986048875 0.2318768109375 0.3986048875 0.2318768109375 0.3811507125
6 0.196681159375 0.4131568234375 0.1387101453125 0.4131568234375 0.1387101453125 0.43061099843750006 0.196681159375 0.43061099843750006 0.196681159375 0.4131568234375
6 0.25052173906249997 0.43206211874999995 0.1387246375 0.43206211874999995 0.1387246375 0.45824338124999997 0.25052173906249997 0.45824338124999997 0.25052173906249997 0.43206211874999995
6 0.5714275359375 0.5775356421875 0.5362246374999999 0.5775356421875 0.5362246374999999 0.5979022406250001 0.5714275359375 0.5979022406250001 0.5714275359375 0.5775356421875
6 0.5776376812499999 0.5440784109375 0.5300144921875 0.5440784109375 0.5300144921875 0.565901221875 0.5776376812499999 0.565901221875 0.5776376812499999 0.5440784109375
6 0.5797028984375 0.4931619140625 0.513456521875 0.4931619140625 0.513456521875 0.5178971484375 0.5797028984375 0.5178971484375 0.5797028984375 0.4931619140625
6 0.5838478265625 0.5251680249999999 0.5527898546875 0.5251680249999999 0.5527898546875 0.5411659875 0.5838478265625 0.5411659875 0.5838478265625 0.5251680249999999
6 0.5776376812499999 0.4087881875 0.5196666671875 0.4087881875 0.5196666671875 0.4291547859375 0.5776376812499999 0.4291547859375 0.5776376812499999 0.4087881875
6 0.577630434375 0.46551934843750004 0.5258768109374999 0.46551934843750004 0.5258768109374999 0.48588594687500003 0.577630434375 0.48588594687500003 0.577630434375 0.46551934843750004
6 0.5714275359375 0.43933299375 0.5113840578125 0.43933299375 0.5113840578125 0.45824338124999997 0.5714275359375 0.45824338124999997 0.5714275359375 0.43933299375
5 0.0993788828125 0.929589759375 0.9047619046875001 0.9281350015625 0.9109730859375 0.1905731734375 0.091097309375 0.196392203125 0.0993788828125 0.929589759375