4 0.5102280703125001 0.08076568437500001 0.42253187812500004 0.08076568437500001 0.3806143703125 0.0806528578125 0.2806272109375 0.08042721093750001 0.24006300937499997 0.0785091859375 0.1244853046875 0.08178110625 0.12241244843750002 0.0857299765625 0.1240661625 0.0973509390625 0.0968550109375 0.09768941249999999 0.0960660796875 0.14404880312499999 0.14443604375000002 0.144379196875 0.17424052031249998 0.14238453125 0.16838612343749998 0.127653153125 0.39965117499999997 0.13075449687500001 0.421361696875 0.1294622703125 0.5098667171875 0.13075449687500001 0.5102280703125001 0.08076568437500001
4 0.5798915203125 0.28390276875 0.66720928125 0.28171609062499997 0.6686868125000001 0.266785409375 0.8170779578125 0.26960364375 0.9429675609375 0.26856545 0.9475789046875001 0.199351478125 0.9483842765625001 0.07917841875000001 0.726117565625 0.079524475 0.5287520796875 0.07744806875 0.5229223890625 0.2124328078125 0.525067890625 0.28379858125 0.5798915203125 0.28390276875
4 0.09501851875 0.2827021625 0.14569394375 0.283057584375 0.19210694374999998 0.2841238671875 0.2740400984375 0.282346734375 0.4358578765625 0.2818135953125 0.46214276875 0.2827021625 0.483691678125 0.2821690171875 0.4841652734375 0.26493083125 0.5099989828125 0.2627982625 0.5128406234375 0.15985356875 0.51124088125 0.14892474218750001 0.39260354999999997 0.1473253265625 0.21391171875 0.1473253265625 0.1313671984375 0.147147609375 0.1191722359375 0.1490434046875 0.1210666328125 0.16379361718750002 0.09501851875 0.1639713234375 0.092650509375 0.261536771875 0.09501851875 0.2827021625
4 0.112288153125 0.33405756875 0.16910624999999999 0.3334890296875 0.2745478390625 0.33358378437499997 0.28730032968749997 0.3346261078125 0.2955073875 0.3347208671875 0.3465908546875 0.3328257296875 0.398664790625 0.3314707671875 0.3990604578125 0.3164757046875 0.5062839109375 0.317218034375 0.510636146875 0.3130609875 0.511787934375 0.28603062343749996 0.4608090546875 0.2840984828125 0.36504255625000004 0.2841918359375 0.2538755875 0.28485428125 0.210181896875 0.28430224375 0.1406938515625 0.28540631875 0.12063219375 0.2873136 0.1210002609375 0.3025808046875 0.0948639359375 0.3036231328125 0.09600030000000001 0.3323519453125 0.112288153125 0.33405756875
4 0.09499051875 0.3673179109375 0.156440209375 0.36771039375000003 0.23247855781250001 0.36623859062499997 0.23352449531250002 0.3499506421875 0.38269812187499996 0.350890359375 0.4421427265625 0.351801359375 0.5049786078125 0.3513458578125 0.5067994421875001 0.3429950265625 0.5029554468749999 0.33798452968750003 0.45743431250000005 0.3361625296875 0.419601184375 0.3338850296875 0.31330922031249997 0.3354033625 0.194736675 0.33752903125 0.14496690625 0.33601069843750003 0.13303025 0.33601069843750003 0.118539128125 0.34034288125 0.11996262499999999 0.35407168906250003 0.0918526609375 0.3543660484375 0.09381382031249999 0.3579964953125 0.09499051875 0.3673179109375
4 0.09398324218750001 0.39067068125 0.09641102968750001 0.401906346875 0.1168449578125 0.40388017343750005 0.212540503125 0.40251368281250005 0.21274281718750002 0.3850528609375 0.41381258593750003 0.3871785171875 0.5057843328125 0.3850899921875 0.5047727531249999 0.371121328125 0.46855817499999997 0.368843828125 0.3204627453125 0.36914749687500004 0.1756319984375 0.3697548265625 0.12685533437500002 0.36914749687500004 0.11867811875 0.37054929062499997 0.11866580625 0.383686346875 0.11583337812500001 0.387785846875 0.09661334375 0.38702667968750004 0.09398324218750001 0.39067068125
4 0.0957990515625 0.4365810953125 0.11238897187500001 0.4390104265625 0.17106065312500002 0.43749209375 0.2788951515625 0.4362774328125 0.27970443437500003 0.421853265625 0.4251929125 0.4203349328125 0.5081638640625 0.419423946875 0.5083661921875 0.4059107703125 0.44564817031250004 0.40408877499999996 0.3183777203125 0.4039369375 0.219316328125 0.40424060624999997 0.12341846875 0.4039369375 0.1194369296875 0.40815115625000004 0.12149319843749999 0.41851293749999996 0.10793802187499998 0.419727603125 0.093775890625 0.421853265625 0.0957990515625 0.4365810953125
4 0.099582059375 0.5083595390625 0.19635306875 0.5069892734375 0.284220984375 0.5043262859375 0.3307346515625 0.5057225765625 0.42304060468750004 0.5045589984375 0.50416146875 0.5041776515625 0.5071704234375 0.4407879859375 0.4285074171875 0.43852982812499997 0.261866340625 0.43820723125 0.1315931984375 0.440465390625 0.1236409171875 0.440142796875 0.12182085312499999 0.44366916874999995 0.12149247031249999 0.4551474265625 0.0962346140625 0.45423390937499997 0.0938001390625 0.5047054906249999 0.099582059375 0.5083595390625
7 0.2593713203125 0.5547782359375 0.49566174687500003 0.5550192 0.49534066718750003 0.510436903125 0.3078122359375 0.5073040953125 0.28938149375 0.5049797078125 0.274476475 0.5052593546875 0.2564041390625 0.5129496265625 0.1568890125 0.5119708640625 0.11730500937499999 0.518497721875 0.12161498906249998 0.5494765375 0.18583705156250002 0.5559831640625 0.23914138437500002 0.5583930171875 0.2593713203125 0.5547782359375
6 0.6326208796875 0.512864921875 0.569486396875 0.5111159562500001 0.5014514953125 0.5157033906249999 0.5027502890625 0.5389402921875 0.541308921875 0.5418022234375 0.6349513609375 0.53957628125 0.6326208796875 0.512864921875
4 0.526724465625 0.3080611171875 0.5229204703125 0.39696823124999997 0.5224132781249999 0.502694103125 0.5262172734375 0.5053585828125 0.6913106671875 0.506500509375 0.9346981921875 0.5082198296875 0.9405290984375 0.41287959531249996 0.943317446875 0.289011515625 0.8461887406249999 0.285966390625 0.678977209375 0.285776071875 0.5763174249999999 0.286537353125 0.55173430625 0.29022666875 0.5505628390624999 0.3046353515625 0.54016525625 0.301590234375 0.5312892687499999 0.30273215000000003 0.526724465625 0.3080611171875
2 0.9581575484375 0.8526794640625001 0.9779371234375 0.7584057468750001 0.98657768125 0.5439159078125 0.6598578015625 0.5435661140625 0.5208509968749999 0.552467746875 0.493057975 0.5573411078125 0.285749784375 0.5567562984375 0.2572952109375 0.5579259015625 0.2443078140625 0.56007018125 0.21573553906249998 0.5596803140625 0.15131804375 0.5561714921875 0.092200265625 0.5614347234375 0.0851150203125 0.5642350609375 0.0826096046875 0.94925620625 0.94452245625 0.934249503125 0.9499764687500001 0.8833778640625001 0.9581575484375 0.8526794640625001
6 0.9646720734375 0.9249200515625 0.968694546875 0.8992605859375 0.9657550390624999 0.894268015625 0.9623024203125 0.8943064406250001 0.9509028765625 0.8935713796875 0.948582221875 0.9091296109375 0.9476539531249999 0.92503615625 0.9646720734375 0.9249200515625
3 0.9621967 0.8915975843749999 0.969313378125 0.888346603125 0.9696227937499999 0.875574921875 0.9621967 0.8700018249999999 0.9606495984375 0.8697696125000001 0.9560082921875 0.8713950968749999 0.9527593921875 0.8820768671874999 0.9547706312500001 0.8895076640624999 0.9621967 0.8915975843749999