0 0.959217390625 0.7961111109375001 0.5285217390625 0.7961111109375001 0.5285217390625 0.9586030203125 0.959217390625 0.9586030203125 0.959217390625 0.7961111109375001
3 0.9890797093750001 0.8885167203125001 0.96239855 0.8885167203125001 0.96239855 0.9129935281250001 0.9890797093750001 0.9129935281250001 0.9890797093750001 0.8885167203125001
6 0.989818840625 0.9206202812500001 0.9584710140625001 0.9206202812500001 0.9584710140625001 0.9602642937500001 0.989818840625 0.9602642937500001 0.989818840625 0.9206202812500001
1 0.9838478265624999 0.42453074375 0.535050725 0.42453074375 0.535050725 0.479935275 0.9838478265624999 0.479935275 0.9838478265624999 0.42453074375
2 0.9741449281250001 0.08407767031249999 0.545507246875 0.08407767031249999 0.545507246875 0.4283495140625 0.9741449281250001 0.4283495140625 0.9741449281250001 0.08407767031249999
4 0.967043478125 0.482756203125 0.7511594203125 0.482756203125 0.7511594203125 0.6486353828125 0.967043478125 0.6486353828125 0.967043478125 0.482756203125
4 0.9687463765625 0.6541208203125 0.7523550718750001 0.6541208203125 0.7523550718750001 0.7815641859375 0.9687463765625 0.7815641859375 0.9687463765625 0.6541208203125
4 0.7422101453125001 0.6061866234375 0.519181159375 0.6061866234375 0.519181159375 0.7833063640625 0.7422101453125001 0.7833063640625 0.7422101453125001 0.6061866234375
4 0.736855071875 0.5693311765625 0.5304782609375 0.5693311765625 0.5304782609375 0.6075188781249999 0.736855071875 0.6075188781249999 0.736855071875 0.5693311765625
4 0.7525289859375001 0.482308521875 0.5298768109374999 0.482308521875 0.5298768109374999 0.5704854375 0.7525289859375001 0.5704854375 0.7525289859375001 0.482308521875
4 0.5262391296875 0.08010248125 0.30860145 0.08010248125 0.30860145 0.27420172656249997 0.5262391296875 0.27420172656249997 0.5262391296875 0.08010248125
4 0.52146376875 0.28209277187500004 0.297869565625 0.28209277187500004 0.297869565625 0.3538079828125 0.52146376875 0.3538079828125 0.52146376875 0.28209277187500004
4 0.51839855 0.352675296875 0.306818840625 0.352675296875 0.306818840625 0.42206040937499995 0.51839855 0.42206040937499995 0.51839855 0.352675296875
4 0.5231739125 0.42371089531250006 0.3050289859375 0.42371089531250006 0.3050289859375 0.4593743265625 0.5231739125 0.4593743265625 0.5231739125 0.42371089531250006
4 0.5187391296875 0.4587810140625 0.306217390625 0.4587810140625 0.306217390625 0.49515641875 0.5187391296875 0.49515641875 0.5187391296875 0.4587810140625
4 0.5156739124999999 0.5005178 0.302644928125 0.5005178 0.302644928125 0.6709816609375 0.5156739124999999 0.6709816609375 0.5156739124999999 0.5005178
4 0.5211304343750001 0.6736515640625 0.29727536250000003 0.6736515640625 0.29727536250000003 0.7214293421875 0.5211304343750001 0.7214293421875 0.5211304343750001 0.6736515640625
4 0.5132971015625001 0.7207119734375 0.2942971015625 0.7207119734375 0.2942971015625 0.9611650484375 0.5132971015625001 0.9611650484375 0.5132971015625001 0.7207119734375
4 0.297782609375 0.07553937499999999 0.0737536234375 0.07553937499999999 0.0737536234375 0.20036138124999997 0.297782609375 0.20036138124999997 0.297782609375 0.07553937499999999
4 0.30105072499999996 0.203031284375 0.0745724640625 0.203031284375 0.0745724640625 0.253063646875 0.30105072499999996 0.253063646875 0.30105072499999996 0.203031284375
4 0.29591304375 0.25281014062499996 0.0827246375 0.25281014062499996 0.0827246375 0.30749190937500004 0.29591304375 0.30749190937500004 0.29591304375 0.25281014062499996
4 0.294992753125 0.30501618124999996 0.08028260937500001 0.30501618124999996 0.08028260937500001 0.3591693640625 0.294992753125 0.3591693640625 0.294992753125 0.30501618124999996
4 0.2945144921875 0.357227615625 0.078644928125 0.357227615625 0.078644928125 0.51498381875 0.2945144921875 0.51498381875 0.2945144921875 0.357227615625
4 0.2931231890625 0.5150755124999999 0.07212318906250001 0.5150755124999999 0.07212318906250001 0.552411003125 0.2931231890625 0.552411003125 0.2931231890625 0.5150755124999999
4 0.2875289859375 0.5514886734375 0.07374637656250001 0.5514886734375 0.07374637656250001 0.7561057171875001 0.2875289859375 0.7561057171875001 0.2875289859375 0.5514886734375
4 0.28194202968750004 0.7536569578125001 0.0713043484375 0.7536569578125001 0.0713043484375 0.7879827406250001 0.28194202968750004 0.7879827406250001 0.28194202968750004 0.7536569578125001
4 0.2814855078125 0.787038834375 0.06886231875 0.787038834375 0.06886231875 0.9038996765625 0.2814855078125 0.9038996765625 0.2814855078125 0.787038834375
4 0.282869565625 0.9036084140625 0.065594203125 0.9036084140625 0.065594203125 0.9618069046875 0.282869565625 0.9618069046875 0.282869565625 0.9036084140625