4 0.2666086609375 0.17578981875 0.36909642656249997 0.1769435453125 0.37294935156250003 0.063300790625 0.09171481875000001 0.0628604390625 0.09091526562499999 0.1913652265625 0.267379234375 0.1890577515625 0.2666086609375 0.17578981875
4 0.0901446640625 0.3517342390625 0.37294935156250003 0.3488499046875 0.3714082046875 0.190788346875 0.11868977031250001 0.19261822343749999 0.124821015625 0.2104018265625 0.0916858390625 0.2104018265625 0.0901446640625 0.3517342390625
4 0.46526383281249994 0.22366975937500003 0.66253363125 0.2230929 0.66484535 0.062723921875 0.38458572343749997 0.0628604390625 0.3828112640625 0.23751457031249998 0.464493259375 0.2380914296875 0.46526383281249994 0.22366975937500003
4 0.3843524109375 0.3159684484375 0.44060513749999997 0.3194296625 0.5939515578125001 0.3159684484375 0.5939515578125001 0.3021236578125 0.6640747765625 0.29981618125 0.6656159234375 0.24097576250000002 0.6124456078125 0.23751457031249998 0.4125240671875 0.24019607812500002 0.41748758906249994 0.254820575 0.3828112640625 0.2553974328125 0.3843524109375 0.3159684484375
6 0.660992425 0.3200065640625 0.615799596875 0.316608996875 0.6178396796875 0.3338513328125 0.66253363125 0.333274453125 0.660992425 0.3200065640625
7 0.5939515578125001 0.3680122703125 0.5608163796875 0.3639741984375 0.5204238734375 0.364907728125 0.5230577046875 0.382433940625 0.5916397796874999 0.382433940625 0.5939515578125001 0.3680122703125
7 0.26584570625000004 0.3939712765625 0.0936416015625 0.3915801625 0.10248171718750002 0.41473847187499996 0.2589104875 0.41473847187499996 0.26584570625000004 0.3939712765625
4 0.0924641171875 0.5635212703125 0.3737276015625 0.5623675546875 0.37526880625 0.463146459375 0.37526880625 0.42276578281250005 0.125433509375 0.41897347187499995 0.1248286640625 0.436033715625 0.0947758671875 0.43372623906249996 0.0924641171875 0.5635212703125
4 0.666549946875 0.4025754328125 0.4723625 0.40430604062500003 0.387475896875 0.40599769375 0.391451078125 0.5652518890625 0.6680910921875001 0.5612138171875001 0.666549946875 0.4025754328125
1 0.28896325625 0.5960633515625 0.2881926828125 0.5827954078124999 0.25351635781250004 0.5804879421875 0.09171481875000001 0.5818915796875 0.091693515625 0.59548649375 0.10941696406250001 0.597793946875 0.28896325625 0.5960633515625
2 0.64882646875 0.60067828125 0.079190734375 0.603517878125 0.078593565625 0.9200294906250001 0.6495971 0.9234906828125 0.64882646875 0.60067828125
3 0.9775131359375001 0.8492004296875001 0.9632947843749999 0.8483996546875 0.9636425531249999 0.8656411468749999 0.9763572765624999 0.8665064328125001 0.9775131359375001 0.8492004296875001
6 0.978091021875 0.9041469953125001 0.9769351625 0.8738614874999999 0.9632947843749999 0.87218858125 0.9595969999999999 0.8877062953125 0.9601749749999999 0.9067429062500001 0.978091021875 0.9041469953125001
4 0.9572852812500001 0.898955190625 0.8445871859375 0.8963592968749999 0.8116446953124999 0.8972246 0.7067918953125 0.89759948125 0.7047260328125 0.910204103125 0.9561294203124999 0.910204103125 0.9572852812500001 0.898955190625
4 0.6787187890624999 0.8944294390625 0.73362296875 0.8939967953125001 0.830716690625 0.8939967953125001 0.8330284109375 0.8792866859374999 0.9590191140625001 0.8792866859374999 0.9555514468749999 0.784968965625 0.95670730625 0.6902185937499999 0.8243593312499999 0.6897859421875 0.70823698125 0.6905276812500001 0.7099274890625 0.70622664375 0.6787187890624999 0.7040633921875 0.6787187890624999 0.8944294390625
4 0.678140859375 0.6805742968749999 0.7330450374999999 0.6831701906250001 0.8723282625 0.682737546875 0.873484121875 0.66846008125 0.9555514468749999 0.66716215 0.9595969999999999 0.5819300609375 0.9549734734375 0.5689505578125 0.9532397265625001 0.5204937421875 0.9561294203124999 0.4019476234375 0.9405250484375 0.397621121875 0.8232034703125001 0.3963231828125 0.7060693515625001 0.39803200625 0.70819365625 0.41406182343750003 0.6764070249999999 0.4127638671875 0.678140859375 0.6805742968749999
4 0.7550066828124999 0.3807198265625 0.9555514468749999 0.381152503125 0.9555514468749999 0.214149553125 0.9555514468749999 0.0661832078125 0.8474768796875001 0.063154659375 0.679335246875 0.06444636718749999 0.678140859375 0.3952303171875 0.7561625875 0.39566296093750003 0.7550066828124999 0.3807198265625