0 0.529549671875 0.09264519375 0.54652241875 0.6139849640625 0.97536713125 0.61482719375 0.9617889343750001 0.0892762765625 0.529549671875 0.09264519375
4 0.51031389375 0.086749590625 0.07354856562499999 0.09011850625 0.07354856562499999 0.24508864843749997 0.433370778125 0.24761533593750001 0.4356338109375 0.23161298437500003 0.5069193453125 0.22824406718749998 0.51031389375 0.086749590625
7 0.07807463125 0.27540889375 0.377926475 0.273724434375 0.3790579921875 0.2518264796875 0.08033766406250001 0.2535109390625 0.07807463125 0.27540889375
4 0.51370844375 0.27540889375 0.10636254062499999 0.281304496875 0.0758115984375 0.29899130625 0.082600696875 0.543237725 0.3202191390625 0.5440799546874999 0.3179561078125 0.5280776031250001 0.518234509375 0.5280776031250001 0.51370844375 0.27540889375
7 0.08938979531249999 0.57861134375 0.2002784015625 0.5794535734374999 0.2002784015625 0.55755561875 0.0837322125 0.5617667640625 0.08938979531249999 0.57861134375
4 0.518234509375 0.58113803125 0.11202012343750001 0.5853491765625 0.07807463125 0.6030359859375001 0.0871267625 0.8422290312499999 0.40734590156249995 0.8363334281249999 0.40847741875 0.824542221875 0.5261551234375 0.8178043890625 0.518234509375 0.58113803125
4 0.1199407375 0.845597946875 0.08938979531249999 0.862442528125 0.088258278125 0.961825553125 0.5250236078125 0.9576144093750001 0.5204975421875 0.83717565625 0.1199407375 0.845597946875
4 0.9767271421875 0.6178848203125 0.6993338812500001 0.62044653125 0.694515634375 0.639403196875 0.543773390625 0.6409402234375 0.538955146875 0.656822834375 0.9065184265624999 0.6506747265625 0.905141784375 0.63376743125 0.9698439343749999 0.6296686921875 0.9767271421875 0.6178848203125
4 0.9732855390624999 0.6563104937500001 0.5685529390624999 0.6609215734375 0.569241259375 0.681415265625 0.5430850703125001 0.681415265625 0.541020109375 0.7623653499999999 0.803958634375 0.758778953125 0.8012053515625001 0.7454580546875 0.9753505015625 0.7408469734375001 0.9732855390624999 0.6563104937500001
4 0.9732855390624999 0.76441471875 0.5706179 0.7715875109375 0.5706179 0.785420753125 0.5451500328125001 0.7864454375000001 0.5417084296875 0.9088952484374999 0.9271680484375 0.9063335374999999 0.9312979718750001 0.8894262421875 0.9746621796875001 0.8868645296875 0.9732855390624999 0.76441471875
4 0.9739738593749999 0.9073582218749999 0.5726828625 0.911969303125 0.5451500328125001 0.9304136250000001 0.545838353125 0.9616665062499999 0.9767271421875 0.9601294796875001 0.9739738593749999 0.9073582218749999
6 0.069743153125 0.9263325921875 0.06634657031249999 0.9630757703124999 0.08808469687500001 0.9645926906250001 0.08785825781249999 0.9261640453125001 0.069743153125 0.9263325921875
3 0.0701960296875 0.9039158828125 0.0704224703125 0.9148714171875 0.0833294828125 0.9130174046875 0.085820309375 0.8991965765625001 0.0733661734375 0.8981852953124999 0.0701960296875 0.9039158828125