7 0.36269709375 0.0891073875 0.190330375 0.0873015875 0.1841325328125 0.1123428578125 0.3606563875 0.111568325 0.36269709375 0.0891073875
7 0.23106948749999998 0.1371273375 0.19025473125 0.127833171875 0.09465490625 0.1337591953125 0.09944188125 0.1642353875 0.22698799687500001 0.1650099203125 0.23106948749999998 0.1371273375
7 0.516772784375 0.1797257015625 0.43412291718749996 0.172755078125 0.149439975 0.172755078125 0.09593057968749999 0.17537746875 0.10250301875000001 0.2099318265625 0.5116709390625 0.2099318265625 0.516772784375 0.1797257015625
4 0.093641653125 0.396359978125 0.3109802328125 0.3977541203125 0.3109802328125 0.381953975 0.367916790625 0.38241869375 0.3697534734375 0.22069982656249998 0.12491387812500002 0.220209059375 0.1248649328125 0.23789406093749998 0.0930294421875 0.236035215625 0.093641653125 0.396359978125
4 0.093641653125 0.5085576406250001 0.2889402734375 0.5108811875 0.287715803125 0.49601048125 0.367916790625 0.49647521875 0.36852904999999997 0.43002173906249996 0.3691413078125 0.3984215015625 0.12414847343749999 0.3967479671875 0.1218038265625 0.40957451718750004 0.0954783359375 0.40957451718750004 0.093641653125 0.5085576406250001
4 0.0930294421875 0.5726461984375 0.36669236562499996 0.5768285718749999 0.367916790625 0.512233971875 0.22588145625 0.511769253125 0.14629268125 0.5108398296875001 0.12032145624999999 0.5140534265625 0.120579403125 0.5271046593750001 0.094253865625 0.5271046593750001 0.0930294421875 0.5726461984375
1 0.239350353125 0.59866991875 0.24241146093750002 0.58658748125 0.22833035000000002 0.5796168390624999 0.1499659984375 0.5786874171874999 0.09429772812500001 0.5831591171875 0.093641653125 0.5944875265625 0.120579403125 0.59866991875 0.239350353125 0.59866991875
2 0.367916790625 0.6018702046875 0.09735934375000001 0.60232288125 0.097927184375 0.9318139078125001 0.367916790625 0.93134920625 0.367916790625 0.6018702046875
6 0.123640509375 0.9453778343750001 0.083582075 0.9437862953125 0.08445833281250001 0.9560661312500001 0.12425272031250001 0.9569955703125 0.123640509375 0.9453778343750001
6 0.17261821718749998 0.9477013812499999 0.1542515765625 0.9430542875000001 0.1310371078125 0.9426248546875 0.1328238296875 0.9579249750000001 0.171393746875 0.9579249750000001 0.17261821718749998 0.9477013812499999
3 0.2044537078125 0.9579249750000001 0.202617071875 0.9458425374999999 0.176903746875 0.9486307859374999 0.1799648546875 0.9569955703125 0.2044537078125 0.9579249750000001
4 0.38387676875 0.934689503125 0.6557030109374999 0.936083646875 0.6606007984375 0.9058775515624999 0.40964407343750003 0.9042973296874999 0.4089778328125 0.9188893765625 0.382652296875 0.92167764375 0.38387676875 0.934689503125
4 0.38387676875 0.9016951234375 0.51121878125 0.9035540046874999 0.5148921453125 0.8891479828125 0.6569275265625001 0.8891479828125 0.658764115625 0.7924884078125001 0.441425584375 0.7915590031249999 0.4073478625 0.7910569109375001 0.4108145171875 0.8096826609375001 0.3851011921875 0.8078238343749999 0.38387676875 0.9016951234375
4 0.38387676875 0.7878413140625 0.524075465625 0.7897001578125 0.53693210625 0.788306034375 0.53693210625 0.7752941828125001 0.6569275265625001 0.7790118453125 0.658764115625 0.698617109375 0.6324386734375 0.6962935625 0.4726488640625 0.6925758953125001 0.415767303125 0.6934959359375 0.41999783749999997 0.7097701328125 0.3844889796875 0.709305421875 0.38387676875 0.7878413140625
4 0.3875500859375 0.6906497109374999 0.4224466859375 0.6911144296875 0.5093821453125 0.6929732578125 0.51060656875 0.677173146875 0.6575396921875 0.679031975 0.6618252234375 0.6204785937499999 0.6606007984375 0.5628546171875 0.415767303125 0.5605110343749999 0.4114267296875 0.5800488703125 0.3887745109375 0.5800488703125 0.3875500859375 0.6906497109374999
4 0.3863256625 0.5602463953125 0.6508053140625 0.5607110984375 0.6471319484375 0.5472345171875 0.6618252234375 0.5449109703125 0.6624374828125 0.536546221875 0.6575396921875 0.5291108609374999 0.6618252234375 0.515169578125 0.66366190625 0.3515918546875 0.5522376390625 0.3506624328125 0.44387443125 0.3515918546875 0.415767303125 0.3520325203125 0.41693672968750006 0.3687861171875 0.3887745109375 0.3687861171875 0.3863256625 0.5602463953125
4 0.44387443125 0.3340802390625 0.6648863296874999 0.3350096609375 0.666110846875 0.2211558515625 0.38821276875 0.21904761874999998 0.38938676875 0.35173919374999996 0.44387443125 0.34895094375 0.44387443125 0.3340802390625
2 0.9561826046874999 0.004559381249999999 0.68672023125 0.0030197453124999997 0.681907375 0.3381178984375 0.9531214984374999 0.3409061484375 0.9561826046874999 0.004559381249999999
7 0.7749650484374999 0.35883455625 0.7774139421874999 0.3504697546875 0.768842834375 0.3448932375 0.7388439796874999 0.3421049890625 0.6844240187499999 0.33925667812500004 0.682519634375 0.35511685000000004 0.74435398125 0.3546521296875 0.7749650484374999 0.35883455625
4 0.7406806609375 0.462912753125 0.9531214984374999 0.4666304421875 0.9561826046874999 0.36857674218750003 0.683658615625 0.36422764218750003 0.6788462671875 0.478248178125 0.74435398125 0.478248178125 0.7406806609375 0.462912753125
4 0.67762184375 0.5748630968749999 0.6788462671875 0.579045453125 0.9537336640625 0.579974859375 0.9561826046874999 0.48006233125 0.8361871828125 0.4809917546875 0.7081515359375 0.4803716609375 0.7082329109375001 0.4963271625 0.6794585265624999 0.4977213046875 0.67762184375 0.5748630968749999
1 0.9200614890625 0.5850866734375 0.9065926390625 0.58229840625 0.678300790625 0.5785133578125 0.6794585265624999 0.59763383125 0.9157759593750001 0.5994926578124999 0.9200614890625 0.5850866734375
2 0.9482237078125 0.601660865625 0.6813624046875 0.603484321875 0.6788462671875 0.8047388890624999 0.9482237078125 0.8052035921874999 0.9482237078125 0.601660865625
4 0.7633328328125 0.8391947203125 0.9555703453125 0.841053546875 0.9555703453125 0.8089886078124999 0.6813624046875 0.8061556328125 0.681907375 0.854530128125 0.7614961499999999 0.854530128125 0.7633328328125 0.8391947203125
4 0.6787397234375 0.936544815625 0.765628028125 0.9376172281249999 0.769160075 0.9231397375 0.9542393312499999 0.9226035421875001 0.9570649250000001 0.858259159375 0.7093526296875 0.8564727968750001 0.7098217421874999 0.87273665 0.6808589203125 0.873809059375 0.6787397234375 0.936544815625