2 0.5179727109375001 0.004526021874999999 0.07613766250000001 0.0098627796875 0.089805753125 0.5372689375 0.5319727734375 0.5346953390625 0.5179727109375001 0.004526021874999999
2 0.9764730484375 0.004526021874999999 0.538506390625 0.006646656250000001 0.547139396875 0.5338374734375 0.9799730859375 0.5346953390625 0.9764730484375 0.004526021874999999
1 0.13981420312499998 0.542087209375 0.090392828125 0.542138365625 0.09625861875 0.5548982015624999 0.13981420312499998 0.5553557296875 0.13981420312499998 0.542087209375
1 0.9828750359375 0.5516954843749999 0.9828750359375 0.5388844578125 0.939867740625 0.5392795890625 0.9418083515625 0.548492696875 0.9586083437499999 0.5535255984375 0.9828750359375 0.5516954843749999
7 0.31871018281249996 0.6765698203125 0.322443509375 0.6633013015625 0.219776775 0.6646739046875 0.1693767515625 0.6633013015625 0.09272654999999999 0.6662092640624999 0.0934655625 0.6779424234375 0.265821259375 0.6793150453125001 0.31871018281249996 0.6765698203125
3 0.0822655828125 0.8737170765625001 0.06316606875 0.8731846781250001 0.0635989046875 0.8920184984375 0.081643321875 0.89156096875 0.0822655828125 0.8737170765625001
6 0.0828877953125 0.9346658 0.083510009375 0.9003506359375001 0.065499790625 0.8994854218749999 0.06173221718750001 0.9159068859374999 0.06173221718750001 0.935123346875 0.0828877953125 0.9346658
7 0.9467778390625 0.6297830453125 0.7010501609374999 0.631332190625 0.7016221125000001 0.648999540625 0.9474001 0.6457967890625 0.9467778390625 0.6297830453125
4 0.09084320312500001 0.6462543171874999 0.2009766140625 0.6462543171874999 0.1997321875 0.6302405734375001 0.28435445625 0.6306981203124999 0.37768785 0.6302405734375001 0.3770656375 0.565728071875 0.119175403125 0.56558033125 0.120087671875 0.5821993437499999 0.09084320312500001 0.584487021875 0.09084320312500001 0.6462543171874999
4 0.09395431562499999 0.743666709375 0.38017675156249997 0.7400064296875 0.379554490625 0.6942528765625 0.12150912656249999 0.6942252718749999 0.120709884375 0.7139269015624999 0.0945765296875 0.714384446875 0.09395431562499999 0.743666709375
4 0.094868265625 0.8887054750000001 0.09922385156249999 0.9413220609374999 0.31015733437500004 0.9394919109375 0.308290646875 0.92393573125 0.38482405000000003 0.9221055828125 0.381090675 0.743666709375 0.123064940625 0.7456832484375 0.1266016578125 0.7601379984375 0.09735716562499999 0.762425678125 0.094868265625 0.8887054750000001
4 0.3988625421875 0.8334980484375001 0.3988625421875 0.8783365265624999 0.46917367031249996 0.8760488484375 0.46979588437500003 0.8623227828125 0.687573853125 0.8586625031249999 0.6769960875 0.567898240625 0.4171139484375 0.5724413953124999 0.41628474843749996 0.5832650296875 0.3901514171875 0.5832650296875 0.3988625421875 0.8334980484375001
4 0.40135139531249997 0.9425515687500001 0.6894405406249999 0.939806346875 0.6894405406249999 0.8762089187500001 0.4272267453125 0.87890223125 0.4287292 0.89405279375 0.39948475625 0.8958829421875001 0.40135139531249997 0.9425515687500001
4 0.8610755734375 0.5972914484375 0.955653440625 0.5972914484375 0.9867645734374999 0.598206521875 0.9880089999999999 0.5661790359375 0.6987164390625 0.56558033125 0.7011643750000001 0.6146778125 0.860453359375 0.613305190625 0.8610755734375 0.5972914484375
4 0.7061421765625 0.8735057265625 0.8212533625 0.87213310625 0.8212533625 0.8561193625 0.9749423343749999 0.8570344546875001 0.9911201125 0.855661834375 0.9898756859375 0.6607516984374999 0.7282769203125 0.6622069765624999 0.72916439375 0.6822558625 0.7005421625 0.682713409375 0.7061421765625 0.8735057265625
4 0.7055199140624999 0.9378495140625001 0.882853365625 0.9383070609375 0.9948534859375 0.9355618375000001 0.9911201125 0.8724219375000001 0.8256089015624999 0.8737945406250001 0.7360559953125 0.8754716984375 0.738497734375 0.8925535078125 0.7055199140624999 0.8943836390625 0.7055199140624999 0.9378495140625001