2 0.918209871875 0.03778665 0.8996237234375 0.0359762734375 0.84188821875 0.0359762734375 0.7090636203125 0.0347852109375 0.707435559375 0.27995437968750003 0.743421434375 0.2805578546875 0.91939616875 0.2811613046875 0.918209871875 0.03778665
2 0.9130690234375001 0.34962261875 0.7115356046875 0.35056851718750004 0.707040115625 0.5895566921875 0.7307670500000001 0.59166879375 0.91069630625 0.59438436875 0.9130690234375001 0.34962261875
4 0.71297185 0.34298453125 0.738676028125 0.348415671875 0.761216634375 0.34268280624999997 0.7560757875 0.33423436562500003 0.80590234375 0.331820515625 0.8830148812499999 0.3339326296875 0.9221643609375001 0.3263893765625 0.9126735500000001 0.2868627328125 0.8996237234375 0.2826385125 0.74658500625 0.2826385125 0.7224123296875 0.28718548906249997 0.7220671859375 0.2965181046875 0.7062492296875 0.30345789375 0.7078310328125 0.3339326296875 0.71297185 0.34298453125
4 0.70612484375 0.63673698125 0.7097716968750001 0.6554729874999999 0.7139048125 0.6623366640625 0.7530477234374999 0.66159465 0.7659332859375 0.658441078125 0.76150840625 0.6478672796875 0.7698232421875 0.6436006671875 0.8075074140625 0.643971678125 0.8986301718749999 0.6443426890625 0.909813878125 0.6423021296875 0.91054321875 0.62764724375 0.9085982593749999 0.5975954390625 0.8961989359375 0.5957403890624999 0.846358578125 0.5964824078125 0.8376061109374999 0.5942563546875 0.8252068250000001 0.5942563546875 0.792628246875 0.5938853390625 0.7578615515625 0.5948128640625 0.7274710890625 0.5957403890624999 0.7189617609375001 0.5981519515625 0.721198521875 0.6107662875 0.7092854578125001 0.6155894203125001 0.704909225 0.62208209375 0.70612484375 0.63673698125
6 0.91054321875 0.6769915671875 0.9200250640625001 0.6697568625 0.9163782093749999 0.663820709375 0.8944970765625 0.6593686015625 0.8670240921874999 0.6597396 0.8397942468749999 0.658626565625 0.824696578125 0.66250509375 0.8288536796875 0.6773625703125 0.8582716250000001 0.679774140625 0.8830702703125001 0.679403121875 0.91054321875 0.6769915671875
7 0.8028394343749999 0.7122181703125 0.8235049671875 0.7140732203125 0.8278811625 0.7109196421874999 0.8441704796874999 0.7107341328125 0.8509779140625 0.7027574203125 0.8521935328125 0.694595203125 0.83420239375 0.6906995984375001 0.8181562343750001 0.6932966734375 0.8021100562499999 0.69385318125 0.7386767015625 0.6959063734375001 0.7405997734375 0.708508071875 0.7661277609375 0.7107341328125 0.78946763125 0.7109196421874999 0.8028394343749999 0.7122181703125
7 0.7847800328125001 0.7672934265625 0.798808603125 0.7629325796875001 0.8014064828125 0.749850071875 0.8538836328125001 0.7419212765625 0.844011684375 0.7217028562500001 0.8014064828125 0.72130640625 0.7037262078125 0.7244779218749999 0.704926490625 0.730766584375 0.7037262078125 0.7688791765625 0.7161960359374999 0.7748257734374999 0.7432139640625001 0.7728435734375 0.7847800328125001 0.7672934265625
7 0.784043775 0.7908340546875 0.8059496765624999 0.789662984375 0.8216434593749999 0.7858723453125 0.8171161437500001 0.779179465625 0.8018363390625 0.7733501781250001 0.76109028125 0.7724865765625 0.7232633749999999 0.7764997390625 0.7195818796875 0.7867885484375 0.7279535562499999 0.7889177593750001 0.7427435234375 0.7881725359375 0.784043775 0.7908340546875
4 0.7098133015625 0.791563965625 0.707522325 0.7998046203125 0.7062132 0.8112916 0.7091177765625 0.8880918359375001 0.7389887703125 0.8891771578125001 0.874972896875 0.8889600968750001 0.916223315625 0.887874775 0.9150853906249999 0.857485759375 0.9130939984375 0.8247090343749999 0.9108181046875 0.7784969328125 0.8171960500000001 0.7772356578124999 0.8214158093749999 0.7858204796875 0.819124834375 0.7908148359375 0.7628326671875 0.7910645296875 0.7098133015625 0.791563965625
6 0.6535583953125 0.706723484375 0.67235619375 0.7080765828125 0.6915086609375 0.707264721875 0.6950554140625 0.6983342796875001 0.6837057890625 0.6926512781249999 0.6429181390625 0.6907569359375 0.613125440625 0.689945084375 0.591168465625 0.69205396875 0.5929089375000001 0.7045585265625001 0.6000024421875 0.706723484375 0.637243340625 0.7094296796874999 0.6535583953125 0.706723484375
7 0.6046132296875 0.7419040156250001 0.6120614046874999 0.7373034921875 0.61418945 0.726749328125 0.61418945 0.715924546875 0.6021304875 0.7156539375000001 0.5872341390625 0.7213369375 0.57198309375 0.71836013125 0.5542493328125 0.715924546875 0.5361842984375 0.7181092 0.533323515625 0.7383859640625 0.557796084375 0.7435277390625 0.5758845421875 0.7432571125 0.6046132296875 0.7419040156250001
7 0.515589753125 0.7916980296875 0.55637740625 0.7916980296875 0.5510572765624999 0.7700484484375 0.6592332203125 0.76869535 0.6624252765625 0.7538112781249999 0.6581691843749999 0.747045790625 0.6354699640625 0.7483988874999999 0.48652118125 0.751947159375 0.4861517 0.7719427859375 0.4829596171875 0.7827675671875001 0.49537325 0.7911567671874999 0.515589753125 0.7916980296875
4 0.48757040625 0.89090636875 0.5074322125 0.893071321875 0.5460918171875 0.8928006953125 0.543963771875 0.8762929312500001 0.6954100828125 0.874669196875 0.6954100828125 0.7956482953124999 0.5450277812500001 0.7945658171875001 0.5194911765625 0.7937539609375001 0.49671985625000004 0.796951646875 0.4896984515625 0.7997075875 0.48827974531249996 0.8237927218750001 0.48757040625 0.89090636875
4 0.3725493515625 0.44266692812499997 0.3738317953125 0.4282167078125 0.3807189078125 0.4279401375 0.4470526375 0.43200615937500003 0.47677020312499996 0.42742534687499995 0.475033215625 0.0351208328125 0.278457228125 0.03397115 0.26841508125 0.0366242703125 0.270934046875 0.44730564375000004 0.33346653125 0.44531764375 0.3607285578125 0.44544914999999996 0.3725493515625 0.44266692812499997
4 0.6087761890625 0.24909384218750003 0.6146116765625 0.2442854390625 0.6148922984375 0.23807640000000002 0.6696106625 0.2378622984375 0.6937428609375 0.233580190625 0.692620428125 0.1958977203125 0.6900949609375 0.0408441046875 0.675485384375 0.035997675 0.5742504187499999 0.0356798 0.48307941874999993 0.039012525 0.48159480937500004 0.2538753109375 0.5987043234375 0.25140693125 0.5992467125000001 0.250656359375 0.6087761890625 0.24909384218750003
4 0.48327737031250007 0.27880788437500004 0.48507532343750004 0.43138790312499997 0.517790059375 0.431897315625 0.578873409375 0.4330773953125 0.5985208421875 0.4321102234375 0.628308840625 0.431384840625 0.6891524703125 0.4330773953125 0.6916876296875001 0.407689221875 0.6910538515625 0.2921378203125 0.6901031609375 0.2568361765625 0.6542941484375 0.251758546875 0.6270412859375 0.252483921875 0.5874295578125001 0.2529675078125 0.49545632968750003 0.254947840625 0.4950953546875 0.2664313328125 0.4867532484375 0.2683762265625 0.48350909218749993 0.2735036484375 0.48327737031250007 0.27880788437500004
4 0.4990161765625 0.5757817109375 0.5180298062500001 0.5748145390625 0.5326069171875 0.5711876593749999 0.5278535093750001 0.5615159765625 0.5354589671875 0.5605488046875 0.55415570625 0.5619995624999999 0.5890140265625 0.5627249375 0.6270412859375 0.5607906015624999 0.6666529890625 0.5619995624999999 0.6939058765625 0.557889096875 0.6935889640624999 0.46441296249999997 0.6916876296875001 0.4334635828125 0.6479562718749999 0.432979996875 0.6200696078125 0.432979996875 0.5766551625 0.43322179375000003 0.5218325218750001 0.43418895625 0.49689619062499996 0.43632853593750004 0.4853897328125 0.45176757968750003 0.4822207953125 0.5748145390625 0.4990161765625 0.5757817109375
4 0.5173960046875 0.690777321875 0.547184028125 0.68981016875 0.5405292625 0.67820414375 0.539895484375 0.6740936859375 0.6140486203125 0.6779623546875 0.6856666171875 0.677478759375 0.6929551859374999 0.6704668046875 0.69485656875 0.5882575 0.688518690625 0.5795529890625 0.6786949640625 0.573266390625 0.63496363125 0.5766514828125 0.54655025 0.5764096859375 0.526269040625 0.575200725 0.48540680312499995 0.5784255500000001 0.485706621875 0.6542667265625 0.48665731250000005 0.6861832890625 0.4904600296875 0.692711665625 0.5173960046875 0.690777321875
6 0.4371659890625 0.4620871421875 0.47351885937500005 0.4620871421875 0.48042130156249996 0.4476917453125 0.46523591406250003 0.4434784546875 0.4118570359375 0.44102070937500004 0.3713627296875 0.44488288281250005 0.333215475 0.446132675 0.3276472625 0.44804285312500003 0.32718710624999997 0.4585760703125 0.369061915625 0.463140475 0.4371659890625 0.4620871421875
7 0.45925381875 0.4768336421875 0.4371659890625 0.4750781046875 0.3234353234375 0.47686411250000005 0.323965946875 0.4961445390625 0.4426879640625 0.49403790000000003 0.4500505625 0.4898246109375 0.45925381875 0.4768336421875
7 0.3603188140625 0.52879750625 0.406335096875 0.5277441875 0.4215204828125 0.51580655 0.41139687968749994 0.5010600453125 0.3842472671875 0.499655609375 0.32212528749999997 0.501411146875 0.26763093437499996 0.5032053453125 0.2701269125 0.54845951875 0.305559434375 0.544948446875 0.363539940625 0.544948446875 0.3603188140625 0.52879750625
4 0.34973505625 0.5969123265625 0.47581967187499996 0.5962100953125 0.4762798640625 0.5804102703125 0.47581967187499996 0.5491617359375 0.40081315625 0.547757328125 0.323965946875 0.547055084375 0.2871912359375 0.54886348125 0.27288788125 0.5614504890625 0.274268384375 0.5955078921875 0.34973505625 0.5969123265625
2 0.46743651249999996 0.82679843125 0.46871431562500004 0.7781200109374999 0.47065265 0.6355614078125 0.47174471249999994 0.5982317796875 0.3553308890625 0.5978984781250001 0.2736635421875 0.5976682765625 0.271934428125 0.8050242437499999 0.272360384375 0.8215986093750001 0.46743651249999996 0.82679843125
4 0.46319297343750004 0.8263150125 0.4085371515625 0.8249444984375 0.3492334875 0.8238303421875001 0.3220057828125 0.8238303421875001 0.31398433593749997 0.8238303421875001 0.2713905359375 0.8255661562500001 0.2700971671875 0.8911901015625 0.47444481562499996 0.889709865625 0.47250478749999997 0.8275398171875 0.46319297343750004 0.8263150125
3 0.045597490625 0.8413990265625 0.052341989062500004 0.841003165625 0.051477309375 0.82688439375 0.04905620625 0.8221341531249999 0.032041890625 0.8244891203125 0.03210850625 0.8390238984374999 0.03210850625 0.843246334375 0.039717684375 0.8403434093750001 0.045597490625 0.8413990265625
6 0.0433493328125 0.8832275265625 0.054417225 0.882963628125 0.054936025 0.8514272999999999 0.054244279687499994 0.8415309671875001 0.041619975 0.8411351140625 0.0379883265625 0.8408712156249999 0.03366493125 0.8454895 0.0316094765625 0.8457728578125 0.027612178124999998 0.8621153453125 0.0274392328125 0.8743868046875001 0.0289956578125 0.883623384375 0.0433493328125 0.8832275265625
4 0.1340283484375 0.1831541375 0.1588971828125 0.1828776921875 0.152829284375 0.1661390265625 0.2485151890625 0.1661390265625 0.2597174078125 0.1607969078125 0.2541162984375 0.037215925 0.22193104843749997 0.0340785984375 0.13322536406250002 0.033298371874999996 0.068345671875 0.03579135625 0.0485514578125 0.0410580375 0.0501420109375 0.1860829390625 0.06927921249999999 0.182165378125 0.085615825 0.18180924375000002 0.1340283484375 0.1831541375
7 0.11895766249999999 0.1998111640625 0.15298401718750002 0.196337334375 0.154661365625 0.190486665625 0.1510670328125 0.1839046671875 0.1278236796875 0.18280766406249999 0.075925809375 0.18313119687499999 0.0615019703125 0.18611093437499998 0.060969062500000004 0.1959716796875 0.07103320937499999 0.1979828296875 0.11895766249999999 0.1998111640625
4 0.056960710937500006 0.19873075625 0.0502512984375 0.20275309218749998 0.0500116609375 0.215185759375 0.051553340625 0.40961334843749997 0.053192153124999995 0.41061159375 0.0965693078125 0.41261748281250005 0.2135561734375 0.41111309531250007 0.2135561734375 0.39807482968749996 0.2582478171875 0.3955674765625 0.2569333796875 0.1929733734375 0.24680714531249998 0.18349245625 0.1561408984375 0.185222071875 0.1556356546875 0.190672946875 0.15661530937499998 0.19690534843750002 0.1142304359375 0.20129042031250002 0.084996525 0.20183892499999997 0.056960710937500006 0.19873075625
4 0.048988746875 0.5724259421875 0.050874129687500005 0.6486688171874999 0.0552732921875 0.6899071078125 0.08292530000000001 0.6899071078125 0.085439128125 0.6823504375 0.08920984531250001 0.672760140625 0.1369723796875 0.6732396484375001 0.21615763906250002 0.6737191921875 0.2563787375 0.66940355 0.2544933546875 0.495420178125 0.25826412187500003 0.4134231203125 0.24758036562500002 0.4119845796875 0.2111300328125 0.4105460390625 0.16211055937500002 0.41246410625 0.10052199843750001 0.41294361406249996 0.061557837500000004 0.413902646875 0.061442037500000005 0.41982595624999997 0.048988746875 0.45900165625 0.051502574999999995 0.5244744531250001 0.048988746875 0.5724259421875
4 0.055901735937499995 0.81295971875 0.057158675000000006 0.8676244046875 0.060300946875000004 0.8906411343749999 0.1181187453125 0.89207965625 0.16336745 0.8935182156250001 0.25575029374999997 0.8916001484375 0.263291728125 0.8824893578124999 0.25826412187500003 0.757787165625 0.25575029374999997 0.6892165234375 0.24758036562500002 0.6892165234375 0.2061023765625 0.688737015625 0.130687834375 0.688737015625 0.089838290625 0.688737015625 0.0630134453125 0.69263488125 0.052759465625 0.7079459515625001 0.0496171921875 0.745827634375 0.055901735937499995 0.81295971875