7 0.2790211125 0.1142578125 0.2790211125 0.1025390625 0.25643368906249997 0.09765625 0.1687413390625 0.1015625 0.1647553234375 0.1083984375 0.174056028125 0.115234375 0.26706306562500004 0.1171875 0.2790211125 0.1142578125
4 0.3002798640625 0.6025390625 0.2956331296875 0.1246879671875 0.10647291875 0.1265917046875 0.0930070375 0.1474609375 0.09566438125 0.6162109375 0.10762242968749999 0.625 0.20860149843750003 0.623046875 0.3002798640625 0.6025390625
6 0.2909791609375 0.640625 0.3002798640625 0.6337890625 0.2962938484375 0.62890625 0.2617483765625 0.626953125 0.171398684375 0.62890625 0.1674126671875 0.6318359375 0.171398684375 0.638671875 0.21657353124999998 0.640625 0.2909791609375 0.640625
7 0.1620979796875 0.6552734375 0.15545462031249999 0.646484375 0.11293711718749999 0.6484375 0.1116084453125 0.6552734375 0.1182518046875 0.662109375 0.1501399328125 0.662109375 0.1620979796875 0.6552734375
4 0.2989511921875 0.900390625 0.302937209375 0.8974609375 0.3055945515625 0.8564453125 0.3002798640625 0.6513671875 0.28034978593750004 0.64453125 0.1647757296875 0.645786778125 0.167366925 0.661016790625 0.09610793281249999 0.66387240625 0.0983217265625 0.8974609375 0.102307740625 0.900390625 0.2139161859375 0.904296875 0.2989511921875 0.900390625
3 0.0823776609375 0.8466796875 0.0730769578125 0.845703125 0.0690909421875 0.8603515625 0.0757343015625 0.86328125 0.0823776609375 0.8603515625 0.0823776609375 0.8466796875
6 0.0823776609375 0.8740234375 0.0690909421875 0.8740234375 0.0637762546875 0.9013671875 0.0730769578125 0.904296875 0.0823776609375 0.9013671875 0.0823776609375 0.8740234375
7 0.47965057968749997 0.669921875 0.48629393906249996 0.6630859375 0.48629393906249996 0.6572265625 0.4743358921875 0.65234375 0.3813288546875 0.654296875 0.3773428375 0.6572265625 0.38000018125 0.6650390625 0.3919582296875 0.669921875 0.47965057968749997 0.669921875
7 0.37069947812500004 0.798828125 0.46370651562500004 0.77734375 0.4756645640625 0.7705078125 0.494265971875 0.7373046875 0.494265971875 0.7255859375 0.466363859375 0.69140625 0.354755415625 0.68359375 0.321538615625 0.6943359375 0.318881271875 0.7607421875 0.32419596093749997 0.7919921875 0.3334966640625 0.798828125 0.37069947812500004 0.798828125
4 0.5195107390625 0.904296875 0.5261540984375 0.8994140625 0.5261540984375 0.8134765625 0.5221680828124999 0.80859375 0.39727291875000004 0.806640625 0.334825334375 0.8115234375 0.318881271875 0.8291015625 0.318881271875 0.8974609375 0.3228672875 0.90234375 0.5195107390625 0.904296875
6 0.3893008859375 0.638671875 0.5115387078125 0.62890625 0.5261540984375 0.6201171875 0.5248254265625001 0.609375 0.46104917343749996 0.603515625 0.3308393203125 0.609375 0.32419596093749997 0.6142578125 0.32419596093749997 0.6357421875 0.3308393203125 0.638671875 0.3893008859375 0.638671875
4 0.5288114421875 0.5830078125 0.5288114421875 0.4013671875 0.5208394109375 0.0966796875 0.5168533937500001 0.09375 0.318881271875 0.0966796875 0.318881271875 0.5380859375 0.3202498921875 0.609208571875 0.49386262968750005 0.6025454796874999 0.5288114421875 0.5830078125
4 0.718338459375 0.41597807500000006 0.7467136453125 0.3974609375 0.7520283328125 0.3818359375 0.7573430203125 0.1455078125 0.7493709890625 0.0966796875 0.7453849734375 0.09375 0.5965737125 0.09375 0.548741521875 0.095703125 0.54475550625 0.1005859375 0.54475550625 0.3583984375 0.547316821875 0.4188337265625 0.5806296484375 0.41796875 0.718338459375 0.41597807500000006
4 0.7161856078125 0.481068234375 0.7161856078125 0.46561024843750004 0.752374809375 0.46499193749999995 0.752374809375 0.41614469062500004 0.5589209859375 0.4200823140625 0.544497471875 0.43840421718749994 0.544497471875 0.4816865671875 0.7161856078125 0.481068234375
4 0.5461806625000001 0.5625672171875 0.684204578125 0.5625672171875 0.6875709609375 0.54710923125 0.752374809375 0.5452542765625 0.7532164703124999 0.484658975 0.5631297281250001 0.483496803125 0.5453390671875 0.5001169609375 0.5428142140625 0.53659781875 0.5461806625000001 0.5625672171875
4 0.5891027609374999 0.6287274046875 0.5924691453125 0.6107961546875 0.7532164703124999 0.6114144640625 0.7565828546875 0.5638038609375 0.6589563140625 0.56318555 0.5578687999999999 0.565471628125 0.544497471875 0.5811168015625 0.5487055140625 0.6299640484375 0.5891027609374999 0.6287274046875
4 0.5916276125000001 0.708490625 0.5916276125000001 0.6948876390625001 0.7548996609375 0.6936509484375 0.752374809375 0.6299640484375 0.6454905234375 0.6262541406250001 0.5620775421875 0.63197950625 0.547022259375 0.6448037249999999 0.547022259375 0.708490625 0.5916276125000001 0.708490625
4 0.5512303015625 0.77423053125 0.7035614765625 0.77423053125 0.7077695203125 0.756917590625 0.7582660453125001 0.7562992578125 0.759949365625 0.7086886546875 0.5631297281250001 0.7108609421875001 0.547022259375 0.726619975 0.5461806625000001 0.7705206 0.5512303015625 0.77423053125
4 0.6202422609375 0.8218411109374999 0.6236086421875 0.8088564109374999 0.755741321875 0.8076197921875 0.7565828546875 0.77175724375 0.6589563140625 0.774848840625 0.6261334953125 0.77423053125 0.5610253578125 0.778142165625 0.547022259375 0.794016734375 0.54786391875 0.8230777781249999 0.6202422609375 0.8218411109374999
4 0.6337080515625 0.8873830125 0.6421241390625 0.8725433359375 0.75910770625 0.8688334281250001 0.759949365625 0.8249327078125 0.5599731718750001 0.8237696640625 0.5503887078125 0.8410090515625 0.544497471875 0.8873830125 0.6337080515625 0.8873830125
4 0.759949365625 0.8873830125 0.5631297281250001 0.88950419375 0.5621712421875 0.9053142390625 0.7565828546875 0.9028409984374999 0.759949365625 0.8873830125
4 0.841608446875 0.7563826015624999 0.8466580218749999 0.738451328125 0.98552346875 0.7353597296875 0.9872067890625 0.6914590578124999 0.78619308125 0.6946206453125 0.7742797453125 0.706298734375 0.7742797453125 0.75514598125 0.841608446875 0.7563826015624999
4 0.8550741109375 0.6894311671875 0.8634901984375001 0.6752098 0.9829987453125 0.6733548234375 0.9880483203124999 0.626362553125 0.7893496375 0.6296594625 0.7717548937500001 0.6486220453125 0.7717548937500001 0.691286096875 0.8550741109375 0.6894311671875
4 0.9409183062500001 0.6252487078125 0.9409183062500001 0.6128823203125 0.9728993375 0.6097907218749999 0.9846819375000001 0.6097907218749999 0.9838402765625001 0.546722109375 0.788297453125 0.5500046796875 0.7709132328125 0.5658900265625 0.7742797453125 0.6283403062499999 0.9409183062500001 0.6252487078125
4 0.9358686031250001 0.54592366875 0.9838402765625001 0.53046568125 0.9829987453125 0.48409172187499994 0.78619308125 0.48581684531249997 0.770071703125 0.5007864 0.7725965546875 0.5465419781249999 0.9358686031250001 0.54592366875
4 0.8079440968749999 0.481595159375 0.8163601843749999 0.466137171875 0.9846819375000001 0.4642821953125 0.9737409984375001 0.4005952953125 0.9232444718749999 0.40306858281249996 0.786903878125 0.4037935359375 0.770071703125 0.416671615625 0.776804596875 0.48035851406249996 0.8079440968749999 0.481595159375
4 0.9535424390625 0.40008360625000006 0.9838402765625001 0.38462561875 0.981315425 0.3518546921875 0.78619308125 0.354347784375 0.7717548937500001 0.3691676328125 0.7725965546875 0.40193858281250006 0.9535424390625 0.40008360625000006
4 0.841608446875 0.351524971875 0.849182875 0.3360669859375 0.977949040625 0.3373035828125 0.9838402765625001 0.3212272625 0.9787907015625 0.2711433953125 0.7872452671875 0.2700529171875 0.7709132328125 0.2853647390625 0.7717548937500001 0.351524971875 0.841608446875 0.351524971875
4 0.812993671875 0.26942553125 0.8146769921875 0.2552041890625 0.9829987453125 0.2552041890625 0.9787907015625 0.1840974515625 0.78619308125 0.1888514375 0.7717548937500001 0.20573863281250002 0.7725965546875 0.2681889109375 0.812993671875 0.26942553125
4 0.927452515625 0.1850025359375 0.9804738921875 0.16521630781250002 0.9796322328124999 0.1392468859375 0.78619308125 0.13935720468749999 0.7709132328125 0.1565598265625 0.7725965546875 0.18623917968749998 0.927452515625 0.1850025359375
4 0.8306675078125 0.12255225624999999 0.911462 0.1200789921875 0.9207196203124999 0.1262621859375 0.9636417171874999 0.12873545 0.969532953125 0.1206973015625 0.948492734375 0.088544696875 0.7693581109375 0.09063631718750001 0.770071703125 0.1373919328125 0.8289843156250001 0.1361552875 0.8306675078125 0.12255225624999999
7 0.8963130156249999 0.044644012500000003 0.46372609843749996 0.041552415625 0.41371936875 0.043462125000000004 0.42080400156250003 0.0724683890625 0.89042178125 0.07123174531250001 0.8963130156249999 0.044644012500000003
6 0.7985318515625 0.763671875 0.7799304453125 0.763671875 0.7759444281250001 0.7666015625 0.7799304453125 0.7734375 0.7998605234375 0.7724609375 0.7985318515625 0.763671875
5 0.937456325 0.7745994796875 0.774743546875 0.7754859671875 0.7797686640625 0.9062485078125 0.9395041859375001 0.9032393765625001 0.937456325 0.7745994796875
6 0.8516787296875 0.77734375 0.835734665625 0.779296875 0.8344059953125 0.7861328125 0.8410493546875 0.7890625 0.863636778125 0.7841796875 0.8516787296875 0.77734375
6 0.904825609375 0.779296875 0.9034969374999999 0.7861328125 0.910140296875 0.7890625 0.930070375 0.7822265625 0.904825609375 0.779296875
6 0.7958745078125 0.806640625 0.8078325546875 0.7998046875 0.7932171640625 0.796875 0.7958745078125 0.806640625
6 0.8463640421875 0.794921875 0.8437066984375001 0.8046875 0.866294121875 0.8017578125 0.8623081062500001 0.796875 0.8463640421875 0.794921875
6 0.910140296875 0.794921875 0.9061542812500001 0.8017578125 0.9154549843750001 0.8046875 0.9194410015625 0.7998046875 0.910140296875 0.794921875
6 0.8078325546875 0.8095703125 0.788984190625 0.81296575625 0.7865738046875 0.8193359375 0.8011891953125 0.82421875 0.8104899 0.8154296875 0.8078325546875 0.8095703125
6 0.86496545 0.8125 0.840181478125 0.811461190625 0.8437066984375001 0.822265625 0.8516787296875 0.82421875 0.866294121875 0.8193359375 0.86496545 0.8125
6 0.910140296875 0.810546875 0.9061542812500001 0.8193359375 0.9154549843750001 0.822265625 0.91678365625 0.8134765625 0.910140296875 0.810546875
6 0.8065038828125 0.828125 0.7932171640625 0.828125 0.7892311484375 0.8310546875 0.7932171640625 0.837890625 0.8078325546875 0.8369140625 0.8065038828125 0.828125
6 0.8463640421875 0.828125 0.8463640421875 0.837890625 0.866294121875 0.8330078125 0.8623081062500001 0.828125 0.8463640421875 0.828125
6 0.9127976406249999 0.83984375 0.9194410015625 0.8291015625 0.9046900921875001 0.8287636562499999 0.9127976406249999 0.83984375
6 0.7932171640625 0.84375 0.7905598203124999 0.853515625 0.8078325546875 0.8505859375 0.8065038828125 0.845703125 0.7932171640625 0.84375
6 0.8463640421875 0.84375 0.8423780265625 0.8466796875 0.8463640421875 0.8515625 0.866294121875 0.8486328125 0.8463640421875 0.84375
6 0.9074829531249999 0.84375 0.9061542812500001 0.8505859375 0.9127976406249999 0.8515625 0.9141263125 0.8447265625 0.9074829531249999 0.84375
6 0.8131472437499999 0.8642578125 0.8038465390624999 0.85546875 0.7892311484375 0.8583984375 0.7865738046875 0.8662109375 0.7932171640625 0.873046875 0.8065038828125 0.87109375 0.8131472437499999 0.8642578125
6 0.8450353703125 0.8544921875 0.8423780265625 0.8681640625 0.866294121875 0.8623046875 0.8647561921875001 0.8565980015625 0.8450353703125 0.8544921875
6 0.904825609375 0.857421875 0.9034969374999999 0.8623046875 0.910140296875 0.865234375 0.9141263125 0.8583984375 0.904825609375 0.857421875
6 0.8065038828125 0.875 0.7932171640625 0.875 0.7892311484375 0.8779296875 0.7932171640625 0.88671875 0.8104899 0.8837890625 0.8065038828125 0.875
6 0.86496545 0.875 0.8463640421875 0.875 0.8423780265625 0.8818359375 0.8490213859375 0.88671875 0.866294121875 0.8837890625 0.86496545 0.875
6 0.908811625 0.8720703125 0.9061542812500001 0.8779296875 0.9154549843750001 0.880859375 0.91678365625 0.8740234375 0.908811625 0.8720703125
6 0.7932171640625 0.892578125 0.7918884921875 0.8974609375 0.7985318515625 0.90234375 0.809161228125 0.892578125 0.7932171640625 0.892578125
6 0.8490213859375 0.8984375 0.866294121875 0.8935546875 0.8463640421875 0.890625 0.8490213859375 0.8984375
6 0.908811625 0.8896484375 0.9061542812500001 0.8935546875 0.9154549843750001 0.896484375 0.91678365625 0.8896484375 0.908811625 0.8896484375