7 0.397419696875 0.1648749671875 0.5936353125 0.1648749671875 0.6236446546875001 0.10597094375 0.8891128437500001 0.10943583750000001 0.9075802671875 0.045334374999999996 0.76445835625 0.0245446484375 0.26583970625000003 0.0210796875 0.0929292390625 0.030769232812500002 0.101941990625 0.0955760296875 0.35817646718749996 0.0973085765625 0.397419696875 0.1648749671875
6 0.6675046515624999 0.1977919875 0.34401149062499997 0.193282775 0.3443259890625 0.23070894218750002 0.685972075 0.22897649531250003 0.6675046515624999 0.1977919875
3 0.9559955015625 0.83984375 0.9532034062499999 0.8584230296875001 0.9694877375000001 0.8545343624999999 0.9677015703125 0.8427734375 0.9559955015625 0.83984375
6 0.9677015703125 0.8720703125 0.9494921312500001 0.8720703125 0.9468907828124999 0.9013671875 0.9559955015625 0.904296875 0.9651002203125 0.9013671875 0.9677015703125 0.8720703125
4 0.9468907828124999 0.8955078125 0.9472818015625 0.479464934375 0.5735973015625 0.48046875 0.54628314375 0.4990234375 0.5436817953124999 0.5146484375 0.5436817953124999 0.9013671875 0.5735973015625 0.90625 0.9403874125 0.90234375 0.9468907828124999 0.8955078125
4 0.756310853125 0.4644659 0.9377860640625 0.46484375 0.944289434375 0.4560546875 0.9416880859375001 0.4072265625 0.9325833671874999 0.40234375 0.8777032515625001 0.4000255734375 0.581401346875 0.404296875 0.54758381875 0.419921875 0.54628314375 0.4736328125 0.5553878625 0.478515625 0.75334999375 0.4772428671875 0.756310853125 0.4644659
4 0.9325833671874999 0.384765625 0.9390867374999999 0.3798828125 0.9416880859375001 0.2939453125 0.935184715625 0.265625 0.5944080875 0.265625 0.5436817953124999 0.2705078125 0.5436817953124999 0.3935546875 0.5501851656250001 0.400390625 0.7973132546875 0.39453125 0.9325833671874999 0.384765625
4 0.453935278125 0.40234375 0.46043865000000006 0.3974609375 0.459137975 0.26953125 0.1365707859375 0.265625 0.0975505609375 0.267578125 0.0639939125 0.283444453125 0.0625135390625 0.41621374062500005 0.1446754859375 0.4145471859375 0.151337278125 0.402325740625 0.453935278125 0.40234375
4 0.46444098125 0.5556492640624999 0.4622203671875 0.418991340625 0.396705615625 0.41796875 0.0949492140625 0.419921875 0.0602929234375 0.43232383125 0.059552735937500004 0.5689817546875 0.3038180203125 0.5684262421875 0.30455820624999996 0.5539827296875 0.46444098125 0.5556492640624999
4 0.1987099515625 0.764232565625 0.206852115625 0.7520111203125001 0.46148012187500004 0.7525666531249999 0.4637007390625 0.56980055 0.0871727484375 0.56987711875 0.0617733515625 0.58535510625 0.061033109375000005 0.7675656765625 0.1987099515625 0.764232565625
4 0.45925961875 0.9039023875 0.45999975 0.8177967796875001 0.46148012187500004 0.770022065625 0.33046512968749997 0.7672444640625 0.15947944375 0.7672444640625 0.08624734843750001 0.768590671875 0.05881255 0.783910065625 0.0543713734375 0.9039023875 0.45925961875 0.9039023875