4 0.350178646875 0.709375 0.353125 0.7065106625 0.821875 0.70630455625 0.8312977671875 0.6984375 0.831310171875 0.6390625 0.8296875 0.634319171875 0.8203125 0.6336350640624999 0.2140625 0.6342965203125 0.1984375 0.6374736249999999 0.1875 0.6452268234375 0.1702499796875 0.6453125 0.1703125 0.7238971171874999 0.325 0.7234426593750001 0.3453125 0.72041849375 0.3501275265625 0.715625 0.350178646875 0.709375
4 0.48908045468749994 0.778125 0.4953125 0.775250690625 0.8234375 0.7750626625 0.826578684375 0.7734375 0.826998940625 0.746875 0.196875 0.7468553250000001 0.178125 0.7562139265625001 0.1734375 0.7546704359375 0.1727402140625 0.7703125 0.173242559375 0.79375 0.1953125 0.7937708390625 0.465625 0.79219475 0.48125 0.789124046875 0.48908045468749994 0.778125
4 0.3704614703125 0.396875 0.375 0.39406317031250004 0.828125 0.39387296250000003 0.8287724875 0.3671875 0.2140625 0.36655847812500003 0.2015625 0.3671632421875 0.190625 0.376487325 0.17024104375 0.378125 0.1703125 0.41298122812500004 0.2109375 0.4125283484375 0.3625 0.4109467109375 0.3688117296875 0.4078125 0.3704614703125 0.396875
4 0.1984375 0.815619525 0.1828125 0.8234371906250001 0.180514940625 0.8390625 0.18125 0.86294565625 0.821875 0.8628816515625 0.821875 0.815007690625 0.20625 0.8152724453125 0.1984375 0.815619525
4 0.4828125 0.5954894421875 0.821875 0.5953619984375 0.8225695875 0.5671875 0.5078125 0.566547946875 0.434375 0.5685762484375 0.2140625 0.5666500343750001 0.2 0.5671357453125 0.1953125 0.5718275296875001 0.184370525 0.575 0.184375 0.6128709171875 0.2203125 0.611231025 0.465625 0.6125226765625 0.4734375 0.609483359375 0.4766772265625 0.6015625 0.4828125 0.5954894421875
2 0.32658178125 0.2578125 0.3281447546875 0.2046875 0.3171875 0.17806753125000002 0.2 0.1781096203125 0.195234984375 0.1890625 0.1890625 0.19525281875 0.17337220625 0.203125 0.1733694375 0.2640625 0.2015625 0.2718788015625 0.2390625 0.271903959375 0.284375 0.2642452671875 0.3171875 0.262574140625 0.32658178125 0.2578125
4 0.2086940390625 0.725 0.209375 0.7469372812499999 0.359375 0.7468913859375 0.36738679375 0.7421875 0.3671875 0.724413703125 0.2086940390625 0.725
4 0.20712407812500003 0.79375 0.2078125 0.8141058375 0.58125 0.814096321875 0.5859795875 0.8125 0.5859375 0.7932435156250001 0.20712407812500003 0.79375
4 0.182098053125 0.2765625 0.1828125 0.30026334375 0.3515625 0.29883734687499997 0.4203125 0.301603371875 0.6671875 0.301577865625 0.6692230046875001 0.296875 0.66875 0.276117659375 0.182098053125 0.2765625
4 0.6671875 0.540634025 0.671875 0.531309190625 0.6796875 0.5297427859375 0.8203125 0.5281556171874999 0.829698203125 0.525 0.8281475390624999 0.5015625 0.8297218546874999 0.490625 0.8265625 0.48587813750000003 0.8140625 0.48518074218749996 0.2109375 0.4853810375 0.2015625 0.4859010453125 0.1952926578125 0.4890625 0.195284671875 0.4953125 0.2062089015625 0.5015625 0.203125 0.5045916671875 0.1749402234375 0.5125 0.175 0.5485845281249999 0.278125 0.550255165625 0.2890625 0.55000613125 0.2921875 0.546945303125 0.321875 0.5470763609375 0.371875 0.5500107015625 0.471875 0.5500052984375 0.653125 0.5484401171875 0.659375 0.546934178125 0.6671875 0.540634025
4 0.2105571515625 0.3234375 0.2109375 0.3439234375 0.4890625 0.3453295890625 0.4938293546875 0.34375 0.49375 0.3231936296875 0.2105571515625 0.3234375
4 0.23292934375000002 0.465625 0.2390625 0.46260953281250006 0.8234375 0.46098109843749996 0.823857675 0.4359375 0.8203125 0.429667909375 0.7828125 0.428973584375 0.2015625 0.42964431718749996 0.2031065546875 0.434375 0.1953125 0.44212401874999996 0.1827539359375 0.446875 0.1827025171875 0.48125 0.196875 0.48125972656249993 0.2265625 0.478143884375 0.23127335468750002 0.4734375 0.23292934375000002 0.465625
4 0.20865363750000002 0.5484375 0.209375 0.5675174359375 0.2890625 0.5672198265625 0.2909698734375 0.5640625 0.290625 0.547889128125 0.20865363750000002 0.5484375
4 0.2101758984375 0.6140625 0.2109375 0.6347001296875 0.259375 0.6345043421875001 0.261085859375 0.6328125 0.2609375 0.6135122234375 0.2101758984375 0.6140625
4 0.209375 0.322073384375 0.3609375 0.322016275 0.3609375 0.300862578125 0.2087639296875 0.3015625 0.209375 0.322073384375
3 0.47581573906249996 0.89375 0.4765625 0.9160945921874999 0.5171875 0.915712325 0.520377353125 0.9125 0.5203125 0.893280696875 0.47581573906249996 0.89375
4 0.20625 0.3466064546875 0.205578371875 0.3515625 0.20625 0.36747556875 0.5875 0.367208490625 0.5894907875000001 0.346875 0.5859375 0.34628787031249997 0.20625 0.3466064546875
6 0.4044885171875 0.121428571875 0.16440501093749998 0.11785714218750001 0.17484342343749998 0.1482142859375 0.4018789140625 0.153571428125 0.4044885171875 0.121428571875
4 0.7898408140625001 0.41547678593750004 0.2139900828125 0.41547678593750004 0.2139900828125 0.4321446421875 0.7898408140625001 0.4321446421875 0.7898408140625001 0.41547678593750004