0 0.53552164375 0.0435614484375 0.5344346234375 0.45678863593749996 0.9596950312500001 0.4604813671875 0.96162361875 0.046156723437500005 0.53552164375 0.0435614484375
0 0.9490877171875001 0.9100141984375 0.9606593984374999 0.9048443374999999 0.955837853125 0.4890426296875 0.9519805265624999 0.47501026093750004 0.5427551640625 0.4773301109375 0.54793496875 0.9033672671874999 0.5537208109375 0.9107527328125 0.9490877171875001 0.9100141984375
3 0.9895886781250001 0.867178475 0.9895886781250001 0.84723776875 0.9760882593750001 0.84280644375 0.9741596703125 0.8561002765625 0.9770526281249999 0.8649628125 0.9895886781250001 0.867178475
6 0.9886243109375 0.874563940625 0.9731496578125001 0.873329703125 0.9703024921875001 0.9100141984375 0.9895886781250001 0.9107527328125 0.9886243109375 0.874563940625
4 0.5154182921875 0.9047911031250001 0.5170770265625 0.7593506624999999 0.41293166093749994 0.757135028125 0.32816070937499997 0.758888609375 0.31352000625 0.77506785 0.31216500625 0.9053099874999999 0.5154182921875 0.9047911031250001
4 0.3162300609375 0.5934494875 0.3331678359375 0.5934494875 0.47341258125 0.5950061718749999 0.4768001375 0.57892050625 0.5201608484375 0.5804771718749999 0.5208383484375 0.48260344843749997 0.332204878125 0.4799647484375 0.3169075609375 0.49786461875 0.3162300609375 0.5358523703125 0.3162300609375 0.5934494875
4 0.4198892578125 0.75681058125 0.4198892578125 0.7422816015625 0.518128346875 0.7417627171875 0.5188058468750001 0.5995860046875 0.49712546562500004 0.5964726546875 0.4246318140625 0.5964726546875 0.361623275 0.5964726546875 0.327122703125 0.5940876828125 0.31284250625 0.6125583296875 0.3141975078125 0.7578483921875 0.4198892578125 0.75681058125
4 0.3169075609375 0.40015890781249996 0.3162300609375 0.47643618437499996 0.36568838124999997 0.47851176406249996 0.36568838124999997 0.4634638578125 0.5201608484375 0.46450162968750003 0.5221934015625 0.33529728125 0.40159643125000005 0.33166502656249996 0.3305108203125 0.3353658046875 0.3175850609375 0.35034516718750003 0.31216500625 0.390299971875 0.3169075609375 0.40015890781249996
4 0.314875059375 0.3311926234375 0.51677329375 0.329635928125 0.5208383484375 0.30939909375 0.5242259046875 0.08938846875 0.38804621093749997 0.087831784375 0.3330519078125 0.09155771874999999 0.318940115625 0.10703084062499998 0.31555255937500004 0.223781765625 0.314875059375 0.3311926234375
4 0.40904904062499997 0.071746109375 0.491705409375 0.071746109375 0.52490345625 0.06967052968750001 0.519483346875 0.03905584375 0.35417066406250003 0.0380180625 0.31695835156249996 0.041628934374999996 0.3169075609375 0.08679400468750001 0.408371540625 0.0873129 0.40904904062499997 0.071746109375
4 0.1683328015625 0.10599305 0.301802440625 0.10651193437499999 0.301802440625 0.0421692234375 0.09418964375 0.041628934374999996 0.097871653125 0.12052205 0.16765524999999998 0.12311651562499999 0.1683328015625 0.10599305
4 0.3004474390625 0.899029184375 0.29638233125 0.8518099187500001 0.13648975624999998 0.850253234375 0.10265993749999999 0.8502158578125 0.09109654218749999 0.8694522796875 0.09245154531250001 0.899029184375 0.3004474390625 0.899029184375
4 0.0944840984375 0.6552104296875 0.0944840984375 0.7288932421875 0.09109654218749999 0.8482386140625 0.1222620359375 0.8487575390625001 0.12022948281250001 0.8337096328125 0.253699171875 0.8378607546874999 0.30112493906250004 0.8347474046875 0.30112493906250004 0.5379406140625 0.16697774999999998 0.5374217140625 0.1102832 0.5357293640624999 0.0965166 0.555064075 0.0965166 0.571149759375 0.0944840984375 0.6552104296875
4 0.099226653125 0.5337018484375 0.1351347546875 0.53473961875 0.26589433906250004 0.53473961875 0.26589433906250004 0.51865394375 0.2990923859375 0.5196917328125 0.30112493906250004 0.4076108453125 0.1111302296875 0.40539578593750003 0.0958391 0.42473430624999997 0.0944840984375 0.532145153125 0.099226653125 0.5337018484375
4 0.1005817078125 0.322046071875 0.0971941515625 0.3396884328125 0.0971941515625 0.3853510140625 0.0938065984375 0.4024744796875 0.20830590781249997 0.40506894375 0.20830590781249997 0.38586991875 0.30112493906250004 0.3843132234375 0.301802440625 0.3526607578125 0.2990923859375 0.2426554359375 0.28689721874999996 0.23642873125000002 0.181883021875 0.23746650625000001 0.111977259375 0.24069564375 0.0965166 0.25614665625 0.0951615984375 0.3142626765625 0.1005817078125 0.322046071875
4 0.0971941515625 0.22855771093750002 0.0999041546875 0.23634110625 0.212371015625 0.23634110625 0.21101596250000001 0.220774315625 0.2997698875 0.21921764062500002 0.3004474390625 0.1299680390625 0.2862196671875 0.12374131875000001 0.1751079125 0.12374131875000001 0.1128242875 0.1252758578125 0.0971941515625 0.1439781640625 0.099226653125 0.19119740937500002 0.0971941515625 0.22855771093750002