2 0.69752285 0.048828125 0.29857535468749996 0.048828125 0.29222268749999997 0.0537109375 0.29222268749999997 0.2666015625 0.2960342875 0.26953125 0.696252315625 0.2705078125 0.7013344499999999 0.2685546875 0.7038755171875 0.2392578125 0.7013344499999999 0.0537109375 0.69752285 0.048828125
2 0.29222268749999997 0.4521484375 0.29476375312499997 0.5517578125 0.29857535468749996 0.5546875 0.7013344499999999 0.5595703125 0.7038755171875 0.3857421875 0.69752285 0.365234375 0.29476375312499997 0.3662109375 0.29222268749999997 0.4521484375
7 0.761049521875 0.35546875 0.8055181906250001 0.3544921875 0.8080592578125 0.3466796875 0.8042476562499999 0.34375 0.7597789875000001 0.3447265625 0.761049521875 0.35546875
7 0.761049521875 0.7265625 0.8156824578125 0.7255859375 0.816952990625 0.716796875 0.776295921875 0.71484375 0.7572379203125 0.7197265625 0.761049521875 0.7265625
3 0.9325715328124999 0.8603515625 0.9427358 0.8603515625 0.9452768671875 0.8466796875 0.9338420656249999 0.84375 0.930030465625 0.8505859375 0.9325715328124999 0.8603515625
6 0.9274893984375 0.9013671875 0.9427358 0.9013671875 0.9452768671875 0.8740234375 0.9363831328125001 0.869140625 0.9274893984375 0.8876953125 0.9274893984375 0.9013671875
4 0.8906439296875 0.880859375 0.900808196875 0.8828125 0.9198661984375001 0.8701171875 0.914784065625 0.7490234375 0.90589033125 0.744140625 0.8855617953125 0.74609375 0.8728564625 0.7421875 0.7483441875 0.7421875 0.7330977859375001 0.74609375 0.7216629859375 0.7646484375 0.7242040515625 0.8837890625 0.7280156515625 0.88671875 0.84363419375 0.8876953125 0.8652332609375 0.88671875 0.8728564625 0.8828125 0.8830207296875001 0.884765625 0.8906439296875 0.880859375
4 0.7407209859375 0.89453125 0.7369093859375 0.8974609375 0.7407209859375 0.904296875 0.8055181906250001 0.9072265625 0.910972465625 0.904296875 0.914784065625 0.8955078125 0.9033492640624999 0.892578125 0.7407209859375 0.89453125
4 0.9198661984375001 0.3740234375 0.9160545984375 0.369140625 0.9033492640624999 0.365234375 0.7458031203125 0.3671875 0.7242040515625 0.3935546875 0.72674511875 0.5263671875 0.7305567187500001 0.529296875 0.7661316546875 0.529296875 0.78900125625 0.529296875 0.827117259375 0.529296875 0.8398225921875 0.529296875 0.85506899375 0.52734375 0.8652332609375 0.513671875 0.9198661984375001 0.5107421875 0.9198661984375001 0.3740234375
4 0.8245761921874999 0.6796875 0.8804796625 0.681640625 0.9135135312499999 0.6796875 0.922407265625 0.6748046875 0.922407265625 0.5419921875 0.9185956640624999 0.5390625 0.8881028625 0.53515625 0.8302278812500001 0.5345292515625 0.7527036609375 0.5327759046875 0.74961471875 0.5458984375 0.743262053125 0.55078125 0.729286184375 0.5517578125 0.72674511875 0.5595703125 0.7318272515625 0.5654296875 0.72674511875 0.5712890625 0.7242040515625 0.6044921875 0.729286184375 0.6904296875 0.7356388515625001 0.6953125 0.7546968546875 0.6943359375 0.7699432546875 0.6904296875 0.7635905875 0.68359375 0.801706590625 0.68359375 0.8245761921874999 0.6796875
4 0.922407265625 0.1533203125 0.9249483328125001 0.0517578125 0.9211367328125 0.046875 0.8881028625 0.046875 0.8626921953125001 0.05078125 0.8296583265624999 0.046875 0.7356388515625001 0.046875 0.729286184375 0.0498046875 0.7242040515625 0.0673828125 0.72674511875 0.1689453125 0.7305567187500001 0.171875 0.7750253890625001 0.1708984375 0.7864601890625 0.162109375 0.8067887234375 0.158203125 0.9160545984375 0.158203125 0.922407265625 0.1533203125
4 0.914784065625 0.3076171875 0.9198661984375001 0.2998046875 0.9173251328124999 0.2548828125 0.922407265625 0.1982421875 0.9198661984375001 0.1826171875 0.9135135312499999 0.177734375 0.8474457937500001 0.17578125 0.8398225921875 0.181640625 0.8321993921875 0.177734375 0.7864601890625 0.17578125 0.768672721875 0.177734375 0.7597789875000001 0.1826171875 0.7559673859375 0.19140625 0.7230620484375 0.1924378859375 0.7230620484375 0.3198481140625 0.7902717890625001 0.3232421875 0.8067887234375 0.3203125 0.8423636609375 0.322265625 0.8804796625 0.306640625 0.914784065625 0.3076171875
1 0.6987933828124999 0.3466796875 0.7038755171875 0.3369140625 0.706416584375 0.3076171875 0.7038755171875 0.2841796875 0.69752285 0.275390625 0.29857535468749996 0.2734375 0.2896816203125 0.2802734375 0.2896816203125 0.3037109375 0.2845994875 0.3193359375 0.2896816203125 0.3525390625 0.2960342875 0.361328125 0.630184578125 0.3623046875 0.6416193781249999 0.361328125 0.6543247125 0.353515625 0.6949817828125 0.349609375 0.6987933828124999 0.3466796875
4 0.191850546875 0.29296875 0.20455588125 0.2890625 0.26300041875 0.2890625 0.26681201875 0.2861328125 0.2693530859375 0.1826171875 0.2642709515625 0.1728515625 0.2693530859375 0.1572265625 0.2693530859375 0.0771484375 0.2604593515625 0.06640625 0.23758975000000002 0.064453125 0.084143790625 0.065612121875 0.0736909390625 0.0849609375 0.071149871875 0.1044921875 0.071149871875 0.1708984375 0.07623200625 0.1806640625 0.071149871875 0.2392578125 0.07623200625 0.2763671875 0.0736909390625 0.2880859375 0.078773071875 0.2919921875 0.0736909390625 0.3037109375 0.0775025390625 0.306640625 0.107995340625 0.30859375 0.13975867656250002 0.3076171875 0.14357027656250002 0.3046875 0.17152201250000002 0.3046875 0.174063078125 0.29296875 0.191850546875 0.29296875
4 0.48534376718749994 0.5927734375 0.4789911 0.587890625 0.3976769609375 0.583984375 0.2909521546875 0.5859375 0.29222268749999997 0.6044921875 0.2871405546875 0.6279296875 0.2896816203125 0.6572265625 0.2845994875 0.6767578125 0.2871405546875 0.9013671875 0.2909521546875 0.90625 0.301116421875 0.908203125 0.334150290625 0.90625 0.3976769609375 0.912109375 0.48026163437499997 0.9111328125 0.48534376718749994 0.9072265625 0.48280270156249994 0.8759765625 0.48788483437499996 0.8564453125 0.48534376718749994 0.5927734375
4 0.5730105734375 0.796875 0.6949817828125 0.796875 0.6987933828124999 0.7939453125 0.7013344499999999 0.5947265625 0.6949817828125 0.58984375 0.5056723015625 0.5888671875 0.50059016875 0.6552734375 0.50059016875 0.7783203125 0.5056723015625 0.8056640625 0.509483903125 0.80859375 0.5285419046875 0.8076171875 0.5323535046875 0.8046875 0.534894571875 0.806640625 0.5399767046874999 0.80078125 0.5730105734375 0.796875
4 0.5425177718749999 0.814453125 0.5221892375 0.81640625 0.5132955031249999 0.8291015625 0.5056723015625 0.8330078125 0.5031312359375 0.8876953125 0.509483903125 0.908203125 0.6987933828124999 0.9130859375 0.7013344499999999 0.8310546875 0.6949817828125 0.822265625 0.6492425796875 0.81640625 0.5425177718749999 0.814453125
4 0.2270175921875 0.052916039062499996 0.211056740625 0.047071534375 0.165454278125 0.0482404625 0.13429260781250002 0.047655987500000004 0.0724059125 0.0483494015625 0.074249353125 0.06109835625 0.2270175921875 0.061682796875 0.2270175921875 0.052916039062499996
4 0.21637706250000002 0.3865626484375 0.2156169765625 0.37019803906250004 0.27033996562499996 0.3690291328125 0.27033996562499996 0.3088307359375 0.133532578125 0.3094151890625 0.0847586296875 0.3090855984375 0.07272929375000001 0.3281175984375 0.06968911875 0.39065380625 0.21637706250000002 0.3865626484375
4 0.1525336046875 0.5022427546875 0.15101348750000002 0.4858781453125 0.2688198484375 0.48237145000000003 0.2688198484375 0.3900282640625 0.2262575625 0.3900282640625 0.0847586296875 0.393806603125 0.07272929375000001 0.41282183124999994 0.06968911875 0.50516500625 0.1525336046875 0.5022427546875
4 0.06968911875 0.603908640625 0.17381471875 0.6015708296875 0.172294659375 0.586375125 0.26805981874999996 0.5852062203124999 0.27033996562499996 0.50747430625 0.0828582109375 0.506281040625 0.087930115625 0.522670021875 0.0689290890625 0.526176728125 0.06968911875 0.603908640625
4 0.06664894375 0.683239625 0.17533483593750002 0.692590825 0.068169059375 0.70135758125 0.06968911875 0.7931163390625 0.26805981874999996 0.7937007796875 0.2665397609375 0.7001886765625 0.19585592031250001 0.6920063828125 0.267299790625 0.678564025 0.2665397609375 0.6049232484375 0.2171370921875 0.6049232484375 0.1928157453125 0.6055077125 0.0828582109375 0.6048787609375 0.081089734375 0.6195345109375 0.06664894375 0.6230412265624999 0.06664894375 0.683239625
4 0.068169059375 0.9057291187500001 0.26805981874999996 0.907482465625 0.2688198484375 0.7964368687500001 0.0828582109375 0.7955010234375 0.0818497640625 0.81104813125 0.06664894375 0.813970384375 0.068169059375 0.9057291187500001