0 0.9666666671874999 0.0211720875 0.6192307687499999 0.0211720875 0.6192307687499999 0.43529810312499995 0.9666666671874999 0.43529810312499995 0.9666666671874999 0.0211720875
0 0.9679487171875 0.43501185624999994 0.6179487171875 0.43501185624999994 0.6179487171875 0.9857740515625 0.9679487171875 0.9857740515625 0.9679487171875 0.43501185624999994
0 0.6102564109374999 0.5597899734375 0.2628205125 0.5597899734375 0.2628205125 0.984925475 0.6102564109374999 0.984925475 0.6102564109374999 0.5597899734375
0 0.2512820515625 0.7977642281249999 0.0269230765625 0.7977642281249999 0.0269230765625 0.984078590625 0.2512820515625 0.984078590625 0.2512820515625 0.7977642281249999
0 0.25512820468749997 0.647865853125 0.024358974999999998 0.647865853125 0.024358974999999998 0.7901422765625 0.25512820468749997 0.7901422765625 0.25512820468749997 0.647865853125
0 0.6115384609375 0.03810975625 0.26538461562500004 0.03810975625 0.26538461562500004 0.1786924125 0.6115384609375 0.1786924125 0.6115384609375 0.03810975625
0 0.608974359375 0.1812330625 0.26538461562500004 0.1812330625 0.26538461562500004 0.5589430890625 0.608974359375 0.5589430890625 0.608974359375 0.1812330625
7 0.0458293265625 0.3828125 0.23506009687499999 0.380859375 0.24540865312500001 0.3779296875 0.248365384375 0.3505859375 0.2439302875 0.34765625 0.226189903125 0.345703125 0.1256610578125 0.34375 0.0487860578125 0.34375 0.036959134375 0.345703125 0.032524039062499996 0.3486328125 0.03548076875 0.3759765625 0.0384375 0.3798828125 0.0458293265625 0.3828125
7 0.2202764421875 0.5390625 0.251322115625 0.5205078125 0.251322115625 0.5146484375 0.24688701875 0.51171875 0.23506009687499999 0.509765625 0.0901802875 0.509765625 0.039915865625000005 0.51171875 0.0340024046875 0.513671875 0.032524039062499996 0.5224609375 0.0635697125 0.5390625 0.07243990312500001 0.541015625 0.2202764421875 0.5390625
7 0.27941105781250003 0.021484375 0.2409735578125 0.021484375 0.2409735578125 0.03125 0.2764543265625 0.033203125 0.2808894234375 0.0302734375 0.27941105781250003 0.021484375
7 0.5839543265625 0.021484375 0.5159495187500001 0.0234375 0.5144711531249999 0.0283203125 0.52186298125 0.03125 0.5854326921874999 0.0302734375 0.5839543265625 0.021484375
3 0.6046514421875 0.021484375 0.59873798125 0.021484375 0.597259615625 0.0283203125 0.6076081734375001 0.03125 0.6090865390625 0.0244140625 0.6046514421875 0.021484375
6 0.0280889421875 0.021484375 0.0280889421875 0.029296875 0.15670673125 0.0283203125 0.155228365625 0.021484375 0.0280889421875 0.021484375
6 0.5041225953125 0.03125 0.5115144234375 0.0263671875 0.5115144234375 0.0244140625 0.5041225953125 0.021484375 0.47751201875 0.01953125 0.366634615625 0.0205078125 0.36367788437500004 0.0263671875 0.36811298125 0.03125 0.4745552875 0.033203125 0.5041225953125 0.03125
6 0.0517427890625 0.072265625 0.060612981249999996 0.07421875 0.229146634375 0.07421875 0.254278846875 0.0517578125 0.254278846875 0.0458984375 0.24688701875 0.04296875 0.2025360578125 0.0390625 0.1108774046875 0.0390625 0.036959134375 0.04296875 0.0295673078125 0.0458984375 0.0266105765625 0.0498046875 0.0295673078125 0.0537109375 0.0473076921875 0.0693359375 0.0517427890625 0.072265625
6 0.177403846875 0.0810546875 0.17296875 0.078125 0.1079206734375 0.078125 0.10348557656249999 0.0810546875 0.1049639421875 0.0859375 0.177403846875 0.0849609375 0.177403846875 0.0810546875
6 0.0857451921875 0.0947265625 0.081310096875 0.091796875 0.0635697125 0.08984375 0.031045673437499997 0.08984375 0.0266105765625 0.0947265625 0.0428725953125 0.09765625 0.081310096875 0.09765625 0.0857451921875 0.0947265625
4 0.24984375 0.123046875 0.254278846875 0.1201171875 0.25280048125 0.099609375 0.0458293265625 0.095703125 0.0295673078125 0.0966796875 0.0266105765625 0.1025390625 0.0266105765625 0.1220703125 0.031045673437499997 0.126953125 0.24984375 0.123046875
4 0.23506009687499999 0.17578125 0.24984375 0.173828125 0.254278846875 0.1708984375 0.254278846875 0.1318359375 0.24984375 0.12890625 0.2409735578125 0.126953125 0.12861778906250002 0.125 0.0295673078125 0.1259765625 0.0266105765625 0.1376953125 0.0266105765625 0.1708984375 0.031045673437499997 0.17578125 0.23506009687499999 0.17578125
4 0.24984375 0.2109375 0.254278846875 0.2080078125 0.254278846875 0.1845703125 0.24984375 0.181640625 0.1108774046875 0.1796875 0.0295673078125 0.1826171875 0.0266105765625 0.1884765625 0.0266105765625 0.2021484375 0.031045673437499997 0.2109375 0.24984375 0.2109375
4 0.0428725953125 0.33984375 0.17001201875 0.33984375 0.229146634375 0.337890625 0.24984375 0.333984375 0.254278846875 0.3291015625 0.254278846875 0.2900390625 0.24984375 0.287109375 0.158185096875 0.283203125 0.07243990312500001 0.283203125 0.0340024046875 0.28515625 0.0295673078125 0.2880859375 0.0266105765625 0.2998046875 0.0266105765625 0.3310546875 0.031045673437499997 0.337890625 0.0428725953125 0.33984375
4 0.24984375 0.28125 0.254278846875 0.2783203125 0.254278846875 0.2666015625 0.24984375 0.263671875 0.09905048125 0.26171875 0.0340024046875 0.263671875 0.0295673078125 0.2666015625 0.031045673437499997 0.283203125 0.1847956734375 0.283203125 0.24984375 0.28125
4 0.0340024046875 0.259765625 0.152271634375 0.259765625 0.24984375 0.2578125 0.254278846875 0.2548828125 0.254278846875 0.2197265625 0.24984375 0.216796875 0.0665264421875 0.212890625 0.0487860578125 0.212890625 0.0295673078125 0.2158203125 0.0266105765625 0.2236328125 0.0266105765625 0.2509765625 0.0295673078125 0.2568359375 0.0340024046875 0.259765625
4 0.13157451874999998 0.4921875 0.136009615625 0.4892578125 0.136009615625 0.3935546875 0.1049639421875 0.384765625 0.031045673437499997 0.384765625 0.0266105765625 0.3876953125 0.0266105765625 0.4892578125 0.031045673437499997 0.4921875 0.13157451874999998 0.4921875
4 0.19070913437499998 0.4921875 0.24984375 0.486328125 0.254278846875 0.4833984375 0.254278846875 0.3896484375 0.24984375 0.38671875 0.1670552875 0.38671875 0.149314903125 0.388671875 0.1448798078125 0.3916015625 0.1448798078125 0.4892578125 0.1670552875 0.4921875 0.19070913437499998 0.4921875
6 0.215841346875 0.5048828125 0.21436298125 0.498046875 0.1079206734375 0.498046875 0.0665264421875 0.5 0.0650480765625 0.5048828125 0.07539663437500001 0.5078125 0.20549278906250001 0.5078125 0.215841346875 0.5048828125
4 0.0428725953125 0.646484375 0.1256610578125 0.646484375 0.13453125 0.64453125 0.138966346875 0.6064453125 0.136009615625 0.5517578125 0.0694831734375 0.54296875 0.031045673437499997 0.54296875 0.0266105765625 0.5458984375 0.0266105765625 0.6416015625 0.031045673437499997 0.64453125 0.0428725953125 0.646484375
4 0.24984375 0.638671875 0.254278846875 0.6357421875 0.254278846875 0.5478515625 0.24984375 0.544921875 0.152271634375 0.544921875 0.1463581734375 0.546875 0.1448798078125 0.6376953125 0.1478365390625 0.6435546875 0.21436298125 0.64453125 0.24984375 0.638671875