3 0.989267053125 0.872537634375 0.9737227859375001 0.872537634375 0.9737227859375001 0.8887311828125 0.989267053125 0.8887311828125 0.989267053125 0.872537634375
6 0.9879753265625 0.900763440625 0.96662554375 0.900763440625 0.96662554375 0.9355806453125 0.9879753265625 0.9355806453125 0.9879753265625 0.900763440625
4 0.745606496875 0.66789876875 0.745606496875 0.8844557890625 0.747987609375 0.9139311140625 0.747987609375 0.9381160328125 0.9551444625000001 0.9358487015625 0.9585460593749999 0.652279359375 0.9612673203125001 0.6207886015625 0.7791575703125 0.6200408859375 0.7748601703125 0.6366599421875 0.7510490375 0.6371637859375 0.745606496875 0.66789876875
4 0.74764746875 0.58951925625 0.7473073125 0.6177349624999999 0.9616075796875 0.61597148125 0.96636980625 0.3618164453125 0.9673902875 0.095095671875 0.9673902875 0.071414615625 0.9568453531250001 0.05932216875 0.747596540625 0.057541910937499996 0.749688425 0.19649198125 0.749008109375 0.3709468296875 0.74764746875 0.58951925625
4 0.738820221875 0.2839276984375 0.6614676687500001 0.2897209390625 0.5193648359374999 0.291008309375 0.5219722390625 0.3299514390625 0.5211030890624999 0.725127053125 0.5176430859375001 0.9307733640625001 0.7362128203125 0.9328334578125 0.7344745671874999 0.7122533046874999 0.73838553125 0.4671739625 0.738820221875 0.2839276984375
4 0.2942602546875 0.644948921875 0.44461973125 0.64173044375 0.4489653859375 0.6291785640625001 0.49546375468750004 0.6291785640625001 0.5137154796875001 0.6224198375000001 0.513280928125 0.5870169875 0.51588833125 0.40505806250000004 0.510673525 0.3645057265625 0.5085007671875 0.315263584375 0.5085007671875 0.290159721875 0.2977833390625 0.28824988125 0.2938256578125 0.405701746875 0.29339109375 0.5883043265625 0.2942602546875 0.644948921875
4 0.292087428125 0.8975086375 0.289045475 0.9306585953125 0.5054588125 0.9341988750000001 0.5071970203125 0.6875102921875 0.5093699171875 0.6485671796875 0.478950353125 0.6488890140625 0.39812129375 0.6476016265625 0.31452006875 0.64896481875 0.3168576359375 0.66011459375 0.29078370468750003 0.6649422109375001 0.292087428125 0.8975086375
4 0.06807691406250001 0.2809921078125 0.087197834375 0.285497925 0.1967081828125 0.28388871875 0.2132216546875 0.2787391984375 0.2132216546875 0.268118359375 0.2757989890625 0.268118359375 0.28492480625 0.2677965265625 0.2863719328125 0.0515307046875 0.098061903125 0.05401404375 0.0919779953125 0.0704280875 0.0615584546875 0.072359196875 0.06807691406250001 0.2809921078125
4 0.066936775 0.37441730156249997 0.0661839328125 0.5464475359375001 0.06492919375 0.570608953125 0.0719557890625 0.581760375 0.2591647734375 0.5823179390625 0.2697046890625 0.579158378125 0.27949183125 0.5670776796875 0.2782370109375 0.5403142546875 0.2850127328125 0.333692115625 0.28074651875 0.2857184921875 0.23005453281250002 0.28460335468750003 0.19266296875 0.2840457703125 0.11888354062499999 0.28441749375 0.095960071875 0.2852554359375 0.094290403125 0.300006946875 0.0656820484375 0.30260894375 0.066936775 0.37441730156249997
4 0.0641763234375 0.6779609843750001 0.0646782234375 0.777090290625 0.066434875 0.8832821531249999 0.0646782234375 0.909302125 0.07095200625 0.9265868171875 0.2764803578125 0.9290029828125 0.2774841546875 0.6065243875 0.2797427734375 0.587009409375 0.26769709375 0.5825488296875 0.0937634703125 0.5830649 0.0950432171875 0.5983241640625 0.0659329765625 0.5986958765625 0.0641763234375 0.6779609843750001
2 0.6472100640625 0.271484375 0.6603915328125 0.279296875 0.67620929375 0.27734375 0.6880726140625 0.2470703125 0.7091629625 0.2314453125 0.7038903765625 0.2177734375 0.6907089078124999 0.2099609375 0.70652666875 0.1787109375 0.7038903765625 0.1552734375 0.6907089078124999 0.1298828125 0.70125408125 0.1259765625 0.7091629625 0.1103515625 0.6880726140625 0.0966796875 0.6775274390625 0.0791015625 0.6775274390625 0.0654296875 0.6683004125 0.060546875 0.6551189453124999 0.0625 0.6472100640625 0.078125 0.641937478125 0.072265625 0.6287560109375 0.0703125 0.39676217812500003 0.072265625 0.38621700468750003 0.078125 0.38489885625000003 0.0693359375 0.3756718296875 0.0625 0.3624903609375 0.0625 0.355899628125 0.0673828125 0.355899628125 0.0810546875 0.3453544546875 0.0966796875 0.32426410625 0.1103515625 0.3295366921875 0.1240234375 0.342718159375 0.1318359375 0.32690039843749996 0.1650390625 0.3295366921875 0.1865234375 0.342718159375 0.2099609375 0.32690039843749996 0.2216796875 0.32426410625 0.2333984375 0.3453544546875 0.2470703125 0.355899628125 0.2763671875 0.37171738906249996 0.2802734375 0.388853296875 0.26953125 0.40994364531249994 0.275390625 0.634028596875 0.275390625 0.6472100640625 0.271484375
6 0.4943050390625 0.2265625 0.5707575515625 0.228515625 0.5773482859375 0.2255859375 0.5760301390625 0.205078125 0.473214690625 0.205078125 0.4508061953125 0.2099609375 0.457396928125 0.224609375 0.479805425 0.2294921875 0.483759865625 0.25390625 0.5312131484375 0.255859375 0.5496672031250001 0.251953125 0.5562579375000001 0.2548828125 0.5575760843750001 0.234375 0.4969413328125 0.234375 0.4903505984375 0.2294921875 0.4943050390625 0.2265625
7 0.5312131484375 0.095703125 0.5153953875 0.10546875 0.49957762499999997 0.09375 0.47189654374999995 0.0986328125 0.46662395625 0.1103515625 0.47189654374999995 0.1142578125 0.47585098437499995 0.13671875 0.481123571875 0.1328125 0.49957762499999997 0.13671875 0.5153953875 0.126953125 0.52330426875 0.134765625 0.5338494421875 0.126953125 0.547030909375 0.13671875 0.55889423125 0.1357421875 0.5668031124999999 0.1298828125 0.565484965625 0.107421875 0.547030909375 0.107421875 0.5312131484375 0.095703125