4 0.26583584843749997 0.1439841328125 0.26367616875 0.131727603125 0.45856660156249995 0.1249184359375 0.45609847031250006 0.056618299999999996 0.0082294859375 0.0568569609375 0.009967640625 0.15332847968750002 0.061283173437500005 0.1501123859375 0.061591689062499996 0.14670781718749998 0.26583584843749997 0.1439841328125
4 0.061421034375 0.5264765437500001 0.0757911703125 0.5201335546875 0.10535269843749999 0.5201335546875 0.1028891453125 0.5029168640624999 0.4715857453125 0.491741125 0.45762634843749994 0.1363150890625 0.2613712015625 0.138429421875 0.2609606375 0.1429601234375 0.0606898875 0.146575175 0.061010559374999995 0.1576500109375 0.0150260375 0.159462303125 0.0257009765625 0.5282888203125 0.061421034375 0.5264765437500001
3 0.034019278125 0.859995003125 0.01272019375 0.8607782390625 0.0138774140625 0.8807396703125001 0.0360334421875 0.8818510375 0.034019278125 0.859995003125
6 0.040565190625000004 0.8870372046874999 0.014483390625 0.8879928640625 0.011359721875000001 0.9229698671875 0.03955824375 0.9240811953125 0.040565190625000004 0.8870372046874999
2 0.42650370156250006 0.859375 0.422517684375 0.8544921875 0.4251750296875 0.8447265625 0.411888309375 0.8447265625 0.41720299843750003 0.8603515625 0.42384635781249996 0.865234375 0.439790421875 0.869140625 0.447762453125 0.875 0.45706315625 0.8740234375 0.46237784375 0.8681640625 0.458391828125 0.86328125 0.43447573281249996 0.85546875 0.42650370156250006 0.859375
2 0.3441260390625 0.82421875 0.3507693984375 0.8193359375 0.3427973671875 0.8076171875 0.3427973671875 0.7939453125 0.3334966640625 0.7890625 0.3228672875 0.7890625 0.3135665828125 0.7939453125 0.31489525625 0.796875 0.329510646875 0.7998046875 0.32419596093749997 0.8017578125 0.32552463125000003 0.80859375 0.3135665828125 0.8076171875 0.31489525625 0.8125 0.32552463125000003 0.8125 0.326853303125 0.8154296875 0.308251896875 0.8193359375 0.316223928125 0.8330078125 0.32419596093749997 0.8349609375 0.3321679921875 0.8310546875 0.3308393203125 0.8203125 0.33881135156250003 0.8203125 0.3441260390625 0.82421875
0 0.5005475734375 0.6957071734375 0.9374538687499999 0.68736494375 0.9233012921875 0.5332016562499999 0.4858615640625 0.5421934187499999 0.5005475734375 0.6957071734375
0 0.9162250015625 0.2606869765625 0.4791619140625 0.26276752187499997 0.48457515312500005 0.5332792609375 0.9265179359375001 0.52570723125 0.9162250015625 0.2606869765625
4 0.915581728125 0.1168963703125 0.9149385921875 0.049221567187499995 0.46789919218750003 0.056645203125 0.46656293125000003 0.127781128125 0.8711944468749999 0.1230486546875 0.915581728125 0.1168963703125
4 0.46656293125000003 0.215805790625 0.8461060734375 0.20539421875000002 0.8518958140624999 0.1940361984375 0.915581728125 0.190250259375 0.923944703125 0.12257540625 0.5095712671875 0.1245248421875 0.51030673125 0.1424519265625 0.46334628593750005 0.14434489687500002 0.46656293125000003 0.215805790625
4 0.9181549609375 0.20492103281250001 0.677385840625 0.20896049218749999 0.6846394859375 0.2612378421875 0.9162250015625 0.26076453125 0.9181549609375 0.20492103281250001
4 0.0323200859375 0.7070794703125001 0.4848726734375 0.6964488921875 0.479618090625 0.5152469187500001 0.4677953875 0.5070324234375 0.074090475 0.517632665625 0.075670559375 0.534575159375 0.02378144375 0.53699115 0.0323200859375 0.7070794703125001
0 0.035053423437499995 0.720907521875 0.0363604265625 0.9261940671875 0.9463513640624999 0.9131245328125001 0.93450774375 0.7030436 0.035053423437499995 0.720907521875