4 0.3312925375 0.290625 0.334375 0.2877107375 0.3625 0.2861929015625 0.7765625 0.28907151875000003 0.8796875 0.28760684375 0.8803891406250001 0.209375 0.14375 0.20929024375 0.134375 0.21706220781250002 0.1125 0.22185951718750002 0.11181783906250001 0.234375 0.1122650046875 0.30625 0.1421875 0.306287909375 0.3203125 0.3047374046875 0.32817980156250004 0.3015625 0.3312925375 0.290625
4 0.2640886421875 0.3703125 0.265625 0.3625667078125 0.275 0.357990709375 0.5 0.36250018281249996 0.884375 0.3627072890625 0.8849203593749999 0.3078125 0.884375 0.3058863734375 0.871875 0.3056941140625 0.10625 0.305920315625 0.10559128749999999 0.378125 0.106178403125 0.3828125 0.109375 0.382813934375 0.1453125 0.38002838906249997 0.253125 0.3781371890625 0.2640886421875 0.3703125
4 0.1876022984375 0.659375 0.19375 0.656543771875 0.5765625 0.6565586796875 0.7703125 0.659513990625 0.8859375 0.657827534375 0.8880772046875001 0.646875 0.887884896875 0.5296875 0.1421875 0.5295950671874999 0.1359375 0.5342978171875 0.11875 0.5405753265625 0.10624519531250001 0.540625 0.1056772109375 0.675 0.10625 0.6784662640625 0.15 0.6781258890624999 0.18125 0.6735838984375 0.1875096125 0.6671875 0.1876022984375 0.659375
4 0.6078125 0.4626482015625 0.884375 0.46250782187499995 0.8866044984375 0.453125 0.8865370546875001 0.4046875 0.153125 0.40410731093749996 0.134375 0.40468185781250005 0.1265625 0.4108985875 0.1124900546875 0.4140625 0.1125 0.4813382875 0.1421875 0.48125249062500003 0.1578125 0.47837647031249997 0.246875 0.47824320781249996 0.590625 0.4812748703125 0.6000189765624999 0.471875 0.600068721875 0.4671875 0.6078125 0.4626482015625
4 0.3359375 0.13125294062499998 0.3546875 0.126618578125 0.359375 0.118873234375 0.3796875 0.1157662890625 0.440625 0.115780475 0.4828125 0.11875392656249999 0.878125 0.1187643953125 0.8860504109375 0.1171875 0.8866875375 0.0609375 0.1359375 0.06088505625 0.1296875 0.0670965921875 0.115625 0.07180997812499999 0.10773794218749999 0.071875 0.10726865156250001 0.1328125 0.1078125 0.136101796875 0.140625 0.13596630468749998 0.15 0.13307402343750002 0.2015625 0.1315943234375 0.3359375 0.13125294062499998
4 0.6921875 0.8734841484375 0.7109375 0.8640726203125 0.7171875 0.857913346875 0.8890625 0.854780925 0.8894172421875 0.8015625 0.10437525 0.8015625 0.1046875 0.8781924046875 0.1578125 0.8738053812500001 0.2265625 0.8737629515625001 0.334375 0.8753209734375 0.3515625 0.8781381078124999 0.4015625 0.8750054703125001 0.453125 0.8752459531250001 0.4578125 0.8782493625000001 0.5015625 0.8765657750000001 0.515625 0.8781676656249999 0.5171875 0.8752700046875 0.5515625 0.873796471875 0.6921875 0.8734841484375
4 0.1245327015625 0.875 0.12495345312499999 0.88125 0.12965366875 0.884375 0.1327773109375 0.8953125 0.15 0.906263834375 0.8828125 0.9062683640625 0.890711203125 0.9046875 0.890625 0.8745165640625 0.1245327015625 0.875
4 0.14476238749999998 0.3796875 0.1453125 0.405005571875 0.4359375 0.40470161562499996 0.43907383125 0.403125 0.4390625 0.37916323749999997 0.14476238749999998 0.3796875
4 0.14629188437500001 0.4796875 0.146875 0.5050195203125 0.4765625 0.5047932890625 0.48133178125000003 0.5015625 0.48125 0.4790981453125 0.14629188437500001 0.4796875
4 0.8453125 0.8091676140624999 0.7703125 0.8106580171875001 0.6015625 0.8076053484375001 0.571896553125 0.803125 0.5765625 0.800324125 0.60625 0.7988287578125 0.8453125 0.7987646203125001 0.875 0.7968829171875 0.8860049390625001 0.7921875 0.8859375 0.701497053125 0.1515625 0.701056846875 0.1328125 0.701555746875 0.13434024375 0.703125 0.128125 0.7077867046875 0.11871286406249999 0.7109375 0.11875 0.804700303125 0.19375 0.8003177390625 0.365625 0.800324825 0.375 0.8031900109375 0.3780981421875 0.8078125 0.3625 0.8120689015625 0.1390625 0.810815928125 0.11875 0.8141355328125 0.8859375 0.8147755171875 0.8861320218750001 0.80625 0.878125 0.8046683203124999 0.8453125 0.8091676140624999
4 0.1415352078125 0.1359375 0.1421875 0.15652384531250002 0.246875 0.159377528125 0.428125 0.159387325 0.43300234687500005 0.1578125 0.4328125 0.1352199890625 0.1415352078125 0.1359375
3 0.4734375 0.9441531765625 0.51875 0.9437791484375 0.5203125 0.9166322515625 0.4726958875 0.9171875 0.4734375 0.9441531765625
4 0.6953125 0.679705715625 0.7062574859375 0.678125 0.121595478125 0.678125 0.12340056875000001 0.6890625 0.12186724374999999 0.6953125 0.1296875 0.70003300625 0.14375 0.7031313046875 0.6734375 0.70315344375 0.687506321875 0.6953125 0.6859638875 0.690625 0.6953125 0.679705715625
4 0.1462761765625 0.1609375 0.146875 0.1844829484375 0.1578125 0.184375659375 0.1609375 0.181590615625 0.190625 0.18154744843749998 0.2234375 0.1815921671875 0.2328125 0.1843785046875 0.5921875 0.184749275 0.5921875 0.158860396875 0.146875 0.1588625859375 0.1462761765625 0.1609375
4 0.14619252656249998 0.50625 0.146875 0.528278540625 0.34375 0.52814079375 0.348540828125 0.525 0.3484375 0.50563395 0.14619252656249998 0.50625
4 0.5328125 0.1984749421875 0.5359375 0.2000091625 0.536463871875 0.1859375 0.1484375 0.1854008421875 0.14779400781250002 0.1875 0.1484375 0.2079525421875 0.4984375 0.207829503125 0.5078125 0.2016203890625 0.5171875 0.2031290140625 0.5328125 0.1984749421875