4 0.3359375 0.595373159375 0.34375 0.592266978125 0.359375 0.5906775515625 0.3953125 0.5921901093749999 0.4125 0.589268325 0.4671875 0.5892649703124999 0.4828125 0.5922515734375 0.6109375 0.592194121875 0.640625 0.58927035625 0.6609375 0.5921994875000001 0.8890625 0.5938197875 0.8894702703125 0.4453125 0.178125 0.4451524046875 0.146875 0.4484205109375 0.14375 0.4452635625 0.11875 0.44479848750000006 0.1180960078125 0.6078125 0.1703125 0.6078764718749999 0.321875 0.604696978125 0.33125 0.601658440625 0.3359375 0.595373159375
4 0.5109375 0.2531925421875 0.518801375 0.240625 0.5265625 0.2377919375 0.8046875 0.24062788125 0.8875 0.239082375 0.8907743984375 0.2375 0.8911522765625 0.2328125 0.8912575296874999 0.1640625 0.125 0.16362506875 0.1245878859375 0.2578125 0.1640625 0.25784611874999996 0.178125 0.255100090625 0.496875 0.25627492812499997 0.5109375 0.2531925421875
4 0.8828125 0.381252628125 0.8832587468750001 0.3296875 0.8828125 0.327855946875 0.859375 0.327625496875 0.546875 0.32951159531249996 0.496875 0.3276976359375 0.12940408125 0.328125 0.1296875 0.3298216546875 0.14375 0.32978887968750004 0.1499799828125 0.3328125 0.146875 0.3358032828125 0.1296355125 0.3390625 0.1296875 0.398573446875 0.171875 0.3969484453125 0.23125 0.39846160468749997 0.2765625 0.3953218703125 0.290625 0.381347653125 0.8828125 0.381252628125
4 0.3796875 0.4407196328125 0.3813885578125 0.4328125 0.3890625 0.4267507046875 0.4765625 0.42968931093749996 0.5453125 0.4266657140625 0.88125 0.4281426125 0.8818956734375 0.3984375 0.196875 0.39796710156250004 0.1546875 0.3984339703125 0.1359375 0.4030840578125 0.13563491875 0.446875 0.1703125 0.4468960390625 0.3578125 0.445320371875 0.3734375 0.44382334375 0.3796875 0.4407196328125
4 0.590625 0.11406286562500001 0.5984375 0.1017009015625 0.6078125 0.10025206093750001 0.8859375 0.098463075 0.8922797843750001 0.0953125 0.8926179640624999 0.065625 0.1234375 0.06503655 0.12323368125 0.11875 0.1453125 0.1187541171875 0.23125 0.116042328125 0.578125 0.1171947515625 0.590625 0.11406286562500001
4 0.5515625 0.3094747828125 0.884375 0.31101080312499996 0.8844082546875001 0.2734375 0.8203125 0.270251046875 0.7734375 0.2732380875 0.7609375 0.2608811875 0.7140625 0.2562435625 0.646875 0.25623979375 0.6390625 0.2591975703125 0.5859375 0.257805184375 0.559375 0.26067768281250003 0.5015625 0.25567070468750003 0.12916345 0.25625 0.1296875 0.261031465625 0.15622402500000002 0.2640625 0.1484274890625 0.271875 0.14997853125 0.2765625 0.146875 0.27963021875 0.129650084375 0.2859375 0.1296875 0.329877903125 0.515625 0.3296939390625 0.534375 0.32345671875000004 0.540625 0.312556809375 0.5515625 0.3094747828125
4 0.25 0.7390912828125 0.254737753125 0.728125 0.2609375 0.72526408125 0.6296875 0.725306890625 0.78125 0.729692821875 0.8859375 0.7281397109375 0.88812619375 0.721875 0.8880030578125 0.6953125 0.1765625 0.6949672703124999 0.1546875 0.69685185625 0.1390625 0.7045826796875 0.1234375 0.707763565625 0.12293082656250001 0.7453125 0.1578125 0.745374859375 0.16875 0.742553325 0.2421875 0.7422387109375 0.25 0.7390912828125
4 0.8859375 0.1438942640625 0.8865219046874999 0.11875 0.132524334375 0.11875 0.1421826625 0.121875 0.1327613 0.1234375 0.1328125 0.1645071625 0.5390625 0.1640646859375 0.5734375 0.1609667421875 0.5875 0.1454726609375 0.8859375 0.1438942640625
4 0.2421875 0.6891052156249999 0.2453125 0.6813559703125 0.2546875 0.6782362187500001 0.546875 0.6767767640625 0.68125 0.6812529281249999 0.884375 0.6812828015625 0.88489528125 0.63125 0.884375 0.62804401875 0.8796875 0.6264902296875 0.853125 0.6260537687500001 0.14375 0.626551034375 0.1390625 0.63120611875 0.12497811249999999 0.6359375 0.12491744687499999 0.696875 0.1546875 0.6968960765625 0.1703125 0.6940486171875 0.228125 0.693774371875 0.2421875 0.6891052156249999
4 0.735972940625 0.821875 0.7390625 0.81897318125 0.790625 0.8187572265625 0.81875 0.80946088125 0.828125 0.80937730625 0.8328125 0.8063060640625 0.8859375 0.8001047781249999 0.886137103125 0.7671875 0.8765625 0.765570678125 0.165625 0.7650535484375001 0.1515625 0.7655697828125 0.14375 0.77336389375 0.12498208125000002 0.778125 0.125 0.8190364718750001 0.153125 0.81878265 0.1640625 0.815842503125 0.23125 0.81587335625 0.26717254218750003 0.8203125 0.2640625 0.8231290093749999 0.1578125 0.82493536875 0.14682263125 0.8328125 0.1515625 0.839066990625 0.296875 0.8391774140624999 0.346875 0.8363466078125 0.415625 0.8363328875 0.484375 0.839206315625 0.7375 0.839151171875 0.7422004609374999 0.8328125 0.742198215625 0.828125 0.735972940625 0.821875
4 0.8908307234375 0.859375 0.15 0.8589113140625001 0.140618003125 0.859375 0.1437133578125 0.8640625 0.143678965625 0.871875 0.1343556953125 0.8828125 0.1578125 0.8906797046875001 0.19375 0.8937622562499999 0.3953125 0.89219394375 0.4703125 0.8892216546875 0.54375 0.892200390625 0.8125 0.8937505781249999 0.8859375 0.892270959375 0.8907292046874999 0.8890625 0.8908307234375 0.859375
6 0.779034765625 0.9109375 0.7796875 0.9440006390625 0.890625 0.94380543125 0.8938554625 0.940625 0.89375 0.9105061937500001 0.779034765625 0.9109375
4 0.6640941015624999 0.621875 0.664131190625 0.615625 0.671889740625 0.60625 0.15274688281249998 0.60625 0.153125 0.63138348125 0.6296875 0.631253159375 0.653125 0.6297859859375 0.6609375 0.626625234375 0.6640941015624999 0.621875
4 0.1609375 0.7662046953125 0.6453125 0.765708665625 0.6453125 0.7419015203125 0.160445315625 0.7421875 0.1609375 0.7662046953125
3 0.1140625 0.9426456296874999 0.1578125 0.9422516296874999 0.159375 0.9152048953125 0.11337595 0.915625 0.1140625 0.9426456296874999
4 0.44867136875 0.840625 0.1557423609375 0.840625 0.15625 0.8627948796875 0.3546875 0.8625185078125 0.44375 0.8609450015625001 0.44844524531249996 0.859375 0.44867136875 0.840625