2 0.49811996875000003 0.0736156671875 0.06344596875 0.0669738875 0.059461709375000005 0.31946196875 0.489827753125 0.3268373390625 0.49811996875000003 0.0736156671875
1 0.43841597343750005 0.327725296875 0.0717395609375 0.32119815625000003 0.06941234375000001 0.3363299265625 0.434269865625 0.3424760828125 0.43841597343750005 0.327725296875
4 0.1523345078125 0.363987678125 0.4906569625 0.3646022375 0.4906569625 0.349236846875 0.0613725703125 0.34807987812499996 0.062778609375 0.3799676296875 0.1515052984375 0.3811968671875 0.1523345078125 0.363987678125
4 0.0609448078125 0.5088462703125 0.11830741874999999 0.507833959375 0.12308764375 0.4916370234375 0.48979875 0.4906247125 0.49321319375000006 0.38382620312500004 0.091522225 0.38532574375 0.084845903125 0.401541596875 0.0602619046875 0.402553909375 0.0609448078125 0.5088462703125
4 0.04796991875 0.5452893703125 0.04796991875 0.5635109484374999 0.33683173593750004 0.5599678265625 0.3395633 0.5427585984375 0.485701378125 0.5422524328125 0.48979875 0.5088462703125 0.18932785000000002 0.5103647296875 0.129916528125 0.510870875 0.08554595937500001 0.5143580015625 0.08689456250000001 0.52858626875 0.058213245312499995 0.530104746875 0.04796991875 0.5452893703125
4 0.056520031250000005 0.7081604234375 0.417624246875 0.70589605 0.419457234375 0.68732819375 0.48605683437499997 0.6886868140625 0.49277788593749994 0.5686750125 0.087999375 0.5688737984375 0.088259853125 0.5849785046875 0.060153612499999995 0.58724286875 0.056520031250000005 0.7081604234375
1 0.22207005 0.7282766390625001 0.06126345 0.727900396875 0.0638196359375 0.7427686328124999 0.21779298281249998 0.7427686328124999 0.22207005 0.7282766390625001
2 0.4793033203125 0.745485875 0.0505690796875 0.7494057734374999 0.0503774890625 0.944750753125 0.4799143625 0.946109390625 0.4793033203125 0.745485875
3 0.03937941875 0.8709321953125 0.022305385937499998 0.8705149984375 0.0228822453125 0.8890471828125 0.0387684234375 0.88859428125 0.03937941875 0.8709321953125
6 0.04182345 0.9361461265625 0.041212407812500004 0.9003690515624999 0.021541503125 0.8999434078125 0.0179942296875 0.9157667640625 0.0186052265625 0.937051896875 0.04182345 0.9361461265625
2 0.9490770140624999 0.0754034796875 0.516538065625 0.076513865625 0.521373221875 0.32720181875 0.9509100500000001 0.3244845765625 0.9490770140624999 0.0754034796875
1 0.6893439406249999 0.3278360296875 0.5382382390625 0.3267990078125 0.5366396015625 0.33842633437499997 0.6875579515625 0.33941917187500004 0.6893439406249999 0.3278360296875
4 0.5071703453125 0.48807368437500004 0.686664925 0.4867499171875 0.7107761781249999 0.48542612343749997 0.708543625 0.468878778125 0.9358141468750001 0.4685478359375 0.9376001359374999 0.3513926125 0.5399129078125 0.34871795 0.5406581421875 0.36694711875 0.5102958609375 0.366616178125 0.5071703453125 0.48807368437500004
4 0.5067238484375001 0.5700241187499999 0.5098493625 0.5878952578125001 0.5071703453125 0.6736105125 0.8139185531249999 0.6722867203125 0.8143650843750001 0.655077490625 0.9331350953124999 0.6557393734375 0.9402791875000001 0.5984855484375 0.9313491078125 0.56803844375 0.9362606781249999 0.509791778125 0.9340281578124999 0.4866254953125 0.8773221015624999 0.48497076093749997 0.533772459375 0.4905707203125 0.5335140875 0.5107846296874999 0.5067238484375001 0.512108409375 0.5067238484375001 0.5700241187499999
4 0.5009192828125 0.8319398640625 0.8081139875 0.83227080625 0.8103465078125 0.8155463812500001 0.92822359375 0.812898796875 0.9335816265625001 0.7794731640625 0.9326886328124999 0.676548665625 0.5360053484375 0.677088503125 0.537086096875 0.6943125203125 0.5044913296875 0.6943125203125 0.5009192828125 0.8319398640625
4 0.501812278125 0.9454717484374999 0.6598746859375 0.9438170124999999 0.6598746859375 0.9269387265625 0.8670525640625 0.9272696671875 0.9367071421875 0.9262768421875001 0.9376001359374999 0.9130389531249999 0.92956311875 0.9080747499999999 0.9233120234375001 0.8402306328125 0.8858057171875 0.8375830593750001 0.5315395671875 0.8375516953125001 0.5303885390625 0.8571089328125 0.50270530625 0.8571089328125 0.501812278125 0.9454717484374999