4 0.11626463437500001 0.0711099453125 0.3351499140625 0.075240928125 0.3434441515625 0.056946590625 0.06240571406249999 0.054719764062499995 0.0644557828125 0.083502884375 0.10797039687500001 0.083502884375 0.11626463437500001 0.0711099453125
2 0.6367652203125 0.0042861390625 0.36689289375 0.0023598828125 0.352498659375 0.4547799828125 0.6277169734375 0.45987156718750005 0.6367652203125 0.0042861390625
4 0.2587793015625 0.5347363515625 0.270843653125 0.51703215625 0.332673484375 0.5176222875 0.3426964 0.089853878125 0.096664440625 0.084979503125 0.091386246875 0.099733 0.06725754687499999 0.098552728125 0.05616777656250001 0.5325679703125 0.2587793015625 0.5347363515625
1 0.4058137125 0.4633294171875 0.3990274984375 0.45742801875000005 0.3555806765625 0.45737463125 0.35604823125 0.472181515625 0.4020436 0.4733617984375 0.4058137125 0.4633294171875
7 0.20147359531250003 0.5395616046875 0.0529788671875 0.5384955765624999 0.058209296875000004 0.55490523125 0.20147359531250003 0.55490523125 0.20147359531250003 0.5395616046875
4 0.0579802765625 0.8242355437500001 0.048931996875 0.8389047046875 0.0515172265625 0.9366323203125001 0.3274894859375 0.9386556640625001 0.3313673046875 0.5636075625 0.0825791703125 0.560809103125 0.0825398421875 0.5746140078125 0.0566876375 0.5741081515625 0.0579802765625 0.8242355437500001
4 0.34687863750000003 0.6901894734375 0.3817791234375 0.6896836484375 0.383718009375 0.67501445 0.6196194203125 0.6820961359375 0.6241435359375 0.5854817999999999 0.3783128484375 0.582932996875 0.3817791234375 0.60268016875 0.3488175734375 0.600656825 0.34687863750000003 0.6901894734375
4 0.348171228125 0.7099170124999999 0.348171228125 0.8141188609375 0.42702048125000003 0.813612996875 0.42702048125000003 0.8014730265625 0.6170341406250001 0.8045080046875001 0.6185051328125 0.6941113296875 0.3813111328125 0.692087984375 0.38242541874999997 0.7089053421875 0.348171228125 0.7099170124999999
4 0.40522444999999996 0.510664071875 0.624968184375 0.5121815703125 0.6256145296875 0.4803140234375 0.3516483375 0.4773704171875 0.34834958125000004 0.5273565953125 0.40328551562500004 0.5268507687499999 0.40522444999999996 0.510664071875
7 0.4265524890625 0.573247440625 0.42719883437500006 0.5570607437499999 0.5041091015625 0.5575665890625 0.6256145296875 0.5575665890625 0.6288460546875 0.5418857187499999 0.6062253765625 0.538850721875 0.3516483375 0.5380530984375 0.3502885171875 0.5717299421875001 0.3838963625 0.5737532671875 0.4265524890625 0.573247440625
4 0.347056990625 0.8551821234375 0.35093481249999997 0.883508828125 0.5512894421875 0.8840146734375001 0.5499967531250001 0.8688396484375 0.6165661984375 0.8703571484375001 0.6178587890625 0.8238204015624999 0.6120420828124999 0.8157270625 0.421382078125 0.8187620609374999 0.3807368953125 0.8155499374999999 0.3787259515625 0.8303962421875 0.34834958125000004 0.8309020874999999 0.347056990625 0.8551821234375
4 0.347056990625 0.9365960125000001 0.6146272640625 0.93861935625 0.6133346734375 0.8875301140625 0.377504834375 0.886346396875 0.3806648375 0.9042226375 0.3457643515625 0.9037167921875 0.347056990625 0.9365960125000001
2 0.91860823125 0.0005277921875 0.649098975 0.0010336296875 0.647806384375 0.1376088421875 0.91860823125 0.141149684375 0.91860823125 0.0005277921875
1 0.7687651859375 0.15289183906249998 0.8283773109375 0.1545581234375 0.8315708109375001 0.1408113390625 0.756523390625 0.1408113390625 0.6482565765625 0.139094221875 0.6506054234375 0.15289183906249998 0.70116929375 0.1520587140625 0.7687651859375 0.15289183906249998
4 0.6559279359375 0.28033815 0.7091530625 0.28408727968749997 0.79271649375 0.2799215703125 0.79271649375 0.2607594203125 0.8363611203125 0.2649251125 0.922585809375 0.26284226718750003 0.9199245515625 0.15953305 0.6815278015625 0.1578344625 0.6798792421875001 0.1766123859375 0.6553956515625 0.17577924375 0.6559279359375 0.28033815
7 0.75226540625 0.301038109375 0.75226540625 0.2906238765625 0.7458783671875 0.28604162187500004 0.6416023296875 0.2858927640625 0.6420893703125 0.3014546890625 0.7070240484375 0.3014546890625 0.75226540625 0.301038109375
4 0.6420893703125 0.4572390484375 0.761845903125 0.45848876875 0.7591846484375 0.44265912187499995 0.8741509125 0.4422425578125 0.9183277828125 0.44265912187499995 0.9167310125 0.30935694375 0.8784089375 0.308523803125 0.7506686359375 0.30644095625 0.6668884625 0.3093180640625 0.6697664609375 0.3235203078125 0.642621653125 0.32185402343749997 0.6420893703125 0.4572390484375
6 0.9018280421875 0.475010484375 0.9050215015624999 0.4600139796875 0.817939834375 0.45976054218750007 0.8182645703125001 0.4720944953125 0.8326353796875001 0.475843625 0.9018280421875 0.475010484375
7 0.719265803125 0.4854247171875 0.6469257265625 0.48370640312499996 0.6500731390625 0.500837784375 0.7155400609375 0.5020874890625 0.719265803125 0.4854247171875
4 0.642621653125 0.7006482171874999 0.7533298921875 0.705230471875 0.7533298921875 0.6881511375 0.8363611203125 0.6906505468749999 0.9177955796875 0.6894008265625 0.9220535249999999 0.5215234 0.671546434375 0.5185840703125 0.6729599609375 0.536936459375 0.6442183828125 0.534020478125 0.642621653125 0.7006482171874999
4 0.6341056015625 0.9369936187500001 0.79271649375 0.9428255640625001 0.9071505546875 0.9444918484375 0.9183277828125 0.71246275 0.8981022187500001 0.70829705625 0.6682193125 0.7039042171875 0.6702987031250001 0.7228769828125 0.6410248843749999 0.7207941359375 0.6341056015625 0.9369936187500001
3 0.9385533468749999 0.8691866328125 0.917088090625 0.8678813125 0.91939226875 0.8875157203124999 0.9353598062499999 0.887099125 0.9385533468749999 0.8691866328125
6 0.9390856296875001 0.897929953125 0.9190843624999999 0.8939094234375 0.9161988093750001 0.9333383281250001 0.9380210640625 0.9316720437500001 0.9390856296875001 0.897929953125