4 0.4703125 0.7546875 0.471875 0.753125 0.5125 0.753125 0.5140625 0.7515625 0.58125 0.7515625 0.5828125 0.753125 0.6375 0.753125 0.6390625 0.7515625 0.7828125 0.7515625 0.784375 0.75 0.796875 0.75 0.7984375 0.7484375 0.8140625 0.7484375 0.815625 0.746875 0.81875 0.746875 0.8203125 0.7453125 0.821875 0.7453125 0.825 0.7421875 0.825 0.571875 0.171875 0.571875 0.171875 0.75625 0.1984375 0.75625 0.2 0.7546875 0.4703125 0.7546875
4 0.296875 0.359375 0.2984375 0.3609375 0.328125 0.3609375 0.3296875 0.359375 0.3375 0.359375 0.3390625 0.3578125 0.3421875 0.3578125 0.34375 0.35625 0.359375 0.35625 0.3609375 0.3546875 0.3671875 0.3546875 0.36875 0.35625 0.375 0.35625 0.3765625 0.3546875 0.459375 0.3546875 0.4609375 0.35625 0.4671875 0.35625 0.46875 0.3546875 0.4796875 0.3546875 0.48125 0.35625 0.503125 0.35625 0.5046875 0.3546875 0.7859375 0.3546875 0.7875 0.353125 0.809375 0.353125 0.8109375 0.3515625 0.8171875 0.3515625 0.8203125 0.3484375 0.821875 0.3484375 0.825 0.3453125 0.825 0.34375 0.8265625 0.3421875 0.8265625 0.2265625 0.825 0.225 0.825 0.2234375 0.171875 0.2234375 0.171875 0.3609375 0.203125 0.3609375 0.2046875 0.359375 0.296875 0.359375
4 0.65 0.4703125 0.6515625 0.46875 0.725 0.46875 0.7265625 0.4671875 0.75 0.4671875 0.7515625 0.465625 0.8015625 0.465625 0.803125 0.4640625 0.815625 0.4640625 0.8171875 0.4625 0.8171875 0.4046875 0.175 0.4046875 0.175 0.4734375 0.6296875 0.4734375 0.6328125 0.4703125 0.65 0.4703125
4 0.509375 0.5421875 0.5109375 0.540625 0.6359375 0.540625 0.6375 0.5421875 0.65 0.5421875 0.6515625 0.540625 0.725 0.540625 0.7265625 0.5390625 0.7703125 0.5390625 0.771875 0.540625 0.790625 0.540625 0.7921875 0.5390625 0.8171875 0.5390625 0.81875 0.5375 0.821875 0.5375 0.825 0.534375 0.8265625 0.534375 0.8265625 0.475 0.1703125 0.475 0.1703125 0.54375 0.3921875 0.54375 0.39375 0.5421875 0.509375 0.5421875
4 0.2671875 0.8171875 0.26875 0.815625 0.2859375 0.815625 0.2875 0.8171875 0.3234375 0.8171875 0.325 0.815625 0.3390625 0.815625 0.340625 0.8171875 0.390625 0.8171875 0.3921875 0.815625 0.4390625 0.815625 0.440625 0.8171875 0.45 0.8171875 0.4515625 0.815625 0.5203125 0.815625 0.521875 0.8140625 0.571875 0.8140625 0.5734375 0.8125 0.66875 0.8125 0.6703125 0.8109375 0.6765625 0.8109375 0.678125 0.8125 0.70625 0.8125 0.7078125 0.8109375 0.7828125 0.8109375 0.784375 0.809375 0.796875 0.809375 0.7984375 0.8078125 0.8140625 0.8078125 0.815625 0.80625 0.8203125 0.80625 0.821875 0.8046875 0.8234375 0.8046875 0.825 0.803125 0.825 0.7578125 0.171875 0.7578125 0.171875 0.81875 0.259375 0.81875 0.2609375 0.8171875 0.2671875 0.8171875
4 0.34375 0.3984375 0.3453125 0.396875 0.5796875 0.396875 0.58125 0.3953125 0.7609375 0.3953125 0.7625 0.396875 0.7671875 0.396875 0.76875 0.3953125 0.775 0.3953125 0.7765625 0.396875 0.778125 0.3953125 0.815625 0.3953125 0.815625 0.3625 0.1796875 0.3625 0.1796875 0.4 0.33125 0.4 0.3328125 0.3984375 0.34375 0.3984375
6 0.4375 0.1578125 0.440625 0.1546875 0.4421875 0.1546875 0.44375 0.153125 0.44375 0.1234375 0.190625 0.1234375 0.190625 0.15625 0.1921875 0.15625 0.19375 0.1578125 0.4375 0.1578125
7 0.640625 0.5671875 0.640625 0.546875 0.3921875 0.546875 0.3921875 0.56875 0.6359375 0.56875 0.6375 0.5671875 0.640625 0.5671875
7 0.1984375 0.1734375 0.1984375 0.2109375 0.2515625 0.2109375 0.253125 0.209375 0.346875 0.209375 0.3484375 0.2109375 0.3671875 0.2109375 0.36875 0.209375 0.3921875 0.209375 0.39375 0.2109375 0.403125 0.2109375 0.4046875 0.209375 0.4171875 0.209375 0.41875 0.2109375 0.803125 0.2109375 0.803125 0.1765625 0.8015625 0.175 0.8 0.175 0.7984375 0.1734375 0.796875 0.1734375 0.7953125 0.171875 0.79375 0.171875 0.7921875 0.1703125 0.2234375 0.1703125 0.221875 0.171875 0.2171875 0.171875 0.215625 0.1734375 0.1984375 0.1734375
6 0.625 0.1390625 0.6265625 0.1375 0.6265625 0.125 0.484375 0.125 0.484375 0.1421875 0.6234375 0.1421875 0.625 0.140625 0.625 0.1390625
6 0.68125 0.1234375 0.68125 0.1421875 0.7875 0.1421875 0.7875 0.1234375 0.68125 0.1234375
6 0.3765625 0.0265625 0.3765625 0.0484375 0.621875 0.0484375 0.621875 0.0265625 0.3765625 0.0265625
6 0.3546875 0.11875 0.3546875 0.1046875 0.2796875 0.1046875 0.2796875 0.1203125 0.35 0.1203125 0.3515625 0.11875 0.3546875 0.11875
6 0.7625 0.11875 0.7640625 0.1171875 0.7640625 0.103125 0.703125 0.103125 0.703125 0.1203125 0.759375 0.1203125 0.7609375 0.11875 0.7625 0.11875
3 0.828125 0.0125 0.78125 0.0125 0.78125 0.034375 0.825 0.034375 0.828125 0.03125 0.828125 0.0125
6 0.575 0.1203125 0.578125 0.1171875 0.5796875 0.1171875 0.5796875 0.1046875 0.5265625 0.1046875 0.5265625 0.121875 0.571875 0.121875 0.5734375 0.1203125 0.575 0.1203125
5 0.1756535953125 0.10101010156250001 0.1838235296875 0.159406565625 0.8231209156249999 0.159406565625 0.8169934640625 0.102588384375 0.1756535953125 0.10101010156250001