4 0.11775301875 0.7437798015625 0.1163081578125 0.7917736921875 0.115344940625 0.8047645359375 0.11919784375 0.81234250625 0.11775301875 0.843376146875 0.1187162359375 0.8827094953125 0.1187162359375 0.9130214328124999 0.11919784375 0.933229396875 0.188068890625 0.93611623125 0.19144018437500002 0.9198776953125 0.32051318125 0.9184342781250001 0.32051318125 0.8829324234374999 0.3209947890625 0.85875503125 0.3219580421875 0.8201434140625 0.323884475 0.78477948125 0.324847728125 0.76457153125 0.32051318125 0.7609629671875 0.318105103125 0.6956479609375 0.32147639687499996 0.659923184375 0.2959507921875 0.6555929125 0.28391040312500004 0.6595623328125 0.23285915625000003 0.6577580515625 0.1741020296875 0.6573971937499999 0.1464354421875 0.6602633484375 0.142797015625 0.672493765625 0.1187162359375 0.67826746875 0.11775301875 0.7437798015625
7 0.15339258125 0.655686715625 0.163988109375 0.6531607046875 0.17458363906250002 0.6506347140625001 0.2145577484375 0.652799853125 0.236712059375 0.652799853125 0.23526723437500002 0.6376438984374999 0.2145577484375 0.6372830265625 0.20925998437499999 0.634396178125 0.1981828109375 0.634035334375 0.1924034375 0.6376438984374999 0.1442418765625 0.6354787453124999 0.12114642499999999 0.633658009375 0.1235323921875 0.6520781515625 0.14135219062499998 0.6517172796875 0.15339258125 0.655686715625
4 0.11101039374999999 0.49155490312500005 0.11823462656249999 0.5626436046875 0.1187162359375 0.61316349375 0.1235323921875 0.6286803 0.199627671875 0.6272368968750001 0.204443828125 0.6109983609375 0.32003157187500003 0.6102766328125 0.32051318125 0.598729240625 0.31906831874999997 0.5486003390625 0.3209947890625 0.504214996875 0.31714188593750003 0.4378174375 0.318105103125 0.4172486234375 0.31473380781250004 0.389823546875 0.31617863281249997 0.35915075 0.310399259375 0.3533770546875 0.23044228125 0.35334692031250003 0.20299896718750002 0.35265535312499996 0.1683138609375 0.352625203125 0.1398121265625 0.35227272656249997 0.114863334375 0.37066801875 0.1139000796875 0.468460090625 0.11101039374999999 0.49155490312500005
4 0.11148320468749999 0.15325704375 0.115817753125 0.17707355625 0.1148545375 0.21279833906249998 0.110519990625 0.29182587187500003 0.110519990625 0.3365720640625 0.11340967500000002 0.3448717703125 0.18806009375 0.34523262187500003 0.222736403125 0.3441500421875 0.27330604062499997 0.3448717703125 0.2742692953125 0.3293549375 0.3050927 0.3304375171875 0.3142433671875 0.3257463734375 0.31328015 0.296877865625 0.3123169328125 0.26620507656250003 0.31328015 0.2409451328125 0.3142433671875 0.1990858015625 0.31279854218750003 0.1698564296875 0.31279854218750003 0.1381010734375 0.313761759375 0.08180748593750001 0.28630968437500004 0.0810857703125 0.24151941875 0.082168340625 0.1639793140625 0.079642353125 0.11392099062500001 0.0790043296875 0.1129280671875 0.10706742656249998 0.117262615625 0.14784419843750002 0.11148320468749999 0.15325704375
2 0.5381109328125 0.0814466359375 0.33790943125 0.08170995625000001 0.33631398749999997 0.27703076718749997 0.5376292874999999 0.276309065625 0.5381109328125 0.0814466359375
2 0.759654071875 0.079642353125 0.558887271875 0.08080808125 0.5631549296875 0.276309065625 0.7639886578125 0.2741439328125 0.759654071875 0.079642353125
2 0.9816980859375001 0.2745047828125 0.984587809375 0.079642353125 0.775048159375 0.07990620625 0.7746033765625 0.169134728125 0.7746033765625 0.2737830546875 0.9816980859375001 0.2745047828125
1 0.49941857812499996 0.27734375 0.34452062968749997 0.2788350484375 0.344039021875 0.2911041703125 0.5101964046874999 0.29182587187500003 0.5207919328124999 0.2802784796875 0.49941857812499996 0.27734375
1 0.6219912843750001 0.275390625 0.620486384375 0.2853304734375 0.7548571078124999 0.285691325 0.75774683125 0.2766699171875 0.6219912843750001 0.275390625
1 0.9884054359375 0.2861328125 0.9884054359375 0.2802734375 0.9740618218750001 0.275390625 0.78113176875 0.2766699171875 0.7820949859375 0.30445584375 0.8880001359374999 0.3046875 0.9766697531249999 0.298828125 0.9884054359375 0.2861328125
7 0.7259750031250001 0.4392624578125 0.730220375 0.4287109375 0.730791159375 0.423745625 0.6551774875 0.42121964062500006 0.6506785125000001 0.419921875 0.5593359734375001 0.42302392343750006 0.5574095421874999 0.4309627515625 0.5655969921875 0.43673646093749996 0.70237583125 0.4356538953125 0.7259750031250001 0.4392624578125
4 0.3376559 0.33033444843750004 0.3390094140625 0.3645613828125 0.3420548078125 0.389154075 0.3417164359375 0.43250819375000005 0.34239318124999996 0.44315658593749996 0.3921345484375 0.443410115625 0.3934880625 0.42794461406249995 0.5372981734375 0.42921227812499996 0.5410203375 0.41095790781249997 0.5372981734375 0.3579695328125 0.5379749171875 0.34148989531249996 0.5416970828125 0.324503190625 0.5406819406250001 0.30295289531249997 0.5369598015625 0.2948398484375 0.44762833906250005 0.29407924531249996 0.3965334578125 0.2938257125 0.36516910937499997 0.29660971406250003 0.36303415625 0.310812415625 0.339347784375 0.3113194828125 0.3376559 0.33033444843750004
4 0.341451471875 0.48209052343750003 0.342128240625 0.5355859625 0.3434083203125 0.607634575 0.3467920875 0.6195506140625 0.3467920875 0.636790846875 0.5163188265625 0.6380585125 0.545419246875 0.6378049828125001 0.5447424515625 0.62280529375 0.5437273625000001 0.5936490125 0.5430505671875 0.572605775 0.5410203375 0.5206315328125 0.5420354796875 0.49223585 0.5423738250000001 0.45268472343750005 0.498723221875 0.4496423265625 0.438492178125 0.4496423265625 0.3907810640625 0.4478676015625 0.37066864375 0.4499520578125 0.3664179234375 0.46358261875 0.34611531875 0.46383615312500004 0.341451471875 0.48209052343750003
4 0.55957118125 0.470871775 0.5599861703125 0.530883403125 0.5633061546875 0.5952482375 0.5633061546875 0.631006453125 0.767484403125 0.627897040625 0.7645793765625 0.5877856218749999 0.763749396875 0.5473632796875 0.7616744140625 0.48424223906249997 0.75835443125 0.454080959375 0.7583681171875 0.4415252640625 0.71945479375 0.44177879375 0.6818949812499999 0.444314121875 0.6101591234375 0.4422858578125 0.5847274640625 0.4445639109375 0.580735990625 0.46123260000000005 0.5616461640625 0.4634091890625 0.55957118125 0.470871775
4 0.9151592375 0.625707196875 0.9798986390625 0.6266400187500001 0.9828036640625 0.61513520625 0.9653737640625 0.614824259375 0.9653737640625 0.6123367328125 0.9346640562499999 0.60984920625 0.928439109375 0.6138914375 0.8939943953125 0.6138914375 0.8636996781249999 0.6160680281250001 0.8587197015625 0.6120257953125 0.8404598546875001 0.61264766875 0.805849278125 0.6147831390625 0.8101651359375 0.6288166078125 0.8819594937499999 0.6269509671875 0.9151592375 0.625707196875
4 0.7815303765625 0.3912167296875 0.780700396875 0.44842988906250003 0.7811153875 0.5441997578125 0.783605359375 0.584000203125 0.9790686578125 0.5836892671875 0.984048603125 0.573428225 0.9819736203125 0.56689844375 0.9865386062500001 0.5180807 0.9844636250000001 0.42443379531250003 0.9828036640625 0.41479462500000003 0.9823886421875001 0.403289803125 0.984048603125 0.37810357968749997 0.9803136609375 0.3488751109375 0.9815586625 0.3289748828125 0.983218621875 0.3152934734375 0.901879334375 0.3149825328125 0.8865244796875 0.3121840640625 0.8607946828124999 0.31404970625 0.804811615625 0.3155902328125 0.8047701703125 0.33322569999999996 0.7815303765625 0.3329147515625 0.7815303765625 0.3912167296875
4 0.6015875859375 0.396968625 0.755136253125 0.3972795609375 0.7592862171875 0.3730261578125 0.755551275 0.35126028125 0.7514013109375 0.3425539328125 0.7543062734375 0.330427225 0.7543062734375 0.315191125 0.7576262578125 0.30835040625 0.7576262578125 0.2977784109375 0.6912268328125 0.29715653125 0.6800218796874999 0.2943580625 0.672966953125 0.29715653125 0.5795927625 0.2946689984375 0.567142871875 0.2921814734375 0.5521406109375 0.29582096406249997 0.558427953125 0.41282661718749997 0.598682590625 0.4137594375 0.6015875859375 0.396968625
1 0.7128066328125 0.6701366171875 0.717786578125 0.6564552046875 0.6584420796875 0.653967690625 0.563407896875 0.6527239140625001 0.4882935546875 0.6558333249999999 0.34927744375 0.6590792328124999 0.350514746875 0.6688928484375001 0.385789440625 0.6704475546875 0.7128066328125 0.6701366171875
2 0.9912617406249999 0.9315185953125 0.989186759375 0.6695147453125 0.3425326328125 0.6707360984374999 0.3440944765625 0.7894185125 0.3453394796875 0.9340061343749999 0.9912617406249999 0.9315185953125
7 0.8365349765625 0.6074028 0.9028458046875001 0.60922608125 0.9058875859375 0.592360809375 0.8687778937499999 0.5928166203125 0.8596525453125 0.5891700578125 0.8109840203124999 0.5873467765625 0.7835412093749999 0.59307359375 0.7854330171874999 0.60557951875 0.797600103125 0.6078586109375 0.8365349765625 0.6074028