5 0.9444531546875 0.0742410328125 0.6637569484375 0.0742410328125 0.064539490625 0.074431534375 0.064381715625 0.1287575859375 0.942029575 0.1269553953125 0.9444531546875 0.0742410328125
6 0.124972128125 0.11929604062500002 0.14920829375 0.11749383437500001 0.15890275 0.1125377890625 0.409747046875 0.1111861421875 0.42307696562499997 0.0886586390625 0.372181009375 0.0886586390625 0.24251751562499999 0.08685643125 0.2322171640625 0.0819003875 0.20555737343749997 0.08370257656249999 0.184956621875 0.0886586390625 0.08802217343749999 0.0879440671875 0.084982440625 0.1017245796875 0.089223775 0.11659274687500001 0.124972128125 0.11929604062500002
6 0.547136028125 0.12136727656249999 0.6195869468749999 0.11862789375 0.8897428140624999 0.11954101718750001 0.9319035203125001 0.11801913906249999 0.928426625 0.10442789062499999 0.8508709703124999 0.0967685359375 0.7805860546875001 0.09766963906250001 0.7690739125 0.10082349374999999 0.4970753671875 0.10258264375 0.497607453125 0.11527976718749999 0.5037473593749999 0.1207585234375 0.547136028125 0.12136727656249999
7 0.286513878125 0.1670236015625 0.30657088125 0.168545478125 0.3213066828125 0.1566748515625 0.37042593749999997 0.15576170625000002 0.3720632203125 0.1441954390625 0.32294396718749996 0.1353685453125 0.1776328390625 0.1308029125 0.15921311875 0.1359772984375 0.0758404296875 0.1358637421875 0.07611973125 0.1594142140625 0.246809128125 0.1600229546875 0.286513878125 0.1670236015625
5 0.9434325593749999 0.1659501578125 0.31670295937500004 0.16975374999999998 0.281298984375 0.16942871875 0.0630468328125 0.16933521406250002 0.06533323437500001 0.58092010625 0.9454771843750001 0.580945978125 0.9434325593749999 0.1659501578125
6 0.2425532046875 0.5714972625 0.247545028125 0.5544660828125 0.29687607968749996 0.5568679125 0.30539154062499996 0.5531559875000001 0.30627245937500003 0.5387449906249999 0.193515784375 0.5385266359374999 0.150057496875 0.5402734296875 0.09185026562500001 0.5411269234375 0.0898618671875 0.555339471875 0.093385515625 0.5712789093749999 0.2425532046875 0.5714972625
6 0.12480468281249998 0.5165619328125 0.26428233749999996 0.5165619328125 0.3312316421875 0.5180903828125001 0.33622346406250003 0.500622503125 0.332699828125 0.4927619609375 0.315375209375 0.49843901874999996 0.1430102 0.49843901874999996 0.1250983375 0.4931986515625 0.11511465781250001 0.493853703125 0.111297378125 0.49974910625 0.0922173734375 0.4996528953125 0.0904491421875 0.5121949640625 0.11834467343749999 0.5198371609375 0.12480468281249998 0.5165619328125
6 0.20966582812499998 0.47896142968750005 0.26310780624999996 0.480708225 0.2722105546875 0.4669522625 0.2683932609375 0.45887337500000003 0.250187765625 0.46040180781249995 0.2478386609375 0.4457724578125 0.20203126718750003 0.44664587187500004 0.19703944375 0.44271558437499997 0.1864684875 0.44249723124999996 0.18088939843750002 0.44620915625 0.157398425 0.4488293484375 0.087812084375 0.448083215625 0.0913300515625 0.47546785781249995 0.1312647140625 0.47939813750000004 0.20966582812499998 0.47896142968750005
6 0.1325701046875 0.426455521875 0.1425537734375 0.41269956093750004 0.13521284375 0.4048390109375 0.15106925468750002 0.40069039375 0.15165652031250001 0.3840959046875 0.1278719140625 0.37492527343750004 0.1284591796875 0.3600775703125 0.08120415156250001 0.36049661718750003 0.077953596875 0.379073890625 0.080302703125 0.422306890625 0.1325701046875 0.426455521875
6 0.17758551718749999 0.338483728125 0.255598684375 0.3381384265625 0.26233196875 0.3377931234375 0.26674343125 0.33580764687500003 0.2885685484375 0.33554866875 0.291238628125 0.32311783125 0.2629124234375 0.32311783125 0.207609590625 0.32242722968750004 0.20493949374999998 0.3192331953125 0.19925104062500001 0.3194921703125 0.19507175625 0.32018277500000003 0.1901959359375 0.3230315078125 0.15710710156250002 0.32234090625 0.1364428953125 0.3235494578125 0.1230924265625 0.323981084375 0.1230924265625 0.3209597 0.118332696875 0.3175930171875 0.1109028671875 0.3175930171875 0.1086971359375 0.31854259375 0.10672359375 0.319923796875 0.1061431375 0.3230315078125 0.10284525468750001 0.32327910000000004 0.090158475 0.32264805625 0.090598109375 0.334685415625 0.10836003125 0.338656375 0.17758551718749999 0.338483728125
6 0.22544239843749997 0.3132801859375 0.23364941562500002 0.3083460703125 0.23295093125 0.29185574375 0.285859865625 0.2923751265625 0.2965115078125 0.2899080671875 0.2958130234375 0.2787413921875 0.2710174265625 0.27770263281249996 0.2378319484375 0.2739371234375 0.22840264375000002 0.27380728125 0.222465653125 0.27848170156249996 0.1850976421875 0.2778324765625 0.179335278125 0.27302820781250003 0.166413621875 0.2732878984375 0.1610005 0.276793715625 0.11629857187499999 0.27861155000000004 0.1164731859375 0.2736774328125 0.11018697968749999 0.2736774328125 0.10285306093749999 0.2774429421875 0.0888947671875 0.2774947921875 0.08889196875000001 0.3076968453125 0.1765496734375 0.3143189421875 0.22544239843749997 0.3132801859375
6 0.11948115625 0.2501958828125 0.12332272500000001 0.2365621546875 0.072085096875 0.2369301234375 0.074255371875 0.25162417656249997 0.10621027499999999 0.2533121578125 0.11948115625 0.2501958828125
6 0.12594197812500002 0.2166691546875 0.127862775 0.205242796875 0.093637846875 0.2034249546875 0.081065434375 0.20173697031249999 0.0738315578125 0.203829353125 0.0756523125 0.2180974484375 0.10621027499999999 0.2177079140625 0.12594197812500002 0.2166691546875
6 0.11703651875000001 0.18148113906250002 0.07601463124999999 0.1811131375 0.073731528125 0.194465646875 0.11075031093750001 0.194465646875 0.11703651875000001 0.18148113906250002
6 0.210054603125 0.36215672187500003 0.2305454609375 0.3604252453125 0.3267904359375 0.3595017921875 0.3336207140625 0.3466888609375 0.27268467812499997 0.3465734296875 0.2358942703125 0.3428796125 0.21711098125 0.3420715890625 0.2037608640625 0.3428796125 0.2020532953125 0.3473814515625 0.180334003125 0.3479535171875 0.1805601796875 0.3573085921875 0.1940655171875 0.3608869734375 0.210054603125 0.36215672187500003
6 0.31041655 0.3841094453125 0.372668153125 0.38376314843750003 0.38989909218749996 0.3757983546875 0.391606671875 0.368641584375 0.2979908875 0.36771812812500004 0.295351915625 0.3652940609375 0.2882111515625 0.36517863125 0.280759925 0.3654094921875 0.2740848890625 0.3680644265625 0.21944258125 0.36910331093750004 0.2130779859375 0.365063196875 0.20624770625000002 0.36564035625 0.2008145234375 0.36841071875 0.180334003125 0.36843664375 0.1767602359375 0.3815699453125 0.221933278125 0.38110822187500004 0.31041655 0.3841094453125
6 0.3697637359375 0.4075421 0.3978610421875 0.4065032171875 0.40453609999999995 0.3955371953125 0.4001895484375 0.3916125125 0.2589106734375 0.39195880625 0.20519977812499998 0.3918433765625 0.20457884062499998 0.38861128749999996 0.17897548125 0.3886312765625 0.177184903125 0.4075421 0.3176051671875 0.40835012343750005 0.3697637359375 0.4075421
6 0.2784808265625 0.43259080625 0.38326366093750003 0.43016673125000005 0.39024918125 0.42104763125 0.3900939390625 0.4145834421875 0.278397353125 0.4145834421875 0.17804780625 0.41574978281249997 0.1753977265625 0.42324082812499997 0.17865763437499999 0.431782778125 0.2784808265625 0.43259080625
6 0.469018109375 0.44908636093750004 0.4713466171875 0.44100613437499997 0.42648404375000004 0.4418141578125 0.42819161250000004 0.45612770312500006 0.4607907125 0.4552042453125 0.469018109375 0.44908636093750004
6 0.471501846875 0.47848469062500004 0.4808158765625 0.46740323593750005 0.4783321265625 0.4641711453125 0.429137484375 0.4645053953125 0.43020965625 0.478946415625 0.46249828125 0.48160134687499995 0.471501846875 0.47848469062500004
6 0.46668960156250006 0.5002929921875 0.46932857187500004 0.4885189484375 0.42758488906250003 0.48801771875 0.42927824374999995 0.4999466984375 0.4430940546875 0.5028324937499999 0.46668960156250006 0.5002929921875
6 0.47507221718750003 0.5251108296875 0.47646932499999994 0.5116053078125 0.4297197078125 0.51066455625 0.4300544140625 0.525572559375 0.46389538906250005 0.5289200828125 0.47507221718750003 0.5251108296875
6 0.4756931546875 0.5430720859375 0.4756931546875 0.537300496875 0.4587726671875 0.5367233359375 0.46001454218750004 0.53279865625 0.455202296875 0.532683225 0.4511662203125 0.5332603828125 0.4457330375 0.536607909375 0.4267945046875 0.5371850671875 0.42710498125 0.549420834375 0.468707634375 0.5491899703125 0.4756931546875 0.5430720859375
6 0.475537925 0.5740078078125 0.4814368015625 0.566504740625 0.482678678125 0.5606177203125 0.42777896406249993 0.56014140625 0.4261735671875 0.5678899328125 0.42850207500000004 0.57377694375 0.475537925 0.5740078078125
6 0.5255475625 0.5669664703125 0.54060525 0.5653504234375 0.5835335203125 0.5629263578125 0.5877248296875 0.5685825125 0.6060895078125 0.5670819 0.608107546875 0.5629263578125 0.657471903125 0.563157221875 0.670511534375 0.5663893109375 0.6833959453125 0.565119559375 0.6835511750000001 0.5621183328125 0.71552935 0.56188746875 0.74331619375 0.5656967171875 0.7552691921875 0.5647732640625 0.7583738671875 0.5553078546875 0.7647384625 0.5461887453125 0.7625651984374999 0.5418023375 0.754958728125 0.542379496875 0.744402825 0.5464196109375 0.704536671875 0.5454961515625001 0.639286471875 0.5451498578125 0.638199840625 0.5416869046875 0.6265573046874999 0.5389165453125 0.6175537390625 0.5397245625 0.6152252328125 0.5467659046875 0.540247309375 0.546535040625 0.539005434375 0.5397245625 0.5348141265625 0.5384548140625001 0.525189621875 0.5400708609375 0.5223954203125001 0.5472276296875 0.501915415625 0.5473033890625 0.501486328125 0.5605022875000001 0.519027746875 0.5626954937499999 0.5255475625 0.5669664703125
6 0.72222590625 0.5270436375 0.7282572578125001 0.5255486671875 0.8678924203125 0.52663591875 0.883610496875 0.5243255062500001 0.8863520250000001 0.5138606968749999 0.8909212359375 0.5066576484375 0.8863520250000001 0.506249928125 0.8817828109375 0.507473090625 0.877396378125 0.5100553125 0.8296937859375 0.50883215625 0.82695225625 0.5069294609375 0.82238304375 0.506114025 0.815986146875 0.506249928125 0.81324461875 0.507473090625 0.8103203375 0.509919409375 0.7602417484374999 0.5100553125 0.7584140640625 0.5084244328125 0.752931009375 0.5067935578125 0.7463513453124999 0.5081526234375 0.7436098171875 0.5107348453125 0.7090665640625 0.5111425640625 0.7024869015624999 0.5095116890625 0.6948106296875001 0.507880809375 0.686683915625 0.5086848609375 0.6865860390625 0.5237818828125 0.7097976421875 0.52663591875 0.72222590625 0.5270436375
6 0.7777952609375001 0.5019009171875 0.8901979125 0.5009495734375 0.89641203125 0.48708709843750003 0.8571168 0.483689434375 0.8095836343749999 0.48396124687500003 0.759870603125 0.484233059375 0.7549358453125 0.4832817140625 0.7447008109375 0.486407565625 0.6979120734375 0.4840971515625 0.6864554187499999 0.4842288578125 0.6870905890625 0.5004059437499999 0.7108504890625 0.50258045 0.7777952609375001 0.5019009171875
6 0.7098373046875001 0.479256415625 0.7264692375 0.4798000328125 0.7304901390625 0.4772178171875 0.81127383125 0.4773537109375 0.817670728125 0.4708301953125 0.817670728125 0.463898959375 0.7822136484375 0.460365384375 0.740907953125 0.46022948125 0.7337799781250001 0.4599576671875 0.7250070843749999 0.46267579999999997 0.702678815625 0.46282985468750004 0.700333334375 0.4675684390625 0.7045370156249999 0.471102009375 0.7098373046875001 0.479256415625
6 0.7405424078125 0.456424096875 0.743832246875 0.4546573125 0.80542524375 0.45370596562500004 0.808166771875 0.44772607343750004 0.807618459375 0.44106665468750006 0.7882449874999999 0.44065893125000005 0.784955175 0.43794079999999996 0.7752684390625 0.43794079999999996 0.7703336953125001 0.43970758906249996 0.7193412625 0.44093074374999996 0.7198895734375 0.43807670468750004 0.6992513375 0.4373548515625 0.7017954875 0.4534341515625 0.733414446875 0.4565600015625 0.7405424078125 0.456424096875
6 0.61059050625 0.43152744375 0.7094401953125 0.4311197265625 0.7158370875 0.43275060625000006 0.72588935625 0.43166335 0.7288136625 0.4288093125 0.8035659734375 0.428265684375 0.8101456515625 0.42269351562499996 0.8116077921875 0.41589818593750005 0.724712065625 0.41182098749999996 0.6402228984375 0.41358777187499995 0.586110509375 0.4115491734375 0.5455359046875 0.4129082390625 0.5351180921875 0.4127723328125 0.5234209171875001 0.41209280000000004 0.519765546875 0.41589818593750005 0.5016000703125 0.41595585 0.4982164578125 0.42908112656249997 0.513569009375 0.432206978125 0.61059050625 0.43152744375
6 0.5011287656250001 0.48618025468750004 0.5082567390625 0.5204287187500001 0.5499279671874999 0.5220596046875 0.562904528125 0.5160797125000001 0.5687531140625001 0.5033044890625 0.576794946875 0.4988195734375 0.5839229078125 0.49161651875 0.5833745953125 0.48223896718750003 0.5572387062499999 0.48264668437499997 0.557421471875 0.47299731874999995 0.5700325015625001 0.4640274796875 0.5709463453125 0.44934956875000004 0.501143071875 0.4497526875 0.5044186015625 0.46375566875 0.4978389390625 0.46796877343750004 0.5011287656250001 0.48618025468750004
6 0.774888796875 0.39719875937500004 0.7805546031249999 0.38727757343749997 0.7843927546875 0.372599671875 0.7659331234375 0.36825065 0.7650192796875 0.35153413906250003 0.6930901 0.34976735312499996 0.6832205828125 0.346641503125 0.672071721875 0.353436834375 0.6042102234375 0.3523495765625 0.5976305453124999 0.348272378125 0.530737271875 0.3477287546875 0.5212333 0.3523495765625 0.5082567390625 0.353029109375 0.505796575 0.3933933703125 0.68387005625 0.39747056875000003 0.774888796875 0.39719875937500004
6 0.9205213078125001 0.559748496875 0.88108914375 0.559308384375 0.8837318968749999 0.5728796593750001 0.919049728125 0.5730012421875 0.9205213078125001 0.559748496875
6 0.9164335953125 0.5520886468749999 0.92526305625 0.5520886468749999 0.92967778125 0.5491706125 0.93409251875 0.5413891796875 0.93409251875 0.5366473765625 0.8817024015625 0.5362140484375 0.8816062953125 0.5494137828125 0.9115283406250001 0.5497785375 0.9164335953125 0.5520886468749999
6 0.46348024218750006 0.3380764578125 0.47492583593750004 0.3340641546875 0.47819600624999997 0.32579638593750004 0.476397415625 0.3212977453125 0.46936654375 0.3178933703125 0.45154411562499996 0.31910921875 0.4435322109375 0.32312151718750004 0.425642384375 0.32319917343750004 0.42521925312500003 0.3336994015625 0.4510536 0.33819805000000003 0.46348024218750006 0.3380764578125
6 0.45677639687499993 0.31096303281250004 0.46707742343750003 0.3086529234375 0.4678949671875 0.2975887015625 0.4268689015625 0.2970661078125 0.42734486718750003 0.3070723234375 0.4312690734375 0.3105982796875 0.45677639687499993 0.31096303281250004
6 0.4535062265625 0.2893966296875 0.463643746875 0.2893966296875 0.46871250781249996 0.28526274687500003 0.4692030390625 0.2732258453125 0.44206063125000006 0.27225316718750003 0.4264600625 0.272908215625 0.42636381874999996 0.28538433125 0.4474564046875 0.286235434375 0.4535062265625 0.2893966296875
6 0.5811735859375 0.17674299843750002 0.5340831359375 0.1747976421875 0.5174267640625 0.1756689 0.5192038671875 0.19133318125 0.5790479703125 0.19218427656249998 0.5811735859375 0.17674299843750002
6 0.578557465625 0.2167444171875 0.5810100921875 0.210178834375 0.5795385015625001 0.20300532968749999 0.5474908515625 0.19972253906249998 0.5352277156249999 0.200208875 0.5141560515625 0.200130665625 0.512173009375 0.209206165625 0.515443178125 0.2158933265625 0.578557465625 0.2167444171875
6 0.5499281500000001 0.240026875 0.5533537921875 0.23082828437499997 0.55563754375 0.22375244374999997 0.54783470625 0.22375244374999997 0.539270615625 0.22700733125 0.4908991359375 0.22674942968749998 0.4915020140625 0.24059294375 0.5053948671875 0.2428572109375 0.5499281500000001 0.240026875
6 0.55830193125 0.262386528125 0.5586825515625 0.254037040625 0.559824428125 0.24639513124999998 0.54402844375 0.24681968125 0.538509359375 0.2502160859375 0.492802584375 0.2502696875 0.49264388906249995 0.2628110828125 0.510723640625 0.26465079999999996 0.55830193125 0.262386528125
6 0.626444003125 0.2161934546875 0.631392128125 0.210674296875 0.6369112265625 0.20006053750000002 0.640527165625 0.20006053750000002 0.64166905625 0.18633340625 0.631963071875 0.1825124609375 0.6176895859375 0.1815218359375 0.6043676640625 0.18421065781249998 0.5910680687500001 0.184130015625 0.593139184375 0.2125140140625 0.60398704375 0.21605193437499998 0.626444003125 0.2161934546875
6 0.704388059375 0.2639735515625 0.7125715328125 0.261567771875 0.7534888625 0.2638320375 0.7576757453125 0.2513785609375 0.7620529546875 0.246850021875 0.772520178125 0.24585940312500001 0.7761361171875001 0.24090631562499998 0.777468303125 0.2314246921875 0.7746136046875 0.2243488515625 0.76452703125 0.223216715625 0.7609110640625001 0.225622503125 0.7574854203125 0.22930193906250002 0.6724154421875 0.23015104062499997 0.5939232390625 0.22922524531250002 0.59096141875 0.246425471875 0.597622378125 0.261567771875 0.704388059375 0.2639735515625
6 0.6686542734375001 0.3187960359375 0.6833083953125 0.31469205312500004 0.7527727 0.31780542343749996 0.7590530390625 0.311295646875 0.7613367906249999 0.29530425 0.7822712390625 0.2941721140625 0.7851259374999999 0.2794543671875 0.7681880484375 0.271953978125 0.757530528125 0.2732276296875 0.7529629953125 0.27818071718750004 0.6219653921875 0.27379369531250003 0.596844059375 0.274642796875 0.5819996265625 0.2767655484375 0.561065178125 0.274784315625 0.531376328125 0.2739352140625 0.5277603765625 0.2804449859375 0.5139784390625 0.2796257984375 0.5075476203125 0.29530425 0.5088798140625 0.3168148046875 0.6686542734375001 0.3187960359375
6 0.7943294359374999 0.2055767859375 0.8015613421875001 0.1992085296875 0.8051772796875 0.1874626390625 0.7490542203125 0.1862521453125 0.7505574078125 0.2007652109375 0.7593118109375 0.2034540328125 0.7943294359374999 0.2055767859375
6 0.9217542828124999 0.191991171875 0.9274636781250001 0.1844907796875 0.92974743125 0.175999771875 0.87991624375 0.17652572187499999 0.8806466578125001 0.18774566718750002 0.8991070296875 0.19184965468749998 0.9217542828124999 0.191991171875
6 0.9181383453124999 0.213077175 0.9238477406250001 0.20911470625 0.9272733828125 0.199633078125 0.8803921062500001 0.2003996671875 0.8802660093749999 0.2075580171875 0.884833540625 0.213077175 0.9181383453124999 0.213077175
6 0.9090033078124999 0.2385502078125 0.9196608562499999 0.24053143437500002 0.9263218171875 0.2381256484375 0.9274636781250001 0.22567217187500002 0.8803921062500001 0.2255115203125 0.8787435265625 0.23359712031250002 0.8800757125 0.237984128125 0.9090033078124999 0.2385502078125
6 0.9219446078125 0.2600524390625 0.9257508718749999 0.2487310953125 0.87991624375 0.248678090625 0.879124146875 0.2553823859375 0.8846432156249999 0.2620336703125 0.9219446078125 0.2600524390625
6 0.925560546875 0.28566697812499997 0.9312699421874999 0.278449621875 0.9312699421874999 0.2719398515625 0.8796783140625 0.2718446609375 0.8806466578125001 0.2851009078125 0.9133805171875 0.28694063124999997 0.925560546875 0.28566697812499997
6 0.9131901921875001 0.3091716484375 0.9219446078125 0.30351097656250003 0.922515553125 0.2964351375 0.8803921062500001 0.29571860625 0.8802660093749999 0.30322794218750004 0.8833110312500001 0.309596196875 0.9131901921875001 0.3091716484375
6 0.915283646875 0.3357768046875 0.9204220968750001 0.3339370875 0.925560546875 0.3264366984375 0.9246089812499999 0.319926928125 0.883009346875 0.3195925515625 0.8817885203125 0.33138979687500003 0.8886398062499999 0.3363428859375 0.915283646875 0.3357768046875
6 0.918709290625 0.359607321875 0.9274636781250001 0.35819215312499997 0.9282249484375 0.3444650234375 0.881819690625 0.34346649687499997 0.8810272781249999 0.3545127140625 0.8831207046875 0.3570600203125 0.918709290625 0.359607321875
6 0.9171867796875001 0.381038284375 0.9257508718749999 0.37735884531249997 0.9282249484375 0.3678772203125 0.8813438296875 0.3671635984375 0.8814078984375 0.3726887921875 0.886165728125 0.38075525468750004 0.9171867796875001 0.381038284375
6 0.9074807968749999 0.4065113046875 0.9185189656249999 0.403964003125 0.9291765140624999 0.3968881625 0.9312699421874999 0.389670809375 0.8813438296875 0.3897996359375 0.8810272781249999 0.39886940000000004 0.8844529218750001 0.40552069218750003 0.9074807968749999 0.4065113046875
7 0.16532678125 0.621232353125 0.279609284375 0.61786679375 0.37409036093750003 0.6136598421875 0.37691913593750004 0.5972527375000001 0.3169491109375 0.5833697796874999 0.22077075000000002 0.5821076984375 0.16645827500000002 0.5833697796874999 0.117803346875 0.5892595203125001 0.06858263125 0.590521603125 0.0708456609375 0.6174461046874999 0.1523143984375 0.622915140625 0.16532678125 0.621232353125
6 0.06203189375 0.9420914968749999 0.9452808609375 0.9420914968749999 0.9474798578125 0.6228461937499999 0.17144373125 0.623313390625 0.1610769796875 0.6242477828124999 0.0652741828125 0.6227038234375 0.0645450515625 0.93134603125 0.060775337500000005 0.9348499875 0.06203189375 0.9420914968749999
3 0.0567557234375 0.8739970828124999 0.054556703124999995 0.8581124703125 0.033854596875 0.8571080859375 0.033509084375 0.877968221875 0.049844546875 0.8786690203124999 0.0567557234375 0.8739970828124999
6 0.056127420312499995 0.9239868609374999 0.056127420312499995 0.8882464999999999 0.0330691078125 0.888050615625 0.0300535078125 0.926556434375 0.047645549999999995 0.92795803125 0.056127420312499995 0.9239868609374999
6 0.13906996875 0.912307003125 0.1393841078125 0.860448440625 0.14001240937499998 0.8417606703124999 0.10734145937499999 0.8328839765625 0.1004303078125 0.840592684375 0.0782347625 0.8404691765625 0.0796968046875 0.9284252093750001 0.127132521875 0.9298267890625 0.13906996875 0.912307003125
6 0.1642014640625 0.8562436906249999 0.1626307453125 0.8466662078124999 0.14696510625 0.8454316578125001 0.15037913593750002 0.8597476468749999 0.1582327296875 0.8599812546875001 0.1642014640625 0.8562436906249999
6 0.1632590484375 0.8723618921874999 0.15010706406250002 0.8702440640625 0.1510074390625 0.8838081515624999 0.1632590484375 0.8882464999999999 0.1632590484375 0.8723618921874999
6 0.1654794234375 0.90270069375 0.1635731875 0.8971231906250001 0.149321575 0.894764559375 0.15083594843749998 0.9072771765625 0.1646305234375 0.9071193687499999 0.1654794234375 0.90270069375
6 0.1646305234375 0.928108078125 0.1639938453125 0.920059778125 0.1504919546875 0.9209839109375 0.152109290625 0.9322111375000001 0.16250828125 0.9334736156250001 0.1646305234375 0.928108078125
6 0.137890275 0.7991375703125 0.0848342171875 0.80071566875 0.08801758125 0.8122357921875001 0.11942675625000002 0.8157076046875 0.14916533437499999 0.8137047265625 0.148501484375 0.8076593046875 0.1533826328125 0.807343690625 0.1567782171875 0.8026093937500001 0.137890275 0.7991375703125
6 0.176727296875 0.794876703125 0.1843673828125 0.79187831875 0.18924854687499998 0.7857237328125 0.1886118671875 0.7765707609375 0.183094025 0.774361421875 0.1506237265625 0.7745192359375 0.1077544234375 0.7757817124999999 0.1018121546875 0.7738879937500001 0.094596528125 0.7746770421875 0.0920498265625 0.7779910531249999 0.0828342515625 0.7782079390625001 0.0837730953125 0.790458028125 0.1349191328125 0.794087653125 0.176727296875 0.794876703125
6 0.1192145359375 0.7654913953125 0.122822340625 0.7705413125 0.1353435734375 0.7647023468749999 0.143620321875 0.7689632140625 0.1875507453125 0.769278846875 0.19243190937500002 0.749710409375 0.1134844875 0.7473432625 0.08336489999999999 0.7539518000000001 0.0858953375 0.765807015625 0.0948087484375 0.7669116984375 0.108391103125 0.7650179671874999 0.1192145359375 0.7654913953125
6 0.1833062609375 0.7432909546875 0.1951908 0.7300349421875 0.1850040625 0.7273521625 0.1627205015625 0.7264053046875001 0.155929334375 0.722617865625 0.137890275 0.72388034375 0.135131353125 0.729719309375 0.0950209703125 0.724353778125 0.0916253859375 0.7276677953124999 0.07673179062499999 0.7273292078125 0.07655746875 0.740766 0.1669649875 0.74518468125 0.1833062609375 0.7432909546875
6 0.183094025 0.7182833093750001 0.1837307046875 0.7032913734374999 0.1724828125 0.6988726984375 0.16017381875 0.7020288953125 0.1459547859375 0.7002929890625 0.136829153125 0.7032913734374999 0.1147578296875 0.700450796875 0.07965035781249999 0.7024814546875 0.079316375 0.7176520734375 0.1593249171875 0.7208082703125 0.183094025 0.7182833093750001
6 0.12706682656249998 0.6941087453125 0.163781621875 0.6972649421875 0.19858639843749998 0.6955290359374999 0.206226484375 0.67517155625 0.16823832968750002 0.6753293703125001 0.11178668750000001 0.6745403203125 0.10032657656249999 0.679274615625 0.07995305312499999 0.6813261546875 0.0833486390625 0.6939509375 0.12706682656249998 0.6941087453125
6 0.184791825 0.6714295453125 0.1862773875 0.6520189281250001 0.092898728125 0.6521767421875 0.084160871875 0.653771971875 0.0850464390625 0.6554907578125 0.08695645937499999 0.6707983046875 0.184791825 0.6714295453125
6 0.2128054171875 0.644759678125 0.216837696875 0.6316614609375 0.1336457890625 0.628820878125 0.12452014062500001 0.6264537296875 0.1130600296875 0.63024116875 0.092385928125 0.630699059375 0.0920498265625 0.6468112046875001 0.17418061406250002 0.647126825 0.2128054171875 0.644759678125
6 0.63030629375 0.6789346671875001 0.5079269484375 0.679654046875 0.5044750734375001 0.6927364265625 0.6003160515625 0.6983578406250001 0.6254691671875 0.693322209375 0.63030629375 0.6789346671875001
6 0.6269202453125 0.7033935125 0.5087082609375 0.7035239125 0.5084106890625 0.7188600890625 0.6201482984375 0.7192197859375 0.6269202453125 0.7033935125
6 0.6240180140625 0.7267732671875 0.5135461921875 0.7259978421875 0.5103455109375 0.7429592359375 0.6153111734375 0.7440382859375 0.6240180140625 0.7267732671875
6 0.5330800265625 0.7724536843750001 0.596446409375 0.7702955593749999 0.6143437625 0.7530304984375 0.5099177453125 0.752966559375 0.5117966625 0.7692164828125 0.5263080421875 0.7699358765625 0.5330800265625 0.7724536843750001
6 0.5978974874999999 0.7789280890625 0.5123367078125 0.7781373609375 0.51228036875 0.7933156296874999 0.5761304578125 0.7936753125 0.5978974874999999 0.7789280890625
6 0.6332085234375 0.8002104343750001 0.57951643125 0.80164919375 0.5717770359375 0.795174803125 0.5558145046875 0.798411990625 0.545656546875 0.7930166640625 0.53356373125 0.8009298421875 0.510522484375 0.8006112906249999 0.5088943953125 0.8138785953125 0.62208311875 0.81747548125 0.6332085234375 0.8002104343750001
6 0.5654887578125 0.8390567921875001 0.608539225 0.8397761718750001 0.6245016828125001 0.8243095953124999 0.5123367078125 0.8235347000000001 0.513247815625 0.8401358546875001 0.5475914046875 0.8397761718750001 0.5654887578125 0.8390567921875001
6 0.5978974874999999 0.8480490187499999 0.5123367078125 0.8469075875 0.5127640734375001 0.8620768765625 0.5843535578125 0.8631559265625001 0.5978974874999999 0.8480490187499999
6 0.607571740625 0.8732272156249999 0.516569896875 0.8720783890625 0.51469893125 0.8890535171874999 0.5998323828125 0.8868953640624999 0.607571740625 0.8732272156249999
6 0.62208311875 0.8964870671874999 0.5123367078125 0.8963502343749999 0.5117966625 0.9115939875000001 0.6138600203125 0.9112342906249999 0.62208311875 0.8964870671874999
6 0.5920929515625 0.9209459109375 0.510522484375 0.9192736421875001 0.510829253125 0.9342543609374999 0.5843535578125 0.9342543609374999 0.5920929515625 0.9209459109375
6 0.403928734375 0.8428934703125 0.41166816562499997 0.8392965859375 0.44552804999999995 0.8374981437500001 0.4469791640625 0.8231106015625 0.3696177921875 0.8244336562499999 0.3691014390625 0.8392965859375 0.398124196875 0.8382175234375 0.403928734375 0.8428934703125
6 0.3792936515625 0.8001618125000001 0.3047676453125 0.8008099171874999 0.3134744875 0.81591683125 0.3749059765625 0.81591683125 0.3792936515625 0.8001618125000001
6 0.2994678171875 0.8379180156249999 0.3570086234375 0.8391386921875 0.3574923296875 0.8233123640625 0.301381671875 0.82403174375 0.2994678171875 0.8379180156249999
6 0.2444363703125 0.8383674937500001 0.2447872921875 0.8243914406249999 0.197383459375 0.82511080625 0.1964160296875 0.8366208421874999 0.2444363703125 0.8383674937500001
6 0.3062187984375 0.7787368765625 0.3049104875 0.79162171875 0.39957535 0.7909662921875 0.398124196875 0.7776578140625 0.3599108921875 0.7733415484374999 0.3062187984375 0.7787368765625
6 0.307186209375 0.7510408859375 0.3067247109375 0.7700467468750001 0.40344502968749996 0.7668671578125 0.3971567859375 0.7496020984375 0.37006885 0.7496020984375 0.307186209375 0.7510408859375
6 0.304283940625 0.7395308234375 0.3067247109375 0.7426285515625 0.40924960156249995 0.7427680249999999 0.40828215468750007 0.7237045359375001 0.311055925 0.7240642187499999 0.304283940625 0.7395308234375
6 0.3749059765625 0.7219298484375 0.39425448125 0.71797328125 0.398124196875 0.7007082484375 0.30380023437500003 0.7021469796875001 0.3052513890625 0.705743865625 0.3052513890625 0.7186926734375 0.3749059765625 0.7219298484375
6 0.40199391249999994 0.6945935265625 0.4053798875 0.6755300640625 0.3030962640625 0.6752067609375 0.306702503125 0.6935144906249999 0.3802268453125 0.697830728125 0.40199391249999994 0.6945935265625
6 0.3749059765625 0.6561068515625 0.3574923296875 0.6492727781250001 0.3250835984375 0.6492727781250001 0.30380023437500003 0.6550277890625 0.3000725578125 0.6666666671875 0.36184574999999997 0.669055646875 0.365715465625 0.67265253125 0.3749059765625 0.6694153296875001 0.3749059765625 0.6561068515625
6 0.7379534343749999 0.6560059781249999 0.6731978609375 0.6531823078125 0.6755544609374999 0.6693144546875 0.7350511296875 0.6703935171875 0.7379534343749999 0.6560059781249999
6 0.625248340625 0.655286596875 0.578253496875 0.65453074375 0.5817142046875 0.6696741375 0.6218623671875 0.6675160124999999 0.625248340625 0.655286596875
6 0.902415725 0.6560059781249999 0.8255926359375 0.65273283125 0.8274402703125 0.6696741375 0.8956437046874999 0.671112896875 0.902415725 0.6560059781249999
6 0.40667546874999994 0.644136259375 0.41634972187499997 0.6308277796875 0.3684621640625 0.6322665265625 0.351532221875 0.6268711984374999 0.32002901562499997 0.629809421875 0.32057460625 0.6430571828125 0.34427653281250004 0.6480928265625 0.40667546874999994 0.644136259375
6 0.5876229484375 0.6444959421875 0.6137433999999999 0.6466540671875001 0.6214827953125 0.650250953125 0.6268036625 0.6459347015625 0.6398638890624999 0.6484525109375 0.7245136 0.644855625 0.7351552609375 0.6488122078125 0.74047613125 0.646294384375 0.8720459484375 0.6466540671875001 0.872529690625 0.6268711984374999 0.5184520296875 0.6272308953125 0.5183841203124999 0.6320568140625 0.5184520296875 0.6437765625 0.5706930078125 0.6452153218750001 0.5789161078125 0.649171890625 0.5876229484375 0.6444959421875