2 0.364420021875 0.9013671875 0.376900159375 0.8896484375 0.376900159375 0.8818359375 0.3881322828125 0.87890625 0.41933262656250003 0.8505859375 0.4368048203125 0.8212890625 0.44678892968749995 0.7919921875 0.47424523281250003 0.7529296875 0.47174920625 0.7373046875 0.4617650953125 0.7236328125 0.4617650953125 0.7060546875 0.4792372875 0.6845703125 0.4892213984375 0.6572265625 0.50918961875 0.6298828125 0.511685646875 0.6201171875 0.5029495500000001 0.619140625 0.4929654390625 0.62890625 0.48048530156249997 0.6328125 0.4792372875 0.6240234375 0.49171742656250006 0.5986328125 0.48797338437500004 0.59375 0.48298132968749996 0.59375 0.47299721874999995 0.599609375 0.4680051640625 0.58984375 0.45552502656250005 0.58984375 0.4405488609375 0.607421875 0.42806872343749997 0.6015625 0.420580640625 0.6015625 0.41434057187500006 0.6064453125 0.40685248906249993 0.6416015625 0.39811639374999996 0.654296875 0.39312433750000003 0.65625 0.37814817343749996 0.650390625 0.36192399375 0.6533203125 0.36192399375 0.6591796875 0.39936440625 0.7001953125 0.39936440625 0.7060546875 0.376900159375 0.7412109375 0.3719081046875 0.7607421875 0.3681640625 0.76171875 0.3444518015625 0.7412109375 0.3394597453125 0.7255859375 0.3269796078125 0.7119140625 0.321987553125 0.6884765625 0.3020193328125 0.6591796875 0.285795153125 0.646484375 0.2683229609375 0.640625 0.21590638125 0.634765625 0.212162340625 0.6318359375 0.20717028593750003 0.6083984375 0.2196504234375 0.5947265625 0.2221464515625 0.5400390625 0.2196504234375 0.5283203125 0.1797139828125 0.4697265625 0.16348980468750002 0.453125 0.1360335 0.439453125 0.101089115625 0.44140625 0.058656646874999996 0.4609375 0.039936440625 0.4755859375 0.024960275 0.4951171875 0.027456303124999998 0.5185546875 0.0499205515625 0.5634765625 0.0599046609375 0.5771484375 0.07987288125 0.5908203125 0.0898569921875 0.6064453125 0.0898569921875 0.6220703125 0.0773768546875 0.6416015625 0.027456303124999998 0.6806640625 0.0324483578125 0.9501953125 0.046176509375 0.9609375 0.3419557734375 0.9658203125 0.35443591093750004 0.9638671875 0.351939884375 0.9169921875 0.364420021875 0.9111328125 0.364420021875 0.9013671875
2 0.5226901171875 0.008502850000000001 0.5292000453125 0.43406435312499997 0.93346669375 0.43348763593750006 0.9209486359374999 0.012471178125 0.5226901171875 0.008502850000000001
1 0.782510984375 0.46511332968749997 0.78177479375 0.44492761718749996 0.5807459125000001 0.441467253125 0.5129997015625001 0.4391602625 0.5166817515625 0.46684360312499995 0.782510984375 0.46511332968749997
1 0.5004816453125 0.46511332968749997 0.29449664375 0.46347745781249994 0.280306953125 0.49221992343750004 0.49827252499999997 0.49337332656250005 0.5004816453125 0.46511332968749997
4 0.5009142843750001 0.136160071875 0.49391939999999995 0.1247818265625 0.5100612796874999 0.1260460765625 0.5089850234375 0.042184615625 0.11250489687500001 0.0474922109375 0.11674072656250001 0.06241253906250001 0.08607149375 0.0666266453125 0.0909140125 0.14037422187499998 0.5009142843750001 0.136160071875
4 0.0774625703125 0.2423219453125 0.4535651890625 0.23768639375 0.45679338124999996 0.22462254218750002 0.5036044359375 0.22462254218750002 0.5095232390625 0.21872274218749999 0.5052186187500001 0.13528270625 0.11909908437500001 0.13668490312499998 0.11674072656250001 0.1487679140625 0.08499538125 0.154246290625 0.0774625703125 0.2423219453125
4 0.0876855890625 0.345112471875 0.1619376265625 0.3400554734375 0.1673182734375 0.32825587343749996 0.4654023328125 0.32825587343749996 0.5062948734375 0.3236203203125 0.5062948734375 0.234701884375 0.11721503124999999 0.2376716703125 0.11189820937499999 0.25155846249999997 0.0882237171875 0.25408700624999997 0.0876855890625 0.345112471875
4 0.080152778125 0.44323290625 0.5073708421875 0.43986164843750003 0.5046806921875 0.3361936890625 0.11627300468749999 0.3386584390625 0.11566461406249999 0.35431451406250003 0.08714760625 0.3551573171875 0.080152778125 0.44323290625
4 0.8327138875 0.5858570578125 0.8696576874999999 0.5840486296875 0.8742288874999999 0.573450015625 0.938257790625 0.5717642734374999 0.9355674671875001 0.49759536249999997 0.9581659046875 0.49422410625 0.525112615625 0.491244284375 0.51849551875 0.5666218875 0.5231134421875 0.5832265703124999 0.8327138875 0.5858570578125
4 0.5285710406249999 0.6872218546875 0.55292043125 0.683604971875 0.8789939546875001 0.6867286265625 0.8808831140625 0.6719323968750001 0.93231056875 0.6727543859375 0.9375583781250001 0.5861421546875001 0.9073315203125001 0.5797304578125 0.8720669781250001 0.582525303125 0.5462599531250001 0.5847533 0.5464132796875 0.5948587640625 0.5180756468750001 0.5946943390625 0.5170261625 0.6852490203125 0.5285710406249999 0.6872218546875
4 0.5081596875 0.7591172203125 0.9209800921875001 0.758312296875 0.9220080484375 0.7478477453125 0.9312579781249999 0.7376515796875001 0.9298874421875001 0.6845240515625 0.54547755625 0.6830930390625001 0.5328260796875 0.6952568640625 0.5105578140625 0.6941836 0.5081596875 0.7591172203125
4 0.5091874062499999 0.8591789203125 0.587640425 0.8575689875 0.5886681984375 0.8468361375000001 0.9271467359375001 0.8449578921875001 0.9336561046874999 0.75936356875 0.5430783453125 0.7544329484375 0.5420760109375 0.7698280625 0.5156966109375001 0.7711696828125 0.5091874062499999 0.8591789203125
4 0.5085022312499999 0.8886501984375 0.51535406875 0.92192198125 0.7729814796875 0.9213853421874999 0.790110875 0.9090426171875 0.9268043031250001 0.912799109375 0.9312579781249999 0.8580616265625001 0.5376801234374999 0.8558107140625 0.5311131859375 0.8728192937499999 0.51021521875 0.87362423125 0.5085022312499999 0.8886501984375