4 0.390625 0.8532136734375 0.428125 0.8515705046875001 0.434375 0.845349871875 0.4703125 0.8422803296874999 0.6421875 0.843851815625 0.6671875 0.8468751890625 0.7140625 0.8439027671874999 0.903125 0.8437574937500001 0.9109375 0.8406552171874999 0.9112231109375 0.8359375 0.910988059375 0.671875 0.8921875 0.6716777046875 0.88125 0.668720634375 0.8390625 0.6684023875 0.090625 0.6685431921875 0.0902287109375 0.8625 0.146875 0.8625081078125 0.36875 0.860978 0.378125 0.8593784296875 0.390625 0.8532136734375
4 0.8078125 0.66875570625 0.8109375 0.664185659375 0.8234375 0.6595110203125001 0.878125 0.6546951187500001 0.896875 0.6500851828124999 0.903125 0.6515632890624999 0.9094312062500001 0.6484375 0.909375 0.25903719999999997 0.140625 0.25881246562500004 0.121875 0.2593572859375 0.12029666718750001 0.2640625 0.115625 0.26707722500000003 0.090625 0.26561073749999997 0.0874522703125 0.2671875 0.0875 0.670318571875 0.1234375 0.668882875 0.125 0.6718951843750001 0.1453125 0.6721672734374999 0.6 0.6718769453125 0.5953132765625 0.6703125 0.6078125 0.66738278125 0.8078125 0.66875570625
4 0.0875 0.9519578750000001 0.903125 0.9518572890625 0.903125 0.8649303890625 0.08741540625000001 0.865625 0.0875 0.9519578750000001
6 0.384375 0.9726996453125001 0.3836817203125 0.9984375 0.6131348109375 0.9984375 0.6131970734375 0.9734375 0.384375 0.9726996453125001
6 0.5370684140625 0.078125 0.540625 0.0812574140625 0.8344169921875 0.0773860703125 0.8387516249999999 0.05302378906250001 0.5367716484375 0.053125 0.5370684140625 0.078125
4 0.8704676812500001 0.2296875 0.15 0.22906423125000003 0.149309903125 0.23125 0.15 0.25974996093749997 0.8390625 0.25942350468750003 0.8484375 0.2548252796875 0.8703125 0.2532381640625 0.8704676812500001 0.2296875
4 0.9016038140625 0.091716825 0.07585608906249999 0.091716825 0.0910273078125 0.1232444828125 0.886432596875 0.12037833125 0.9016038140625 0.091716825
6 0.23407022031250002 0.126110634375 0.1733853484375 0.1246775578125 0.1712180328125 0.1447406125 0.231902903125 0.1490398390625 0.23407022031250002 0.126110634375
6 0.2362375390625 0.1461736890625 0.182054615625 0.1476067640625 0.182054615625 0.17340212187499998 0.231902903125 0.1748351953125 0.2362375390625 0.1461736890625
6 0.1885565671875 0.1934651765625 0.23407022031250002 0.1948982515625 0.2384048546875 0.1705359703125 0.1777199828125 0.1705359703125 0.1885565671875 0.1934651765625
6 0.182054615625 0.2221266828125 0.231902903125 0.2192605328125 0.231902903125 0.20063055312500003 0.184221934375 0.1934651765625 0.182054615625 0.2221266828125
6 0.8040745546875 0.1476067640625 0.808409190625 0.1218114078125 0.2709146078125 0.12037833125 0.24490680468749998 0.1447406125 0.27958387500000004 0.1418744625 0.8040745546875 0.1476067640625
6 0.27741655781249996 0.1691028953125 0.6762028609375 0.176268271875 0.678370178125 0.1476067640625 0.27741655781249996 0.1476067640625 0.27741655781249996 0.1691028953125
6 0.290420459375 0.199197478125 0.7022106625 0.1905990265625 0.6978760296875001 0.17196904531249999 0.27958387500000004 0.16623674375 0.290420459375 0.199197478125
6 0.28825314375 0.2221266828125 0.6501950578125 0.224992834375 0.6501950578125 0.199197478125 0.2817511921875 0.1948982515625 0.28825314375 0.2221266828125
3 0.92327048125 0.05302235625 0.8539206765625 0.05302235625 0.8539206765625 0.0802536546875 0.92327048125 0.0802536546875 0.92327048125 0.05302235625