6 0.71113 0.033931499999999996 0.693305 0.033931499999999996 0.693305 0.0642345 0.884036 0.062917 0.8858180000000001 0.039201599999999996 0.71113 0.033931499999999996
4 0.124677 0.0734572 0.124677 0.115618 0.87334 0.11957 0.84482 0.0721397 0.124677 0.0734572
6 0.0533761 0.134063 0.0676364 0.161731 0.10685199999999999 0.15646100000000002 0.117547 0.11957 0.0533761 0.134063
2 0.121112 0.12484100000000001 0.115765 0.538543 0.875123 0.541178 0.869775 0.126158 0.121112 0.12484100000000001
6 0.10417799999999999 0.546668 0.105961 0.5607219999999999 0.22063799999999997 0.5602820000000001 0.219449 0.5444720000000001 0.10417799999999999 0.546668
6 0.10180199999999999 0.56731 0.101209 0.5800449999999999 0.44107700000000005 0.579167 0.44107700000000005 0.565113 0.10180199999999999 0.56731
6 0.5741729999999999 0.573018 0.524262 0.579167 0.5266379999999999 0.596734 0.550406 0.609909 0.5753619999999999 0.596734 0.5741729999999999 0.573018
6 0.851059 0.617814 0.8772030000000001 0.609909 0.880768 0.5572079999999999 0.770251 0.565113 0.709645 0.579167 0.669241 0.585315 0.672806 0.607274 0.851059 0.617814
2 0.548029 0.626598 0.553971 0.92875 0.8772030000000001 0.926115 0.879579 0.6274759999999999 0.548029 0.626598
6 0.0667451 0.6143 0.0382246 0.6274759999999999 0.064369 0.659096 0.102396 0.6503140000000001 0.09407839999999999 0.621328 0.0667451 0.6143
6 0.113982 0.635821 0.112795 0.6503140000000001 0.194791 0.651631 0.19419599999999998 0.635381 0.113982 0.635821
6 0.10923000000000001 0.65734 0.11160600000000001 0.671394 0.298772 0.669636 0.296396 0.652509 0.10923000000000001 0.65734
4 0.304119 0.6803969999999999 0.10180199999999999 0.68369 0.10180199999999999 0.910963 0.291642 0.9142569999999999 0.308576 0.844428 0.304119 0.6803969999999999
4 0.50198 0.67842 0.321053 0.6830320000000001 0.31927099999999997 0.9129390000000001 0.52961 0.908328 0.526045 0.803585 0.50198 0.67842
6 0.217667 0.941266 0.217667 0.96037 0.772034 0.96037 0.772034 0.941266 0.217667 0.941266