4 0.349041 0.390642 0.35082399999999997 0.37384300000000004 0.378898 0.37384300000000004 0.37845300000000004 0.360339 0.370877 0.35737399999999997 0.374442 0.339588 0.11954000000000001 0.338599 0.12265999999999999 0.389983 0.250111 0.39163000000000003 0.349041 0.390642
4 0.334781 0.445319 0.353943 0.444001 0.353497 0.42885 0.380235 0.429179 0.375779 0.39393500000000004 0.31517300000000004 0.392618 0.236742 0.392947 0.12087699999999998 0.3913 0.12265999999999999 0.46343500000000004 0.332998 0.46343500000000004 0.334781 0.445319
4 0.12176800000000002 0.549951 0.193665 0.5495129999999999 0.192476 0.533264 0.380235 0.532385 0.379046 0.514818 0.360034 0.512622 0.357062 0.48188000000000003 0.152071 0.48319799999999996 0.152665 0.499008 0.12057899999999999 0.499885 0.12176800000000002 0.549951
4 0.12295700000000001 0.778817 0.259766 0.7802990000000001 0.337084 0.779805 0.33597 0.763171 0.380533 0.762183 0.380087 0.748679 0.348893 0.7473609999999999 0.348893 0.7292449999999999 0.375631 0.728916 0.375185 0.714752 0.351121 0.7081649999999999 0.352458 0.69466 0.365381 0.694331 0.365381 0.681485 0.35646900000000004 0.676215 0.35780599999999996 0.664028 0.34755600000000003 0.657988 0.349339 0.643057 0.370134 0.642178 0.36954 0.572789 0.28992 0.572789 0.151478 0.572349 0.155043 0.588599 0.12095199999999999 0.588929 0.12295700000000001 0.778817
4 0.356617 0.781835 0.238672 0.780738 0.122214 0.781177 0.122214 0.816311 0.35720999999999997 0.815432 0.356617 0.781835
4 0.11954000000000001 0.8689030000000001 0.16053800000000001 0.869561 0.163212 0.8537509999999999 0.351269 0.851445 0.351269 0.831024 0.23139400000000002 0.831024 0.15251699999999999 0.833329 0.15118 0.852763 0.11954000000000001 0.8537509999999999 0.11954000000000001 0.8689030000000001
4 0.368947 0.9034869999999999 0.152369 0.902829 0.154152 0.9242380000000001 0.368947 0.921603 0.368947 0.9034869999999999
4 0.607688 0.356162 0.656114 0.356821 0.655816 0.338596 0.397945 0.339034 0.397647 0.37416900000000003 0.60561 0.373729 0.607688 0.356162
4 0.398538 0.44333900000000004 0.596102 0.44443599999999994 0.595806 0.42796700000000004 0.635615 0.427088 0.637398 0.40974199999999994 0.659381 0.408204 0.662651 0.391735 0.43210899999999997 0.39459 0.43003 0.41171800000000003 0.399727 0.41237700000000005 0.398538 0.44333900000000004
4 0.400173 0.551924 0.499995 0.552582 0.500588 0.5347959999999999 0.633089 0.533478 0.6336839999999999 0.518767 0.6188290000000001 0.513277 0.620611 0.50076 0.655668 0.50098 0.6547769999999999 0.48429099999999997 0.6431910000000001 0.48363199999999995 0.6443800000000001 0.46343100000000004 0.565057 0.46255199999999996 0.43047599999999997 0.46387 0.43106999999999995 0.47968 0.400173 0.48055899999999996 0.400173 0.551924
4 0.401658 0.728472 0.60249 0.726277 0.600112 0.709588 0.648836 0.710905 0.6506190000000001 0.693339 0.639923 0.69246 0.6422990000000001 0.674014 0.657153 0.673576 0.658342 0.657765 0.6506190000000001 0.6555690000000001 0.651806 0.641076 0.6256630000000001 0.6353679999999999 0.624474 0.622192 0.634576 0.622192 0.633387 0.605942 0.643488 0.603747 0.644082 0.5870580000000001 0.6601250000000001 0.586179 0.662501 0.565539 0.430772 0.566416 0.429585 0.586619 0.397499 0.588375 0.401658 0.728472
4 0.397201 0.923246 0.6338320000000001 0.92127 0.632941 0.9057890000000001 0.613779 0.903154 0.614225 0.8863559999999999 0.635169 0.887344 0.637398 0.851771 0.615561 0.849136 0.611105 0.79874 0.63918 0.797423 0.638289 0.762509 0.628485 0.758885 0.629822 0.744393 0.431515 0.74571 0.431515 0.765802 0.40032100000000004 0.765473 0.397201 0.923246
4 0.677802 0.904032 0.9246829999999999 0.9060079999999999 0.9246829999999999 0.891186 0.910422 0.8845980000000001 0.9166610000000001 0.871094 0.911314 0.851989 0.925128 0.852978 0.9246829999999999 0.8361789999999999 0.9068569999999999 0.8342029999999999 0.9059659999999999 0.816746 0.9197810000000001 0.816746 0.9188890000000001 0.799289 0.8689790000000001 0.796983 0.8703160000000001 0.7808430000000001 0.902401 0.7815019999999999 0.903738 0.7640450000000001 0.890369 0.759433 0.893488 0.744611 0.935378 0.743294 0.93003 0.726166 0.817731 0.726166 0.709442 0.7258370000000001 0.705877 0.74527 0.676911 0.744611 0.677802 0.904032
4 0.6775789999999999 0.710356 0.8950480000000001 0.707391 0.8950480000000001 0.69224 0.9289160000000001 0.692569 0.934264 0.672806 0.928471 0.6392089999999999 0.9110910000000001 0.63888 0.910645 0.625375 0.9266880000000001 0.626034 0.9266880000000001 0.603307 0.8928200000000001 0.601989 0.892374 0.588155 0.934709 0.587826 0.934264 0.57004 0.901287 0.565428 0.897276 0.553241 0.919558 0.553241 0.9200039999999999 0.532161 0.709219 0.532819 0.709219 0.552253 0.676242 0.554559 0.6775789999999999 0.710356
4 0.8156510000000001 0.376858 0.9181459999999999 0.37422300000000003 0.9181459999999999 0.357424 0.929733 0.357095 0.9315149999999999 0.34029600000000004 0.821889 0.337661 0.677504 0.34029600000000004 0.6779499999999999 0.392668 0.8160959999999999 0.39168 0.8156510000000001 0.376858
4 0.677504 0.514539 0.739893 0.516186 0.8459540000000001 0.515198 0.8450620000000001 0.500375 0.924385 0.5016930000000001 0.9239390000000001 0.48258900000000005 0.907897 0.481271 0.909234 0.46348500000000004 0.940428 0.463814 0.9408730000000001 0.44899199999999995 0.881159 0.44668599999999997 0.8824960000000001 0.429229 0.900766 0.429229 0.900766 0.409466 0.70959 0.41144299999999995 0.7078070000000001 0.430217 0.6770590000000001 0.430217 0.677504 0.514539
2 0.544971 0.327071 0.9968429999999999 0.333 0.997734 0.0444625 0.0405152 0.062249 0.0619055015625 0.336953 0.214312 0.331024 0.544971 0.327071
6 0.148506 0.48418599999999995 0.12265999999999999 0.48468 0.12243699999999999 0.496538 0.148061 0.496373 0.148506 0.48418599999999995
6 0.149175 0.572158 0.122214 0.572406 0.123328 0.585333 0.150289 0.58525 0.149175 0.572158
6 0.148135 0.8367330000000001 0.12110000000000001 0.8376110000000001 0.12258500000000001 0.850347 0.149323 0.849249 0.148135 0.8367330000000001
6 0.32995399999999997 0.870988 0.13120099999999998 0.872526 0.130904 0.887237 0.33054700000000004 0.887237 0.32995399999999997 0.870988
6 0.14613 0.906781 0.11939200000000001 0.907769 0.122512 0.920945 0.14925 0.9192980000000001 0.14613 0.906781
3 0.10359740937499999 0.8852250859374999 0.063490009375 0.8835780859375 0.061707509375000004 0.9059760859375 0.104933409375 0.9089400859375001 0.10359740937499999 0.8852250859374999
6 0.257093 0.944989 0.0672531 0.946636 0.06680750156250001 0.958494 0.258875 0.958494 0.257093 0.944989
6 0.42587 0.396126 0.400619 0.39590800000000004 0.400619 0.407545 0.42527600000000004 0.407986 0.42587 0.396126
6 0.42512800000000006 0.466395 0.40076599999999996 0.466395 0.400471 0.47803300000000004 0.425574 0.47792399999999996 0.42512800000000006 0.466395
6 0.42572200000000004 0.571028 0.399578 0.570589 0.400173 0.585302 0.42602 0.584862 0.42572200000000004 0.571028
6 0.42794999999999994 0.748016 0.398093 0.7476860000000001 0.398984 0.76152 0.42794999999999994 0.7621789999999999 0.42794999999999994 0.748016
6 0.702535 0.730777 0.677134 0.729625 0.676911 0.7428 0.701866 0.743294 0.702535 0.730777
6 0.7045399999999999 0.536607 0.677802 0.536607 0.678693 0.549289 0.705209 0.54863 0.7045399999999999 0.536607
6 0.70439 0.41418799999999995 0.678098 0.413639 0.678396 0.425717 0.704986 0.426485 0.70439 0.41418799999999995