4 0.943915 0.11669099999999999 0.144868 0.0960119 0.140537 0.15509599999999998 0.933088 0.161005 0.943915 0.11669099999999999
4 0.346254 0.305761 0.922261 0.320532 0.926592 0.172821 0.142702 0.15509599999999998 0.125379 0.332349 0.339757 0.330871 0.346254 0.305761
4 0.9460810000000001 0.34564300000000003 0.121048 0.335303 0.0799046 0.41949800000000004 0.898441 0.425406 0.9460810000000001 0.34564300000000003
4 0.891945 0.602659 0.926592 0.42835999999999996 0.17965726875000002 0.42232277500000004 0.124378109375 0.4562594265625 0.101559 0.593796 0.891945 0.602659
4 0.346254 0.672083 0.896276 0.6735599999999999 0.8941100000000001 0.586411 0.101559 0.593796 0.121048 0.701625 0.339757 0.700148 0.346254 0.672083
4 0.8941100000000001 0.7045790000000001 0.118883 0.701625 0.0885663 0.830133 0.885448 0.824225 0.8941100000000001 0.7045790000000001
4 0.8832829999999999 0.8271789999999999 0.0885663 0.830133 0.0864008 0.957164 0.876787 0.9867060000000001 0.8832829999999999 0.8271789999999999
6 0.46751899999999996 0.0073855593750000005 0.465353 0.028065 0.560632 0.026587899999999998 0.558467 0.0044313703125 0.46751899999999996 0.0073855593750000005
3 0.20116900000000001 0.062038499999999996 0.149199 0.062038499999999996 0.147033 0.0886263 0.203335 0.08714910000000001 0.20116900000000001 0.062038499999999996
7 0.487007 0.0516987 0.487007 0.0827179 0.612603 0.08714910000000001 0.612603 0.0605613 0.487007 0.0516987
6 0.614519071875 0.9860482656249999 0.39616639062500003 0.9860482656249999 0.39616639062500003 0.9992458515625 0.614519071875 0.9992458515625 0.614519071875 0.9860482656249999