4 0.931887 0.315321 0.924446 0.08993999999999999 0.491411 0.0930995 0.495875 0.338492 0.8783160000000001 0.338492 0.931887 0.315321
4 0.9348639999999999 0.836648 0.937839 0.8061070000000001 0.498852 0.801893 0.494387 0.848234 0.7473639999999999 0.8461270000000001 0.9348639999999999 0.836648
4 0.924446 0.947233 0.939328 0.857712 0.516709 0.8513930000000001 0.495875 0.874563 0.495875 0.9451269999999999 0.924446 0.947233
2 0.9170070000000001 0.403789 0.500339 0.40168299999999996 0.516709 0.755554 0.91403 0.755554 0.9170070000000001 0.403789
2 0.47355400000000003 0.5391239999999999 0.0762321 0.535175 0.0806964 0.890625 0.470205 0.891415 0.47355400000000003 0.5391239999999999
2 0.47467 0.11179399999999999 0.0795804 0.10705499999999998 0.0840446 0.486201 0.470205 0.489361 0.47467 0.11179399999999999
4 0.939328 0.358502 0.522661 0.358502 0.52415 0.386938 0.931887 0.38799100000000003 0.939328 0.358502
1 0.908078 0.771352 0.536054 0.769245 0.547959 0.795574 0.9095660000000001 0.794521 0.908078 0.771352
1 0.427423 0.906159 0.114179 0.9093180000000001 0.1179 0.927223 0.423703 0.927223 0.427423 0.906159
6 0.478762 0.930909 0.29275 0.9298550000000001 0.29498199999999997 0.94934 0.477275 0.950393 0.478762 0.930909
1 0.48136599999999996 0.49962999999999996 0.197884 0.5004190000000001 0.20011600000000002 0.524116 0.48136599999999996 0.522536 0.48136599999999996 0.49962999999999996
3 0.151009 0.0565016 0.0695357 0.060451 0.0717679 0.0849376 0.15324100000000002 0.0841477 0.151009 0.0565016
6 0.5583750000000001 0.0596611 0.401009 0.057291499999999995 0.41886599999999996 0.08177799999999999 0.5527949999999999 0.0809882 0.5583750000000001 0.0596611
6 0.936723 0.0565016 0.676679 0.055711699999999996 0.687839 0.08177799999999999 0.9300269999999999 0.0809882 0.936723 0.0565016