4 0.9468070000000001 0.7600290000000001 0.9842409999999999 0.6407930000000001 0.32826900000000003 0.636841 0.318465 0.76464 0.850551 0.765299 0.9468070000000001 0.7600290000000001
4 0.6206039999999999 0.770569 0.320248 0.769252 0.327378 0.893758 0.633082 0.894416 0.6206039999999999 0.770569
4 0.6428860000000001 0.89771 0.348768 0.896393 0.346986 0.933942 0.632191 0.936577 0.6428860000000001 0.89771
4 0.9156129999999999 0.895075 0.945025 0.773863 0.649125 0.772545 0.646451 0.9089090000000001 0.74449 0.9115439999999999 0.9156129999999999 0.895075
4 0.894223 0.912862 0.671406 0.9135199999999999 0.670515 0.933283 0.891549 0.933283 0.894223 0.912862
2 1 0.051860300000000005 0.027912700000000002 0.054495400000000006 0.09208380000000001 0.9398709999999999 1 0.947776 1 0.051860300000000005
6 0.379071 0.0386851 0.0769323 0.0380264 0.10545299999999999 0.0716232 0.377289 0.0742582 0.379071 0.0386851
7 0.9851319999999999 0.14474599999999999 1 0.0828221 0.591193 0.0841397 0.6036699999999999 0.138817 0.767663 0.151992 0.9851319999999999 0.14474599999999999
6 0.9307650000000001 0.15462700000000001 0.625061 0.151333 0.624169 0.182954 0.931656 0.185589 0.9307650000000001 0.15462700000000001
6 0.263207 0.9458 0.0172175015625 0.9431649999999999 0.022565099999999998 0.9655630000000001 0.255185 0.969515 0.263207 0.9458
6 0.092975 0.8838760000000001 0.0484118 0.882559 0.0635633 0.9089090000000001 0.08406240000000001 0.912862 0.092975 0.8838760000000001