4 0.829181 0.188967 0.16172999999999998 0.188361 0.16172999999999998 0.247149 0.829181 0.247755 0.829181 0.188967
4 0.8323180000000001 0.260482 0.164083 0.261695 0.164083 0.389573 0.833102 0.38654299999999997 0.8323180000000001 0.260482
4 0.8351419999999999 0.40157299999999996 0.16769099999999998 0.40096699999999996 0.16769099999999998 0.459755 0.8351419999999999 0.46036099999999996 0.8351419999999999 0.40157299999999996
4 0.833573 0.47369500000000003 0.166122 0.473089 0.166122 0.531876 0.833573 0.532482 0.833573 0.47369500000000003
4 0.838593 0.545331 0.16094599999999998 0.544725 0.16172999999999998 0.7277549999999999 0.835456 0.7301789999999999 0.838593 0.545331
6 0.820908 0.783125 0.668996 0.783125 0.668702 0.798125 0.821496 0.798238 0.820908 0.783125
6 0.622661 0.0404445 0.367367 0.0404445 0.36423 0.0631718 0.6234460000000001 0.0631718 0.622661 0.0404445
6 0.515161 0.0871114 0.483985 0.0866568 0.484426 0.0993841 0.514867 0.099725 0.515161 0.0871114
3 0.8212889999999999 0.01724 0.7901119999999999 0.016785500000000002 0.790554 0.029512699999999996 0.8209949999999999 0.0298536 0.8212889999999999 0.01724
6 0.607514 0.117982 0.38633799999999996 0.11775500000000001 0.386632 0.17616400000000002 0.607808 0.17616400000000002 0.607514 0.117982
6 0.7663490000000001 0.765056 0.719144 0.7649429999999999 0.718261 0.778238 0.766496 0.779034 0.7663490000000001 0.765056
6 0.77532 0.8011929999999999 0.716496 0.8011929999999999 0.7154670000000001 0.8153969999999999 0.775026 0.815625 0.77532 0.8011929999999999