4 0.136799 0.164362 0.275652 0.163158 0.275652 0.14678 0.311444 0.144212 0.312737 0.129761 0.297644 0.128798 0.297213 0.09283040000000001 0.304975 0.0925096 0.299801 0.0565434 0.0561604 0.0552582 0.0576701 0.18073999999999998 0.136799 0.180419 0.136799 0.164362
4 0.109847 0.344757 0.308101 0.34259 0.307777 0.326934 0.281257 0.326212 0.283521 0.308871 0.305837 0.30790799999999996 0.305514 0.274189 0.278023 0.272503 0.278347 0.254921 0.284492 0.252994 0.288696 0.245046 0.283198 0.21759 0.30325 0.21783000000000002 0.30422 0.20024899999999998 0.289343 0.199044 0.29192999999999997 0.181944 0.12989900000000001 0.18290800000000002 0.0551902 0.182426 0.056483799999999994 0.359208 0.10693699999999999 0.358967 0.109847 0.344757
4 0.29192999999999997 0.611376 0.304867 0.611135 0.304867 0.5776570000000001 0.280287 0.57573 0.280287 0.558389 0.29742799999999997 0.557185 0.297105 0.541048 0.286109 0.540807 0.288049 0.522985 0.304867 0.520817 0.305514 0.5049210000000001 0.28999 0.503717 0.289343 0.486617 0.306484 0.486617 0.308101 0.470239 0.29548800000000003 0.469757 0.295811 0.453139 0.285462 0.45072999999999996 0.288373 0.43218500000000004 0.304543 0.431944 0.30518999999999996 0.41532600000000003 0.294194 0.41580700000000004 0.294194 0.39702099999999996 0.31133500000000003 0.39653900000000003 0.312305 0.380162 0.267351 0.377994 0.267674 0.36161699999999997 0.08623800000000001 0.360171 0.055513599999999996 0.360894 0.0561604 0.630162 0.28999 0.62968 0.29192999999999997 0.611376
4 0.582573 0.610012 0.573087 0.607763 0.574811 0.5910650000000001 0.5429 0.590101 0.5446259999999999 0.5724389999999999 0.573087 0.571154 0.573948 0.555098 0.564462 0.554456 0.562737 0.53583 0.570499 0.535188 0.569636 0.518168 0.511422 0.516563 0.512285 0.500506 0.596373 0.5011479999999999 0.597666 0.481559 0.332034 0.47995400000000005 0.33419 0.6247830000000001 0.5821419999999999 0.622856 0.582573 0.610012
4 0.858554 0.713576 0.8740780000000001 0.713576 0.8736470000000001 0.699767 0.8615729999999999 0.697198 0.858554 0.677931 0.8563980000000001 0.6602680000000001 0.869766 0.6599470000000001 0.8701969999999999 0.641963 0.877959 0.642285 0.871922 0.60953 0.845186 0.605997 0.84993 0.572921 0.842168 0.571636 0.8408749999999999 0.55269 0.858123 0.553974 0.860279 0.538239 0.843462 0.535027 0.8425990000000001 0.518329 0.827075 0.517686 0.8296620000000001 0.500345 0.678304 0.49713399999999996 0.67658 0.48172 0.614484 0.48300400000000004 0.6127589999999999 0.732201 0.858986 0.7315590000000001 0.858554 0.713576
4 0.823734 0.822358 0.8250270000000001 0.8057399999999999 0.874833 0.807667 0.8738630000000001 0.7881579999999999 0.855105 0.787195 0.855105 0.769613 0.807239 0.769131 0.807563 0.752513 0.7309129999999999 0.7498630000000001 0.73253 0.733486 0.712802 0.732522 0.61416 0.734449 0.61319 0.8211539999999999 0.748054 0.822358 0.823734 0.822358
4 0.860279 0.8779939999999999 0.8473430000000001 0.8772719999999999 0.8473430000000001 0.8584860000000001 0.8680410000000001 0.8587260000000001 0.867718 0.842108 0.837964 0.8406629999999999 0.8395810000000001 0.8257300000000001 0.762285 0.824285 0.613514 0.82284 0.613514 0.929295 0.8609260000000001 0.930017 0.860279 0.8779939999999999
2 0.596587 0.633615 0.0610116 0.633615 0.0610116 0.943827 0.598313 0.943827 0.596587 0.633615
2 0.940701 0.0388805 0.336994 0.0395231 0.336994 0.475618 0.916554 0.47626 0.940701 0.0388805
6 0.9668979999999999 0.0281233 0.184665 0.0268382 0.170865 0.060878600000000005 0.9651730000000001 0.0673006 0.9668979999999999 0.0281233
6 0.425717 0.0568642 0.34680300000000003 0.0581484 0.347666 0.07292 0.42701 0.07131499999999999 0.425717 0.0568642
6 0.622245 0.47160399999999997 0.540313 0.411231 0.15997699999999998 0.704102 0.28158099999999997 0.753235 0.622245 0.47160399999999997
3 0.934342 0.891723 0.892944 0.892927 0.895532 0.915085 0.936282 0.912435 0.934342 0.891723
6 0.9388690000000001 0.952657 0.8046519999999999 0.9507300000000001 0.7302660000000001 0.952657 0.7292959999999999 0.965181 0.9391930000000001 0.965422 0.9388690000000001 0.952657
6 0.355966 0.911713 0.0735175 0.912355 0.0735175 0.9293760000000001 0.356398 0.929054 0.355966 0.911713