4 0.0942381 0.543603 0.18690199999999998 0.540983 0.18690199999999998 0.5261359999999999 0.328472 0.52439 0.329759 0.285962 0.11096900000000001 0.287126 0.107967 0.299644 0.0929511 0.303429 0.0942381 0.543603
4 0.0950965 0.782031 0.41169900000000004 0.782905 0.40783800000000003 0.7671840000000001 0.488919 0.765438 0.488919 0.707796 0.329331 0.704302 0.331905 0.5427299999999999 0.109254 0.541857 0.108824 0.557577 0.0925225 0.5593239999999999 0.0950965 0.782031
4 0.0882317 0.917984 0.36365 0.917111 0.36493699999999996 0.899644 0.493637 0.899644 0.48848900000000006 0.78174 0.10625 0.782613 0.110111 0.7936759999999999 0.0908057 0.795714 0.0882317 0.917984
4 0.332333 0.916529 0.10839499999999999 0.916529 0.10839499999999999 0.9357430000000001 0.33361999999999997 0.9348699999999999 0.332333 0.916529
4 0.6999869999999999 0.751755 0.911055 0.752337 0.909338 0.7069219999999999 0.511227 0.705757 0.512085 0.7668929999999999 0.699129 0.765728 0.6999869999999999 0.751755
4 0.784929 0.765728 0.531819 0.766311 0.529245 0.780866 0.787503 0.780866 0.784929 0.765728
4 0.693122 0.780866 0.529245 0.782031 0.5335340000000001 0.797169 0.696555 0.79484 0.693122 0.780866
4 0.511227 0.82861 0.9101969999999999 0.8245340000000001 0.9067640000000001 0.796005 0.53096 0.797169 0.531819 0.8111430000000001 0.511227 0.8140539999999999 0.511227 0.82861
4 0.811526 0.88567 0.912771 0.883923 0.9067640000000001 0.871114 0.835551 0.869368 0.8312609999999999 0.8559760000000001 0.808095 0.8559760000000001 0.8098110000000001 0.840838 0.530103 0.84142 0.534393 0.872279 0.805521 0.8705320000000001 0.811526 0.88567
4 0.8587170000000001 0.9141999999999999 0.9076230000000001 0.9141999999999999 0.9101969999999999 0.900226 0.8141 0.8978970000000001 0.811526 0.88567 0.527529 0.886252 0.528386 0.9019729999999999 0.794367 0.900809 0.8587170000000001 0.9141999999999999
4 0.0925225 0.28770799999999996 0.22208 0.28829 0.220364 0.271988 0.326757 0.271988 0.329331 0.21551 0.490634 0.21201699999999998 0.490634 0.120604 0.10710800000000001 0.12235100000000002 0.107967 0.134578 0.0933797 0.138072 0.0925225 0.28770799999999996
4 0.512085 0.198043 0.586731 0.198625 0.587588 0.182322 0.911055 0.18348599999999998 0.9067640000000001 0.12293400000000002 0.528386 0.12235100000000002 0.526671 0.136907 0.5138010000000001 0.139237 0.512085 0.198043
4 0.909338 0.198625 0.528386 0.198043 0.53096 0.21259899999999998 0.9076230000000001 0.21201699999999998 0.909338 0.198625
4 0.823539 0.0955686 0.9101969999999999 0.0920751 0.911055 0.06354499999999999 0.526671 0.0629624 0.528386 0.10837699999999999 0.825255 0.10837699999999999 0.823539 0.0955686
2 0.9076230000000001 0.23356 0.34649 0.23356 0.343916 0.687708 0.9076230000000001 0.687708 0.9076230000000001 0.23356
6 0.16888399999999998 0.936907 0.0916641 0.938654 0.0950965 0.951464 0.169743 0.949717 0.16888399999999998 0.936907
6 0.905049 0.915364 0.785786 0.918276 0.792651 0.933997 0.9076230000000001 0.9293380000000001 0.905049 0.915364
6 0.48806000000000005 0.0932393 0.369656 0.0938218 0.368798 0.107796 0.489776 0.10837699999999999 0.48806000000000005 0.0932393
6 0.182613 0.0757721 0.10968199999999999 0.0775188 0.112256 0.0926568 0.180896 0.0926568 0.182613 0.0757721