4 0.496627 0.0938251 0.0865664 0.09149270000000001 0.0821089 0.372341 0.49981099999999995 0.376074 0.496627 0.0938251
4 0.926984 0.0937089 0.7101740000000001 0.0940588 0.516764 0.09230930000000001 0.5148539999999999 0.21092399999999997 0.9303269999999999 0.21092399999999997 0.926984 0.0937089
4 0.761722 0.693072 0.9274340000000001 0.6937719999999999 0.9255229999999999 0.6737110000000001 0.71922 0.672311 0.509733 0.670445 0.509892 0.715232 0.760449 0.7182649999999999 0.761722 0.693072
4 0.504798 0.786844 0.748032 0.788477 0.750261 0.766783 0.9221809999999999 0.762817 0.921225 0.7210639999999999 0.663346 0.719897 0.53759 0.7189639999999999 0.542047 0.746489 0.506072 0.746489 0.504798 0.786844
4 0.805339 0.932866 0.818074 0.9296010000000001 0.821258 0.9076739999999999 0.839086 0.905341 0.8416330000000001 0.883415 0.821258 0.8810819999999999 0.819984 0.859155 0.8384499999999999 0.857289 0.839086 0.833963 0.800882 0.830697 0.797698 0.80877 0.567199 0.805038 0.557648 0.950128 0.807249 0.9496610000000001 0.805339 0.932866
4 0.490153 0.883415 0.48187499999999994 0.831164 0.344976 0.830231 0.0762722 0.827432 0.07372490000000001 0.9473290000000001 0.490153 0.948262 0.490153 0.883415
2 0.898489 0.231801 0.5269510000000001 0.230401 0.529153 0.617961 0.897189 0.620293 0.898489 0.231801
2 0.47485799999999995 0.390297 0.11287100000000001 0.388897 0.106185 0.796875 0.46530699999999997 0.7954749999999999 0.47485799999999995 0.390297
3 0.135038 0.0528293 0.0863276 0.052304399999999994 0.0839398 0.0720735 0.134083 0.0720735 0.135038 0.0528293
6 0.541437 0.0547537 0.46248100000000003 0.054520599999999995 0.463118 0.0748146 0.540482 0.07411480000000001 0.541437 0.0547537
6 0.9257099999999999 0.0533541 0.69712 0.053353399999999995 0.6987129999999999 0.071781 0.9241170000000001 0.07294819999999999 0.9257099999999999 0.0533541
1 0.780347 0.636855 0.649179 0.635456 0.646631 0.6592480000000001 0.780347 0.659715 0.780347 0.636855
1 0.33216100000000004 0.8097030000000001 0.231397 0.809528 0.23283 0.826323 0.332639 0.8266730000000001 0.33216100000000004 0.8097030000000001