4 0.8250470109375 0.8375 0.825 0.5154559703125 0.146403978125 0.515625 0.146875 0.8488428906250001 0.540625 0.8484404203125001 0.5890625 0.8454923984375 0.7640625 0.8421908437500001 0.8250470109375 0.8375
4 0.815625 0.4328545859375 0.8250675984375 0.4265625 0.8254102874999999 0.3203125 0.1484375 0.319677515625 0.14804879531249998 0.4390625 0.190625 0.4390734046875 0.209375 0.436075575 0.578125 0.43597430625 0.815625 0.4328545859375
4 0.81879700625 0.5046875 0.8193701765625001 0.496875 0.8189792609375001 0.4421875 0.157481390625 0.4421875 0.1578125 0.5141901953125 0.540625 0.5140703015625 0.590625 0.5096733890625 0.815625 0.5062537609375 0.81879700625 0.5046875
6 0.3953125 0.17032800625 0.403125 0.1609601375 0.40781616718749997 0.1609375 0.40817461406250005 0.1234375 0.1758247484375 0.1234375 0.1765625 0.16252721875 0.196875 0.1672131484375 0.25625 0.17207878125 0.2640625 0.175075740625 0.328125 0.1750077671875 0.34375 0.1720238515625 0.384375 0.1734412578125 0.3953125 0.17032800625
6 0.682139090625 0.1234375 0.6828125 0.1426307078125 0.803125 0.14222374375 0.8063338296874999 0.1390625 0.80625 0.123205115625 0.682139090625 0.1234375
7 0.6734409234375 0.26875 0.6734375 0.222774771875 0.30240088125 0.2234375 0.303125 0.29219157500000004 0.3062620046875 0.2890625 0.30312975781249996 0.284375 0.3078125 0.2813049140625 0.3140625 0.2828348484375 0.3203125 0.29065911875 0.3515625 0.29532051406250004 0.6484375 0.295321228125 0.6656438140625001 0.2890625 0.665682859375 0.2765625 0.6734409234375 0.26875
6 0.653125 0.1766013390625 0.65944583125 0.1703125 0.6656560015624999 0.1546875 0.667495934375 0.1234375 0.418415009375 0.1234375 0.41871980000000003 0.18125 0.4218595328125 0.1890625 0.425 0.1906662796875 0.45 0.1922109515625 0.496875 0.189246078125 0.5171875 0.193789971875 0.5828125 0.1938005390625 0.6171875 0.190678265625 0.634375 0.178188428125 0.653125 0.1766013390625
6 0.3453125 0.0719890671875 0.5984375 0.07193678125 0.5984375 0.0477819890625 0.3445922671875 0.0484375 0.3453125 0.0719890671875
6 0.152384909375 0.2984375 0.153125 0.3189698578125 0.4453125 0.3187642328125 0.4595147984375 0.3140625 0.459375 0.2982889703125 0.152384909375 0.2984375
6 0.2508107421875 0.103125 0.2515625 0.118941040625 0.303125 0.120317734375 0.33125 0.11726429062499999 0.33181726093749997 0.103125 0.2508107421875 0.103125
6 0.71331133125 0.103125 0.7140625 0.1190392046875 0.76875 0.11875417968749999 0.7752139125 0.115625 0.775 0.10256437968750001 0.71331133125 0.103125
6 0.51332428125 0.103125 0.5140625 0.12035692499999999 0.534375 0.1218882625 0.575 0.11728458593749999 0.575560846875 0.103125 0.51332428125 0.103125
3 0.7867601140625 0.0171875 0.7875 0.03790308125 0.8234375 0.037589109375 0.8265940796875 0.0359375 0.8265625 0.016668875 0.7867601140625 0.0171875
6 0.7702057531250001 0.1171875 0.7733738546875 0.121875 0.7640625 0.1264834765625 0.71875 0.12491224999999999 0.715711421875 0.121875 0.7157348828125001 0.1109375 0.7140625 0.1076056625 0.7109375 0.10744078593749999 0.5640625 0.10769766875 0.563954865625 0.11875 0.5609375 0.1217812921875 0.553125 0.123356609375 0.53125 0.12174591718750001 0.51875 0.1075036421875 0.328125 0.1073746609375 0.324854125 0.1078125 0.324925478125 0.11875 0.3358702140625 0.1265625 0.3203125 0.129498296875 0.2953125 0.1279778515625 0.290625 0.1249290171875 0.259375 0.12179303593749999 0.257878965625 0.1140625 0.253125 0.107666253125 0.16173245625 0.1078125 0.1625 0.1957025765625 0.81875 0.1955066984375 0.81875 0.10717281406250001 0.7703125 0.10753650625 0.7702057531250001 0.1171875
5 0.8210784312499999 0.1073232328125 0.161356209375 0.1073232328125 0.161356209375 0.1941287875 0.8210784312499999 0.1941287875 0.8210784312499999 0.1073232328125