4 0.494651 0.602731 0.24294500000000002 0.602024 0.204308 0.603437 0.209232 0.615687 0.49010600000000004 0.616865 0.494651 0.602731
4 0.352984 0.658208 0.494273 0.660799 0.495409 0.647607 0.779501 0.6473720000000001 0.780637 0.618161 0.631394 0.61769 0.369272 0.617925 0.25146799999999997 0.6162759999999999 0.20525600000000002 0.616512 0.20715 0.658679 0.312832 0.658679 0.352984 0.658208
4 0.227983 0.701082 0.338968 0.702495 0.341619 0.689303 0.478742 0.688361 0.48063599999999995 0.6758759999999999 0.782152 0.676818 0.7844249999999999 0.662448 0.568515 0.662213 0.437833 0.661035 0.32571 0.659621 0.207528 0.6598569999999999 0.209422 0.703202 0.21699799999999997 0.703909 0.227983 0.701082
4 0.284043 0.757707 0.35563500000000003 0.7583260000000001 0.45634499999999995 0.759209 0.5045 0.757884 0.515295 0.759386 0.540153 0.757707 0.601801 0.759356 0.60521 0.746165 0.7828630000000001 0.746871 0.785515 0.702112 0.609756 0.7011700000000001 0.395834 0.702525 0.377226 0.703673 0.296686 0.7031430000000001 0.228645 0.7019949999999999 0.22253699999999998 0.7042919999999999 0.207197 0.7042919999999999 0.20676999999999998 0.757177 0.24228200000000003 0.757884 0.284043 0.757707
4 0.386933 0.800228 0.464016 0.801995 0.5286 0.8025840000000001 0.5556840000000001 0.8012879999999999 0.602275 0.800346 0.6356080000000001 0.801642 0.6392070000000001 0.789038 0.779737 0.7879780000000001 0.778317 0.7736080000000001 0.779359 0.7607700000000001 0.6822 0.759416 0.6582410000000001 0.7598860000000001 0.580778 0.760593 0.54252 0.758591 0.5158159999999999 0.7602990000000001 0.49507700000000004 0.759239 0.47054999999999997 0.759946 0.43002 0.759533 0.35785999999999996 0.75918 0.26070099999999996 0.758591 0.24195099999999997 0.758944 0.208427 0.757884 0.20776500000000003 0.799992 0.278788 0.8004640000000001 0.386933 0.800228
4 0.34529 0.8289669999999999 0.43828199999999995 0.8295859999999999 0.446166 0.830072 0.47990199999999994 0.829321 0.500711 0.8299390000000001 0.571688 0.8297190000000001 0.570622 0.816645 0.746405 0.816645 0.781158 0.815658 0.781442 0.803702 0.6562520000000001 0.801877 0.638781 0.803202 0.6142070000000001 0.8017 0.584377 0.8017 0.515768 0.8039970000000001 0.40128 0.8010820000000001 0.301278 0.8012589999999999 0.28608 0.801877 0.205682 0.8021119999999999 0.204806 0.8285259999999999 0.289181 0.8285259999999999 0.34529 0.8289669999999999
4 0.30528 0.857089 0.40130299999999997 0.857531 0.40258200000000005 0.845782 0.781656 0.843661 0.782366 0.8312060000000001 0.7764 0.829881 0.6454329999999999 0.831029 0.542734 0.831029 0.487833 0.830411 0.47994899999999996 0.8308519999999999 0.442875 0.830322 0.43591499999999994 0.83019 0.404901 0.8306760000000001 0.32687 0.8294980000000001 0.234825 0.829734 0.206794 0.8302039999999999 0.208831 0.8556760000000001 0.26153 0.8568239999999999 0.30528 0.857089
4 0.48383200000000004 0.9000809999999999 0.484684 0.88842 0.782602 0.887448 0.784875 0.871194 0.609117 0.872372 0.608549 0.857442 0.508406 0.857442 0.445337 0.858856 0.371757 0.858414 0.31223999999999996 0.857531 0.23809200000000003 0.857442 0.20641600000000002 0.8572660000000001 0.20741 0.898932 0.383122 0.899286 0.48383200000000004 0.9000809999999999
4 0.784733 0.9011699999999999 0.75121 0.900228 0.647611 0.9009349999999999 0.512573 0.901052 0.40272399999999997 0.900582 0.291169 0.9003460000000001 0.207078 0.900464 0.21143399999999998 0.929792 0.780945 0.930617 0.784733 0.9011699999999999
2 0.924822 0.44974400000000003 0.9224600000000001 0.0685081 0.0724557 0.0666233 0.0702716 0.453631 0.739025 0.454338 0.924822 0.44974400000000003
7 0.92079 0.483061 0.0901034 0.48094099999999995 0.0923761 0.550905 0.921926 0.550905 0.92079 0.483061
1 0.927608 0.452907 0.771547 0.453379 0.7700319999999999 0.47269500000000003 0.9291240000000001 0.47363799999999995 0.927608 0.452907
6 0.59806 0.5576190000000001 0.390673 0.556912 0.39010500000000004 0.590481 0.596356 0.589421 0.59806 0.5576190000000001
6 0.480565 0.9555870000000001 0.38776099999999997 0.951112 0.30935100000000004 0.950876 0.25026000000000004 0.9529960000000001 0.249882 0.97349 0.47942799999999997 0.972077 0.480565 0.9555870000000001
6 0.729363 0.958175 0.6966910000000001 0.9560549999999999 0.640725 0.9548180000000001 0.495553 0.955878 0.497542 0.9714259999999999 0.728226 0.973016 0.729363 0.958175
6 0.5347109999999999 0.954995 0.5646829999999999 0.9544650000000001 0.566672 0.942009 0.473916 0.941126 0.47093299999999993 0.95314 0.482439 0.9550829999999999 0.5347109999999999 0.954995
6 0.641245 0.954112 0.662364 0.954642 0.686322 0.9545830000000001 0.688026 0.942039 0.569844 0.9413320000000001 0.569844 0.9542299999999999 0.603177 0.954171 0.641245 0.954112
6 0.7354700000000001 0.943452 0.695886 0.9436880000000001 0.697213 0.9547599999999999 0.7350909999999999 0.955231 0.7354700000000001 0.943452
6 0.468044 0.940272 0.299483 0.9390940000000001 0.296074 0.953228 0.464635 0.9551130000000001 0.468044 0.940272
6 0.525658 0.040274199999999996 0.4624 0.0414523 0.465051 0.0602982 0.522249 0.060062199999999996 0.525658 0.040274199999999996