4 0.44984 0.24014799999999997 0.452276 0.412208 0.9443590000000001 0.402736 0.939487 0.24330500000000002 0.44984 0.24014799999999997
4 0.939487 0.413786 0.43278800000000006 0.412208 0.045455499999999996 0.413786 0.0551998 0.503762 0.28175300000000003 0.508498 0.939487 0.49429100000000004 0.939487 0.413786
4 0.9419230000000001 0.5148119999999999 0.045455499999999996 0.513234 0.0430195 0.582689 0.31098499999999996 0.58111 0.9443590000000001 0.573218 0.9419230000000001 0.5148119999999999
4 0.943547 0.593739 0.729174 0.58953 0.058447000000000006 0.58953 0.0551998 0.628466 0.738918 0.636886 0.912691 0.634781 0.943547 0.593739
4 0.9468120000000001 0.6406430000000001 0.73244 0.636434 0.0617125 0.636434 0.0584653 0.6753709999999999 0.7421840000000001 0.68379 0.9159560000000001 0.681685 0.9468120000000001 0.6406430000000001
4 0.9451890000000001 0.694313 0.730816 0.690104 0.0600889 0.690104 0.056841699999999995 0.7290409999999999 0.74056 0.73746 0.9143330000000001 0.735355 0.9451890000000001 0.694313
4 0.105544 0.735807 0.108793 0.754223 0.266324 0.756328 0.267136 0.740016 0.105544 0.735807
4 0.9228400000000001 0.766062 0.040989 0.7607999999999999 0.0474848 0.883926 0.364172 0.883926 0.9342079999999999 0.871298 0.9228400000000001 0.766062
4 0.0994543 0.887872 0.0994543 0.904183 0.183093 0.904183 0.183093 0.887872 0.0994543 0.887872
4 0.927713 0.913918 0.049109599999999996 0.913918 0.0442375 0.9612740000000001 0.679235 0.958117 0.927713 0.9444359999999999 0.927713 0.913918
2 0.0677856 0.0573007 0.0653496 0.402999 0.442938 0.404578 0.452682 0.0683504 0.0677856 0.0573007
7 0.876033 0.0955162 0.536099 0.0935675 0.536099 0.152047 0.6203299999999999 0.177388 0.8519669999999999 0.17543899999999998 0.876033 0.0955162
6 0.569207 0.18489899999999998 0.574079 0.21647 0.8249930000000001 0.21647 0.8274290000000001 0.186478 0.569207 0.18489899999999998