2 0.0739301 0.01215 0.0788275 0.54486 0.918725 0.546418 0.918725 0.01215 0.0739301 0.01215
4 0.13514600000000002 0.577569 0.142493 0.63676 0.9236219999999999 0.635203 0.913828 0.5791280000000001 0.13514600000000002 0.577569
4 0.19139699999999998 0.642108 0.192854 0.667108 0.46068600000000004 0.6661819999999999 0.463596 0.6411819999999999 0.19139699999999998 0.642108
4 0.15937600000000002 0.667108 0.146275 0.723589 0.89591 0.7254419999999999 0.9221109999999999 0.6661819999999999 0.15937600000000002 0.667108
4 0.144819 0.724515 0.153552 0.782849 0.9192009999999999 0.7708109999999999 0.913378 0.722664 0.144819 0.724515
4 0.917745 0.781922 0.150642 0.783775 0.14190799999999998 0.8356260000000001 0.794017 0.8411820000000001 0.89591 0.8356260000000001 0.917745 0.781922
4 0.198677 0.8402559999999999 0.198677 0.864331 0.459229 0.8689600000000001 0.454862 0.8393309999999999 0.198677 0.8402559999999999
4 0.144819 0.862478 0.14918599999999999 0.9263669999999999 0.913378 0.9208109999999999 0.913378 0.8652559999999999 0.144819 0.862478
6 0.20741 0.9495150000000001 0.20595400000000003 0.979144 0.467963 0.9772930000000001 0.466507 0.945811 0.20741 0.9495150000000001
6 0.501151 0.958219 0.508428 0.980442 0.770437 0.97859 0.76898 0.9471080000000001 0.501151 0.958219
3 0.504354 0.943033 0.502897 0.9597 0.550932 0.961553 0.548022 0.943033 0.504354 0.943033