4 0.47670199999999996 0.556675 0.06472130000000001 0.557877 0.0659438 0.5851200000000001 0.47670199999999996 0.583518 0.47670199999999996 0.556675
4 0.474257 0.5851200000000001 0.06899999999999999 0.587123 0.0720562 0.6115630000000001 0.474257 0.608357 0.474257 0.5851200000000001
4 0.47670199999999996 0.611429 0.0745012 0.614234 0.076335 0.638272 0.475479 0.635869 0.47670199999999996 0.611429
4 0.48036899999999993 0.638272 0.076335 0.640676 0.0757237 0.678737 0.479758 0.674731 0.48036899999999993 0.638272
4 0.479758 0.677936 0.07144500000000001 0.681942 0.0720562 0.719202 0.48036899999999993 0.716798 0.479758 0.677936
4 0.479758 0.720003 0.07144500000000001 0.721205 0.07144500000000001 0.7464459999999999 0.48036899999999993 0.746045 0.479758 0.720003
4 0.21814399999999998 0.747981 0.10017400000000001 0.748181 0.101702 0.758798 0.21753300000000003 0.7595989999999999 0.21814399999999998 0.747981
4 0.171078 0.761402 0.0986455015625 0.761603 0.0995623 0.773021 0.171384 0.77222 0.171078 0.761402
4 0.48077800000000004 0.774022 0.0730758 0.7752239999999999 0.0755208 0.8132849999999999 0.478944 0.811282 0.48077800000000004 0.774022
4 0.478944 0.814487 0.0724644984375 0.81609 0.0724644984375 0.8545510000000001 0.477721 0.852949 0.478944 0.814487
4 0.478944 0.855353 0.0669633 0.856554 0.0718533 0.937083 0.48077800000000004 0.936683 0.478944 0.855353
4 0.894795 0.553804 0.48464799999999997 0.555006 0.48953800000000003 0.609494 0.895406 0.60709 0.894795 0.553804
4 0.895406 0.609494 0.491372 0.612699 0.491372 0.744109 0.898462 0.742907 0.895406 0.609494
4 0.897851 0.745311 0.491983 0.746112 0.494428 0.7709520000000001 0.897851 0.768147 0.897851 0.745311
4 0.8990729999999999 0.7713530000000001 0.491983 0.7733559999999999 0.491983 0.8266410000000001 0.898462 0.822635 0.8990729999999999 0.7713530000000001
4 0.8996850000000001 0.825439 0.494428 0.828244 0.494428 0.879526 0.900296 0.877923 0.8996850000000001 0.825439
4 0.900296 0.879926 0.49402 0.8807280000000001 0.49626200000000004 0.937218 0.8990729999999999 0.931208 0.900296 0.879926
2 0.891535 0.054538500000000004 0.0113399 0.0566747 0 0.551333 0.8899050000000001 0.544923 0.891535 0.054538500000000004
6 0.668633 0.0167452 0.315333 0.0167452 0.31655500000000003 0.043187500000000004 0.672301 0.0439888 0.668633 0.0167452
6 0.829188 0.462258 0.15763100000000002 0.46118899999999996 0.16089199999999998 0.539181 0.8316330000000001 0.538646 0.829188 0.462258
3 0.899379 0.9374180000000001 0.857306 0.937619 0.8571030000000001 0.9501709999999999 0.898667 0.950973 0.899379 0.9374180000000001