6 0.589344 0.0489228 0.41264599999999996 0.051921300000000004 0.41264599999999996 0.0714115 0.589344 0.06991230000000001 0.589344 0.0489228
3 0.9124700000000001 0.051921300000000004 0.8624879999999999 0.0544198 0.8681190000000001 0.0729108 0.913174 0.0709115 0.9124700000000001 0.051921300000000004
4 0.918806 0.0814063 0.05784160000000001 0.0844048 0.05995350000000001 0.166364 0.927958 0.15936699999999998 0.918806 0.0814063
2 0.85404 0.17086099999999999 0.11064 0.17486 0.13598300000000002 0.504695 0.851224 0.519187 0.85404 0.17086099999999999
1 0.6139840000000001 0.518188 0.39927 0.5176879999999999 0.39786299999999997 0.538178 0.608352 0.538178 0.6139840000000001 0.518188
4 0.927253 0.541676 0.0684013 0.5496719999999999 0.0705132 0.600147 0.9357010000000001 0.588653 0.927253 0.541676
2 0.503459 0.602645 0.07403269999999999 0.607143 0.08177609999999999 0.790552 0.509795 0.7885530000000001 0.503459 0.602645
2 0.907542 0.605145 0.571041 0.605645 0.5823050000000001 0.7875530000000001 0.903318 0.782556 0.907542 0.605145
1 0.775899 0.79355 0.67523 0.795049 0.6808620000000001 0.8105420000000001 0.7730819999999999 0.809043 0.775899 0.79355
1 0.335912 0.796299 0.228204 0.798048 0.235244 0.8095420000000001 0.33309700000000003 0.8097920000000001 0.335912 0.796299
4 0.919158 0.819163 0.0680496 0.82366 0.0807212 0.9675879999999999 0.920214 0.961591 0.919158 0.819163