4 0.455809 0.508591 0.439528 0.29725100000000004 0.118563 0.29725100000000004 0.11391100000000001 0.527492 0.43487600000000004 0.5257729999999999 0.455809 0.508591
4 0.43487600000000004 0.709622 0.111585 0.701031 0.12554099999999999 0.919244 0.441855 0.9106529999999999 0.43487600000000004 0.709622
4 0.8605050000000001 0.338488 0.672112 0.331615 0.679089 0.19931300000000002 0.6395500000000001 0.168385 0.8744590000000001 0.168385 0.872134 0.10652900000000001 0.493023 0.10996600000000001 0.497675 0.407216 0.8605050000000001 0.40206200000000003 0.8605050000000001 0.338488
4 0.8907400000000001 0.41924400000000006 0.6000110000000001 0.40549799999999997 0.58373 0.486255 0.8860889999999999 0.493127 0.8907400000000001 0.41924400000000006
4 0.851201 0.764605 0.790729 0.731959 0.711651 0.719931 0.6604829999999999 0.6254299999999999 0.7139770000000001 0.568729 0.8465490000000001 0.556701 0.8488749999999999 0.5240549999999999 0.511629 0.5240549999999999 0.495348 0.8367699999999999 0.855853 0.8367699999999999 0.851201 0.764605
2 0.465113 0.12027499999999999 0.10460799999999999 0.116839 0.10228200000000001 0.273196 0.465113 0.273196 0.465113 0.12027499999999999
2 0.460461 0.544674 0.10460799999999999 0.544674 0.10460799999999999 0.6872849999999999 0.45813499999999996 0.6872849999999999 0.460461 0.544674
2 0.976796 0.158076 0.6674599999999999 0.158076 0.683741 0.328179 0.976796 0.326461 0.976796 0.158076
2 0.9279540000000001 0.671821 0.904695 0.599656 0.888415 0.556701 0.776775 0.556701 0.704674 0.587629 0.7139770000000001 0.675258 0.795381 0.725086 0.9279540000000001 0.671821
7 0.29997799999999997 0.266323 0.11391100000000001 0.266323 0.0953045 0.304124 0.29997799999999997 0.304124 0.29997799999999997 0.266323
7 0.344169 0.683849 0.10926 0.680412 0.111585 0.714776 0.346495 0.7113400000000001 0.344169 0.683849
7 0.686067 0.0910651 0.504652 0.0910651 0.50181818125 0.1128274015625 0.6945454546875001 0.11417058437500001 0.686067 0.0910651
7 0.7023469999999999 0.5 0.495348 0.5 0.516281 0.52921 0.7000219999999999 0.5257729999999999 0.7023469999999999 0.5
6 0.851201 0.862543 0.7791 0.862543 0.7745454546875 0.8784419078125 0.8527272734375 0.879785090625 0.851201 0.862543
3 0.9218181812499999 0.9093351249999999 0.9636363640625 0.9012760234374999 0.9581899999999999 0.872852 0.909347 0.878007 0.9218181812499999 0.9093351249999999
6 0.9465600000000001 0.931271 0.744213 0.931271 0.75119 0.958763 0.9674929999999999 0.955326 0.9465600000000001 0.931271
6 0.9036363640625 0.0470114171875 0.75818181875 0.0470114171875 0.75818181875 0.07253190000000001 0.9036363640625 0.07253190000000001 0.9036363640625 0.0470114171875