4 0.384979 0.5077480000000001 0.32449 0.5060330000000001 0.32449 0.489738 0.387553 0.49145300000000003 0.390127 0.463151 0.379831 0.42884599999999995 0.360526 0.426273 0.352804 0.39110999999999996 0.384979 0.39110999999999996 0.379831 0.36966899999999997 0.315481 0.36966899999999997 0.315481 0.349943 0.400423 0.349086 0.404284 0.330218 0.345082 0.328503 0.339934 0.312208 0.360526 0.307919 0.364387 0.294197 0.0889691 0.29334 0.08510809999999999 0.529189 0.386266 0.528331 0.384979 0.5077480000000001
4 0.300037 0.888537 0.451045 0.888537 0.47978899999999997 0.8871079999999999 0.480218 0.8753869999999999 0.460484 0.862808 0.461771 0.830218 0.48365 0.8130649999999999 0.44804199999999994 0.8087770000000001 0.455764 0.797628 0.426163 0.795913 0.416726 0.783334 0.481933 0.7810469999999999 0.47421100000000005 0.751316 0.442466 0.751316 0.442466 0.7364499999999999 0.481933 0.7347349999999999 0.48365 0.709577 0.466489 0.707862 0.456193 0.677559 0.486224 0.678131 0.48536599999999996 0.6484 0.45791000000000004 0.6484 0.457051 0.633534 0.430453 0.630675 0.42873700000000003 0.617525 0.46906299999999995 0.6146659999999999 0.47421100000000005 0.604946 0.45791000000000004 0.601515 0.45962500000000006 0.587222 0.471208 0.576358 0.46348599999999995 0.554918 0.08382110000000001 0.554918 0.08467949999999999 0.898828 0.299609 0.899686 0.300037 0.888537
4 0.0855367 0.9328480000000001 0.431311 0.9317040000000001 0.431311 0.916267 0.490514 0.919697 0.486224 0.899114 0.10183899999999999 0.9008290000000001 0.105272 0.915696 0.0863951 0.9168390000000001 0.0855367 0.9328480000000001
4 0.515395 0.919126 0.624362 0.9168390000000001 0.62522 0.905975 0.8714660000000001 0.9054040000000001 0.8714660000000001 0.8945399999999999 0.918656 0.8945399999999999 0.916082 0.880818 0.9023540000000001 0.880246 0.900638 0.868811 0.531698 0.8665240000000001 0.5299820000000001 0.876816 0.5119640000000001 0.880246 0.515395 0.919126
4 0.7170259999999999 0.918554 0.532556 0.918554 0.534272 0.931133 0.7213149999999999 0.933991 0.7170259999999999 0.918554
4 0.510247 0.853946 0.7264630000000001 0.857377 0.729037 0.8425100000000001 0.894632 0.8425100000000001 0.900638 0.8276450000000001 0.91265 0.814495 0.891199 0.811064 0.8860509999999999 0.798485 0.9117919999999999 0.793912 0.904069 0.763608 0.9117919999999999 0.752745 0.9100759999999999 0.7350209999999999 0.884336 0.734449 0.874898 0.720726 0.8800459999999999 0.707576 0.8972060000000001 0.6949970000000001 0.91265 0.616667 0.527408 0.618383 0.532556 0.630389 0.515395 0.630389 0.510247 0.853946
4 0.5119640000000001 0.6189549999999999 0.5909 0.6189549999999999 0.5960479999999999 0.601802 0.8671760000000001 0.6023729999999999 0.8671760000000001 0.5880799999999999 0.887768 0.589795 0.8920579999999999 0.5743579999999999 0.9023540000000001 0.56864 0.8963469999999999 0.553774 0.887768 0.5389079999999999 0.8800459999999999 0.515467 0.893773 0.5131789999999999 0.888625 0.498886 0.888625 0.485164 0.9032120000000001 0.48230399999999995 0.9109339999999999 0.452574 0.8680329999999999 0.450286 0.8671760000000001 0.43827999999999995 0.9083600000000001 0.436564 0.905786 0.421699 0.8783289999999999 0.421699 0.876614 0.407977 0.898064 0.407977 0.89978 0.391395 0.528265 0.391967 0.531698 0.40111600000000003 0.514538 0.406262 0.5119640000000001 0.6189549999999999
4 0.51368 0.393111 0.807974 0.392539 0.8054 0.378245 0.913508 0.381676 0.91694 0.36338 0.904069 0.345655 0.874898 0.345655 0.870607 0.332505 0.89978 0.331933 0.89978 0.318783 0.915224 0.317068 0.91265 0.287908 0.876614 0.287908 0.876614 0.272471 0.915224 0.27361399999999997 0.917798 0.25703299999999996 0.887768 0.253031 0.887768 0.22730199999999998 0.527408 0.228445 0.5299820000000001 0.239309 0.5119640000000001 0.24273899999999998 0.51368 0.393111
4 0.512821 0.226159 0.638947 0.22673000000000001 0.637232 0.21358000000000002 0.8963469999999999 0.212437 0.904069 0.19757 0.9100759999999999 0.168411 0.889484 0.16784 0.887768 0.152973 0.9092180000000001 0.15183 0.9109339999999999 0.12324299999999999 0.891199 0.120955 0.8920579999999999 0.108949 0.9212300000000001 0.10952100000000001 0.917798 0.0935111 0.527408 0.0929391 0.531698 0.10608999999999999 0.512821 0.108949 0.512821 0.226159
4 0.705014 0.0786458 0.89549 0.0786458 0.8903420000000001 0.0637796 0.514538 0.06263640000000001 0.517112 0.0946544 0.7067300000000001 0.0929391 0.705014 0.0786458
2 0.0889691 0.0643516 0.0876821 0.279617 0.399136 0.27876 0.400423 0.06263640000000001 0.0889691 0.0643516
6 0.163615 0.937994 0.1129701125 0.9395845250000001 0.1129701125 0.95292548125 0.1619 0.9534309999999999 0.163615 0.937994
6 0.1086808234375 0.9395840484375 0.08722651249999999 0.9395840484375 0.08722651249999999 0.9510162953125001 0.1086808234375 0.9510162953125001 0.1086808234375 0.9395840484375