4 0.47323000000000004 0.581599 0.8771990000000001 0.582695 0.872946 0.334064 0.100445 0.33296800000000004 0.0976094 0.361446 0.0933576 0.601315 0.470395 0.601315 0.47323000000000004 0.581599
2 0.800657 0.13033999999999998 0.687262 0.131435 0.673088 0.20810499999999998 0.8247540000000001 0.21029599999999998 0.800657 0.13033999999999998
2 0.811996 0.6451260000000001 0.624895 0.6451260000000001 0.630565 0.680175 0.821919 0.6856519999999999 0.811996 0.6451260000000001
6 0.568198 0.235487 0.6334 0.21139100000000002 0.634817 0.14238800000000001 0.305972 0.141292 0.314477 0.20372400000000002 0.376844 0.235487 0.568198 0.235487
6 0.823336 0.17524599999999999 0.742542 0.17524599999999999 0.7226980000000001 0.2092 0.823336 0.2092 0.823336 0.17524599999999999
7 0.541266 0.24644 0.416532 0.24644 0.415115 0.267251 0.544102 0.267251 0.541266 0.24644
6 0.408028 0.280394 0.0891053 0.277109 0.0990271 0.295728 0.408028 0.29682400000000003 0.408028 0.280394
6 0.841763 0.280394 0.700019 0.280394 0.692932 0.30011 0.850268 0.30011 0.841763 0.280394
6 0.7751439999999999 0.682366 0.6078859999999999 0.680175 0.556858 0.763417 0.834676 0.7623219999999999 0.7751439999999999 0.682366
6 0.42361899999999997 0.669222 0.100445 0.669222 0.10327900000000001 0.71632 0.427872 0.71632 0.42361899999999997 0.669222
6 0.546936 0.8247540000000001 0.854519 0.8269439999999999 0.854519 0.808324 0.0777659 0.7973709999999999 0.0947747 0.8444689999999999 0.542684 0.8444689999999999 0.546936 0.8247540000000001