4 0.107589 0.141802 0.127769 0.8744460000000001 0.405821 0.8700150000000001 0.369943 0.138848 0.107589 0.141802
4 0.136739 0.868538 0.134497 0.963073 0.405821 0.961595 0.39909500000000003 0.8744460000000001 0.136739 0.868538
4 0.403579 0.456426 0.408064 0.692762 0.650237 0.680945 0.650237 0.44904 0.403579 0.456426
4 0.410306 0.679468 0.412549 0.9586410000000001 0.661449 0.9586410000000001 0.65248 0.670606 0.410306 0.679468
4 0.668176 0.460857 0.679388 0.935007 0.926047 0.915805 0.9170780000000001 0.45938 0.668176 0.460857
2 0.383398 0.152142 0.405821 0.454948 0.9170780000000001 0.44904 0.905866 0.15657300000000002 0.383398 0.152142
6 0.405821 0.153619 0.410306 0.20088599999999998 0.591936 0.196455 0.5896939999999999 0.15657300000000002 0.405821 0.153619
6 0.405821 0.202363 0.405821 0.24667599999999998 0.5560579999999999 0.240768 0.5560579999999999 0.20974900000000002 0.405821 0.202363
6 0.650237 0.146233 0.636783 0.171344 0.726477 0.172821 0.719751 0.146233 0.650237 0.146233
6 0.816171 0.166913 0.816171 0.249631 0.926047 0.2452 0.901381 0.163958 0.816171 0.166913
6 0.600905 0.319055 0.6121179999999999 0.38256999999999997 0.901381 0.375184 0.901381 0.313147 0.600905 0.319055
7 0.107589 0.0930574 0.107589 0.131462 0.603148 0.134416 0.5896939999999999 0.10044299999999999 0.107589 0.0930574
6 0.0986191 0.05613 0.0986191 0.08862640000000001 0.302673 0.09010320000000001 0.302673 0.059084199999999996 0.0986191 0.05613
6 0.11879999999999999 0.002954209375 0.11879999999999999 0.029542099999999998 0.34752 0.026587899999999998 0.358732 0 0.11879999999999999 0.002954209375
6 0.390125 0.0014768 0.387882 0.0324963 0.607633 0.0324963 0.607633 0.002954209375 0.390125 0.0014768
6 0.670419 0.002954209375 0.65248 0.0339731 0.8812 0.029542099999999998 0.8812 0.004431009375 0.670419 0.002954209375
6 0.8850787765625 0.9676434671875 0.6487488421875 0.9676434671875 0.6487488421875 0.9874847375 0.8850787765625 0.9874847375 0.8850787765625 0.9676434671875
6 0.7900834109375 0.9371184375 0.6696014828125 0.9371184375 0.6696014828125 0.9539072046875001 0.7900834109375 0.9539072046875001 0.7900834109375 0.9371184375
6 0.6232622796875 0.9645909640625 0.39156626562499997 0.9645909640625 0.39156626562499997 0.9859584859374999 0.6232622796875 0.9859584859374999 0.6232622796875 0.9645909640625
6 0.35681186249999997 0.9691697187500001 0.120481928125 0.9691697187500001 0.120481928125 0.9859584859374999 0.35681186249999997 0.9859584859374999 0.35681186249999997 0.9691697187500001