4 0.0573105 0.794045 0.05839950000000001 0.809918 0.34162400000000004 0.810579 0.340534 0.792722 0.0573105 0.794045
4 0.0322557 0.8198380000000001 0.030076799999999997 0.8502620000000001 0.502844 0.8522460000000001 0.5006649999999999 0.8198380000000001 0.0322557 0.8198380000000001
4 0.034434599999999996 0.85886 0.031166700000000002 0.9097860000000001 0.505023 0.906479 0.503933 0.8608439999999999 0.034434599999999996 0.85886
4 0.497397 0.770235 0.511559 0.874071 0.9723430000000001 0.865473 0.9723430000000001 0.766267 0.497397 0.770235
4 0.527899 0.88796 0.530077 0.909124 0.974521 0.908463 0.9723430000000001 0.8839919999999999 0.527899 0.88796
2 0.149767 0.330428 0.15967 0.7498 0.867731 0.746794 0.860304 0.330428 0.149767 0.330428
7 0.143618 0.0799221 0.140408 0.202729 0.846749 0.208577 0.8595919999999999 0.0857698 0.143618 0.0799221
6 0.0427394 0.19650399999999998 0.050166699999999995 0.22656700000000002 0.282886 0.23408299999999999 0.28041 0.20402 0.0427394 0.19650399999999998
6 0.359633 0.202517 0.357158 0.231076 0.629489 0.235586 0.627013 0.20552299999999998 0.359633 0.202517
6 0.223468 0.24159799999999998 0.0996814 0.243102 0.074924 0.27616999999999997 0.08482680000000001 0.30022000000000004 0.223468 0.301723 0.223468 0.24159799999999998
6 0.354682 0.26414499999999996 0.357158 0.303227 0.679003 0.303227 0.674052 0.26414499999999996 0.354682 0.26414499999999996
6 0.416157 0.25358800000000004 0.412889 0.268138 0.50657 0.269461 0.50657 0.25623300000000004 0.416157 0.25358800000000004
6 0.685022 0.20891500000000002 0.682547 0.23747400000000002 0.954877 0.24198400000000003 0.952402 0.21192099999999997 0.685022 0.20891500000000002
6 0.929229 0.280704 0.935765 0.252265 0.809403 0.255572 0.8050459999999999 0.280043 0.8115819999999999 0.307159 0.901995 0.304514 0.929229 0.280704
6 0.20436899999999997 0.761307 0.20436899999999997 0.784124 0.318748 0.7831319999999999 0.328552 0.7583300000000001 0.20436899999999997 0.761307
6 0.221798 0.7824709999999999 0.221798 0.795698 0.301864 0.797352 0.302408 0.78181 0.221798 0.7824709999999999