7 0.6754593734375 0.0797776828125 0.6733717609375 0.059403503125 0.49105497500000006 0.054609575 0.321752890625 0.059403503125 0.316828628125 0.0620330765625 0.3198195625 0.085290696875 0.3730532796875 0.0812158640625 0.5652439640625 0.0778601171875 0.6754593734375 0.0797776828125
5 0.0800486984375 0.099780071875 0.0844807296875 0.91501705 0.9183959296875001 0.910797253125 0.9178860999999999 0.0959555015625 0.0800486984375 0.099780071875
6 0.106245990625 0.15890759999999998 0.0912046171875 0.1568509703125 0.09016195 0.1574832984375 0.088334125 0.171247359375 0.0982086109375 0.1728293859375 0.107049728125 0.17077275 0.106245990625 0.15890759999999998
6 0.1258023265625 0.1821616328125 0.12568750312500002 0.18279443906249998 0.1348730828125 0.18342724531250001 0.16024822656249998 0.1856420765625 0.1880345859375 0.180896009375 0.1868864015625 0.166974225 0.1711560984375 0.1660250109375 0.1720746515625 0.1479899765625 0.140014346875 0.1469857296875 0.1425660078125 0.165234003125 0.13062475 0.166657821875 0.12385038749999999 0.170138265625 0.1258023265625 0.1821616328125
6 0.22228601406249998 0.187856896875 0.226993621875 0.2001966671875 0.232045684375 0.20003845937500003 0.232849415625 0.1832690375 0.2576504671875 0.18184521874999998 0.25719120625 0.14862278281250002 0.2551244359375 0.1309041515625 0.2079335484375 0.1302713390625 0.20497744375 0.130972490625 0.204603778125 0.150204803125 0.201962925 0.1617535546875 0.2035704015625 0.1813706203125 0.22228601406249998 0.187856896875
6 0.3380239 0.185640396875 0.364317621875 0.18200174687499998 0.3631694203125 0.1649159171875 0.3524911796875 0.1647577203125 0.35318010312500003 0.1475136875 0.33607196875 0.1454570640625 0.3194054859375 0.149832528125 0.3182749109375 0.1657069296875 0.30690776249999996 0.168396365625 0.30656330781249996 0.18168534375 0.3380239 0.185640396875
6 0.1557312203125 0.23345061406249998 0.1524968953125 0.2324222265625 0.1515536015625 0.235967428125 0.1529944828125 0.2459626921875 0.1598363359375 0.246991090625 0.1600851296875 0.23722137812500002 0.1557312203125 0.23345061406249998
6 0.2310962890625 0.2315652359375 0.22711557500000001 0.23276501875000002 0.2269911734375 0.2439059125 0.23358422499999998 0.24716248125 0.235823375 0.2411635375 0.2310962890625 0.2315652359375
6 0.090647178125 0.361398696875 0.091538259375 0.3558738 0.088865028125 0.34899836562500003 0.085106503125 0.3503286671875 0.0848551765625 0.3568560015625 0.08610268125000001 0.3620125765625 0.090647178125 0.361398696875
6 0.1419732828125 0.36213339375000003 0.170665984375 0.36237894375 0.170933315625 0.3485053125 0.146339565625 0.3465409109375 0.1442900953125 0.32751070625 0.1178250609375 0.3261601765625 0.11622112031250001 0.32689682656249996 0.11577691718750001 0.32699285625 0.11648843906249999 0.37674366875 0.11835970625 0.38423297343749996 0.1419732828125 0.382268565625 0.1419732828125 0.36213339375000003
6 0.09020164375 0.493876053125 0.08590834375 0.4943479 0.0854789265625 0.5046802968749999 0.0920728984375 0.5076269046874999 0.09376595625 0.5018564578125 0.09020164375 0.493876053125
6 0.1352901890625 0.4986643 0.1865917234375 0.49706821874999996 0.18668082187499999 0.48368568749999996 0.1659187015625 0.4807390734375 0.11904799531250002 0.48123017343749996 0.11607760781250001 0.482058628125 0.11720130625 0.5148706703125 0.12735959531250002 0.5178172625 0.1343991203125 0.5168350625 0.1352901890625 0.4986643
6 0.086209996875 0.5800289421875 0.08536718125000001 0.5814052125 0.0863473734375 0.5912272468750001 0.0938324203125 0.5887717375 0.0924335484375 0.578050078125 0.086209996875 0.5800289421875
6 0.1412645484375 0.5910775 0.1863853515625 0.5922318296875 0.18710344375000001 0.5727731515625 0.1952419625 0.5674962234375001 0.1950025875 0.5561178421874999 0.121516721875 0.5549635125 0.11828525781250002 0.5538091828125 0.11686735468750001 0.55622233125 0.1161309484375 0.5925616375 0.11960178749999999 0.611690503125 0.142700765625 0.6100414578125 0.1412645484375 0.5910775
6 0.0921941828125 0.6290273156249999 0.08632968437500001 0.6301816390625 0.084654109375 0.6377672249999999 0.087047784375 0.643868675 0.0929122828125 0.6410653046875 0.0921941828125 0.6290273156249999
6 0.16923843593750001 0.7448218890625 0.167802234375 0.73096995 0.1590653109375 0.729650721875 0.1532008046875 0.7334435125 0.117894071875 0.735092553125 0.11777439375000001 0.745151696875 0.11909090625 0.74811996875 0.161818040625 0.750098821875 0.16923843593750001 0.7448218890625
6 0.3189659546875 0.8787732046875 0.5531810765625 0.8806913296875001 0.86022253125 0.8784991765625 0.8934293671875 0.8741148484375 0.8934293671875 0.8565775390624999 0.8602167515625 0.852741259375 0.6034810578124999 0.8530152781250001 0.3822891296875 0.857673625 0.270040515625 0.8563035187500001 0.16542316875000002 0.8584956828125 0.0928610703125 0.8573966078125 0.0935698796875 0.9031610046875 0.10371265781250001 0.9059011984374999 0.3173749359375 0.9034350343750001 0.3189659546875 0.8787732046875
6 0.08451053750000001 0.8817787218750001 0.08451053750000001 0.8810818593749999 0.0802705484375 0.881032084375 0.0803272984375 0.8900514312500001 0.082790928125 0.8911166859374999 0.084561115625 0.887214253125 0.08451053750000001 0.8817787218750001
6 0.2904730078125 0.9525043703125 0.2914814640625 0.95302543125 0.339257278125 0.9432990046875 0.34581228125 0.9266251499999999 0.3460643875 0.9189829703125 0.336009628125 0.9140847921875 0.297959653125 0.9155502359375 0.28820283281250003 0.9202164859374999 0.28842046250000003 0.926515446875 0.282657440625 0.9384358031250001 0.2797581140625 0.9420832000000001 0.281775028125 0.9479885265625001 0.2904730078125 0.9525043703125
6 0.22923275312500002 0.733044853125 0.22715963125 0.7357488 0.22673319374999998 0.7470019531250001 0.2343634140625 0.747364475 0.234231859375 0.7375763765625 0.22923275312500002 0.733044853125
6 0.3038246953125 0.8048242734375 0.30448247500000003 0.79068590625 0.32342646406250003 0.7935860859375 0.3890726296875 0.7885107671875 0.38670463125 0.754433671875 0.327110021875 0.7551587078125 0.32333945000000003 0.753635659375 0.3171765953125 0.753510790625 0.31554525 0.7557585046875 0.2648842953125 0.7573338453125 0.2660682859375 0.8082682296874999 0.270935834375 0.81044336875 0.30290380625 0.808993296875 0.3038246953125 0.8048242734375
6 0.37685209531249997 0.7357440109375 0.3783928078125 0.7312485765625001 0.37721461562499997 0.7147653171874999 0.3966095046875 0.7163886703125 0.39733453124999996 0.7015287609375 0.358544778125 0.6989064296875 0.27074376718750004 0.700529775 0.2645524140625 0.7043269390625 0.2657263484375 0.7409886921875 0.27732703124999997 0.7388658421875001 0.3492710296875 0.7367430015624999 0.37685209531249997 0.7357440109375
6 0.300278984375 0.6725263781249999 0.29928204687500004 0.6606634234375 0.3646762 0.66228678125 0.373557965625 0.66241165 0.375098678125 0.6435558046875001 0.3838898109375 0.6420573218750001 0.38533991562500003 0.6381706859375 0.3848867625 0.6261401296875 0.3586080203125 0.6249032734375 0.35518559375000003 0.6251390484375 0.352333565625 0.6275754046875 0.291811415625 0.627889775 0.285594003125 0.625767784375 0.266287975 0.6281255515625 0.26465435625 0.62961235625 0.2651144296875 0.67652231875 0.2663832546875 0.6833903453125 0.2993726796875 0.681891871875 0.300278984375 0.6725263781249999
6 0.33480357656250004 0.621964715625 0.37959694375 0.618663840625 0.37948285937500004 0.6019237078125 0.377201246875 0.5854193453125001 0.3640819234375 0.5825900265625 0.3597468453125 0.583533134375 0.35592512656249997 0.5849477921874999 0.29028597500000003 0.5858123078124999 0.2868635484375 0.5839260953125 0.284239678125 0.5843976468750001 0.2829277453125 0.587226965625 0.2653852625 0.5862838609375001 0.265841584375 0.617327771875 0.2717167625 0.6197641328125 0.31736076875 0.6208644234375 0.33480357656250004 0.621964715625
6 0.34390920937499997 0.5771456515625 0.36164104375 0.5767687828125 0.3618051625 0.556644096875 0.3750436171875 0.557850071875 0.3772864890625 0.5521216953125 0.3770129671875 0.544056746875 0.362378603125 0.5413346625 0.35862052499999997 0.5417530859374999 0.357595590625 0.5434267828125 0.315198684375 0.5443159328125 0.2881564015625 0.5439498109375001 0.286296340625 0.5430606609375 0.28185497812500004 0.5431652671875 0.2737840734375 0.5457804171875 0.26533921875 0.547373178125 0.265612740625 0.5701359265625 0.2671991671875 0.5773717671874999 0.287877421875 0.5794068484375 0.34390920937499997 0.5771456515625
6 0.3026474375 0.5366588921875 0.30236037968749996 0.5172785828124999 0.351225346875 0.517871859375 0.4009878359375 0.5163886703125 0.40443251093750004 0.5155976375 0.4042889890625 0.5023478359375 0.3833828453125 0.5001279546874999 0.3799713328125 0.5001279546874999 0.37660530468750003 0.5025095359375 0.335598028125 0.502133496875 0.33368758125000003 0.50094270625 0.32768332187500004 0.501256071875 0.326500659375 0.5033242875 0.289280346875 0.5029482484375001 0.2845497171875 0.5015067671875 0.26518643750000004 0.5045231734375 0.264755853125 0.5223214171875 0.26633466875 0.5361644953125 0.2751616890625 0.537647684375 0.3026474375 0.5366588921875
6 0.3839694828125 0.4881605390625 0.3902011828125 0.4858416296875 0.40166656874999995 0.48446282343749997 0.40184852187500003 0.47217888124999996 0.3912046 0.4694839328125 0.3898854796875 0.46923324062500005 0.3802422703125 0.47086274218749996 0.3300597234375 0.46985997187499995 0.28215706875 0.47054937812500003 0.2651200375 0.47368303593750005 0.2656203921875 0.486092321875 0.27439935625 0.4880978640625 0.3343819703125 0.48634301874999997 0.3839694828125 0.4881605390625
6 0.346714396875 0.45301027656250004 0.3456840734375 0.43346986718749997 0.391522484375 0.433970903125 0.3933319890625 0.42537576250000003 0.3932107796875 0.4200313765625 0.3659376765625 0.41827775 0.3512708140625 0.41827775 0.309647521875 0.41877878593749995 0.2840442453125 0.41844476249999996 0.26474795156250003 0.420699425 0.264190890625 0.42080884375 0.265134725 0.45275975625 0.278044003125 0.456099996875 0.32850163593750004 0.45451338281250003 0.346714396875 0.45301027656250004
6 0.3556035421875 0.41281951250000004 0.3549368796875 0.3916924859375 0.383168334375 0.3930285828125 0.395446184375 0.39110794531250004 0.3949007234375 0.37824801875 0.3661124609375 0.3766614046875 0.3529001609375 0.3764108859375 0.3508395265625 0.378331525 0.310225534375 0.3769954265625 0.292710146875 0.3764943953125 0.2728678640625 0.3800016453125 0.2649911125 0.38009088125 0.264505521875 0.4099803140625 0.273414734375 0.41465664531249996 0.3100818953125 0.4135710671875 0.3556035421875 0.41281951250000004
6 0.3257741984375 0.3602691234375 0.3255401859375 0.3399567984375 0.390599059375 0.3407628453125 0.4079155984375 0.33929393124999996 0.408417159375 0.3257686890625 0.4089903828125 0.304950928125 0.372591115625 0.30218664687499996 0.318992978125 0.3044573046875 0.2914109984375 0.3045560296875 0.264922940625 0.30617852343749996 0.2646991609375 0.35930187343750003 0.28026041875 0.362687253125 0.3092769125 0.364621753125 0.3257741984375 0.3602691234375
6 0.23692953125 0.3497296546875 0.22470940781249998 0.34965289843749997 0.22517859687500003 0.3615765875 0.231698928125 0.361379140625 0.23728778749999999 0.3592072109375 0.23692953125 0.3497296546875
6 0.23109765000000002 0.49342955 0.22562876874999999 0.4985555875 0.23028459531249998 0.507365875 0.2341951421875 0.5059129234374999 0.23458232968749998 0.4974839859375 0.23109765000000002 0.49342955
6 0.2337692953125 0.5769461140625001 0.22951024062499997 0.577052809375 0.22769674218749997 0.5794793203124999 0.2274968765625 0.5877223593750001 0.23028461562500002 0.5909232281250001 0.234543665625 0.588149146875 0.2337692953125 0.5769461140625001
6 0.28980221875 0.2684068359375 0.32034889375 0.267965503125 0.3762685671875 0.267450615625 0.3926608609375 0.266715059375 0.3925007078125 0.2541370703125 0.39009838281250003 0.2525924046875 0.36393973125 0.25141551406249996 0.349952859375 0.25141551406249996 0.3091872453125 0.252224628125 0.2995245671875 0.25163618125 0.29151681093750004 0.25185685 0.26549592031249997 0.254578403125 0.26437164062499996 0.25497970937500003 0.2646578765625 0.2857659390625 0.2671135890625 0.289149490625 0.2895886796875 0.2878990484375 0.28980221875 0.2684068359375
6 0.3380582921875 0.23377154843749998 0.33227260468750003 0.235570053125 0.332402415625 0.24354678125 0.33910016875000004 0.2451873796875 0.3396459078125 0.2375312546875 0.3380582921875 0.23377154843749998
6 0.4721010171875 0.232298446875 0.4742347609375 0.24487489375 0.4801618484375 0.2437315734375 0.48051746875 0.23213511874999998 0.4721010171875 0.232298446875
6 0.514337309375 0.2612079375 0.49845272031250004 0.2605546125 0.4513916578125 0.260227953125 0.42175622500000004 0.26186125625 0.41336235 0.2627008078125 0.4133397578125 0.277214315625 0.49264419375 0.27901094843749996 0.5144558546875 0.2741110375 0.514337309375 0.2612079375
6 0.439169396875 0.3699722015625 0.43900644375000003 0.3498774265625 0.498246490625 0.3512245578125 0.5189986140625 0.352234909375 0.53965103125 0.3485302890625 0.5412805734374999 0.33101752812499996 0.54095465625 0.294075521875 0.5069002921875 0.291836890625 0.49499742343750003 0.291980121875 0.49203470625 0.2944866921875 0.45830759375 0.29240982031249996 0.453057859375 0.29427184687499996 0.413812978125 0.2957041734375 0.4128289984375 0.296867628125 0.4136953859375 0.3577041609375 0.4141560109375 0.370196715625 0.42181483281250004 0.37109481875 0.439169396875 0.3699722015625
6 0.5381314984375 0.38725375 0.525189078125 0.3845323328125 0.47710748281250004 0.3851768765625 0.4250577890625 0.388614459375 0.4137072375 0.3897642828125 0.4144886859375 0.405301059375 0.467505821875 0.40451327968750006 0.536676125 0.4002163 0.5381314984375 0.38725375
6 0.49091127968750004 0.4428078703125 0.512783115625 0.44252140625 0.5287966609375 0.44252140625 0.529836209375 0.428985921875 0.51637401875 0.42583480468749996 0.44393002499999995 0.4294872359375 0.41415253124999996 0.43099117812500004 0.4139411 0.43180856562500003 0.4142568640625 0.4420917078125 0.41607608125000006 0.44402534843749997 0.46982610312500006 0.4420200890625 0.49091127968750004 0.4428078703125
6 0.489838153125 0.48224604062500004 0.4891624390625 0.4711455125 0.476583865625 0.4675646984375 0.41680263906250004 0.47200490781250004 0.4142918921875 0.47280576874999997 0.413320890625 0.48267573906249994 0.42049379687500005 0.4861849375 0.47205917968750005 0.4870443328125 0.489838153125 0.48224604062500004
6 0.510230559375 0.5242863343749999 0.5119458156250001 0.51318580625 0.5085672765625 0.5110373187499999 0.501238434375 0.5092469093750001 0.4982757140625 0.5088172109375 0.4308927859375 0.5100346890624999 0.4141164953125 0.5139640609375 0.4137879328125 0.5246444171875 0.4217924828125 0.5265780578125 0.48383138593749997 0.5247876484375 0.510230559375 0.5242863343749999
6 0.494535821875 0.5729544609375 0.5258162203125 0.5635011140625 0.5276354343749999 0.5570556390625 0.5261800531249999 0.551612803125 0.510638759375 0.5513979499999999 0.506480546875 0.5561962453125 0.4631996015625 0.5544774546875 0.4147372609375 0.55920413125 0.41478924062500006 0.5593473625 0.414269084375 0.559275746875 0.413905240625 0.5665806124999999 0.4179594984375 0.571378909375 0.48546841562500004 0.5704478921875 0.494535821875 0.5729544609375
6 0.5373330546874999 0.6178394625 0.5389443578125 0.61089268125 0.5383726015625 0.6010214046875 0.534214396875 0.58416706875 0.5196647921875 0.582388565625 0.5172440546875 0.582388565625 0.514708040625 0.5846121453124999 0.4770569578125 0.5844533171874999 0.44299357187500005 0.5831297578125 0.441610290625 0.5836062421875 0.4403038625 0.5865180718749999 0.42117647343750003 0.5865710125 0.413999565625 0.589112175 0.41380166718750006 0.617911078125 0.4276277015625 0.6201311828125 0.48363508906249997 0.621778359375 0.5373330546874999 0.6178394625
6 0.445575984375 0.6693694906250001 0.4449996203125 0.6494631625 0.4716385609375 0.65226910625 0.513639578125 0.6500455265625 0.51264054375 0.6376570171875 0.50057526875 0.6363864 0.4933130546875 0.6341098781250001 0.452247440625 0.6349040125000001 0.41763133124999996 0.6381864390625 0.413884328125 0.639494109375 0.414567471875 0.6673047359375001 0.4199853171875 0.6728636828125001 0.428438690625 0.6745578390625 0.445575984375 0.6693694906250001
6 0.51459305 0.7237155609375 0.51551496875 0.712029009375 0.5006854140625 0.708409953125 0.44213768125 0.7097670968750001 0.442247128125 0.709616303125 0.4141277203125 0.7129803453125 0.414471353125 0.724620328125 0.42333625 0.7262790625 0.4661832578125 0.7259020765625 0.51459305 0.7237155609375
6 0.48293807343750006 0.8168415734375 0.481788915625 0.8016867546875 0.4926237984375 0.7988216687499999 0.4926237984375 0.785551778125 0.45065233125 0.7829882796875001 0.41443547968749994 0.78811025 0.41435651093750003 0.81917888125 0.42541027187499997 0.8203852406250001 0.47776151718750004 0.8203098359375 0.48293807343750006 0.8168415734375
6 0.577603303125 0.821385240625 0.580968325 0.8016804296875 0.5806077843749999 0.784790596875 0.554116953125 0.7847940453125 0.55380781875 0.801846015625 0.5571728328125001 0.8218819937499999 0.577603303125 0.821385240625
6 0.6269788578125 0.7980163765625 0.62699695625 0.808469478125 0.6358902421875 0.8092974140625 0.6360103921875 0.796712828125 0.6269788578125 0.7980163765625
6 0.6277180375 0.713488209375 0.6269788578125 0.7143990921875 0.62928038125 0.7262383796874999 0.63685165625 0.7227610578125 0.6354095109375 0.7116667578125 0.6277180375 0.713488209375
6 0.5580140874999999 0.70918295625 0.5544087171875 0.71381938125 0.5566853703125 0.7216620640625 0.562580896875 0.725079271875 0.5801270609375 0.725741628125 0.579886703125 0.7103420640625 0.5580140874999999 0.70918295625
6 0.5803674265625001 0.645118946875 0.55452249375 0.6466113625000001 0.5539280015625 0.6586970484375 0.575440078125 0.6626711281250001 0.5808481421875 0.65720676875 0.5803674265625001 0.645118946875
6 0.628559284375 0.649093028125 0.6267084984375 0.650708421875 0.6278382203125 0.6610152640625 0.6355296765625 0.6603529140625 0.6350489625 0.648430678125 0.628559284375 0.649093028125
6 0.6280602953125001 0.5950256421875 0.626396059375 0.607316446875 0.6355296765625 0.6081443828124999 0.6360103921875 0.596222146875 0.6280602953125001 0.5950256421875
6 0.5648955296875 0.5938639609374999 0.5603352234375001 0.5965154828125 0.5630928374999999 0.610919384375 0.5725869953125 0.6086011703125 0.57114485 0.594029553125 0.5648955296875 0.5938639609374999
6 0.576552915625 0.552128234375 0.5578049546875 0.5499756062500001 0.5568205500000001 0.5520065046875 0.5562426359375 0.56421605625 0.56597714375 0.5668654375 0.577634528125 0.56620309375 0.576552915625 0.552128234375
6 0.63183535625 0.5537841 0.6287361953125 0.55386880625 0.6264272921875 0.562063428125 0.633758215625 0.5676933734375 0.6361618078125 0.5610699125 0.63183535625 0.5537841
6 0.630994109375 0.5112283390625 0.6271140374999999 0.5123395093750001 0.6261869421874999 0.5243096828125 0.635200378125 0.5269590671875 0.6343591140625 0.5132153796875001 0.630994109375 0.5112283390625
6 0.5683807265625 0.5097380593749999 0.5607407640625001 0.51364311875 0.5622515890625001 0.5257999625 0.5706641359375 0.526462309375 0.572827353125 0.5183485671875 0.5683807265625 0.5097380593749999
6 0.5801582859375001 0.45953940312499997 0.5640542828124999 0.458545884375 0.553576234375 0.461684940625 0.554319759375 0.47096488125 0.5630928374999999 0.4742766125 0.5816004390625 0.4731175046875 0.5801582859375001 0.45953940312499997
6 0.6319555218749999 0.468315496875 0.6275089046875 0.4717928140625 0.6270281890625 0.483383878125 0.6336380328125 0.484542984375 0.6356810921875 0.47228957187500004 0.6319555218749999 0.468315496875
6 0.6278694359375 0.43020992968750005 0.6272685390625 0.4409730578125 0.635200378125 0.4439536171875 0.635200378125 0.42954758593750003 0.6278694359375 0.43020992968750005
6 0.5796775796875 0.42044032343750004 0.5672991140625 0.4181221078125 0.5534410546874999 0.42108679374999997 0.5546803 0.4323625640625 0.56417445 0.436171046875 0.579917928125 0.433356075 0.5796775796875 0.42044032343750004
6 0.579797753125 0.3781885078125 0.5693421562500001 0.37570470624999996 0.5523596171875 0.3803024171875 0.5552811890625 0.3917666140625 0.56597714375 0.39391923125 0.5803986437499999 0.39358805937499997 0.579797753125 0.3781885078125
6 0.6264381390625 0.387192928125 0.627749253125 0.40236415000000003 0.63532054375 0.3992180046875 0.6336380328125 0.387792528125 0.6264381390625 0.387192928125
6 0.63315731875 0.32544060625000004 0.6252254953125 0.3284211640625 0.6281098015625 0.33719725624999997 0.6311142750000001 0.338853121875 0.6356810921875 0.3365349125 0.63315731875 0.32544060625000004
6 0.55395921875 0.3163333421875 0.551916175 0.3209697671875 0.5551610140625 0.33007703125 0.5811197234375001 0.33024261718750003 0.579917928125 0.3161677578125 0.5683807265625 0.3138495421875 0.55395921875 0.3163333421875
6 0.5805188265625 0.26108407499999997 0.56717893125 0.2589314484375 0.5516837171875 0.2622325765625 0.5567233421875 0.2759868671875 0.5712650328125 0.2769803875 0.5808793750000001 0.2759868671875 0.5805188265625 0.26108407499999997
6 0.62822996875 0.26174641875 0.6257062109375 0.26456139375 0.6263071078125 0.27631804375 0.635200378125 0.2746621734375 0.6333977 0.2620775921875 0.62822996875 0.26174641875
6 0.626667640625 0.232325590625 0.6276290703125 0.24242637500000003 0.6348398296875 0.24375106249999998 0.6348398296875 0.2331535203125 0.630273028125 0.23033854687500002 0.626667640625 0.232325590625
6 0.5653762453125 0.2318288328125 0.56263328125 0.2339256125 0.56213140625 0.24424783125 0.5695825140624999 0.2449101703125 0.5713852078125 0.232325590625 0.5653762453125 0.2318288328125
6 0.581840796875 0.19266518125 0.581840796875 0.18190205312500002 0.5809995406249999 0.177431215625 0.5785959578125001 0.1719668546875 0.5796775796875 0.1567328859375 0.555333571875 0.15738506875 0.5545601171875 0.17478183281249998 0.5508345703125 0.18190205312500002 0.5515556359375 0.19001579531249999 0.581840796875 0.19266518125
6 0.5951806921875 0.176656871875 0.597223734375 0.1902349671875 0.6026318078124999 0.192387603125 0.602992340625 0.2056345375 0.66067835625 0.207290396875 0.6600774578124999 0.190400559375 0.6660864203125 0.1862608921875 0.666206603125 0.17516658125 0.6575537 0.174835409375 0.6588756796874999 0.14867272812500001 0.654909759375 0.1188671375 0.6204183296875 0.116383340625 0.6061611703125 0.1193941421875 0.6063573609375 0.15744881875 0.60058875625 0.1693710546875 0.598064990625 0.1745042375 0.5951806921875 0.176656871875
6 0.6970474140625 0.1374810359375 0.70580719375 0.139949796875 0.8459637624999999 0.1385782578125 0.8889663453125 0.139949796875 0.8901608703124999 0.1210226203125 0.8616915734375 0.1196510828125 0.8555198828125 0.10127253124999999 0.7852425125 0.0996266875 0.770111978125 0.0996266875 0.7661302578125 0.100998221875 0.7300956937499999 0.10374128906249999 0.7291002609375 0.1218455375 0.7010291343749999 0.12211984375 0.6976446640625 0.12596014375 0.6970474140625 0.1374810359375
6 0.6751479390624999 0.16463741406250001 0.6785498359375 0.17680721875 0.6841068109374999 0.18109581875 0.7157614984375 0.1799985953125 0.71615966875 0.16299156875 0.6751479390624999 0.16463741406250001
6 0.7024227234375 0.20688065937500003 0.6796695125000001 0.20673213124999998 0.6817177875 0.2219675453125 0.7105852546875 0.2233390828125 0.7099880062499999 0.20852651249999998 0.7024227234375 0.20688065937500003
6 0.6908662953125 0.2298699515625 0.6928805421875001 0.241448859375 0.6998498343749999 0.24161161875 0.69795985625 0.2284285234375 0.6908662953125 0.2298699515625
6 0.7453273953124999 0.230056059375 0.7416813859375 0.2304734640625 0.7415474484375 0.241448859375 0.7478079921874999 0.241774365625 0.7495798515625001 0.23331114375 0.7453273953124999 0.230056059375
6 0.7559585234374999 0.20971178125 0.75347791875 0.2067822046875 0.73397506875 0.2086911578125 0.7332787984375 0.21947703281250003 0.7403662093750001 0.2228948765625 0.755840396875 0.22175559531250003 0.7559585234374999 0.20971178125
6 0.7664715156249999 0.16544261875 0.736468134375 0.162350290625 0.724010003125 0.16439437031249998 0.72560076875 0.17732368437499998 0.7395393421875001 0.1791139859375 0.7657627687499999 0.17960224062500002 0.7664715156249999 0.16544261875
6 0.7880881375000001 0.16300130468750001 0.7843081656249999 0.16348956875 0.7831360593750001 0.16640786093749999 0.7856075312499999 0.17960224062500002 0.8059247875000001 0.1802532609375 0.806161025 0.16609364375 0.7880881375000001 0.16300130468750001
6 0.8020267046875 0.20596843125 0.78140878125 0.2094233375 0.7834813078125 0.2212673296875 0.8054522953125 0.2227321171875 0.807460390625 0.2113393234375 0.8020267046875 0.20596843125
6 0.798483003125 0.23135811093749997 0.7939943171875 0.2287540296875 0.7911081125 0.23029041874999998 0.7912774578125 0.239821321875 0.7929311890624999 0.24161161875 0.7986011296875 0.24161161875 0.798483003125 0.23135811093749997
6 0.80887786875 0.2728077703125 0.8053341671875 0.253765521875 0.7950574125000001 0.2498594125 0.783800396875 0.25170663437499996 0.7827725765625 0.2832240359375 0.7905687265625 0.28631637187500003 0.807460390625 0.2845260765625 0.80887786875 0.2728077703125
6 0.7579666203125 0.27215674375 0.7553679046874999 0.254579284375 0.74461865625 0.2506731859375 0.7341079359375 0.252987946875 0.7324519328125 0.2825730328125 0.738239984375 0.2864791203125 0.7571397625 0.28501434375 0.7579666203125 0.27215674375
6 0.7004404531249999 0.2656465765625 0.7025666687500001 0.25571857656249997 0.69536113125 0.2496966578125 0.672988865625 0.252987946875 0.6739807734375 0.28501434375 0.6817769296875 0.2858281171875 0.6996135796875 0.2853398390625 0.7004404531249999 0.2656465765625
6 0.7103628265624999 0.3246210375 0.707527871875 0.312577221875 0.6841394000000001 0.3153440453125 0.6814923890625 0.317968771875 0.685438759375 0.34984794531249996 0.7000860796875 0.3504989609375 0.7083547296875 0.3474066359375 0.7103628265624999 0.3246210375
6 0.7672983734375001 0.3246210375 0.7322156859375 0.3241327765625 0.7237442671875 0.3249244671875 0.7234745515625 0.33747862500000003 0.7584391125 0.341221975 0.7670621359375 0.33389803281249997 0.7672983734375001 0.3246210375
6 0.8084053765625001 0.3309684515625 0.804861675 0.3153440453125 0.792458696875 0.3135537453125 0.7845444359375 0.314530271875 0.7828906890625 0.3361765953125 0.78230006875 0.3475693953125 0.79316744375 0.3496851984375 0.8082872484375001 0.347081128125 0.8084053765625001 0.3309684515625
6 0.6940617734375001 0.37857644687500003 0.6800050718749999 0.37613513125 0.674098896875 0.3767861515625 0.6728559984375 0.40912497343750004 0.681658803125 0.4116155640625 0.6974873640625 0.410801790625 0.6996135796875 0.402013071875 0.6940617734375001 0.37857644687500003
6 0.7583209859375 0.396804921875 0.7583209859375 0.3779254328125 0.7416655671875 0.3753213625 0.7306533796875 0.3759939046875 0.7330425515625001 0.4088487359375 0.742138059375 0.410801790625 0.75678538125 0.4112900578125 0.7583209859375 0.396804921875
6 0.8085235031250001 0.39420085781249997 0.8091141234375 0.3802039890625 0.799546115625 0.3758096296875 0.7806115765625 0.375261725 0.7824181953125 0.4088487359375 0.7925768234375 0.41242933906249996 0.80887786875 0.4080349734375 0.8085235031250001 0.39420085781249997
6 0.706582871875 0.4533907421875 0.71012658125 0.44297446406249996 0.7094178421875 0.41904959062499997 0.6892187140625 0.4188868421875 0.682023859375 0.419192425 0.6837850265625 0.44574129375 0.684493765625 0.4524142203125 0.69465239375 0.45290247656249993 0.706582871875 0.4533907421875
6 0.759147859375 0.444439253125 0.758202875 0.4210026390625 0.74284680625 0.41709654062499996 0.73198205625 0.419192425 0.73280630625 0.44883361875 0.7380037390624999 0.45355349062499994 0.7563128890625 0.45273972812499996 0.759147859375 0.444439253125
6 0.8073422640624999 0.450949421875 0.80923225 0.4371153109375 0.80887786875 0.4200261171875 0.7841900546875 0.41856132968750004 0.7819402515625 0.4197415578125 0.780882590625 0.4348367546875 0.7834813078125 0.450949421875 0.7899781078125 0.45453002343750004 0.8073422640624999 0.450949421875
6 0.6955973859375 0.46945075 0.6915903218749999 0.47337362031249997 0.6932349078125 0.4836103609375 0.7013854390625001 0.48312210625 0.7003223265625 0.47172929999999996 0.6955973859375 0.46945075
6 0.7315069390625 0.46945075 0.7241428703125 0.47154317343749996 0.7233564171875 0.48133179843749996 0.7278451109375 0.48491241250000006 0.7313888203125 0.47840223281250005 0.7315069390625 0.46945075
6 0.7798194953124999 0.471078296875 0.7781657484375 0.468962478125 0.7733038609375 0.47099404062500005 0.772968315625 0.476937434375 0.773913315625 0.482471090625 0.7797013515625 0.482959346875 0.7798194953124999 0.471078296875
6 0.7028029234375001 0.5104121484374999 0.6890658390625 0.5118129812500001 0.6905180718749999 0.5239207625 0.7002042 0.5253855390625 0.70362978125 0.522618721875 0.7028029234375001 0.5104121484374999
6 0.7527691875 0.5128534640625 0.7408387015625 0.5110631625 0.7384762312500001 0.51220244375 0.7381218656249999 0.5232697359375 0.7422561859375 0.5253855390625 0.7521785671875 0.522944228125 0.7527691875 0.5128534640625
6 0.8014360843749999 0.5110631625 0.793403696875 0.5104121484374999 0.7891150984374999 0.5119960265625 0.78879686875 0.5185498640625 0.7943486828124999 0.5242462578125 0.8014360843749999 0.5232697359375 0.8014360843749999 0.5110631625
6 0.7110715734374999 0.5629554515625 0.7095359609375 0.5535156953125 0.70800035625 0.5515626515625 0.6835487812500001 0.55367844375 0.6828400421875 0.5649084953125 0.6914630578125001 0.5675125640625 0.706464753125 0.5658850171875 0.7110715734374999 0.5629554515625
6 0.7586753671875 0.5515626515625 0.7352868953125 0.5530274281249999 0.73397506875 0.5533641015625 0.73280630625 0.565559509375 0.7457998953125 0.5671870453125 0.7589116046875 0.5639319625 0.7586753671875 0.5515626515625
6 0.809586615625 0.5513998921875001 0.7823388546875 0.5529980125 0.781355084375 0.5603513703125 0.7865525171875001 0.56653603125 0.809586615625 0.5652340031249999 0.809586615625 0.5513998921875001
6 0.70362978125 0.5964301546875 0.6928805421875001 0.5941515921875 0.68919870625 0.59454913125 0.6893368328125 0.6058698984374999 0.6942980203125 0.6079857015625 0.7023304234375 0.6060326578125 0.70362978125 0.5964301546875
6 0.7240651640625 0.5959418875 0.725482640625 0.6079857015625 0.737295 0.6076602062500001 0.7374131187499999 0.594639859375 0.7240651640625 0.5959418875
6 0.7737951734374999 0.5944771 0.77184231875 0.5958304437499999 0.7741495546875 0.6070091796875 0.7856075312499999 0.6063581546875 0.7874975171874999 0.5956163812499999 0.7737951734374999 0.5944771
6 0.698786721875 0.6468049625 0.6927861296875 0.647632059375 0.69252616875 0.6568957328125 0.7002042 0.6603135765625 0.700558571875 0.6528268749999999 0.698786721875 0.6468049625
6 0.7413112015625 0.6458284515625 0.74461865625 0.6606390828125 0.75028858125 0.6564074765625 0.74898923125 0.6469677218750001 0.7413112015625 0.6458284515625
6 0.69252616875 0.712016753125 0.693707409375 0.7230840578125 0.70162169375 0.724548834375 0.6998498343749999 0.710551965625 0.69252616875 0.712016753125
6 0.7473354999999999 0.7094126843749999 0.7433192984375 0.710551965625 0.7419018140625 0.7217820171875 0.7467448812499999 0.7242233265625 0.75028858125 0.72015446875 0.7473354999999999 0.7094126843749999
6 0.6967786171875 0.7932358828125 0.6909905734375 0.795351696875 0.6901287796875 0.7951659906249999 0.688864340625 0.8082092781249999 0.7013854390625001 0.8099995859375 0.7042204015625 0.799908803125 0.6967786171875 0.7932358828125
6 0.7398937171875 0.80348940625 0.742610559375 0.8098368140625001 0.7528873140625 0.8082092781249999 0.7519423140625 0.79518893125 0.7407489484374999 0.79518893125 0.7398937171875 0.80348940625
6 0.80427105625 0.8010480953125001 0.8001367343749999 0.795351696875 0.789380834375 0.7951659906249999 0.7899781078125 0.8049541828125 0.791159346875 0.8082092781249999 0.8023810703124999 0.8091858125 0.80427105625 0.8010480953125001
6 0.8391171875 0.7944217890624999 0.8383636875 0.7969247375 0.838399934375 0.8089630906249999 0.8515152890625 0.805857184375 0.8494660156249999 0.794139434375 0.8391171875 0.7944217890624999
6 0.8923983109375 0.794139434375 0.88666035 0.7969629874999999 0.8849184843750001 0.8068454203125001 0.8984436718750001 0.8068454203125001 0.8996732453125 0.7980924093749999 0.8923983109375 0.794139434375
6 0.8828692031250001 0.594239353125 0.8708650562500001 0.5936888171875 0.8698562921875 0.6007335234375 0.8756967484375 0.60708651875 0.8825618015625001 0.6036982578125001 0.8828692031250001 0.594239353125
6 0.8346087734375001 0.593815815625 0.8237265468749999 0.5943239296875 0.8243624046875 0.6042629671874999 0.831534865625 0.6068041640625 0.835223559375 0.6065218109375 0.8346087734375001 0.593815815625
6 0.858585290625 0.552756709375 0.850285721875 0.5519096421875 0.832764425 0.552756709375 0.8302959718749999 0.5543118578125 0.8303052984375 0.56503916875 0.8439329750000001 0.5674391890625 0.8559212374999999 0.564333278125 0.858585290625 0.552756709375
6 0.9048989000000001 0.551062584375 0.8810248421875 0.5507802203125001 0.8789327703125001 0.5528828546875 0.8796928156250001 0.5664509437499999 0.90059541875 0.5664509437499999 0.9053087390625001 0.559392059375 0.9048989000000001 0.551062584375
6 0.8491586218749999 0.5109426546875 0.8390147140625 0.5109426546875 0.8374416625000001 0.511918115625 0.8388097875 0.519978025 0.8445477546875001 0.5247780718749999 0.8510029687499999 0.5198368531249999 0.8491586218749999 0.5109426546875
6 0.8977264453125 0.5084014578125 0.8842344125 0.51207689375 0.8843036828124999 0.5209662703125 0.893935271875 0.5246368890625 0.8989559921874999 0.52138980625 0.8977264453125 0.5084014578125
6 0.89291063125 0.46943043281249996 0.8891902953124999 0.470159484375 0.8881973109375 0.4779010890625 0.895062378125 0.4836893765625 0.8960870046875 0.4759246046875 0.89291063125 0.46943043281249996
6 0.8217672453124999 0.47222359999999997 0.8239525515624999 0.48199524531250004 0.83143240625 0.48270113124999997 0.8302028390625 0.46999514062500003 0.8217672453124999 0.47222359999999997
6 0.85674094375 0.4450329078125 0.857458184375 0.4203268171875 0.8441379015624999 0.4166561984375 0.8296044531250001 0.41950928281250005 0.8299979046875 0.44249170937500004 0.8322521125 0.4525153234375 0.854281809375 0.4525153234375 0.85674094375 0.4450329078125
6 0.9039767124999999 0.45108819375 0.90571860625 0.43781749999999997 0.9063333796874999 0.4196055765625 0.8917835375 0.4166408515625 0.8776649875 0.4187153921875 0.8782583359375 0.44177046875 0.8820494828125 0.4519352671875 0.8906564296875 0.45221761562499996 0.9039767124999999 0.45108819375
6 0.9026446859374999 0.40893861249999996 0.9054112203125 0.39863264374999996 0.90571860625 0.37816187968750004 0.890553978125 0.3754795046875 0.87789549375 0.37743309687500004 0.8783607874999999 0.3945384875 0.87948788125 0.40865625781250003 0.8877874421874999 0.41133863281250005 0.9026446859374999 0.40893861249999996
6 0.85711316875 0.40947186406249997 0.8575230218750001 0.391259946875 0.8572156359375 0.3772833578125 0.84543230625 0.37573040468749996 0.830987490625 0.37663920625 0.8308824578125 0.3933776140625 0.831087390625 0.408342446875 0.839591871875 0.41144835312500005 0.85711316875 0.40947186406249997
6 0.8542187578125 0.34829250312500004 0.856165571875 0.3378453625 0.856165571875 0.314833403125 0.8448945562500001 0.3122922 0.83018071875 0.31408065 0.8311644203125 0.34010419999999997 0.83321369375 0.3478689765625 0.83833688125 0.3485748671875 0.8542187578125 0.34829250312500004
6 0.9023767140625001 0.3471630859375 0.9058604750000001 0.3368571171875 0.9051432343749999 0.3149745796875 0.8911057124999999 0.312574559375 0.878010746875 0.31312798124999996 0.8771706296874999 0.3283864546875 0.8803470171875001 0.347021909375 0.8870071656249999 0.3484336859375 0.9023767140625001 0.3471630859375
6 0.8538089046874999 0.28380689375 0.8579074515625 0.276324478125 0.85544831875 0.2521831015625 0.8362876078125 0.250630140625 0.8297197078125 0.2515220921875 0.831676740625 0.2798539203125 0.83208659375 0.2842304265625 0.8401812281250001 0.2863480921875 0.8538089046874999 0.28380689375
6 0.8993028078125 0.2860657421875 0.9051432343749999 0.27830096718749997 0.90596295625 0.2538772296875 0.894077153125 0.250912496875 0.8790149765624999 0.2510536765625 0.8772039749999999 0.2523159828125 0.8790149765624999 0.276748009375 0.8803470171875001 0.284371603125 0.8896712046875 0.2842304265625 0.8993028078125 0.2860657421875
6 0.8486857171875 0.2290284625 0.838017928125 0.2292931640625 0.8374147078125 0.23947560937499998 0.8406935484375 0.24258151562500002 0.85083745 0.2391932640625 0.8486857171875 0.2290284625
6 0.8849578843750001 0.2291696453125 0.8853677234375 0.24286386875 0.898585553125 0.2414520984375 0.8978683000000001 0.2284637546875 0.8849578843750001 0.2291696453125
6 0.8527842640625 0.20884005625 0.8455093437500001 0.207710634375 0.8311644203125 0.207710634375 0.831909515625 0.20817568125000002 0.8315742734375 0.21476951875 0.8366974609375 0.22126369218750003 0.854013825 0.221969578125 0.8527842640625 0.20884005625
6 0.9032988874999999 0.208416525 0.8990978734375 0.2068635671875 0.8790480234375 0.2084932375 0.8803470171875001 0.21872249375 0.89100323125 0.222957821875 0.9032988874999999 0.2215460453125 0.9032988874999999 0.208416525
6 0.8530916515625 0.1901971125 0.852067025 0.169302825 0.85770251875 0.163373359375 0.8555507859375 0.1527850328125 0.8453044171874999 0.15193796875 0.8324964546875 0.1536320984375 0.8315637562499999 0.15434991874999998 0.8315742734375 0.167608690625 0.8352629687500001 0.17283226875 0.8357752875 0.18920887343749998 0.8530916515625 0.1901971125
6 0.9020693140624999 0.2003510453125 0.9025816343749999 0.1805861734375 0.9055530890625001 0.1773390859375 0.90596295625 0.159833059375 0.9032988874999999 0.145009403125 0.8992470828125001 0.1432902546875 0.893703515625 0.1432902546875 0.8918121765624999 0.1449975953125 0.8802445499999999 0.146421178125 0.8778878828125001 0.16152718906250002 0.8800396171875 0.18369208125 0.8827036703125 0.2011981171875 0.9020693140624999 0.2003510453125
6 0.4414833171875 0.1670373734375 0.44052997656250004 0.1740429609375 0.4406888609375 0.182799953125 0.44640893281249994 0.1873973765625 0.448474521875 0.1998760828125 0.5061519078125001 0.20053285468749998 0.5074230296875 0.184332428125 0.5133019953125 0.17907823125 0.5120308515625001 0.16725629687500002 0.48915056874999996 0.167694153125 0.4885150078125 0.1440502765625 0.502338540625 0.1436124375 0.500590709375 0.12784985 0.46468139218750004 0.125879528125 0.450938884375 0.12978408749999998 0.45355902031250006 0.1429556546875 0.46674697187499997 0.1501801765625 0.465316953125 0.1657238234375 0.4414833171875 0.1670373734375