5 0.9249358421875 0.096599153125 0.1443541484375 0.096599153125 0.1443541484375 0.5337998796875 0.9249358421875 0.5337998796875 0.9249358421875 0.096599153125
6 0.15913551718750002 0.187824525 0.16165149375 0.18586848281249999 0.16756403125 0.1888914578125 0.1678156296875 0.1757326265625 0.15284556875 0.1753325265625 0.1537261609375 0.18071164374999998 0.1536003625 0.187824525 0.15913551718750002 0.187824525
6 0.1630352734375 0.260375915625 0.16366426875 0.256641653125 0.1630352734375 0.2511291703125 0.16001610156249998 0.24508322031250002 0.1561163390625 0.24503876562500002 0.1561163390625 0.2557525421875 0.157500125 0.26019809375 0.1630352734375 0.260375915625
6 0.20907764218749997 0.26090939375 0.20958083906249997 0.25344085625 0.20605847187499998 0.2466836296875 0.2015297140625 0.2452165875 0.2016555125 0.256641653125 0.2064358671875 0.2616206703125 0.20907764218749997 0.26090939375
6 0.23423740781250002 0.17093143125000002 0.23423740781250002 0.1584838890625 0.1908368140625 0.15795042343750001 0.1908368140625 0.153504871875 0.184672671875 0.15723913437499998 0.1754893578125 0.15683903593749998 0.1777537359375 0.17022015 0.21763197031249998 0.1693310390625 0.23423740781250002 0.17093143125000002
6 0.250842859375 0.1769773859375 0.25411362187500003 0.180178178125 0.2542394203125 0.184623728125 0.25046545625 0.18818016875000002 0.25172344375 0.20365068593750002 0.26530971718749996 0.2034728640625 0.2665677046875 0.18960275625 0.26367433125 0.18818016875000002 0.2639259296875 0.180178178125 0.268706284375 0.1785777796875 0.268706284375 0.160973403125 0.2742414328125 0.16043993125 0.274744628125 0.1437246609375 0.24430131406250002 0.1436802046875 0.24442711250000002 0.16026210937500002 0.250088059375 0.16310726250000002 0.250842859375 0.1769773859375
6 0.2621647453125 0.26090939375 0.26380013125 0.24952877187500003 0.2577617875 0.24828401718749998 0.253484628125 0.2501956046875 0.25386202343750003 0.2589533390625 0.25713279375 0.2619763140625 0.2621647453125 0.26090939375
6 0.33662256875 0.5153051421875 0.343541503125 0.514949509375 0.3447994921875 0.5108595921875 0.386313103125 0.5110374140625 0.3871936796875 0.498945515625 0.3864388875 0.4941443203125 0.3318421984375 0.4937886765625 0.323177175 0.4906554515625 0.3210385953125 0.4933227828125 0.30921350625 0.493989615625 0.3088210125 0.5105039578125 0.33498716875 0.50997048125 0.33662256875 0.5153051421875
6 0.3381321390625 0.2605537375 0.33863533437500004 0.2521961015625 0.3382579375 0.24739490625 0.33473558593749997 0.24632797499999998 0.3312132046875 0.248417384375 0.3315906 0.25824205624999996 0.3324711921875 0.261798496875 0.3381321390625 0.2605537375
6 0.3498314453125 0.1591951828125 0.3385095515625 0.15901735625 0.3385095515625 0.155816559375 0.3351129671875 0.1552830921875 0.3327227890625 0.1581282453125 0.3211492984375 0.158795078125 0.32190409062500003 0.170397965625 0.3490766359375 0.170397965625 0.3498314453125 0.1591951828125
6 0.4446988375 0.1856906609375 0.44683741718750003 0.1920922546875 0.4606752875 0.1919144328125 0.4634428625 0.18675759375 0.4633170640625 0.1719983640625 0.473758365625 0.1712870765625 0.4742615609375 0.159550821875 0.44834700312500003 0.15901735625 0.44885019843749996 0.155816559375 0.44683741718750003 0.1556387421875 0.4428118546875 0.15883953281250002 0.43262215 0.15915072187499998 0.4338801390625 0.1721761859375 0.4446988375 0.173065296875 0.4446988375 0.1856906609375
6 0.456775525 0.263398890625 0.4582851109375 0.2545077890625 0.45740451875000004 0.24828401718749998 0.4526241640625 0.2475282734375 0.449730790625 0.2550412546875 0.449730790625 0.26357671250000003 0.456775525 0.263398890625
6 0.41966980937500004 0.32056245781250003 0.45570978437500004 0.3182652453125 0.45943805781249997 0.320292196875 0.46316633124999995 0.32056245781250003 0.46450468593750005 0.31799498437499996 0.505228909375 0.3171842109375 0.5057068921875 0.30502250000000003 0.50197861875 0.30326580000000003 0.502647796875 0.2850232328125 0.506854065625 0.28394219062500003 0.509817553125 0.2713750890625 0.50197861875 0.2702940484375 0.502265409375 0.26826709531250004 0.4985371359375 0.2684022296875 0.49547803906250004 0.2684022296875 0.4930881203125 0.270429178125 0.488021490625 0.2702940484375 0.488021490625 0.26826709531250004 0.48658753906249996 0.26813196562499997 0.484388825 0.26988865781250004 0.4493048 0.27015891718749996 0.4467236875 0.26813196562499997 0.43735521093749996 0.2679968359375 0.43262215 0.2687335515625 0.394882503125 0.269044740625 0.3944322578125 0.337048340625 0.417471078125 0.3351565109375 0.41966980937500004 0.32056245781250003
6 0.48314605625 0.3916409140625 0.4915585828125 0.389478825 0.4919409578125 0.3758306890625 0.4955736359375 0.37393885937500004 0.49748557031249996 0.3570475921875 0.5008314578124999 0.3539396 0.50197861875 0.34285892812499996 0.4526506875 0.3427238078125 0.45131233281250005 0.3405617171875 0.447392865625 0.3405617171875 0.4462457046875 0.34123736718750003 0.44471615625 0.3423184078125 0.3940498703125 0.3414738453125 0.39471904687500003 0.4070457421875 0.48228568593750004 0.40718087968749994 0.48314605625 0.3916409140625
6 0.39758695 0.46380039687499997 0.40227119218749996 0.4635301453125 0.40227119218749996 0.4602870140625 0.4955736359375 0.46339500625 0.501118259375 0.46569221875 0.501118259375 0.461232925 0.507427634375 0.461638315625 0.50972196875 0.450287384375 0.50236100625 0.4483955625 0.5036037640625 0.43136916562499994 0.49672079687500004 0.43136916562499994 0.49385289375 0.4282611765625 0.49079379687499997 0.4286665625 0.4888818625 0.4308286453125 0.4508343484375 0.430558384375 0.44796644687500004 0.42812604218750006 0.444142575 0.42853143281249995 0.441465865625 0.4312340359375 0.3944322578125 0.43106512343750003 0.3940498703125 0.45704389062499995 0.3967265796875 0.460016753125 0.39758695 0.46380039687499997
6 0.5419380671875 0.44447679687499997 0.5416512765625 0.44109854375 0.5359154703125 0.44069314375 0.5339079390625 0.43812567187499996 0.53008406875 0.4382608015625 0.5277897453125 0.4401526234375 0.518899246875 0.44092962187499996 0.520715584375 0.45271972656250004 0.5412688890624999 0.4533953765625 0.5419380671875 0.44447679687499997
6 0.5412688890624999 0.380965634375 0.5417468734375 0.369344434375 0.5360110671875 0.3692093046875 0.534768309375 0.36664183125 0.5301796640625 0.36637157187499997 0.527216165625 0.36826339375 0.5191860375 0.3701214328125 0.5202376015625 0.3762360796875 0.52157595625 0.38110075625 0.5412688890624999 0.380965634375
6 0.5427984375 0.300157815625 0.5417468734375 0.2974552125 0.5357242765625 0.2974552125 0.5336211484375 0.294076959375 0.529414890625 0.294617471875 0.5276941484375001 0.29718494375 0.51823006875 0.2975565515625 0.5199508171875 0.30907639531250003 0.5417468734375 0.30934665625 0.5427984375 0.300157815625
6 0.53486390625 0.2606998078125 0.534768309375 0.2547540828125 0.5334299546875 0.2494840109375 0.53008406875 0.247997575 0.5261646 0.2514771765625 0.527216165625 0.2594836375 0.5306576484375001 0.2624565 0.53486390625 0.2606998078125
6 0.538114196875 0.17245983125 0.5416512765625 0.1673248859375 0.5416512765625 0.1607035140625 0.5243482625 0.159858946875 0.5204288 0.1654330640625 0.5223407359375 0.1719193109375 0.538114196875 0.17245983125
6 0.5551304203125 0.1925942296875 0.5605794359375 0.19218883125 0.5605794359375 0.189486228125 0.5936559171875 0.1892159765625 0.5938471234375 0.18002711875 0.5923175625 0.1765137359375 0.5930823375000001 0.1719193109375 0.5927955468749999 0.16043325 0.5670800171875 0.15975759843749998 0.5676535968749999 0.1563793453125 0.565263678125 0.1561090859375 0.561917790625 0.15962246875 0.5520713234375 0.1603994671875 0.5520713296875 0.1859728453125 0.554365646875 0.187324146875 0.5551304203125 0.1925942296875
6 0.5764484999999999 0.2550243421875 0.5748233546875 0.24921374687500003 0.5726246296874999 0.24813270625 0.5685139671874999 0.2532676515625 0.5718598546875 0.26178085 0.575683725 0.2619159796875 0.5764484999999999 0.2550243421875
6 0.5778824515625 0.302995540625 0.5743453703125 0.2997524171875 0.568609565625 0.2998537640625 0.5709994843749999 0.310968221875 0.575779321875 0.3101574359375 0.5778824515625 0.302995540625
6 0.5750145484375 0.3820466671875 0.575779321875 0.379479203125 0.5748233546875 0.3712362609375 0.5705215 0.369209309375 0.568609565625 0.3724186453125 0.5696611296875 0.3788035515625 0.5722422421875 0.3820466671875 0.5750145484375 0.3820466671875
6 0.575970515625 0.45096303437499996 0.575683725 0.44326061718750004 0.572815821875 0.44163905625 0.568227178125 0.442416053125 0.5694699359375 0.4516386859375 0.5731026124999999 0.4535305078125 0.575970515625 0.45096303437499996
6 0.5690875484375 0.512312115625 0.573485 0.50987978125 0.5796031921875 0.5082582109375 0.5804635640625 0.5019070953125 0.5782648390625 0.49771806874999996 0.5724334359375 0.49690727968750004 0.567558 0.4940357640625 0.5636385328125 0.501096321875 0.5653592749999999 0.510014903125 0.5690875484375 0.512312115625
6 0.64241026875 0.41812641250000004 0.6408807203125 0.41461302968749997 0.608664609375 0.4147143765625 0.6104809484375 0.4274503921875 0.6404027359375 0.426774740625 0.64241026875 0.41812641250000004
6 0.642314671875 0.3494803046875 0.642505865625 0.3423184078125 0.608473415625 0.3429602765625 0.609238190625 0.35542603125 0.6396379624999999 0.3563719421875 0.642314671875 0.3494803046875
6 0.642314671875 0.27745594375 0.6409763171875 0.2712399578125 0.6357184953125 0.2705643078125 0.6085690125000001 0.27134130624999997 0.6101941578125001 0.28299627968749996 0.64126310625 0.2840773203125 0.642314671875 0.27745594375
6 0.6255852375 0.262051109375 0.628453140625 0.2585377265625 0.6299826890625 0.2542135703125 0.6292179140624999 0.25164608906249997 0.6246292703125 0.252186609375 0.6237688984374999 0.2486732296875 0.620327415625 0.24985561562499997 0.6209009953125 0.2551594734375 0.6216657703124999 0.262997028125 0.6255852375 0.262051109375
6 0.6404983328125 0.18110816093749998 0.642123478125 0.1711085296875 0.6404983328125 0.1677302765625 0.6313210437500001 0.1677302765625 0.6082822234374999 0.169182925 0.608664615625 0.1754326953125 0.6104809484375 0.18070277031249998 0.6404983328125 0.18110816093749998
6 0.6571321765625 0.181243290625 0.660764846875 0.191107790625 0.6974740171875 0.19151317968749998 0.7036878078125001 0.1881349265625 0.7042613765625 0.1784055578125 0.6984299843749999 0.17529756406250002 0.6984299843749999 0.1605683859375 0.6645887187499999 0.1599940765625 0.6658314765625 0.1763786046875 0.6602868640625 0.1763786046875 0.6571321765625 0.181243290625
6 0.68523761875 0.25786207499999997 0.6844728453125 0.25259200000000004 0.68084016875 0.24921374687500003 0.6775898781249999 0.24931509375 0.6775898781249999 0.26164571875 0.683612475 0.2634024109375 0.68523761875 0.25786207499999997
6 0.6842816515625 0.3193462859375 0.6848552328124999 0.315157259375 0.6843772484375 0.3092115265625 0.6812225546875 0.306644053125 0.6775898781249999 0.30840075312500004 0.677685475 0.315022121875 0.6798841999999999 0.3198868140625 0.6842816515625 0.3193462859375
6 0.7055997421875 0.3831277171875 0.702827425 0.3789386734375 0.661147234375 0.379208934375 0.6575145578125 0.38282366562500003 0.6587573156250001 0.391370646875 0.7040701828125 0.39150577656249996 0.7055997421875 0.3831277171875
6 0.6845684421875 0.44988199375000004 0.6839948609375 0.44474705625000005 0.6817961359375 0.44190931562499997 0.6785458453125 0.441233665625 0.6775898781249999 0.44552404687499997 0.6787370390625 0.45380076718750006 0.6840904578125 0.45353051562499996 0.6845684421875 0.44988199375000004
6 0.7415441140625 0.4496117328125 0.7394409859375 0.4427201046875 0.737433453125 0.440828275 0.7349479375 0.443632225 0.73590390625 0.4533953765625 0.740588146875 0.4531251171875 0.7415441140625 0.4496117328125
6 0.7418309046875 0.310427696875 0.7418309046875 0.306103540625 0.74030135625 0.2997524171875 0.737624659375 0.29880650468750003 0.73513913125 0.300394284375 0.735234728125 0.308535875 0.7398233734375 0.3113736078125 0.7418309046875 0.310427696875
6 0.7390586109374999 0.26124032812500003 0.7421176953125 0.262051109375 0.7441252281249999 0.2596187671875 0.7447944171875001 0.252186609375 0.741352921875 0.250700178125 0.737624659375 0.252186609375 0.7338963734374999 0.24867322656250002 0.7319844375 0.250531265625 0.732080034375 0.2619159796875 0.735425921875 0.262726759375 0.7390586109374999 0.26124032812500003
6 0.7268222125 0.157865778125 0.72701340625 0.1775947765625 0.7199392453125 0.1778650375 0.7199392453125 0.180432509375 0.7216599875 0.1936752703125 0.718983278125 0.1982696875 0.7201304390625001 0.207593665625 0.7563616140625 0.207593665625 0.7573175812499999 0.19543195468750002 0.7548320765625001 0.194756303125 0.7549276625 0.192594221875 0.7565528078125 0.18799979687499999 0.7554056453125 0.1781353046875 0.749669840625 0.175567825 0.7510082062500001 0.1580009078125 0.7565528078125 0.156919865625 0.7576999796874999 0.14813640781249998 0.7561704203125 0.1420555515625 0.75177296875 0.13935294843749998 0.7467063515625 0.140433990625 0.7445076140625 0.1416501609375 0.740779340625 0.141109640625 0.73886740625 0.1428663375 0.7342787609375 0.1432717234375 0.7342787609375 0.140433990625 0.732271228125 0.1398934703125 0.72959451875 0.1439473734375 0.7191744718749999 0.1437784609375 0.7197480515625 0.15029849374999998 0.7232851328125001 0.1546226546875 0.7268222125 0.157865778125
6 0.7863789984375 0.18529719375 0.790872046875 0.18529719375 0.7914456265625 0.1813784203125 0.83417738125 0.1820540703125 0.8344641828125001 0.169892359375 0.828919559375 0.169892359375 0.828345978125 0.16691949687500002 0.8268164421875 0.1674600203125 0.8239485390624999 0.1696220984375 0.80683670625 0.1697572296875 0.8037776093750001 0.1658384546875 0.800336125 0.16651410625000002 0.79832859375 0.16948696875 0.7724218703125 0.16999370625000002 0.7750029828125 0.1801622484375 0.7845626593749999 0.18164868125 0.7863789984375 0.18529719375
6 0.8106605765625 0.2594836375 0.8107561734375001 0.25448382187499996 0.80683670625 0.2494840109375 0.7967034484375 0.249450225 0.798424190625 0.262726759375 0.8084618515625 0.26232137031249997 0.8106605765625 0.2594836375
6 0.8052115609375001 0.311914128125 0.8078882703125 0.30650892343749997 0.8075058828125 0.30042806718750004 0.80349081875 0.2985362484375 0.798997771875 0.30259015312500004 0.7994757546875 0.3069143125 0.8014832984375 0.3108330875 0.8052115609375001 0.311914128125
6 0.807123496875 0.38177640625000003 0.8069323031250001 0.3732632078125 0.8046379796875 0.3700200859375 0.8014832875 0.3702565625 0.8010053140625001 0.3798845890625 0.8050203671875 0.383668228125 0.807123496875 0.38177640625000003
6 0.8084618515625 0.4512332953125 0.8072191046875 0.44474704843749996 0.8030128359375001 0.44204444687500005 0.7999537390625 0.4441727453125 0.800336125 0.452989990625 0.8059763359375 0.45515206875 0.8084618515625 0.4512332953125
6 0.8052115609375001 0.5096095125 0.8106605765625 0.5120418546875001 0.8119989437499999 0.50879873125 0.8111385609375 0.49825858125 0.806549915625 0.49623162968749995 0.803395234375 0.49798832031250007 0.795938675 0.4997112296875 0.7981374125 0.5098797734375 0.80090970625 0.512312115625 0.8052115609375001 0.5096095125
6 0.856451428125 0.447314521875 0.8515759921875 0.44812530625 0.8517671859375 0.462449096875 0.85855455625 0.46582735781249995 0.8602752984375 0.47947549218749996 0.876526759375 0.48177270468750005 0.9009039359375001 0.47961062343750005 0.9020510843749999 0.464611178125 0.9083604718749999 0.46380039687499997 0.90883845625 0.450692775 0.9037718390625 0.4455578296875 0.9036762296875 0.43096377500000005 0.9115151656249999 0.42758552187500004 0.9133315156249999 0.4159643328125 0.897271246875 0.4148832890625 0.8953593109375 0.4171805015625 0.8935429734375001 0.4148832890625 0.8557822500000001 0.41474815937500004 0.8469873484375 0.41728185 0.847752121875 0.42731526249999996 0.8561646375 0.43123403906249996 0.856451428125 0.447314521875
6 0.86486394375 0.3936678578125 0.8951681296875 0.3932624671875 0.8958372953125 0.376236075 0.907404503125 0.374749640625 0.90845606875 0.3612366265625 0.8711733296874999 0.3602907171875 0.8522451703125 0.36120284375 0.8526275562500001 0.3742091234375 0.8649595390625 0.374884775 0.86486394375 0.3936678578125
6 0.9039630203125 0.3067791875 0.9032938546875 0.29704981406250003 0.8723204906250001 0.29786059374999996 0.8702173625 0.2943472109375 0.8653419265625001 0.2977254640625 0.856547025 0.298097071875 0.8582677656250001 0.31286004375 0.9026246656250001 0.312724909375 0.9039630203125 0.3067791875
6 0.8812109906250001 0.2638078015625 0.88551284375 0.265294240625 0.8880939578125 0.25894311718749996 0.8860864359375 0.249754275 0.8821669578125 0.24907862500000003 0.8793946625 0.252186609375 0.8775783125000001 0.24921374687500003 0.8732764578125 0.2502610046875 0.872798475 0.258402596875 0.8762399578125001 0.2647537125 0.8812109906250001 0.2638078015625
6 0.889145521875 0.1817838109375 0.8905794734375 0.1705680140625 0.8699305718750001 0.16931805625000002 0.8709821359375001 0.1790812078125 0.8739456359375 0.179621728125 0.889145521875 0.1817838109375
6 0.1279084734375 0.7294662375 0.1335486828125 0.732979621875 0.18086908125 0.7290608468750001 0.1874652578125 0.7239259109375 0.1878476453125 0.7179801765625 0.1830678078125 0.7144668015625 0.1850753390625 0.7120344515625 0.1965469515625 0.705413075 0.1912891296875 0.696629615625 0.175611259375 0.6920351953125 0.1520944546875 0.695143184375 0.137181359375 0.7010551281249999 0.1363209890625 0.7082508078124999 0.1268569078125 0.717034265625 0.1279084734375 0.7294662375
6 0.45475381718749996 0.9836460171875 0.45293747812499996 0.9772949015625001 0.33630942343750003 0.977159775 0.3328679390625 0.97215995625 0.314417775 0.9722950859375 0.3082039734375 0.976213859375 0.2919525234375 0.9760787296875 0.290709765625 0.9729707359375 0.2815324875 0.9724302203124999 0.2775174125 0.976213859375 0.218629815625 0.9751328234375001 0.2149015296875 0.9701330031250001 0.20792296562499998 0.974727428125 0.17293455 0.9749976890625 0.16700755 0.9709437843750001 0.16203652500000001 0.973240996875 0.1490353578125 0.9737815218750001 0.14320395625 0.9822609328125 0.14502029375 0.9874296687499999 0.45398904218749997 0.9889160921875 0.45475381718749996 0.9836460171875
6 0.727109003125 0.64365860625 0.738007034375 0.64338835 0.7394409859375 0.670414371875 0.7285429546875 0.6717656734374999 0.7300725031249999 0.6971701359375 0.7124826984375 0.6978457859375 0.7127694875 0.714061403125 0.7115267296875001 0.7212233 0.7058865203125 0.7270338953125 0.6957532640624999 0.7293311078125 0.6982387796875 0.7528437546875 0.7035921984375 0.7558166140625 0.7024450375 0.777572565625 0.6574189609375 0.7768969140624999 0.6508227828125001 0.7795995171875 0.6508227828125001 0.7927071421874999 0.6539774765625 0.8052742453124999 0.675199959375 0.8052742453124999 0.6685081859374999 0.8229762890625001 0.6699421375 0.8395972953124999 0.6823697171875 0.8309489718749999 0.6904954421875 0.8267599328124999 0.6925029734375 0.8175710921875 0.699768328125 0.8086524953125 0.8236617374999999 0.8101389359375 0.8792990546875 0.8083822359375 0.880446215625 0.8029770296875001 0.8774827281249999 0.7787887437500001 0.8575029921875 0.7787887437500001 0.8271988171875 0.7810859484375 0.828441575 0.751762709375 0.8358025265625001 0.7514924484375001 0.8361849125 0.73324988125 0.8343685750000001 0.7282500671875 0.8205070437499999 0.7281149359375 0.8204114468749999 0.7014943 0.814484446875 0.6982511765625 0.803395221875 0.695548575 0.80349081875 0.6917649390625 0.8024392546874999 0.6747385343750001 0.8379056546875001 0.6710900203125 0.8485168953125 0.6828463421875 0.85262756875 0.6752790546874999 0.8566426203124999 0.6662253437500001 0.8519583796875001 0.656766234375 0.8459357953125 0.6525771921875 0.8562602343749999 0.64041548125 0.882262565625 0.6328481921875 0.8844612796875 0.6264970765625 0.8794902484374999 0.6193351796875 0.8646727500000001 0.621497265625 0.8410603484375001 0.62136213125 0.8319786562499999 0.6154164093750001 0.825478075 0.6089301593750001 0.820602640625 0.6071734671875 0.8132417015625 0.5998764453125001 0.7955563 0.60028183125 0.78504064375 0.5901470718749999 0.7753853703125 0.594606365625 0.7800696109375 0.613524584375 0.7692671765625 0.6174433625 0.7578911609375 0.59798461875 0.7469931296875 0.5973089671875 0.7439340343749999 0.62365934375 0.7171669390625001 0.6302469390625001 0.7175493265624999 0.6397398296875 0.718983278125 0.6404154828124999 0.727109003125 0.64365860625