6 0.44627912968750005 0.619762228125 0.4474904859375 0.6042014953125 0.47450756250000004 0.6023456203124999 0.47713214531250003 0.58978283125 0.3899151234375 0.5862138546875 0.3901170203125 0.569225521875 0.42262151562500005 0.567940690625 0.42524609843750005 0.5549496171875 0.308149178125 0.5525227125 0.2895751875 0.549524778125 0.271071553125 0.5540020796875 0.2720470109375 0.6120532375 0.2789113 0.6177635984375 0.3828852921875 0.620476025 0.44627912968750005 0.619762228125
4 0.1585974640625 0.5316270328125 0.1646889453125 0.5349979984375001 0.4703227015625 0.5393053578125 0.5892477359375 0.5391180640625 0.586864109375 0.5207650375 0.6807411421875 0.5218886875 0.8778224484375 0.5235741703125 0.88232484375 0.5185177234375 0.880206109375 0.5095284921875 0.7271243359375 0.5052211453125001 0.5557681609375 0.5024120109375 0.3519357453125 0.500726528125 0.221223075 0.5024120109375 0.2161890453125 0.5025992796875001 0.21354058281250002 0.5228250703125 0.1764619609375 0.5188922734375 0.1525002078125 0.5192668359375 0.1585974640625 0.5316270328125
7 0.43280840156249994 0.47207332031250004 0.3133622578125 0.4692641796875 0.2291408203125 0.46739142187500005 0.17325805 0.4703878375 0.1571023640625 0.47207332031250004 0.157624884375 0.47350439375000003 0.1621344609375 0.4868681125 0.3186592015625 0.4868681125 0.4309544515625 0.48761721874999997 0.43280840156249994 0.47207332031250004
5 0.1741796859375 0.062563384375 0.16702868125 0.44954010312500003 0.8750969671875 0.458055159375 0.8823761203125 0.07032149843749999 0.1741796859375 0.062563384375
6 0.3103230265625 0.06748450781250001 0.3055652671875 0.06591706875 0.28615575625 0.0645025546875 0.280641075 0.0645407828125 0.2767943546875 0.0666816734375 0.24539064375000003 0.0669929765625 0.2474044640625 0.0751687734375 0.258379759375 0.0775390453125 0.3074575578125 0.0770420515625 0.3103230265625 0.06748450781250001
6 0.288687946875 0.08946121093750001 0.24439091406250002 0.0880556984375 0.23686609062500003 0.0880556984375 0.18271352031250002 0.089662759375 0.182772590625 0.10050451406250001 0.25830473125000003 0.10341593281250001 0.2918114546875 0.1017092359375 0.288687946875 0.08946121093750001
6 0.291385528125 0.1352095671875 0.288545965625 0.124869028125 0.24680452968750002 0.12406586718749998 0.2381439 0.12235918593749999 0.23459445625000003 0.12225878125 0.2327487390625 0.12336311874999999 0.18239412187499998 0.12421309375 0.1799330375 0.13310129843750002 0.182772590625 0.13551074999999999 0.2524836359375 0.13711705000000002 0.291385528125 0.1352095671875
6 0.30586726406250003 0.1698970453125 0.3040215375 0.159255315625 0.23289072187499998 0.15654468593749998 0.22593380624999998 0.158351771875 0.180318034375 0.15797306093750002 0.1802169921875 0.16798956874999998 0.182914571875 0.1699974421875 0.266255471875 0.17120216093750001 0.30586726406250003 0.1698970453125
6 0.32986148437499996 0.20439997656250003 0.3281577390625 0.1950633703125 0.323188525 0.1936578578125 0.2585886765625 0.1914491921875 0.25319352500000003 0.1916499859375 0.25305154375 0.19265391874999999 0.1898714859375 0.1929551015625 0.1793598390625 0.193200853125 0.179791065625 0.20309486875 0.19171718437500002 0.20419919062499997 0.28939783750000003 0.20640785 0.32986148437499996 0.20439997656250003
6 0.286984221875 0.2405933578125 0.3079969359375 0.23888666875000003 0.30544131874999997 0.22814454843749998 0.2475144203125 0.22814454843749998 0.2380019171875 0.22563470625 0.2326067578125 0.22573509687499999 0.231612921875 0.226939821875 0.18239412187499998 0.22752536874999998 0.17893919375 0.2321603015625 0.182062709375 0.238585484375 0.19015543125 0.23968982187500001 0.286984221875 0.2405933578125
6 0.3035956109375 0.27387532187499997 0.3021758296875 0.2627316375 0.235872246875 0.26192847656249996 0.23303269375000002 0.260824146875 0.2269276515625 0.2597198234375 0.2216744828125 0.2603221765625 0.22068063750000003 0.2618280875 0.180642928125 0.2626312328125 0.1806374328125 0.26241443124999997 0.17893919375 0.269859578125 0.18632204218749998 0.2731725734375 0.263273946875 0.27457807968750003 0.3035956109375 0.27387532187499997
6 0.29805848749999997 0.32593091093750004 0.3048734109375 0.321915165625 0.303453628125 0.3155903578125 0.2524836359375 0.31157461249999996 0.240415534375 0.311675009375 0.23658213749999998 0.3126789421875 0.179200140625 0.313562475 0.17822931250000001 0.32251752499999997 0.1799330375 0.3245253984375 0.2310450140625 0.327537203125 0.29805848749999997 0.32593091093750004
6 0.2945090546875 0.3603009578125 0.301749903125 0.3586946578125 0.3038795546875 0.3512655265625 0.2939411265625 0.34845451562499996 0.250779909375 0.34594466874999996 0.24226124218749998 0.346045059375 0.23771795468749998 0.34724978125 0.193136965625 0.3476513546875 0.17856134375 0.3487902671875 0.177519421875 0.35608442500000004 0.18419237187499998 0.359698596875 0.2249399625 0.36210804375 0.2945090546875 0.3603009578125
6 0.22053865625000002 0.3963097984375 0.2956448515625 0.3958078296875 0.3048734109375 0.3881779125 0.30089805 0.3830578375 0.26256405625 0.383660196875 0.2548972609375 0.3804475984375 0.2446748671875 0.3803472015625 0.239137734375 0.382254684375 0.23061907812500002 0.38125074375 0.178371284375 0.38235508125 0.1756737140625 0.387374759375 0.1795071109375 0.3932979875 0.22053865625000002 0.3963097984375
6 0.25674296874999997 0.430981028125 0.3000461578125 0.42817001718750003 0.30373759218749996 0.42174481249999995 0.294367053125 0.4175282765625 0.24694651250000002 0.4153196171875 0.2362981828125 0.416423946875 0.1773774390625 0.4170263109375 0.17552706093749998 0.4181167546875 0.17922315625000002 0.428370796875 0.20335936875 0.42917395 0.22423008125 0.43057945625 0.25674296874999997 0.430981028125
6 0.65998981875 0.42277168906249996 0.6550396140625 0.4209742203125 0.60955420625 0.4207850140625 0.596430625 0.41908215000000004 0.55714805625 0.41841992499999997 0.5531343859375 0.41879833906249997 0.49696253125 0.41879833906249997 0.49172804374999995 0.417663096875 0.48530616875000004 0.4177577046875 0.47231189687499997 0.419271940625 0.4041980921875 0.41861665156249994 0.39516258125000003 0.41992723125 0.39608929531250003 0.42582484843749996 0.411611828125 0.43565421249999997 0.41462367499999997 0.4477770921875 0.4753237296875 0.4481047359375 0.5649837609375 0.44957914062500004 0.6412063625 0.45007061249999997 0.640577609375 0.43705250937500006 0.6405903796875 0.4331780765625 0.6557085625 0.43431332031250003 0.65998981875 0.42277168906249996
6 0.4176935984375 0.4129284390625 0.48106792968749995 0.4137787734375 0.538783625 0.41352366875 0.5867243109375 0.41479916875 0.589730675 0.41683996875 0.6021169093750001 0.41718010625 0.6068068609374999 0.41437400156250004 0.6377662921875 0.41437400156250004 0.6378865328125001 0.398982978125 0.6591716515625 0.3977925140625 0.6601336875 0.3869082578125 0.6077025625 0.385802821875 0.59423401875 0.3854626859375 0.592911215625 0.38410215625 0.5538283765625 0.38393208749999996 0.48103370625 0.38257155625 0.47490070156249997 0.38393208749999996 0.4063554265625 0.383762021875 0.3989003671875 0.3851769953125 0.3964032703125 0.3927898421875 0.40735167812500006 0.3960918484375 0.41552901875000003 0.39711225 0.4176935984375 0.4129284390625
6 0.48374215 0.3795396828125 0.5968911578125 0.3797947796875 0.5956886046875 0.3633833578125 0.6171616906249999 0.36695475312500003 0.6586120906249999 0.364233690625 0.6602956625 0.3524501515625 0.606782234375 0.35159981875 0.5930731734375 0.351004584375 0.5929529312499999 0.3496440515625 0.554351109375 0.34938895312499996 0.484859509375 0.3482835234375 0.4776442203125 0.35006921874999997 0.40841599375 0.35066445156250003 0.397352546875 0.3498991515625 0.3980996140625 0.3503188734375 0.39907435 0.36159765625 0.458720765625 0.3621928890625 0.4596828015625 0.3780941140625 0.48374215 0.3795396828125
6 0.47689304374999997 0.3362491671875 0.478095596875 0.3434769984375 0.48797567031250005 0.3445824296875 0.5524996703125 0.3458579296875 0.5606769875000001 0.34755859375 0.571018909375 0.347048396875 0.571259409375 0.3445824296875 0.5802427406249999 0.34313686250000003 0.5790401875 0.32689550624999997 0.6150407234374999 0.3325077015625 0.6546805203125 0.32919140625 0.6575666250000001 0.3268104734375 0.6574463671874999 0.31830714531250004 0.5973189265625 0.31635138125 0.590464403125 0.3149908484375 0.5573943109374999 0.31490581406249996 0.5522233578125 0.31635138125 0.49655250781250004 0.316011246875 0.4934258921875 0.31414051718749997 0.48825492343750004 0.313885415625 0.4851282921875 0.3151609140625 0.42098097343749996 0.31533098125 0.4002638515625 0.31560364218750003 0.40209450625 0.3261302078125 0.4139997390625 0.32817100625 0.48146272031250004 0.328596171875 0.47689304374999997 0.3362491671875
6 0.40311519375 0.2917507546875 0.516029696875 0.29359960625000003 0.6262861125 0.2941474109375 0.633258521875 0.295653878125 0.6580077421875 0.2938735078125 0.658782453125 0.28298585 0.643385028125 0.28161633125 0.644740778125 0.26699010625 0.6259539734375 0.2639771703125 0.61694791875 0.2639771703125 0.61520481875 0.2650043078125 0.54756875625 0.264182596875 0.5434046703125001 0.26301850625 0.531106096875 0.263566315625 0.5289756359375 0.2643880234375 0.4747545421875 0.264182596875 0.44936356718750003 0.2623337484375 0.43919545312499997 0.2621967984375 0.43774286093750003 0.26377174375 0.4166726859375 0.2640865125 0.41725371874999995 0.27976748281249997 0.40524565625 0.2810685234375 0.40127525156250005 0.2823695640625 0.40311519375 0.2917507546875
6 0.394005240625 0.2570665984375 0.44613903749999995 0.2579239125 0.5779112921875 0.26049583125 0.66469075 0.2607407765625 0.6672887875 0.25143285625 0.6676351781250001 0.247758678125 0.646677740625 0.246901371875 0.6491025703125 0.2315922875 0.5922923328125 0.2312248703125 0.5813895812500001 0.2289262546875 0.56667530625 0.228856428125 0.541968021875 0.229973696875 0.5046391953125 0.22822796093750003 0.49881273593750003 0.22815813281250003 0.4981214609375 0.22913574531249997 0.4634928171875 0.229484890625 0.417456065625 0.22913574531249997 0.41184504375 0.22963272343750002 0.4134038609375 0.242124934375 0.398854903125 0.24530922500000002 0.393139228125 0.2476362015625 0.394005240625 0.2570665984375
6 0.46234790156249994 0.214285121875 0.4622714796875 0.21920372656249998 0.46360832968750004 0.223089953125 0.5190599578125 0.224259659375 0.5792461015625 0.2245831875 0.600521496875 0.2245831875 0.599743325 0.21050975156249999 0.6163671046875 0.21077935781249998 0.6475137140625 0.2084018171875 0.6485050390625 0.1975186015625 0.6168588390624999 0.19606272656249998 0.5817048765624999 0.1962784125 0.581552359375 0.19493038125 0.571334065625 0.19439116875 0.5670637359375 0.194660775 0.55565236875 0.19606272656249998 0.5093338359375 0.196116646875 0.505368528125 0.1940137203125 0.5015557328125 0.1934205859375 0.49995435625000006 0.1948225375 0.45266209531249996 0.19493038125 0.41556211718749997 0.196386253125 0.4131051015625 0.20344875 0.42290867343749994 0.2074400125 0.4650937234375 0.20943563906249998 0.46234790156249994 0.214285121875
6 0.4327672546875 0.1833615125 0.43314899531249995 0.1885982578125 0.45330513124999994 0.1885982578125 0.521764684375 0.1895618640625 0.5907349578125001 0.19026369062499998 0.5982935171875 0.1912354578125 0.630411159375 0.1906416046875 0.6308692687499999 0.1754172546875 0.6467498390624999 0.1737436578125 0.6488112734375 0.163864028125 0.625677525 0.162525953125 0.5804025703125 0.1601505234375 0.565132771875 0.1601505234375 0.5561608359375 0.16225601875 0.5070684328125 0.16155418593749998 0.5059995453125 0.1592327421875 0.5021820984375001 0.1592327421875 0.49472882812499996 0.16058241875 0.41660734374999997 0.160361725 0.4148252390625 0.167165403125 0.41871903593750004 0.17083652031250002 0.42971329062499997 0.1742377046875 0.4327672546875 0.1833615125
6 0.4198688234375 0.153507825 0.4517827109375 0.155343384375 0.5233591484375 0.1554041015625 0.5668324046875 0.1559372421875 0.643381625 0.1565310984375 0.645443046875 0.1465974859375 0.64208369375 0.1407128953125 0.6483443140625 0.13957916875 0.6487260484374999 0.1285038046875 0.601847775 0.127801971875 0.586501625 0.127154128125 0.5818443421875 0.1258044515625 0.56733803125 0.1256424921875 0.5206120140625 0.12688419374999999 0.5059530046875 0.12504863593749999 0.4999977859375 0.1251026203125 0.498165409375 0.126668246875 0.4170608609375 0.127154128125 0.41513518281249995 0.13398857343749998 0.42147215468750004 0.13765969218750002 0.418723584375 0.14802520937500002 0.4198688234375 0.153507825
6 0.4183879390625 0.11992760312499999 0.45679148437499995 0.1201975359375 0.5188648609375 0.12127727656250001 0.5960375 0.12165518125000001 0.603137953125 0.1240306140625 0.61626998125 0.1245165015625 0.6168807703125 0.1224110015625 0.6493880328125 0.122087084375 0.6503805687499999 0.10238180781249999 0.6490062875 0.094607675 0.6259488953125001 0.093527934375 0.58205654375 0.0913691703125 0.567626584375 0.09142315625 0.5654888109375 0.09244891093749999 0.506661425 0.0927728328125 0.5075776140625 0.09050537343750001 0.5042946078125 0.09050537343750001 0.501469696875 0.09142315625 0.46189842812500004 0.091801065625 0.429188496875 0.0915311296875 0.417122615625 0.0922366640625 0.4171663546875 0.099142584375 0.4154866828125 0.1101559421875 0.4139596984375 0.11695831406249999 0.4183879390625 0.11992760312499999
6 0.552288959375 0.0694425984375 0.5297900359375001 0.0690361578125 0.5240421296875 0.0669458984375 0.51854056875 0.0670039609375 0.5141898125 0.0674635140625 0.513695909375 0.07519080624999999 0.5158308468749999 0.08035838906250001 0.5504003625 0.0807648265625 0.552288959375 0.0694425984375
6 0.8296922468749999 0.08680335156249999 0.8562146984375 0.08459697187500001 0.859745546875 0.073681175 0.8359328234375001 0.072810234375 0.8324019640625 0.0715909171875 0.7903601828125 0.070952228125 0.7400844796875 0.0713586671875 0.71545061875 0.07147479375 0.7145231046875 0.071904003125 0.7172091968750001 0.07960357343749999 0.7218896375 0.083261525 0.7928426515625 0.08436471875 0.8296922468749999 0.08680335156249999
6 0.8671026953125001 0.1081866203125 0.867981615625 0.0972483859375 0.8633668890624999 0.0957528359375 0.8422371500000001 0.09515519375 0.7265669031249999 0.093533025 0.7048544140625 0.094886721875 0.704327059375 0.102220309375 0.7136435984375 0.1069436390625 0.837922615625 0.10918100625 0.8671026953125001 0.1081866203125
6 0.8360017187500001 0.1426251921875 0.8357602125 0.1314407671875 0.8116119375 0.12947709062499999 0.799417059375 0.12887944843750002 0.7912066453125 0.12947709062499999 0.7438760281250001 0.1295624671875 0.7354376859375 0.1311755453125 0.735451134375 0.13835632656250002 0.7426956140625001 0.14134453281249998 0.756580871875 0.142795946875 0.8360017187500001 0.1426251921875
6 0.84162274375 0.17766475625 0.8433131250000001 0.166138821875 0.819527078125 0.1643459 0.8099885171875 0.16340675 0.7526363546875 0.16272373125 0.7376644328124999 0.16272373125 0.7262024640625 0.1650710078125 0.7275253125 0.17211523281250002 0.734045346875 0.1755303234375 0.787533775 0.17672561250000002 0.84162274375 0.17766475625
6 0.8577220125 0.228981946875 0.862310175 0.21839515625 0.8613442640625 0.20114894687499998 0.8562731046875 0.2001244171875 0.7391539703125 0.1989291359375 0.7357732171875 0.19696545781250002 0.7313057859375001 0.1968800828125 0.7276835421875 0.19841687187499998 0.707867828125 0.1989664703125 0.7084618359375 0.2257376046875 0.7349042 0.228555059375 0.8436921984374999 0.228640434375 0.8577220125 0.228981946875
6 0.8422427640624999 0.234950196875 0.8206300453125 0.23409642343749998 0.809521865625 0.2323035015625 0.7373185015625 0.23153510625 0.7242784328125 0.2323035015625 0.7260895578125 0.2446832078125 0.764485309375 0.246561509375 0.84163905625 0.24715914843750003 0.8422427640624999 0.234950196875
6 0.717516925 0.2989607421875 0.6990434859375 0.30203433125 0.7070124203125 0.31330412500000004 0.8100048125000001 0.31535318437500004 0.8616128890624999 0.31535318437500004 0.8626999124999999 0.3034091921875 0.8326349546875 0.3012659296875 0.8320312453125001 0.2828244359375 0.857990653125 0.281543775 0.8606469625000001 0.26933482343750004 0.8183874765624999 0.2689631953125 0.7433573250000001 0.2677679171875 0.7332150562499999 0.2658042359375 0.7286268765624999 0.2658042359375 0.7063738953125 0.2681977125 0.7091857640625 0.2796736265625 0.733696265625 0.28069815625 0.7326095921875 0.30007064687499996 0.717516925 0.2989607421875
6 0.769566203125 0.34762777499999997 0.77435035625 0.34856748125000003 0.7932212671875 0.34790968125 0.795613353125 0.333250315625 0.8451273171875 0.333250315625 0.8560246015624999 0.33249855625 0.8584166874999999 0.32150403125000004 0.85230359375 0.320752271875 0.7436658453125 0.3189848 0.732172621875 0.3174740203125 0.72775215625 0.3176303078125 0.7249525234374999 0.31924528125 0.7055680125 0.3177020640625 0.7081693203125 0.32958547656250003 0.7421900953125 0.3321226734375 0.7687688171875 0.332404584375 0.769566203125 0.34762777499999997
6 0.7138957984375 0.379760496875 0.727157203125 0.3830425359375 0.7859494312499999 0.383198828125 0.8273733890624999 0.383980265625 0.8307624265625 0.386220384375 0.8388666234375 0.38606410156250004 0.8399717328125 0.38413655 0.846057296875 0.3838239765625 0.8476781453125 0.36861198281249996 0.8559296843749999 0.36652815 0.8570347937499999 0.3557443046875 0.8510671625 0.3551191546875 0.8196081656249999 0.3543898125 0.7544774890625 0.3539209484375 0.730886584375 0.35187249062500003 0.7286026828125001 0.3518203953125 0.721810328125 0.3533662546875 0.7058652796875 0.3545514890625 0.7082965406249999 0.362313775 0.7151482687499999 0.36455389375 0.7138957984375 0.379760496875
6 0.706973184375 0.3990525484375 0.72389649375 0.40098009687499997 0.7860040671874999 0.4021783015625 0.8413536890625 0.40275135625 0.8594506515625 0.399886084375 0.86328171875 0.39186332031250004 0.8608504578125 0.38873756875 0.85421975625 0.38832080156250004 0.8333698890625 0.3885291859375 0.7506908953125 0.38826870625 0.734788759375 0.386653734375 0.732283828125 0.3868621171875 0.7280976484374999 0.387680728125 0.7097527078125 0.387837015625 0.699143584375 0.38809749375 0.7013538203125 0.3971100796875 0.706973184375 0.3990525484375
6 0.83126385 0.4246088078125 0.7991347234374999 0.4223961171875 0.79261126875 0.42229797500000005 0.790182325 0.4233775640625 0.7491788140625 0.4232794203125 0.728877965625 0.4235328796875 0.733967984375 0.4361182265625 0.8278595640624999 0.436945703125 0.8302000078124999 0.43363580625000003 0.83126385 0.4246088078125
4 0.15705116875 0.6692625999999999 0.15747539531250002 0.6836407375 0.21707946875 0.6858905515625 0.464921140625 0.6873904328125 0.5843478 0.691590084375 0.748470846875 0.6930899671875 0.758652315625 0.6902401953124999 0.757591740625 0.676441321875 0.8102117281250001 0.67704128125 0.873209621875 0.6767412968750001 0.8776640390624999 0.6698418640625 0.8785124921874999 0.6468937375 0.8248476124999999 0.6438939828125 0.5544726171875001 0.639244359375 0.406224884375 0.6386444109375 0.37631895625 0.637444503125 0.2615566171875 0.6375944953125 0.2189216734375 0.6377444828125001 0.21461884687500002 0.6399026703125 0.2157165640625 0.6516030296875 0.20786834999999998 0.6516030296875 0.1589601953125 0.6555027171875001 0.15705116875 0.6692625999999999
3 0.522448996875 0.8839911718750001 0.50210178125 0.885551709375 0.499653325 0.894348459375 0.51408858125 0.8948811984375 0.5235490546875 0.8937921953125001 0.522448996875 0.8839911718750001