5 0.17108104531249999 0.1493491140625 0.1713454796875 0.8403879734374999 0.8290269578125 0.8408698828125001 0.8286710296875001 0.1490557515625 0.17108104531249999 0.1493491140625
6 0.203409434375 0.1810445046875 0.20262326718749998 0.16512215 0.2156932328125 0.163105784375 0.2171672875 0.1526763015625 0.195379809375 0.150546090625 0.183154459375 0.1509989640625 0.172564853125 0.152812465625 0.1739283078125 0.16421826718750002 0.1818882046875 0.16692993125 0.18522940625 0.180001553125 0.203409434375 0.1810445046875
6 0.3149712703125 0.1610460859375 0.24274689375 0.16164526562499998 0.24165808281249998 0.16164526562499998 0.241827921875 0.16183754374999998 0.246199621875 0.17636794218750002 0.26579819531250004 0.17482719687499998 0.3181167171875 0.1725160796875 0.3149712703125 0.1610460859375
6 0.54770919375 0.15918735312500001 0.4559759234375 0.1559836515625 0.429689759375 0.1600776984375 0.43350377812499996 0.172239484375 0.52926190625 0.1718835109375 0.549050809375 0.170815609375 0.54770919375 0.15918735312500001
6 0.8111174437500001 0.33599804375 0.8207649765625 0.3323120140625 0.8213438468750001 0.30336985312500003 0.7721409703125001 0.3021192375 0.7443017171874999 0.3013828890625 0.7310325468750001 0.3018431046875 0.6541276796875 0.3017510625 0.64920161875 0.3047817359375 0.64948364375 0.352243890625 0.6915468765624999 0.3540186359375 0.81150335625 0.3527899578125 0.8111174437500001 0.33599804375
6 0.8118254015625 0.4312306828125 0.82080599375 0.42941522968749996 0.8201645328125 0.399308946875 0.749249225 0.397742740625 0.727947934375 0.397857790625 0.6653448984375 0.3976276890625 0.64916984375 0.40020858906249995 0.649319640625 0.4465107546875 0.6533822921875 0.4495365109375 0.8116116015625 0.4495365109375 0.8118254015625 0.4312306828125
6 0.20878015468750002 0.30907766406250003 0.19656840312499999 0.3029869890625 0.1925541859375 0.30396604374999997 0.1913634171875 0.30822780625 0.1959678359375 0.3153099875 0.2097811203125 0.3141768328125 0.20878015468750002 0.30907766406250003
6 0.2052549890625 0.40448242343749996 0.19957894062499998 0.39991878281250004 0.1921479421875 0.4009800890625 0.1913229015625 0.4075856921875 0.19338690625 0.412149334375 0.20860900781249997 0.4125144359375 0.2052549890625 0.40448242343749996
6 0.21017547812499998 0.5015548859375001 0.200902215625 0.49663400625 0.1917586453125 0.49821309375 0.19312903125 0.5051249390625 0.20158407500000003 0.50773011875 0.20922087500000003 0.5059933296875 0.21017547812499998 0.5015548859375001
6 0.21044822968750002 0.7536549765625 0.2006294640625 0.746514871875 0.1917586453125 0.7474763890625 0.192447171875 0.7545233671875 0.20022035625 0.7585758625000001 0.20867539062499998 0.757321521875 0.21044822968750002 0.7536549765625
6 0.34754877500000003 0.29837980000000003 0.366692184375 0.2996642 0.4508571953125 0.29954743906250003 0.4587786234375 0.29791272812499997 0.45762340312500005 0.2822663078125 0.5722633984375001 0.2830836625 0.619947203125 0.2836674828125 0.63414116875 0.2803980765625 0.6362865484375 0.2538925671875 0.6364515828124999 0.197570953125 0.6352963859375 0.185777753125 0.5623533703125 0.18507716406250002 0.4715871734375 0.1847000875 0.36866425937499997 0.1854006734375 0.3452209921875 0.1859844953125 0.343247059375 0.1871472890625 0.3417727390625 0.2112512765625 0.3417727390625 0.25815276875 0.3427629125 0.29581097343749996 0.34754877500000003 0.29837980000000003
6 0.5378585984375001 0.3348775296875 0.5389902328125 0.315661975 0.6153731953125 0.3174634328125 0.6360248562499999 0.313260040625 0.6348932609375 0.304653065625 0.6037742578125 0.302651446875 0.587648978125 0.30245128593750004 0.426961846875 0.301450471875 0.40686631249999994 0.3012240859375 0.3951109625 0.303701590625 0.36209594843750004 0.3022858765625 0.3411575078125 0.30370633593749996 0.341526103125 0.333076071875 0.3469011890625 0.334076878125 0.5214504109375 0.33567818125 0.5378585984375001 0.3348775296875
6 0.5862762609375001 0.45032882656249995 0.632655540625 0.44880383281249997 0.6363784140625001 0.4392380171875 0.635594628125 0.403192921875 0.6263854453125 0.399033871875 0.5901364703125 0.398479334375 0.448275621875 0.398479334375 0.40712814374999995 0.39792479062499997 0.40246874374999997 0.3975394046875 0.380760903125 0.3975394046875 0.349125925 0.398642109375 0.34244658906250003 0.39950851875 0.34295995156250003 0.400054325 0.34221190625000003 0.46906585625 0.3675984546875 0.4716318484375 0.5868640734375 0.46904455 0.5862762609375001 0.45032882656249995
6 0.3495712125 0.6237453671875001 0.36793938593750003 0.624533015625 0.45777643437500004 0.6219337859375 0.4585557140625 0.6187044375 0.45777643437500004 0.6053144625 0.4920636921875 0.6024789359375 0.5215650515625 0.6028727593750001 0.53238689375 0.6052356953125 0.6221762765625 0.6046644359375 0.6354243765625001 0.602120190625 0.636181434375 0.560608875 0.63712773125 0.51487751875 0.5073408015624999 0.5123895203125 0.3822008171875 0.51342955625 0.34250459843750003 0.5149122640625 0.342223946875 0.52856769375 0.34333716875000003 0.565693596875 0.342557915625 0.5977912953125 0.344116425 0.621697490625 0.3495712125 0.6237453671875001
6 0.4962774671875 0.499979203125 0.49055470312500005 0.4957801703125 0.45770177500000003 0.49473041249999994 0.367833165625 0.49548024062499996 0.34238335625 0.4965577875 0.3438823265625 0.5082272999999999 0.4008980234375 0.5109266781249999 0.4960655359375 0.5070275765625001 0.4962774671875 0.499979203125
6 0.541690578125 0.67400585625 0.550062121875 0.6696362984374999 0.5444353390625001 0.655168209375 0.5720202984375 0.6558479187499999 0.617626109375 0.6555566125000001 0.6347043953125 0.653584396875 0.6349035546875 0.6432276671875 0.5741619499999999 0.6422413109375 0.5296513015625 0.63970496875 0.4822070640625 0.6405504171875 0.34515574843749997 0.642875396875 0.3440522265625 0.64363049375 0.34367036562500003 0.66447136875 0.344565884375 0.6724066421875 0.3856850046875 0.6730065125 0.541690578125 0.67400585625
6 0.382851703125 0.7389475046875 0.4896038 0.73802358125 0.535550040625 0.7379080874999999 0.5419160062499999 0.7301702109375 0.5409366437500001 0.7203534921875 0.634062709375 0.719314065625 0.6343891562499999 0.7044157453125 0.6361847125 0.687785065625 0.5485304453125 0.68524426875 0.42202758749999997 0.6860527015625 0.344781553125 0.68559074375 0.34482783125 0.685697915625 0.34253402187500004 0.7075526890625 0.34351340625 0.7375616203125 0.35983635937499997 0.740448884375 0.382851703125 0.7389475046875
6 0.3941599046875 0.8368292484375001 0.548188578125 0.8344855593749999 0.5458225375 0.8179124203124999 0.6274506734374999 0.8159035578125 0.6340755703125 0.807365884375 0.6343121484375 0.801171878125 0.635968421875 0.7874446328125 0.636643896875 0.746366571875 0.628365328125 0.7442881375 0.592713946875 0.744099190625 0.5726851078124999 0.7443826125 0.4901662328125 0.744099190625 0.369605065625 0.744666034375 0.3428122921875 0.7448392203124999 0.3406875609375 0.79073368125 0.3425803796875 0.8318070828125 0.35393733125 0.8354899874999999 0.3941599046875 0.8368292484375001
3 0.50666535625 0.9317152 0.5035950390624999 0.9271943359374999 0.493028340625 0.9278248890624999 0.49305636875000003 0.93400499375 0.4958777453125 0.935061815625 0.506084484375 0.9352379546874999 0.50666535625 0.9317152
6 0.7762665421875 0.8236635859374999 0.7753146156249999 0.8080600796875 0.8194211875 0.8077233187499999 0.8208490984375001 0.79414040625 0.820531796875 0.7470657671875001 0.7378716125 0.7449329125 0.7272416125000001 0.7438103593750001 0.6698078703125 0.7441471234375 0.6496143234375 0.7458999937499999 0.6502930828125 0.7899110234375 0.6506104015624999 0.8234390828124999 0.7505641484375001 0.8251229125 0.7762665421875 0.8236635859374999
6 0.7260413781249999 0.5908253390625 0.7958298265625 0.5914220578125 0.7977273968749999 0.587990953125 0.7970949125 0.5738190609375 0.8202874359375001 0.572476459375 0.8209199500000001 0.5219051453125 0.8202874359375001 0.49579900937500004 0.7834990859375 0.493748528125 0.7281237171875 0.493748528125 0.68293698125 0.49416269375 0.65230073125 0.49548802500000005 0.64984220625 0.49681335625 0.649365315625 0.49697021875 0.65013850625 0.5697912671875 0.6499276593750001 0.58739424375 0.65857216875 0.5902286296875 0.7260413781249999 0.5908253390625
6 0.77862215 0.160896840625 0.7491198531250001 0.15882601093749998 0.691520084375 0.16180800312500002 0.6919883734375001 0.1715823203125 0.711422434375 0.1737359859375 0.778036784375 0.1727419859375 0.77862215 0.160896840625
6 0.24523185625 0.39035396875 0.2559272640625 0.3937936890625 0.30908026093749996 0.391500540625 0.3136176921875 0.37636575 0.3259336203125 0.368339721875 0.325285415625 0.3545808171875 0.3226925765625 0.3380701421875 0.3168587140625 0.3344010953125 0.322368484375 0.3068832921875 0.30985454218749997 0.301951840625 0.26631968906250003 0.301951840625 0.2351801046875 0.30332304374999997 0.230971315625 0.351829046875 0.2316195078125 0.3639827375 0.2416667109375 0.3743019140625 0.24523185625 0.39035396875
6 0.24768933437500001 0.47376490625 0.25245816875 0.4873702546875 0.2938393625 0.487696778125 0.31399153125 0.487587940625 0.31353003749999997 0.46952004687500004 0.3298363796875 0.4656017 0.3292210390625 0.45275825468750003 0.32599054375000003 0.45025486875 0.326298209375 0.4379556359375 0.3218370421875 0.41676652187499996 0.3249137078125 0.4077325734375 0.3232215421875 0.40044010625000004 0.31537603125 0.3986986203125 0.27276418593749996 0.3983720953125 0.239339984375 0.40091296718749997 0.24168983437499997 0.43271039531250005 0.236613334375 0.441909196875 0.23307515781250002 0.464221965625 0.24768933437500001 0.47376490625
6 0.24757070625000002 0.53520708125 0.24830498906249998 0.5433117609375 0.26489974374999997 0.545909415625 0.308809759375 0.5445586375 0.30954402187499996 0.5327133359375 0.2936835515625 0.5310508375 0.300145240625 0.5122438265625 0.2999983796875 0.507152425 0.3214393953125 0.5058016453125 0.3199708484375 0.4981125921875 0.31483086562499996 0.49645009218749997 0.275473390625 0.4950993125 0.2358222140625 0.4959305625 0.2364096359375 0.5058016453125 0.256235225 0.510477421875 0.258144353125 0.5334406796875 0.24757070625000002 0.53520708125
6 0.24823646875 0.785784340625 0.2506853421875 0.7947246265625 0.2704892484375 0.7960806203125 0.307967628125 0.795327290625 0.3105229609375 0.784705296875 0.295084425 0.7837259624999999 0.29891744062500003 0.7631599765625 0.297852725 0.758112646875 0.317976053125 0.756304646875 0.321276703125 0.75381865 0.3168048625 0.746222178125 0.27868765156249997 0.7447908453125 0.235346375 0.746605809375 0.239079828125 0.7561030265625 0.25387952343750003 0.758438359375 0.2590966875 0.7842776765624999 0.24823646875 0.785784340625