3 0.507380790625 0.1178542234375 0.48816268437500004 0.1201090859375 0.4878771421875 0.133680890625 0.5106314109375 0.13242480625 0.5132318875 0.1268980328125 0.507380790625 0.1178542234375
7 0.565891803125 0.1743780421875 0.565891803125 0.1550343296875 0.45277056250000003 0.1550343296875 0.435511315625 0.155708590625 0.43424208281250004 0.1746292484375 0.4732494015625 0.17513168125 0.5239589140625001 0.17814629843750002 0.565891803125 0.1743780421875
7 0.25345324687500004 0.2110601453125 0.17796064218750002 0.210278065625 0.16642425 0.212467884375 0.1648477890625 0.212701409375 0.16703141875 0.22732734843750002 0.25912024375 0.2281094296875 0.26134656562499997 0.220601484375 0.25345324687500004 0.2110601453125
4 0.4074743203125 0.2938856578125 0.404681971875 0.27621070312499996 0.46779417187499994 0.27714919843749997 0.5902266640625 0.27652353281250003 0.8334342593749999 0.27636711875 0.8364701640625001 0.26354105156249996 0.835053453125 0.2461789390625 0.805301634375 0.2425813796875 0.5442875328125 0.2436762953125 0.28053276718750003 0.243519875 0.166476834375 0.24570969374999999 0.1641648234375 0.2478845125 0.165007496875 0.2888803609375 0.17067449375 0.2946677375 0.3969498953125 0.294354896875 0.4074743203125 0.2938856578125
7 0.30875911562499997 0.30902725468750003 0.29236528125 0.3082451796875 0.1782156265625 0.3062117703125 0.164392478125 0.309982690625 0.16688161875000002 0.321540490625 0.21808704375 0.3235738890625 0.31037828125 0.32294821875 0.30875911562499997 0.30902725468750003
4 0.7551374328125 0.36944363125 0.7537805234375 0.3527595890625 0.835127596875 0.35157405937499997 0.8366616 0.3395493625 0.8075152796875 0.33650084062499996 0.608847040625 0.3371782859375 0.46809386406250003 0.33599275 0.32380289375000004 0.3366702015625 0.1828299140625 0.3380250984375 0.16814719375 0.3388719046875 0.16530309999999998 0.34147156875 0.16526248125 0.36783986875 0.185096990625 0.3709681828125 0.563336340625 0.37154186093749997 0.7551374328125 0.36944363125
4 0.4005763625 0.6684667375 0.4012286859375 0.652502915625 0.5543598796875 0.653679209375 0.83398223125 0.6511586109375 0.836808909375 0.5879251156249999 0.8361565859375 0.49920433906249995 0.8291986687499999 0.4960115765625 0.7191766687500001 0.49449921406249997 0.4413597078125 0.49416313437500003 0.21325295312499998 0.49433117343750005 0.16672190781250001 0.496179615625 0.16364763124999998 0.4983863609375 0.1640943921875 0.5931851734375 0.165833878125 0.6684667375 0.1851855703125 0.671827540625 0.4005763625 0.6684667375
6 0.5439397640625 0.398274778125 0.541689590625 0.38453669218750003 0.5281885765625 0.380884796875 0.420630553125 0.3833193953125 0.3504253453125 0.38175429843750003 0.21920962031250002 0.38175429843750003 0.213920746875 0.383809121875 0.2134101203125 0.3984486703125 0.2649389421875 0.3984486703125 0.49826133749999996 0.4003615671875 0.5439397640625 0.398274778125
6 0.6486106875 0.42775054843750004 0.8017983671875 0.4261854453125 0.8031484765625001 0.41992506093750004 0.7981981125 0.41070836875000005 0.7891974484375 0.409143271875 0.6681384421875001 0.41053447031249996 0.528193425 0.40949107500000004 0.4648794625 0.409664975 0.3573940078125 0.409664975 0.218694259375 0.41070836875000005 0.21491250625 0.413281284375 0.2120090828125 0.4271421234375 0.260837715625 0.42592482968749995 0.46038474531249995 0.4274027453125 0.6486106875 0.42775054843750004
6 0.4435594296875 0.45366160468750005 0.55936985625 0.4531399140625 0.585245265625 0.45342576093750003 0.5847579640625 0.43892707187499996 0.5387094671875 0.43723242031250004 0.35936803125 0.4374207140625 0.2926098296875 0.4374207140625 0.2220308359375 0.438550478125 0.215544021875 0.44044522343750003 0.2117187296875 0.4520965078125 0.2173441484375 0.45418330156250003 0.2627975359375 0.4538355046875 0.4435594296875 0.45366160468750005
6 0.2641810609375 0.4819931140625 0.4982173078125 0.48029847343750004 0.497973690625 0.46730613125 0.48725337187499995 0.4646700015625 0.2842987484375 0.4646700015625 0.2214388546875 0.4665529484375 0.21817755 0.46803326562500003 0.2137469546875 0.4731432640625 0.214477890625 0.4806750484375 0.22008168281249998 0.4819931140625 0.2641810609375 0.4819931140625
7 0.6222589046875 0.67952656875 0.4718208671875 0.6805486578125 0.236748465625 0.67952656875 0.1689787796875 0.6800376124999999 0.1600516875 0.682337321875 0.1692850546875 0.701128271875 0.45429730468749996 0.700223940625 0.6368067484375 0.6976687187499999 0.6387905625 0.6846370312500001 0.6222589046875 0.67952656875
4 0.3554279953125 0.7300468125 0.352286921875 0.729152465625 0.26042476875 0.729152465625 0.219492746875 0.729152465625 0.16726021875 0.731707740625 0.16692958125 0.7554718203124999 0.16726021875 0.7760418015625 0.1750302359375 0.7791081296875 0.28777808125000004 0.7798747203125 0.565994059375 0.7801302546875 0.605505403125 0.7788526124999999 0.604678803125 0.7659484546875001 0.6343674203125 0.763520946875 0.7201319625 0.7624988312500001 0.8328845703125 0.7626265984375 0.8355296937500001 0.7567494578125 0.8368522671875 0.7136930390625 0.8042843234375001 0.7116488234375 0.6670970421875 0.712159871875 0.5733499109375 0.7144596234375 0.5717449734375 0.7151154859375 0.5723498375 0.7308133984375 0.5546606656249999 0.73094115625 0.48770798125 0.729152465625 0.3554279953125 0.7300468125
4 0.3052123265625 0.8118110890624999 0.19554172812499998 0.8117490515625001 0.16660444531250002 0.814792596875 0.16701184687499998 0.8407722906249999 0.1782831921875 0.8439207812499999 0.2229611828125 0.8429762265624999 0.2211957921875 0.8254496046875 0.2826238046875 0.8263941499999999 0.4082360234375 0.8269189015625 0.506491465625 0.8284931468750001 0.5911348515625 0.8268139484375 0.8155243750000001 0.826792990625 0.8347412671875001 0.8261868140624999 0.8355986828124999 0.8003842953125 0.83375903125 0.7961190921875 0.8050605546874999 0.7932756234375 0.6992892078125 0.7946025796875 0.616469728125 0.7940338828125 0.5469553359375 0.7937495359375 0.44613794531249995 0.7962138765625 0.4437353453125 0.7967493953125 0.4440467 0.8128006515624999 0.4343075640625 0.8108999703125 0.330638359375 0.814548075 0.3052123265625 0.8118110890624999
7 0.525267725 0.18218456562500002 0.4754477875 0.181724984375 0.4769524234375 0.2045955875 0.520973015625 0.2070857125 0.525267725 0.18218456562500002
7 0.279370740625 0.7263743093749999 0.35026058125000004 0.72560459375 0.3721647453125 0.728683453125 0.38331596874999996 0.728683453125 0.4543294859375 0.7266903484375 0.5609973515625 0.72758994375 0.5621610125000001 0.7104976109375001 0.263878921875 0.7095980046875 0.22703003281249998 0.712896534375 0.162065034375 0.7135455546875 0.1640378859375 0.7283755671875001 0.22529976093749998 0.7269900828125 0.279370740625 0.7263743093749999
7 0.3112616640625 0.8107565453125 0.3956512171875 0.8087552875 0.43786651093750006 0.809217115625 0.4418490859375 0.8082934546875 0.4408534421875 0.794438584375 0.22517041249999997 0.7928991546875 0.21919655 0.79490041875 0.166937446875 0.7953052656249999 0.16678555 0.8109104874999999 0.18311411718749998 0.809832884375 0.3112616640625 0.8107565453125