6 0.507682353125 0.1068772734375 0.49488235312500006 0.1068772734375 0.49488235312500006 0.117859090625 0.507682353125 0.117859090625 0.507682353125 0.1068772734375
6 0.5076794125 0.89873181875 0.497202940625 0.89873181875 0.497202940625 0.9116318187499999 0.5076794125 0.9116318187499999 0.5076794125 0.89873181875
3 0.8215852937499999 0.88195681875 0.753002940625 0.88195681875 0.753002940625 0.8934795453125 0.8215852937499999 0.8934795453125 0.8215852937499999 0.88195681875
4 0.81051470625 0.13622727343750002 0.241402940625 0.13622727343750002 0.241402940625 0.1534727265625 0.81051470625 0.1534727265625 0.81051470625 0.13622727343750002
4 0.8109588234375 0.16078409062500001 0.239852940625 0.16078409062500001 0.239852940625 0.1784704546875 0.8109588234375 0.1784704546875 0.8109588234375 0.16078409062500001
4 0.8118441171875 0.18354318125 0.2421794125 0.18354318125 0.2421794125 0.200384090625 0.8118441171875 0.200384090625 0.8118441171875 0.18354318125
4 0.8136176468749999 0.205709090625 0.239852940625 0.205709090625 0.239852940625 0.22367272656249998 0.8136176468749999 0.22367272656249998 0.8136176468749999 0.205709090625
4 0.8122852937499999 0.230265909375 0.238302940625 0.230265909375 0.238302940625 0.24727045468750003 0.8122852937499999 0.24727045468750003 0.8122852937499999 0.230265909375
4 0.608182353125 0.29495681875 0.24218235312499997 0.29495681875 0.24218235312499997 0.30922499999999997 0.608182353125 0.30922499999999997 0.608182353125 0.29495681875
4 0.698502940625 0.31771818125 0.24295588281249997 0.31771818125 0.24295588281249997 0.3359363640625 0.698502940625 0.3359363640625 0.698502940625 0.31771818125
4 0.56745 0.33988181875 0.240632353125 0.33988181875 0.240632353125 0.35750909062499997 0.56745 0.35750909062499997 0.56745 0.33988181875
4 0.667952940625 0.362640909375 0.24372941250000002 0.362640909375 0.24372941250000002 0.3807954546875 0.667952940625 0.3807954546875 0.667952940625 0.362640909375
4 0.5519558828125 0.438709090625 0.240632353125 0.438709090625 0.240632353125 0.45607272656250003 0.5519558828125 0.45607272656250003 0.5519558828125 0.438709090625
4 0.8074176468750001 0.4638704546875 0.2344294125 0.4638704546875 0.2344294125 0.4807022734375 0.8074176468750001 0.4807022734375 0.8074176468750001 0.4638704546875
4 0.8193705874999999 0.5710863640625 0.2414058828125 0.5710863640625 0.2414058828125 0.5844045453125 0.8193705874999999 0.5844045453125 0.8193705874999999 0.5710863640625
4 0.8127294125000001 0.5938477265625 0.242952940625 0.5938477265625 0.242952940625 0.611425 0.8127294125000001 0.611425 0.8127294125000001 0.5938477265625
4 0.811402940625 0.6208 0.240632353125 0.6208 0.240632353125 0.6360818187499999 0.811402940625 0.6360818187499999 0.811402940625 0.6208
4 0.8100764703125 0.6447613640625 0.24295882343750003 0.6447613640625 0.24295882343750003 0.66139318125 0.8100764703125 0.66139318125 0.8100764703125 0.6447613640625
4 0.8114000000000001 0.6699204546875 0.242952940625 0.6699204546875 0.242952940625 0.6887613640625 0.8114000000000001 0.6887613640625 0.8114000000000001 0.6699204546875
4 0.8118441171875 0.6956727265625 0.241402940625 0.6956727265625 0.241402940625 0.7120454546875 0.8118441171875 0.7120454546875 0.8118441171875 0.6956727265625
7 0.41824411718750004 0.543534090625 0.2344264703125 0.543534090625 0.2344264703125 0.5601204546874999 0.41824411718750004 0.5601204546874999 0.41824411718750004 0.543534090625
7 0.3797264703125 0.775340909375 0.23675588281249998 0.775340909375 0.23675588281249998 0.7925500000000001 0.3797264703125 0.7925500000000001 0.3797264703125 0.775340909375
7 0.3801705875 0.2614113640625 0.235982353125 0.2614113640625 0.235982353125 0.2780886359375 0.3801705875 0.2780886359375 0.3801705875 0.2614113640625
4 0.2840935875 0.4290493640625 0.345635071875 0.42802210625 0.3460778515625 0.40507885625 0.7830669046875001 0.40370911875 0.7866088484375 0.38590245 0.2429551515625 0.386001128125 0.23760539062500002 0.40268180468750003 0.280994375 0.40199693593749997 0.2840935875 0.4290493640625
4 0.1760638125 0.53240889375 0.8233568640625 0.5310391546875 0.8242421375 0.48857709062500004 0.23520361875 0.488427053125 0.22697946249999998 0.5122051375 0.1778348546875 0.5122051375 0.1760638125 0.53240889375
4 0.1694227015625 0.7634408109375 0.5922438828125001 0.7627558875 0.5940148546875 0.740155171875 0.8237994078125 0.740155171875 0.8237994078125 0.7199514171875 0.23442846562500003 0.71903513125 0.232735134375 0.740155171875 0.17650661406249998 0.74563414375 0.1694227015625 0.7634408109375
4 0.78572348125 0.8260504031250001 0.8233568640625 0.8250230734375 0.8282268140625 0.8044769468749999 0.172416209375 0.80648650625 0.173850084375 0.8493360234375 0.78572348125 0.847281453125 0.78572348125 0.8260504031250001