6 0.13832720625 0.0810546875 0.13671875 0.072265625 0.1045496328125 0.072265625 0.0900735296875 0.0751953125 0.0868566171875 0.0791015625 0.0916819859375 0.08203125 0.1335018375 0.083984375 0.13832720625 0.0810546875
3 0.9087775734375001 0.07421875 0.8862591906249999 0.07421875 0.8862591906249999 0.08203125 0.90234375 0.083984375 0.9136029406249999 0.0791015625 0.9087775734375001 0.07421875
7 0.6176470593750001 0.0810546875 0.6176470593750001 0.0751953125 0.60317095625 0.072265625 0.5163143375 0.0703125 0.3876378671875 0.072265625 0.38120404375 0.07421875 0.3795955875 0.0791015625 0.39085477968750004 0.083984375 0.6128216906249999 0.083984375 0.6176470593750001 0.0810546875
4 0.342601103125 0.12109375 0.3876378671875 0.119140625 0.4680606625 0.109375 0.479319853125 0.1064453125 0.479319853125 0.0986328125 0.42624080937500003 0.09375 0.152803309375 0.095703125 0.120634190625 0.099609375 0.094898896875 0.109375 0.0900735296875 0.1123046875 0.0900735296875 0.1162109375 0.094898896875 0.119140625 0.342601103125 0.12109375
4 0.258961396875 0.1640625 0.4744944859375 0.15234375 0.4825367640625 0.1455078125 0.4825367640625 0.1337890625 0.477711396875 0.12890625 0.3779871328125 0.12109375 0.24287683750000003 0.123046875 0.120634190625 0.130859375 0.0916819859375 0.140625 0.0868566171875 0.1435546875 0.0900735296875 0.1611328125 0.098115809375 0.1640625 0.258961396875 0.1640625
4 0.3619025734375 0.1953125 0.4744944859375 0.18359375 0.479319853125 0.1806640625 0.479319853125 0.1728515625 0.1335018375 0.171875 0.1174172796875 0.173828125 0.0916819859375 0.1875 0.0900735296875 0.1923828125 0.094898896875 0.1953125 0.19140625 0.197265625 0.3619025734375 0.1953125
4 0.16888786718749998 0.23828125 0.4680606625 0.228515625 0.477711396875 0.2265625 0.4825367640625 0.2216796875 0.477711396875 0.205078125 0.368336396875 0.203125 0.120634190625 0.203125 0.0916819859375 0.21875 0.0900735296875 0.2275390625 0.093290440625 0.2353515625 0.1013327203125 0.23828125 0.16888786718749998 0.23828125
6 0.4423253671875 0.283203125 0.4600183828125 0.2802734375 0.450367646875 0.2587890625 0.43589154375000005 0.255859375 0.38442095625 0.255859375 0.342601103125 0.2578125 0.3345588234375 0.2626953125 0.3216911765625 0.2763671875 0.32651654375 0.28125 0.33616727968750004 0.283203125 0.4423253671875 0.283203125
7 0.2943474265625 0.36328125 0.3072150734375 0.361328125 0.3506433828125 0.3408203125 0.3506433828125 0.3349609375 0.34742647031249996 0.3310546875 0.3232996328125 0.3125 0.27182904375 0.310546875 0.24609375 0.3125 0.24126838281250002 0.3154296875 0.21875 0.3369140625 0.262178309375 0.361328125 0.27182904375 0.36328125 0.2943474265625 0.36328125
6 0.22679227968750001 0.3828125 0.39085477968750004 0.3828125 0.398897059375 0.3779296875 0.398897059375 0.3740234375 0.39085477968750004 0.37109375 0.27182904375 0.369140625 0.1881893375 0.369140625 0.175321690625 0.37109375 0.1704963234375 0.3740234375 0.1704963234375 0.3779296875 0.175321690625 0.380859375 0.22679227968750001 0.3828125
4 0.094898896875 0.541015625 0.1399356625 0.54296875 0.32973345625 0.54296875 0.368336396875 0.541015625 0.4680606625 0.53125 0.479319853125 0.5283203125 0.4825367640625 0.4970703125 0.4825367640625 0.4404296875 0.477711396875 0.392578125 0.4712775734375 0.390625 0.4423253671875 0.388671875 0.11098345624999999 0.392578125 0.0900735296875 0.4052734375 0.0868566171875 0.4091796875 0.0868566171875 0.5244140625 0.0900735296875 0.5380859375 0.094898896875 0.541015625
4 0.5259650734375 0.216796875 0.5356158093750001 0.21875 0.7189797796875 0.21875 0.7704503671875 0.216796875 0.9055606624999999 0.205078125 0.9136029406249999 0.2001953125 0.9136029406249999 0.1123046875 0.9103860296875 0.0986328125 0.9055606624999999 0.095703125 0.8283547796875 0.09375 0.6063878671875 0.09375 0.5420496328125 0.09765625 0.52113970625 0.1142578125 0.51792279375 0.1259765625 0.51792279375 0.1943359375 0.52113970625 0.2138671875 0.5259650734375 0.216796875
4 0.532398896875 0.376953125 0.6192555140625 0.37890625 0.8315716906249999 0.376953125 0.9103860296875 0.3623046875 0.9136029406249999 0.3525390625 0.9136029406249999 0.2333984375 0.9087775734375001 0.228515625 0.8444393375000001 0.2265625 0.6192555140625 0.2265625 0.54526654375 0.228515625 0.52113970625 0.2451171875 0.51792279375 0.2568359375 0.51792279375 0.3583984375 0.52113970625 0.3720703125 0.532398896875 0.376953125
4 0.6321231625 0.46875 0.87339154375 0.466796875 0.8926930140625 0.46484375 0.8975183828125 0.4619140625 0.9103860296875 0.4482421875 0.9136029406249999 0.4384765625 0.9136029406249999 0.3974609375 0.9103860296875 0.3896484375 0.9055606624999999 0.38671875 0.7704503671875 0.380859375 0.57421875 0.384765625 0.54526654375 0.38671875 0.52113970625 0.4033203125 0.51792279375 0.4404296875 0.5243566171875 0.4638671875 0.532398896875 0.466796875 0.6321231625 0.46875
4 0.73667279375 0.4833984375 0.73667279375 0.4794921875 0.7286305140625 0.4765625 0.6803768375 0.474609375 0.616038603125 0.474609375 0.5549172796875 0.4765625 0.5420496328125 0.478515625 0.5420496328125 0.484375 0.5677849265625 0.486328125 0.7286305140625 0.486328125 0.73667279375 0.4833984375
6 0.84765625 0.54296875 0.87339154375 0.53125 0.8975183828125 0.5068359375 0.8975183828125 0.5029296875 0.8926930140625 0.5 0.805836396875 0.498046875 0.7704503671875 0.5 0.765625 0.5048828125 0.7849264703125 0.5283203125 0.81870404375 0.54296875 0.84765625 0.54296875
7 0.5002297796875 0.603515625 0.5227481625 0.6015625 0.5533088234375 0.5791015625 0.5533088234375 0.5732421875 0.54526654375 0.5703125 0.5163143375 0.568359375 0.4712775734375 0.568359375 0.44875919062499997 0.572265625 0.4471507359375 0.5791015625 0.47288602968750004 0.5986328125 0.477711396875 0.6015625 0.5002297796875 0.603515625
6 0.59995404375 0.625 0.6112132359375 0.6220703125 0.6112132359375 0.6162109375 0.6063878671875 0.61328125 0.5098805140625 0.609375 0.4037224265625 0.611328125 0.39085477968750004 0.61328125 0.3860294125 0.6181640625 0.394071690625 0.623046875 0.4069393375 0.625 0.59995404375 0.625
4 0.1399356625 0.68359375 0.342601103125 0.685546875 0.7833180140625 0.685546875 0.8573069859375 0.68359375 0.9087775734375001 0.66796875 0.9136029406249999 0.6650390625 0.9136029406249999 0.6357421875 0.90234375 0.6328125 0.8830422796875 0.630859375 0.42624080937500003 0.62890625 0.1302849265625 0.6328125 0.0900735296875 0.6455078125 0.0868566171875 0.6513671875 0.0868566171875 0.6767578125 0.094898896875 0.681640625 0.1399356625 0.68359375
5 0.094898896875 0.810546875 0.1302849265625 0.8125 0.60317095625 0.8125 0.9055606624999999 0.810546875 0.9136029406249999 0.8056640625 0.9136029406249999 0.6923828125 0.9087775734375001 0.689453125 0.889476103125 0.6875 0.094898896875 0.6875 0.0868566171875 0.6923828125 0.0868566171875 0.8017578125 0.0900735296875 0.8076171875 0.094898896875 0.810546875
6 0.152803309375 0.693359375 0.123851103125 0.69140625 0.098115809375 0.693359375 0.098115809375 0.701171875 0.1576286765625 0.7001953125 0.1576286765625 0.6962890625 0.152803309375 0.693359375
6 0.30078125 0.693359375 0.24287683750000003 0.69140625 0.21714154375 0.693359375 0.21714154375 0.701171875 0.2975643375 0.701171875 0.30238970625 0.6982421875 0.30078125 0.693359375
6 0.5130974265625 0.701171875 0.51792279375 0.6982421875 0.5163143375 0.693359375 0.48414522031249996 0.69140625 0.38120404375 0.693359375 0.3795955875 0.6982421875 0.38442095625 0.701171875 0.4423253671875 0.703125 0.5130974265625 0.701171875
6 0.6803768375 0.693359375 0.6063878671875 0.69140625 0.587086396875 0.693359375 0.5854779406249999 0.6982421875 0.5903033093750001 0.701171875 0.68198529375 0.7001953125 0.6803768375 0.693359375
6 0.8653492640625 0.7001953125 0.8637408093750001 0.693359375 0.7736672796875 0.693359375 0.7688419125 0.6982421875 0.780101103125 0.703125 0.8283547796875 0.703125 0.8653492640625 0.7001953125
6 0.1335018375 0.720703125 0.13832720625 0.7177734375 0.13671875 0.7109375 0.1302849265625 0.708984375 0.120634190625 0.7109375 0.11580882343750001 0.7138671875 0.11580882343750001 0.7177734375 0.120634190625 0.720703125 0.1335018375 0.720703125
6 0.25413602968750004 0.7119140625 0.2396599265625 0.708984375 0.178538603125 0.708984375 0.17371323593750002 0.7119140625 0.178538603125 0.71875 0.25413602968750004 0.7177734375 0.25413602968750004 0.7119140625
6 0.47610294062499997 0.7177734375 0.4744944859375 0.708984375 0.3619025734375 0.708984375 0.35707720625 0.7119140625 0.35386029375 0.7158203125 0.3651194859375 0.720703125 0.4616268375 0.720703125 0.47610294062499997 0.7177734375
6 0.670726103125 0.71875 0.6755514703125 0.7158203125 0.670726103125 0.7109375 0.6610753671875 0.708984375 0.5549172796875 0.7109375 0.5533088234375 0.7158203125 0.5581341906249999 0.71875 0.6224724265625 0.720703125 0.670726103125 0.71875
6 0.84926470625 0.7177734375 0.84926470625 0.7119140625 0.8444393375000001 0.708984375 0.73828125 0.708984375 0.7318474265625 0.7109375 0.7302389703125 0.7177734375 0.7479319859375 0.720703125 0.834788603125 0.720703125 0.84926470625 0.7177734375
6 0.87339154375 0.73828125 0.8814338234375001 0.7353515625 0.8814338234375001 0.7275390625 0.87660845625 0.724609375 0.7350643375 0.7265625 0.7302389703125 0.7294921875 0.7302389703125 0.7333984375 0.7350643375 0.736328125 0.87339154375 0.73828125
6 0.7028952203125 0.736328125 0.7077205875 0.7294921875 0.6996783093750001 0.724609375 0.561351103125 0.7265625 0.5549172796875 0.728515625 0.5533088234375 0.7333984375 0.5581341906249999 0.736328125 0.6868106625 0.73828125 0.7028952203125 0.736328125
6 0.5002297796875 0.73828125 0.506663603125 0.736328125 0.5114889703125 0.7314453125 0.5082720593750001 0.7275390625 0.5002297796875 0.724609375 0.3619025734375 0.7265625 0.35707720625 0.7294921875 0.35707720625 0.7353515625 0.38120404375 0.73828125 0.5002297796875 0.73828125
6 0.2525275734375 0.728515625 0.22035845625 0.7265625 0.178538603125 0.728515625 0.176930146875 0.7333984375 0.18175551406249998 0.736328125 0.25413602968750004 0.7353515625 0.2525275734375 0.728515625
6 0.13671875 0.728515625 0.1174172796875 0.728515625 0.1174172796875 0.736328125 0.1302849265625 0.73828125 0.13832720625 0.7353515625 0.13671875 0.728515625
6 0.1335018375 0.755859375 0.13832720625 0.7529296875 0.13671875 0.74609375 0.120634190625 0.74609375 0.11580882343750001 0.7490234375 0.11580882343750001 0.7529296875 0.120634190625 0.755859375 0.1335018375 0.755859375
6 0.23161764687500003 0.7470703125 0.22035845625 0.744140625 0.178538603125 0.74609375 0.178538603125 0.75390625 0.22357536718749998 0.75390625 0.23161764687500003 0.7509765625 0.23161764687500003 0.7470703125
6 0.4873621328125 0.755859375 0.5002297796875 0.75390625 0.5082720593750001 0.7470703125 0.5034466906249999 0.744140625 0.4873621328125 0.7421875 0.3586856625 0.74609375 0.35707720625 0.7509765625 0.3619025734375 0.75390625 0.4069393375 0.755859375 0.4873621328125 0.755859375
6 0.696461396875 0.75390625 0.7012867640625 0.7490234375 0.6932444859375 0.744140625 0.68359375 0.7421875 0.5581341906249999 0.744140625 0.5533088234375 0.7470703125 0.5500919125 0.7509765625 0.5581341906249999 0.755859375 0.6868106625 0.755859375 0.696461396875 0.75390625
6 0.8573069859375 0.755859375 0.8701746328125 0.75390625 0.875 0.7490234375 0.8701746328125 0.744140625 0.860523896875 0.7421875 0.7318474265625 0.744140625 0.723805146875 0.7490234375 0.723805146875 0.7529296875 0.73828125 0.755859375 0.8573069859375 0.755859375
6 0.8380055140625 0.771484375 0.8428308828125 0.7685546875 0.8428308828125 0.7646484375 0.834788603125 0.76171875 0.7350643375 0.76171875 0.725413603125 0.765625 0.723805146875 0.7685546875 0.7350643375 0.771484375 0.7768841906249999 0.7734375 0.8380055140625 0.771484375
6 0.3056066171875 0.7724609375 0.3056066171875 0.7646484375 0.2975643375 0.76171875 0.18175551406249998 0.76171875 0.175321690625 0.763671875 0.17371323593750002 0.7646484375 0.176930146875 0.7685546875 0.1849724265625 0.7734375 0.3056066171875 0.7724609375
6 0.6642922796875 0.7734375 0.669117646875 0.7685546875 0.669117646875 0.7646484375 0.6642922796875 0.76171875 0.65464154375 0.759765625 0.5549172796875 0.76171875 0.5500919125 0.7646484375 0.5500919125 0.7685546875 0.5581341906249999 0.7734375 0.6642922796875 0.7734375
6 0.4584099265625 0.7734375 0.4680606625 0.771484375 0.47610294062499997 0.7646484375 0.4712775734375 0.76171875 0.44875919062499997 0.7578125 0.3619025734375 0.76171875 0.35707720625 0.7646484375 0.35707720625 0.7685546875 0.3651194859375 0.7734375 0.4584099265625 0.7734375
6 0.1335018375 0.7734375 0.13832720625 0.7705078125 0.13832720625 0.7646484375 0.1335018375 0.76171875 0.120634190625 0.76171875 0.11580882343750001 0.7646484375 0.11580882343750001 0.7705078125 0.120634190625 0.7734375 0.1335018375 0.7734375
6 0.1335018375 0.791015625 0.13832720625 0.7880859375 0.13832720625 0.7822265625 0.1335018375 0.779296875 0.120634190625 0.779296875 0.11580882343750001 0.7822265625 0.11580882343750001 0.7880859375 0.123851103125 0.791015625 0.1335018375 0.791015625
6 0.1335018375 0.80859375 0.13832720625 0.8056640625 0.13832720625 0.7998046875 0.1335018375 0.796875 0.120634190625 0.796875 0.11580882343750001 0.7998046875 0.11580882343750001 0.8056640625 0.120634190625 0.80859375 0.1335018375 0.80859375
6 0.23805147031249999 0.7861328125 0.23805147031249999 0.7822265625 0.23322610312499997 0.779296875 0.176930146875 0.7783203125 0.17371323593750002 0.7841796875 0.178538603125 0.787109375 0.22357536718749998 0.7890625 0.23805147031249999 0.7861328125
6 0.479319853125 0.7861328125 0.477711396875 0.779296875 0.41015625 0.77734375 0.3586856625 0.779296875 0.35707720625 0.7861328125 0.3619025734375 0.7890625 0.4744944859375 0.7890625 0.479319853125 0.7861328125
6 0.6675091906249999 0.7890625 0.6755514703125 0.7861328125 0.6755514703125 0.7822265625 0.670726103125 0.779296875 0.5581341906249999 0.77734375 0.5533088234375 0.7802734375 0.5533088234375 0.7841796875 0.5581341906249999 0.787109375 0.6675091906249999 0.7890625
6 0.8524816171875 0.7861328125 0.8524816171875 0.7822265625 0.84765625 0.779296875 0.7318474265625 0.779296875 0.7302389703125 0.7841796875 0.7350643375 0.787109375 0.8444393375000001 0.7890625 0.8524816171875 0.7861328125
6 0.8717830875000001 0.8056640625 0.8685661765624999 0.7998046875 0.8637408093750001 0.796875 0.7865349265625 0.794921875 0.73828125 0.796875 0.7334558828125 0.7998046875 0.7270220593750001 0.8056640625 0.7318474265625 0.80859375 0.8669577203125 0.80859375 0.8717830875000001 0.8056640625
6 0.7109375 0.8056640625 0.7109375 0.7998046875 0.7061121328125 0.796875 0.6932444859375 0.794921875 0.5549172796875 0.796875 0.5533088234375 0.8056640625 0.5581341906249999 0.80859375 0.7028952203125 0.80859375 0.7109375 0.8056640625
6 0.5147058828125 0.8056640625 0.5147058828125 0.7998046875 0.5098805140625 0.796875 0.49379595624999995 0.794921875 0.3586856625 0.796875 0.35386029375 0.7998046875 0.3506433828125 0.8056640625 0.3522518375 0.80859375 0.5098805140625 0.80859375 0.5147058828125 0.8056640625
6 0.286305146875 0.7998046875 0.2782628671875 0.794921875 0.178538603125 0.796875 0.17371323593750002 0.8017578125 0.18175551406249998 0.806640625 0.2782628671875 0.806640625 0.286305146875 0.7998046875
7 0.24770220625 0.8271484375 0.24609375 0.822265625 0.230009190625 0.818359375 0.1302849265625 0.8203125 0.125459559375 0.8232421875 0.1335018375 0.828125 0.1431525734375 0.830078125 0.24770220625 0.8271484375
4 0.5838694859375 0.849609375 0.62729779375 0.8466796875 0.62729779375 0.8388671875 0.616038603125 0.8359375 0.2398932390625 0.8361646468749999 0.147977940625 0.8369140625 0.1447610296875 0.8408203125 0.152803309375 0.84765625 0.33870038125 0.849727528125 0.5838694859375 0.849609375
4 0.1740218421875 0.8682873640625 0.1834320796875 0.8789949359375001 0.796271484375 0.8804225906250001 0.7939189703125 0.8661458281250001 0.9197803906249999 0.861862809375 0.9164705609375 0.849285715625 0.141086096875 0.8511552375000001 0.141086096875 0.865432 0.1740218421875 0.8682873640625