3 0.5220801015625 0.8953831203125 0.46982782187499994 0.8970602124999999 0.4660044984375 0.9016722125 0.46568587656249993 0.9100576703125001 0.47014644375000003 0.91571785625 0.49308646874999995 0.91508895 0.5259034671875 0.9161371359375 0.532275671875 0.903768578125 0.5220801015625 0.8953831203125
6 0.49945869531250003 0.93772969375 0.57401378125 0.933536965625 0.5749696 0.9232647796875 0.5689160156249999 0.9190720499999999 0.48990034375 0.9171853140625 0.48249375624999996 0.9160491468749999 0.4772376484375 0.9160491468749999 0.4768622140625 0.9175312874999999 0.45554084375 0.9179817578125 0.41853140624999996 0.9194913359375001 0.41853140624999996 0.9272478640624999 0.42713389375000005 0.938148965625 0.49945869531250003 0.93772969375
4 0.0887075015625 0.8776010062499999 0.0887075015625 0.8773167828125 0.10599150312500001 0.8825749281249999 0.1440050453125 0.8822907046875 0.44087798125 0.8804432484375001 0.9055327625 0.877571025 0.9059152718749999 0.842840359375 0.8722555203125 0.8388136046874999 0.7991984859375 0.839568615625 0.5716124984375 0.8393169453124999 0.301039734375 0.841833659375 0.1464614265625 0.841833659375 0.13001403281249999 0.8443503828125 0.1289324703125 0.8446017453125 0.1308247859375 0.863958234375 0.09993878125 0.863958234375 0.0848197515625 0.8665162531249999 0.0887075015625 0.8776010062499999
4 0.0966679828125 0.7937244109375 0.08599943437499999 0.8011737703125 0.087741234375 0.813493865625 0.1012402453125 0.8177915656250001 0.2484229 0.816932028125 0.386668671875 0.8175050640625001 0.385797771875 0.7922918421875 0.715542115625 0.7922918421875 0.8979909703125 0.7947272109375 0.9060468328125 0.78813739375 0.9073531687499999 0.7514636328125001 0.8254882609375 0.74859849375 0.539678725 0.7524664249999999 0.4989639875 0.750460828125 0.32521783593750003 0.7503175718749999 0.252309446875 0.7528961984375 0.2377217890625 0.75418550625 0.1319070234375 0.75547481875 0.1290905859375 0.7579294171875001 0.1293268703125 0.7782526671875 0.08643486875 0.780688034375 0.0873057703125 0.7908592750000001 0.0966679828125 0.7937244109375
4 0.088731878125 0.7007934437500001 0.08894351874999999 0.7229289156250001 0.108838471875 0.72641036875 0.3600769921875 0.724600015625 0.372008265625 0.7268281546875001 0.3747596625 0.7255748234375 0.37581790625 0.7000905937499999 0.554711390625 0.70078688125 0.8414179875000001 0.702179465625 0.9054641765625 0.6986980140625 0.9063107671875 0.6600557203124999 0.865885984375 0.6561564953125 0.7115310609375001 0.6599164625 0.6078636375 0.657409821875 0.46253561718749997 0.6579668515625 0.3458556625 0.6582453671875 0.1723587546875 0.6590809171875 0.1475959015625 0.662562365625 0.1321455828125 0.6631194 0.127470840625 0.6649082328125 0.12809462968750002 0.682444378125 0.09139496875 0.6822344109375 0.0894801890625 0.6870638484375 0.088731878125 0.7007934437500001
4 0.085730515625 0.5957391109375 0.08544723125 0.6084134062500001 0.0891298125 0.6326436796875 0.1072594921875 0.6333892359375 0.195309709375 0.6348803375000001 0.48366922968750004 0.631152603125 0.8275368015625 0.6333892359375 0.8476493749999999 0.6313389703125 0.849632328125 0.6069223109374999 0.9040212671875001 0.6082270203125 0.906854034375 0.5666627828124999 0.8807926828125 0.5638669796875 0.6969466609375 0.5661036187499999 0.4553490390625 0.56852665 0.2351056640625 0.566476390625 0.1591083984375 0.569644965625 0.1287634671875 0.5725867906250001 0.12793859531250001 0.59406163125 0.103576890625 0.5916386 0.093095696875 0.5925705359375 0.085730515625 0.5957391109375
6 0.4565711671875 0.535315921875 0.6175227546875 0.53729339375 0.686859146875 0.5323497203125 0.6848555125 0.5185074515625 0.5836733328125 0.514058146875 0.3665000671875 0.5157060359375001 0.32699498125000004 0.5153764562500001 0.3242815703125 0.5169964265625 0.30329520625 0.5191666046875001 0.3020429484375 0.5298778875 0.320325871875 0.5356454984375 0.4565711671875 0.535315921875
7 0.5346880890625 0.49284024843749996 0.5344473453125 0.47858447968749995 0.45981890468750003 0.4782676796875 0.45359547187500004 0.4814320140625 0.45596711093750003 0.49458261875 0.5202438625 0.49489941875000004 0.5303548250000001 0.494265825 0.5346880890625 0.49284024843749996
6 0.635602021875 0.29691280781249996 0.5022722875000001 0.29346690937500003 0.363752909375 0.294041225 0.35044175625 0.299210075 0.3564248875 0.3140465640625 0.4361165515625 0.3161524109375 0.601778590625 0.31701388750000004 0.6340744953125 0.31227578125 0.635602021875 0.29691280781249996
6 0.6224768546874999 0.2570160078125 0.5819256078125 0.2522071390625 0.4645156484375 0.2528276453125 0.38675525 0.252982765625 0.3657723484375 0.2559301421875 0.36129284375 0.2641517484375 0.371666425 0.2753207390625 0.4096855203125 0.281525734375 0.5068198890625 0.279664228125 0.62153380625 0.2737694921875 0.6224768546874999 0.2570160078125
6 0.6215885328125 0.35137901562499996 0.6215885328125 0.33768803125 0.47986332656249997 0.336014690625 0.45859298906249996 0.3335807359375 0.4491138125 0.3335807359375 0.4451834296875 0.33571044687499996 0.3795228125 0.33586256875 0.3663679921875 0.341094053125 0.3715805046875 0.352900234375 0.4048732265625 0.3518353796875 0.593382240625 0.35198750156249997 0.6215885328125 0.35137901562499996
6 0.2740696828125 0.3848714375 0.2902028375 0.3869944546875 0.49440269687500005 0.38729775312500003 0.7096652578125 0.38456815 0.7092043593749999 0.368493821875 0.49440269687500005 0.36758393749999996 0.47366001874999997 0.36546091875000003 0.4367842171875 0.36546091875000003 0.42618241250000005 0.368493821875 0.34736035625 0.368493821875 0.325664578125 0.3687488875 0.3137111921875 0.363337890625 0.2938904375 0.366674071875 0.26761640781249996 0.37092012812499997 0.2740696828125 0.3848714375
6 0.5892850125 0.41745949531250004 0.5913356609375 0.4026364359375 0.5541961625 0.40156816875 0.54098084375 0.39768913437500003 0.42705593750000004 0.3991883203125 0.41680269531249997 0.40173692499999997 0.4019924421875 0.40278635312500005 0.39753376875 0.40435825000000003 0.4054102015625 0.41777816874999996 0.417486234375 0.4207576984375 0.49017034531250003 0.41865884218750005 0.5892850125 0.41745949531250004
6 0.4614896984375 0.4496919015625 0.5555917046875 0.450141659375 0.560376540625 0.44879240625000005 0.5612879687500001 0.436649025 0.5410092765625001 0.434700090625 0.4646795984375 0.43410040937499994 0.4498693625 0.43155181562499995 0.443409621875 0.43439682656249995 0.42867933750000004 0.4349999265625 0.4316413671875 0.44714329687500004 0.4348312671875 0.449392065625 0.4614896984375 0.4496919015625
6 0.331164609375 0.075651484375 0.241538509375 0.07224929375 0.19715636718750001 0.06998117968749999 0.104944909375 0.0745174171875 0.0915872125 0.0787701515625 0.0935967484375 0.09545842812500001 0.1885384765625 0.094930540625 0.301863765625 0.0963481125 0.331164609375 0.0943635015625 0.331164609375 0.075651484375
2 0.62059620625 0.1695217703125 0.6260162609375 0.12669521718750001 0.6070460703125 0.0910064234375 0.544715446875 0.07673090625 0.4905149046875 0.07673090625 0.455284553125 0.094575303125 0.4281842828125 0.12312633906249999 0.4281842828125 0.155246253125 0.46612466093749994 0.194503925 0.5230352296875 0.206995003125 0.5826558265624999 0.1980728046875 0.62059620625 0.1695217703125
7 0.85095121875 0.10528105000000001 0.6476991875 0.10528105000000001 0.6476991875 0.14453693750000002 0.85095121875 0.14453693750000002 0.85095121875 0.10528105000000001
7 0.3956666671875 0.1124170234375 0.127373984375 0.1124170234375 0.127373984375 0.1534609203125 0.3956666671875 0.1534609203125 0.3956666671875 0.1124170234375