6 0.0816242484375 0.072888609375 0.08443848281250001 0.08362065937499999 0.144743465625 0.0841084875 0.1443414203125 0.0709373265625 0.133084509375 0.0709373265625 0.0816242484375 0.072888609375
3 0.882436 0.0720803453125 0.8800328531250001 0.0744130921875 0.882436 0.0852020328125 0.9127156218750001 0.0834524859375 0.9122349125 0.0717887546875 0.882436 0.0720803453125
4 0.518130640625 0.8754499656249999 0.5403942109375001 0.8761142468750001 0.593649521875 0.877996384375 0.8310254171875 0.8768892390625 0.827558134375 0.8627178328125 0.9114902765625 0.8633821156250001 0.915140028125 0.8528642734374999 0.9141820390625 0.8272893046875 0.8957507140625 0.8246321640625001 0.8780496281250001 0.8277321640625 0.7203148765625 0.8269571640625 0.7091921078125 0.8250750218749999 0.575742096875 0.8259607359375 0.5386969781250001 0.8286178734374999 0.5365885125000001 0.8296482921875 0.537839371875 0.8383010125 0.52871495625 0.8380795859375001 0.516853221875 0.8402938671875001 0.518130640625 0.8754499656249999
4 0.517985415625 0.8139075140625 0.5223979171875001 0.8173719015625001 0.57015675 0.8183167375 0.667821721875 0.8185529468749999 0.6649665578125 0.8060338984375001 0.7079235640625 0.8061126375000001 0.9042110328125 0.807000875 0.9126048875 0.8049875562500001 0.9133857093750001 0.7950394375000001 0.9133857093750001 0.769820659375 0.8034846343750001 0.7683995015625 0.7859160765625 0.7674520609375 0.6856415874999999 0.7679257828125 0.5834912531249999 0.7681626421875001 0.5705883875 0.769820659375 0.5387697859375 0.7707681 0.5346848859375 0.772032796875 0.5356354234375 0.7826051578125 0.5175960734375 0.782998840625 0.5170769578125001 0.7924471750000001 0.517985415625 0.8139075140625
4 0.0976318265625 0.1872795328125 0.15680404375 0.18685718906249998 0.1593565703125 0.17897342031250002 0.1598206796875 0.17474996874999998 0.2164403734375 0.17559465937500002 0.37218257499999996 0.17474996874999998 0.48137645625000003 0.174327625 0.4802162140625 0.1639097921875 0.4667574359375 0.1608125921875 0.133159078125 0.16137571875 0.127125821875 0.16067180781249998 0.11591824218749999 0.16498638906250002 0.1150354125 0.17615778437500001 0.087653778125 0.17658013749999998 0.0871896671875 0.1855901546875 0.0976318265625 0.1872795328125
4 0.08683213906250001 0.1351895625 0.097832615625 0.1378339375 0.2105355234375 0.1382117046875 0.33512787187500004 0.1377080125 0.463279665625 0.1356932546875 0.4616192234375 0.1210862375 0.48216729843749995 0.1203307046875 0.48216729843749995 0.09818745 0.37112480312499996 0.095669 0.1744921671875 0.0959208484375 0.1191322625 0.09793560625 0.11535657343750001 0.09952093749999999 0.115889984375 0.11164204375 0.08579435468749999 0.1117679703125 0.084964134375 0.1169307921875 0.08683213906250001 0.1351895625
4 0.6153187953125 0.20942385625 0.6664992437499999 0.20821565468749997 0.6672906140625 0.195287903125 0.8035392937499999 0.19710020625 0.9123069890625001 0.19722102187499999 0.913302721875 0.1916633 0.914298453125 0.1588495546875 0.8025776359375 0.1583662734375 0.787442571875 0.1569164359375 0.6613480234375 0.1573997125 0.584446553125 0.1571580734375 0.538045584375 0.159936940625 0.5354349921875 0.16100008125 0.5379497875 0.170856821875 0.517339046875 0.17288493437500002 0.5165424546875 0.207974015625 0.6153187953125 0.20942385625
4 0.5236907453125 0.23059160781250002 0.5172361484375 0.23040946718750002 0.5172361484375 0.261737078125 0.52233979375 0.265835165625 0.614370546875 0.26746295781249996 0.6363353765624999 0.2679183 0.8520341640625 0.2667344078125 0.8751976625 0.26709868124999997 0.8738467 0.2513438125 0.9121239484375 0.25234556406249997 0.914225446875 0.24551541875 0.9140753359374999 0.2170190484375 0.89381090625 0.214286984375 0.6832469203125 0.2152887390625 0.5928891171874999 0.21519767500000003 0.53687553125 0.217656525 0.53644729375 0.218396071875 0.5399022875 0.2282238265625 0.5322468406249999 0.2281327546875 0.5281939546875 0.2282238265625 0.5236907453125 0.23059160781250002
4 0.5177512328125 0.3051550578125 0.520901953125 0.30999006093750003 0.5472197171875 0.3138131 0.576132203125 0.3128011140625 0.6371078859375 0.311114484375 0.77523351875 0.31370065468749997 0.904718546875 0.3102149515625 0.9041625453125001 0.2966094546875 0.9123173421875 0.297059221875 0.915097396875 0.288513625 0.913800053125 0.27446778125 0.7439250953125 0.273118478125 0.61145425 0.27300603125 0.5923645890625 0.27266870625 0.552517271875 0.27547976093750004 0.5480902671875 0.275938734375 0.5485170875 0.2875016453125 0.52368199375 0.288513625 0.5196045953125 0.288513625 0.5177512328125 0.3051550578125
7 0.727762071875 0.31843258125 0.7205122125 0.3167569859375 0.7117088375 0.31843258125 0.701697128125 0.31989871718749996 0.6887109515625001 0.320656265625 0.6947925125000001 0.330790059375 0.740880846875 0.32932391562499996 0.7403630078125001 0.32021289375 0.727762071875 0.31843258125
5 0.5183233828125 0.3545948 0.519115284375 0.6508446218749999 0.9123864578124999 0.6509265656250001 0.9131910921875 0.354427659375 0.5183233828125 0.3545948
7 0.6392316984375 0.360310459375 0.6119296171874999 0.35921142968750003 0.59523783125 0.360310459375 0.5934263171875 0.361330990625 0.595875084375 0.367260009375 0.6123178 0.3698877171875 0.64065501875 0.3696522125 0.6411725921875 0.36564860625 0.6392316984375 0.360310459375
7 0.8840833265624999 0.3611103703125 0.877906075 0.35833430625 0.7699185640625 0.357779090625 0.7461247171875 0.3575014859375 0.7410913875 0.36027755 0.74426726875 0.3676607515625 0.76442769375 0.369577371875 0.8545698328125001 0.3713818125 0.88248183125 0.3706878 0.8840833265624999 0.3611103703125
6 0.832606228125 0.3802652265625 0.8241411296875001 0.3766563375 0.806982075 0.3766563375 0.7927973125000001 0.37887719531249997 0.7926479296875 0.37891035781250004 0.79691545 0.387899403125 0.8175062890625 0.3880382046875 0.828030503125 0.3865113703125 0.832606228125 0.3802652265625
6 0.8337501671875 0.396644009375 0.8223108078125 0.39414555 0.8056093734375 0.39414555 0.7959934015625 0.396565990625 0.795313953125 0.40455579999999997 0.818192640625 0.40566622187499995 0.83031838125 0.40358417500000004 0.8337501671875 0.396644009375
6 0.8287168546875 0.4203793703125 0.832606228125 0.415521259375 0.8298607921875 0.411495965625 0.8042366718749999 0.410385534375 0.7992033281250001 0.41246759062500005 0.7941700140625 0.41801971875 0.800576028125 0.4214898015625 0.814303265625 0.4216286 0.8287168546875 0.4203793703125
6 0.6376796171875 0.3790036765625 0.6315023640625 0.3760888046875 0.5980994484375 0.37664401718749996 0.596037159375 0.379060821875 0.5967267234375 0.3846946078125 0.6019888296875 0.38677665625 0.6374508375 0.3863602484375 0.6376796171875 0.3790036765625
6 0.6367644718750001 0.403016646875 0.6404250671875 0.3967705 0.6335614484375001 0.3945496421875 0.62143573125 0.39413323125 0.5994721734375 0.39413323125 0.595779815625 0.39484151875 0.5946676390625 0.4039882625 0.6067933640625001 0.40509869375 0.62555390625 0.40482108281249995 0.6367644718750001 0.403016646875
6 0.6333326703125 0.42175509062499994 0.63722204375 0.41620295625 0.634247815625 0.411206034375 0.610225165625 0.41037321718750003 0.5978385671875001 0.41218466249999997 0.59626915 0.4193954296875 0.60038731875 0.4213386734375 0.6239523953125 0.4216162828125 0.6333326703125 0.42175509062499994
6 0.595811578125 0.43743985468749996 0.601302471875 0.4388278859375 0.6266978453125 0.438133871875 0.6379084265625 0.43743985468749996 0.6367644718750001 0.431054903125 0.6186902875 0.42925046250000004 0.6009266953125 0.42952780625000003 0.600844890625 0.428972853125 0.5971843031249999 0.43008328437500004 0.595811578125 0.43743985468749996
6 0.6134281890625 0.45576188906250004 0.6356205328125 0.456594715625 0.6360781046875 0.45395744843749997 0.639281128125 0.446878484375 0.6193766468749999 0.4460456578125 0.5955224718750001 0.44640221562500004 0.595811578125 0.4515977875 0.5990146015625 0.45576188906250004 0.6134281890625 0.45576188906250004
6 0.832148671875 0.4339610203125 0.8314622890625 0.4304909421875 0.8209381062500001 0.4297969234375 0.8097275406250001 0.4288252984375 0.8019487937499999 0.4310461515625 0.7966866546875 0.4311849578125 0.7957360578125 0.43218974374999997 0.7964578609374999 0.43812511875000004 0.8056093734375 0.43812511875000004 0.8250562734375 0.4388191375 0.832148671875 0.4339610203125
6 0.8307759375 0.4533934796875 0.832148671875 0.448118959375 0.8227683953125 0.446869725 0.81636235 0.4465921203125 0.806982075 0.447286134375 0.7957360578125 0.448907909375 0.7966866546875 0.45630835156250005 0.8083548078125 0.4581127921875 0.8252850374999999 0.45644715781249995 0.8307759375 0.4533934796875
6 0.8316911140625001 0.47129910468749997 0.8314622890625 0.46602457656249996 0.8175062890625 0.4642201359375 0.7982881828124999 0.46394253125 0.7943987765625 0.46491414999999997 0.7966866546875 0.4742139734375 0.8081260140625 0.4740751703125 0.8248275125 0.474491578125 0.8316911140625001 0.47129910468749997
6 0.8314622890625 0.4811541390625 0.813845709375 0.4811541390625 0.799660915625 0.4819869546875 0.794964025 0.4831254625 0.7962291296874999 0.4894823328125 0.8140744718749999 0.4910091671875 0.833063815625 0.48989875468750005 0.8314622890625 0.4811541390625
6 0.6390523499999999 0.46574697187499997 0.6262402578125 0.46394253125 0.6001585328125 0.46352611718750003 0.595779815625 0.46703227500000005 0.5994721734375 0.47379756406249995 0.6209781578125 0.47379756406249995 0.6363068984375 0.47296474374999997 0.6390523499999999 0.46574697187499997
6 0.610911525 0.4910091671875 0.627612990625 0.4907315625 0.6385947609375 0.4912867828125 0.6388235546875001 0.4876778921875 0.6347053875 0.48101533124999996 0.6166312046875 0.4811541390625 0.599639975 0.481094284375 0.595811578125 0.484624221875 0.5987858140625 0.4910091671875 0.610911525 0.4910091671875
6 0.832606228125 0.5048895 0.8287168546875 0.49878215 0.808583603125 0.4985045453125 0.79367730625 0.5003123625 0.7962291296874999 0.506971546875 0.8081260140625 0.5087759875 0.8239123359375 0.5086371984375 0.832606228125 0.5048895
6 0.6150296921875 0.499169496875 0.5992433875 0.4986142828125 0.5955827921875 0.5008351421875 0.598328234375 0.5070812890624999 0.6264690515625 0.5080529031250001 0.6369932656249999 0.5073588890625 0.6388235546875001 0.5004187250000001 0.6150296921875 0.499169496875
6 0.606335784375 0.5254033140625001 0.6244099671875001 0.5251257140625001 0.63722204375 0.5269301546875 0.6383659828125 0.5235988734375 0.6363068984375 0.5158258906250001 0.6209781578125 0.5154094828125 0.5969555171875001 0.51596469375 0.59626915 0.5205451984375 0.5985570203125 0.52498690625 0.606335784375 0.5254033140625001
6 0.6111403109375 0.5424761203124999 0.635162959375 0.5427537250000001 0.6376796171875 0.53942245 0.6374508375 0.534147925 0.625096334375 0.53275989375 0.596551846875 0.5326549796875 0.5960403640624999 0.53706279375 0.5980994484375 0.5421985140625 0.6111403109375 0.5424761203124999
6 0.60450549375 0.56065935625 0.6209781578125 0.56065935625 0.6358493265625 0.55885490625 0.635162959375 0.5513595296875 0.6253251125 0.55080431875 0.6074797234375 0.5505267125 0.5980959109375 0.5517168140625001 0.5969555171875001 0.5535803828125 0.5974130890625 0.55843849375 0.60450549375 0.56065935625
6 0.60839486875 0.57759335 0.6292145031249999 0.57759335 0.6383659828125 0.5774545515625 0.6383659828125 0.5716248078125 0.6356205328125 0.5684323296875 0.62280845625 0.56787711875 0.611826678125 0.5680159265625 0.5980959109375 0.568122490625 0.5960403640624999 0.5734292484375 0.5974130890625 0.5773157531249999 0.60839486875 0.57759335
6 0.83031838125 0.5172139234375 0.8239123359375 0.51554828125 0.8001184718750001 0.5172139234375 0.7944493375 0.51906170625 0.7957715109375 0.5260973328125 0.8188790218750001 0.5259585296875 0.832148671875 0.5252645109375 0.83031838125 0.5172139234375
6 0.8335213734375 0.53942245 0.8287168546875 0.534564334375 0.8193365781249999 0.5331763015625001 0.8088123968750001 0.53400911875 0.7985169765625 0.5348419437499999 0.7957360578125 0.5365610937499999 0.7964578609374999 0.5426149312499999 0.8113290375 0.5440029640625 0.8273441203124999 0.5440029640625 0.8335213734375 0.53942245
6 0.8289456484375 0.5599653375 0.8319198765625 0.5544132078125 0.82116686875 0.5502491171874999 0.8044654343750001 0.5516371437500001 0.79714424375 0.5526087578125 0.7954787140625 0.5539042375000001 0.7960003046875 0.5576056765625 0.8003472671875 0.5601041359375001 0.8140744718749999 0.56065935625 0.8289456484375 0.5599653375
6 0.8120153875 0.5778709546874999 0.8291744421875 0.576482928125 0.833063815625 0.57106960625 0.83031838125 0.568987559375 0.81567603125 0.56787711875 0.7975374640624999 0.5689037124999999 0.795313953125 0.5730128437500001 0.795313953125 0.576482928125 0.8120153875 0.5778709546874999
6 0.8312335265625 0.5874193125 0.8241411296875001 0.585476075 0.8074396640625 0.585476075 0.79783059375 0.5875581203125 0.7944493375 0.5903092140624999 0.7985169765625 0.593943071875 0.8124729765625001 0.5947758875 0.832377465625 0.5936654609375001 0.8312335265625 0.5874193125
6 0.8316911140625001 0.60449211875 0.81636235 0.6029652828125001 0.808583603125 0.6029652828125001 0.79783059375 0.6035205 0.7918758984375 0.6065586453125 0.7985169765625 0.61268151875 0.81590479375 0.6124039046875 0.8339789921874999 0.611709890625 0.8316911140625001 0.60449211875
6 0.62944328125 0.585892478125 0.6040479140625 0.5856148734375 0.5974130890625 0.5861700890625 0.5969555171875001 0.5942206765625 0.5990146015625 0.5936654609375001 0.6244099671875001 0.5958863187500001 0.636535678125 0.5944982875 0.6397387 0.5883909375 0.62944328125 0.585892478125
6 0.63722204375 0.6039369078125 0.611826678125 0.6019936593749999 0.5980994484375 0.6019936593749999 0.59375249375 0.6064353671875 0.595779815625 0.610621003125 0.6173175625 0.61351433125 0.63493418125 0.6115710875 0.6388235546875001 0.608378609375 0.63722204375 0.6039369078125
6 0.83100473125 0.6203157 0.818421434375 0.6203157 0.800576028125 0.6203157 0.7941700140625 0.6211485156250001 0.7941919937499999 0.6245267671875 0.7976018 0.629754315625 0.8252850374999999 0.6300319296875 0.83100473125 0.6275334609375001 0.83100473125 0.6203157
6 0.606335784375 0.630864746875 0.6239523953125 0.630587140625 0.6381371890625 0.6293379109374999 0.639509921875 0.6242021859375 0.634019021875 0.620038084375 0.62555390625 0.620038084375 0.5991252874999999 0.6201519203125 0.5955827921875 0.6246185984375 0.5974130890625 0.6285050859375 0.606335784375 0.630864746875
6 0.8531970671875 0.6480763546875 0.8541122124999999 0.6376661140625 0.780900365625 0.6360004625 0.7497852968750001 0.6346124343749999 0.736515646875 0.6354452515625 0.7350028875 0.6365575953125 0.7188990359375 0.6379437109375 0.7243899375 0.648215153125 0.8232259531249999 0.6469659234375 0.8531970671875 0.6480763546875
5 0.4812693640625 0.192860690625 0.08668780468750001 0.1928561609375 0.08682490312499999 0.8342322718749999 0.0930842328125 0.8343841734374999 0.48098773906250003 0.8343841734374999 0.4812693640625 0.192860690625
6 0.1730607234375 0.21630569687499998 0.1709848640625 0.21976904843749998 0.16990035312500001 0.22489454687500002 0.19874935 0.2255937796875 0.2029010703125 0.22055617187499998 0.196673509375 0.21677797031249998 0.1730607234375 0.21630569687499998
7 0.20601483437499998 0.1980443734375 0.170725375 0.197572096875 0.162681478125 0.1983592234375 0.15982716875 0.2010354546875 0.164938575 0.20664229375 0.19148388593750001 0.20890670937500003 0.20964757500000003 0.20890670937500003 0.21224237812500002 0.20575820781249998 0.20601483437499998 0.1980443734375
6 0.40062581875000003 0.22102845625 0.3982904515625 0.216620546875 0.37779141250000003 0.21583341875 0.3613666015625 0.21798350000000002 0.3645578921875 0.2254363546875 0.37856991562500003 0.22622347812500002 0.396993040625 0.22701060625 0.40062581875000003 0.22102845625
6 0.401144725 0.235354140625 0.39413876718749996 0.23220563906249997 0.359108796875 0.23409473906249997 0.36066566093749997 0.23456701249999998 0.3628259484375 0.234818103125 0.36637424531249996 0.2413362953125 0.38012674375 0.2424382734375 0.400885271875 0.24054917343749999 0.401144725 0.235354140625
6 0.39984731562500003 0.252513484375 0.394657709375 0.24967983125 0.3648173453125 0.2509392328125 0.362534078125 0.2534247703125 0.36767165468749996 0.2594401921875 0.38635434062499996 0.26085701875 0.3993284078125 0.2602273203125 0.39984731562500003 0.252513484375
6 0.401923228125 0.271247084375 0.39854994062500004 0.2684134421875 0.380645721875 0.2676263125 0.3707854546875 0.2688856984375 0.3645578921875 0.270302525 0.363001028125 0.2762846921875 0.37649400312500003 0.2781737875 0.3949171984375 0.2781737875 0.401923228125 0.271247084375
6 0.40296111406249996 0.2858876171875 0.3640389140625 0.2865173265625 0.3653363234375 0.295175715625 0.3967335875 0.29596284375000004 0.40296111406249996 0.2858876171875
6 0.4016637046875 0.3044555453125 0.3757155703125 0.30382585781250004 0.36326048125 0.3066595 0.366893259375 0.3135862140625 0.39206288906250003 0.3142159125 0.3993284078125 0.3121693875 0.4016637046875 0.3044555453125
6 0.3995878625 0.3222363546875 0.3652011765625 0.3240391671875 0.3644219859375 0.3253628046875 0.363993425 0.324661721875 0.363779425 0.33105216406250004 0.3866137953125 0.33341353749999997 0.3993284078125 0.3293204875 0.3995878625 0.3222363546875
6 0.40073217968749997 0.34017674375 0.37813570625000004 0.33942038124999996 0.3661362 0.34140583750000003 0.3627077828125 0.34452584062499997 0.3644455734375 0.3464269625 0.3759539765625 0.3494422015625 0.393407796875 0.349536746875 0.40088802343749996 0.346794928125 0.40073217968749997 0.34017674375
6 0.3703438171875 0.3666494796875 0.3965245625 0.36750038906250004 0.40166721406250006 0.36286765781249997 0.399329640625 0.3576676578125 0.38203165 0.35691129374999997 0.3640949953125 0.35802734687500004 0.3637986375 0.3576676578125 0.3633311203125 0.3637185671875 0.3703438171875 0.3666494796875
6 0.3909144046875 0.3852749421875 0.40213471875 0.3821549375 0.3982387640625 0.3758203953125 0.3646208625 0.3760132625 0.3628636140625 0.3797913 0.3639544796875 0.3840458453125 0.3909144046875 0.3852749421875
6 0.3991737984375 0.398028684375 0.3957453703125 0.3931123125 0.3714346828125 0.39301776718750003 0.3633311203125 0.39481413125000003 0.3651467296875 0.39463773281250003 0.364889503125 0.40095959062500003 0.37720068281249997 0.40322868593749994 0.3957453703125 0.40322868593749994 0.3991737984375 0.398028684375
6 0.38857683125000003 0.41976919687500003 0.3982387640625 0.41891828125 0.39855045 0.411638278125 0.3650453453125 0.4109764578125 0.3628636140625 0.4181619125 0.3697204796875 0.420241925 0.38857683125000003 0.41976919687500003
6 0.372681390625 0.438200615625 0.397303753125 0.438200615625 0.40088802343749996 0.4299751484375 0.3887326734375 0.42789515 0.3674254875 0.42826820468750004 0.3642661640625 0.42988060624999996 0.364577828125 0.4359315140625 0.372681390625 0.438200615625
6 0.3982387640625 0.447824446875 0.380784953125 0.446595359375 0.3644219859375 0.4492426296875 0.3661984640625 0.4545553125 0.38094078593749997 0.45576626875 0.3966804046875 0.4553880859375 0.40119968593750005 0.45245717656249995 0.3982387640625 0.447824446875
6 0.39683622500000004 0.4733517296875 0.4022905625 0.46796263437499996 0.3901352125 0.46540990625 0.3646208625 0.466155696875 0.3622402546875 0.470231728125 0.36644787343749996 0.4735408203125 0.39683622500000004 0.4733517296875
6 0.397771259375 0.482507790625 0.3782915484375 0.48288597187500004 0.3642661640625 0.484020515625 0.3628679703125 0.4891436140625 0.38094078593749997 0.492529609375 0.3959012140625 0.4914896125 0.40213471875 0.49016597187500005 0.397771259375 0.482507790625
6 0.399329640625 0.5056714328125 0.4005763375 0.5026459765625 0.387330134375 0.49943142968750004 0.3675387390625 0.500660521875 0.3642702828125 0.50234038125 0.3634869734375 0.5080350671875 0.3776681890625 0.5099259765624999 0.3932519765625 0.5099259765624999 0.399329640625 0.5056714328125
6 0.39496617968750003 0.5278797203125001 0.398862134375 0.5249488078125 0.398862134375 0.51823608125 0.379226571875 0.5178578984375 0.36497144062500003 0.5204327234375 0.3637986375 0.5244760828125 0.3701879859375 0.5274069906250001 0.3865509421875 0.527974271875 0.39496617968750003 0.5278797203125001
6 0.39855045 0.5458433640625 0.3999529890625 0.5378069921875 0.3929402921875 0.535254265625 0.3716324265625 0.5357580015625001 0.3652011765625 0.5381851796875 0.3652011765625 0.5441415453125 0.3818758078125 0.5456542671875 0.39855045 0.5458433640625
6 0.401355528125 0.5546162921875 0.37610981875 0.5541435625 0.3644219859375 0.555656290625 0.3628636140625 0.5598162921875 0.3756423015625 0.5644490203125 0.3959012140625 0.56284175 0.40073217968749997 0.560761746875 0.401355528125 0.5546162921875
6 0.3895118640625 0.5809944765624999 0.39808294375000003 0.5792926578125 0.40088802343749996 0.57532175 0.39855045 0.5730526578124999 0.39029104531250003 0.5718235703125 0.3867067859375 0.5732417515625 0.3639197046875 0.5733262171875 0.362551940625 0.5790090328125 0.371123009375 0.5809944765624999 0.3895118640625 0.5809944765624999
6 0.39434283125 0.598579940625 0.397771259375 0.59602721875 0.40213471875 0.5929072078125001 0.39683622500000004 0.5901653890625 0.3843692125 0.5893144796875001 0.3642661640625 0.5908272140624999 0.3636427953125 0.5947981234374999 0.3670712328125 0.5982963015625 0.39434283125 0.598579940625
6 0.3999529890625 0.6080196375 0.37813570625000004 0.6067905484375 0.3652011765625 0.6100996375000001 0.3658245359375 0.6164341828125 0.3865509421875 0.618325096875 0.39839460781249997 0.6168123750000001 0.40010883125 0.6138814546875 0.3999529890625 0.6080196375
6 0.3916935953125 0.6347760124999999 0.3991737984375 0.633925096875 0.3991737984375 0.6262669203125 0.3865509421875 0.6252269140625 0.3642702828125 0.6266454140625 0.3628636140625 0.6320341890625001 0.370499671875 0.6342087359375 0.3916935953125 0.6347760124999999
6 0.3637986375 0.6520679312500001 0.371123009375 0.6532024859375001 0.389044346875 0.653958840625 0.3979271015625 0.6520679312500001 0.40104384375 0.6468679265625 0.397771259375 0.6441261093749999 0.38857683125000003 0.6442206640625 0.36497144062500003 0.6446313296875 0.3644219859375 0.6445042953125 0.362551940625 0.6470570234374999 0.3637986375 0.6520679312500001
6 0.3814083015625 0.67446531875 0.3996413046875 0.6722907640625 0.40104384375 0.6637816703125 0.3826549984375 0.663403490625 0.36356912656249996 0.66463933125 0.3637986375 0.668792584375 0.366915390625 0.672574409375 0.3814083015625 0.67446531875
6 0.39901795624999997 0.6910008750000001 0.401355528125 0.6855172328125 0.395122021875 0.68305905 0.374707278125 0.6824917828125 0.36675955937500004 0.682869959375 0.3634869734375 0.6870299609375 0.36769458125 0.6919463328125001 0.3909144046875 0.69204086875 0.39901795624999997 0.6910008750000001
6 0.398862134375 0.7071631984375 0.397771259375 0.702530465625 0.380784953125 0.701301375 0.3639544796875 0.7034759234375 0.3651467296875 0.7036975062499999 0.364733659375 0.7100941078125 0.37782403124999997 0.7134031953125 0.3966804046875 0.7122686609375 0.398862134375 0.7071631984375
6 0.38016159374999997 0.7208574421875 0.3672270640625 0.7215192578125 0.3641103109375 0.7235992609374999 0.3652289796875 0.7275016921875 0.366915390625 0.7290828968749999 0.3717463578125 0.7305956250000001 0.3863951109375 0.7302174484374999 0.398862134375 0.7297447218750001 0.40119968593750005 0.7249228984375 0.39683622500000004 0.72114108125 0.38016159374999997 0.7208574421875
6 0.39901795624999997 0.7464693671875 0.399329640625 0.7388111828125 0.379070728125 0.7379602734375 0.3651467296875 0.7397757640625 0.3636427953125 0.74571300625 0.37688900937500003 0.74788755 0.393875325 0.7473202765625 0.39901795624999997 0.7464693671875
6 0.3673829171875 0.7654730078124999 0.3954336859375 0.7658511875 0.4005763375 0.7625420984375 0.39761541718750004 0.7561130046875 0.3633938375 0.757335978125 0.363019446875 0.7576257390625 0.3627077828125 0.7623530140625 0.3673829171875 0.7654730078124999
6 0.3815641328125 0.7976981656250001 0.39855045 0.7989272609375 0.40026467343750005 0.795523625 0.397147909375 0.7882436171875 0.383122515625 0.7867308921875 0.3662920421875 0.7886218015625001 0.3641103109375 0.7930654453125 0.36800625625 0.796469075 0.3815641328125 0.7976981656250001
6 0.331696071875 0.818015546875 0.3036452828125 0.8185828234375 0.28977571874999997 0.8213246359375 0.2922215453125 0.8284657234375 0.3151772828125 0.8301173671875001 0.39901795624999997 0.8304010125 0.42083523906250003 0.8301173671875001 0.42270530624999997 0.8213246359375 0.349929084375 0.8207573640625 0.331696071875 0.818015546875
6 0.20092473906250002 0.811310734375 0.20014554843750001 0.80365255 0.177762653125 0.8028861109375001 0.1705363875 0.803179828125 0.17287395 0.8105543734375 0.183315075 0.8128234687500001 0.20092473906250002 0.811310734375
6 0.20185979375000002 0.7888089109374999 0.16960135468749998 0.7902270921875 0.16812175000000001 0.792775684375 0.17365314062499998 0.7980743718750001 0.19266534531249999 0.7985470953125 0.201080603125 0.798452553125 0.20185979375000002 0.7888089109374999
6 0.20092473906250002 0.7720743640625 0.1839384234375 0.7714125453125 0.17145224375 0.772022703125 0.1730297921875 0.7779361812500001 0.1800424890625 0.7804889078125 0.20279478437499998 0.7797325453124999 0.20092473906250002 0.7720743640625
6 0.19998970625 0.758837996875 0.1881460421875 0.7580816312499999 0.1719389265625 0.7576089046875001 0.1709263765625 0.761593 0.171315578125 0.766590725 0.19157446875 0.7668743625000001 0.2017039296875 0.7674416328125 0.19998970625 0.758837996875
6 0.18736685 0.7489354703125 0.201080603125 0.74865183125 0.2012364234375 0.7436409234375 0.19531458125 0.7410881953125 0.1735557125 0.7405207421875 0.1705363875 0.7431681953125 0.1730297921875 0.748462740625 0.18736685 0.7489354703125
6 0.20341815468750002 0.72596091875 0.1939120421875 0.7226518265624999 0.173808971875 0.7225572812500001 0.17004993125 0.7237055078125 0.17334146718750001 0.72964819375 0.17801660156250002 0.731539109375 0.198119659375 0.7316336453125001 0.20341815468750002 0.72596091875
6 0.20279478437499998 0.7046881859374999 0.18799022031249998 0.704404546875 0.17256227500000001 0.7044990953125 0.169699353125 0.7060388671875 0.1763023765625 0.7131027328124999 0.1881460421875 0.71385909375 0.20185979375000002 0.7134809171875001 0.20279478437499998 0.7046881859374999
6 0.19235365937499999 0.694099090625 0.20263898593750002 0.6921136359375 0.19967804218750002 0.6853063625 0.17754907343749998 0.6848336359375 0.171101665625 0.6863501421875 0.1711597359375 0.6897499984375 0.175834871875 0.6936263625 0.18284756875 0.694099090625 0.19235365937499999 0.694099090625
6 0.1764582203125 0.6743687890625 0.1912628046875 0.67446333125 0.2003014125 0.6736124218749999 0.20310646875 0.6687905984375 0.19967804218750002 0.6668051546875 0.17285455624999999 0.6661292890625 0.1714714109375 0.6687905984375 0.1724064328125 0.6713433265625001 0.1764582203125 0.6743687890625
6 0.17708156875 0.645626959375 0.1719389265625 0.6468560531249999 0.17100389375 0.6518669609375001 0.1795749828125 0.6553651421875 0.2006130765625 0.6535687796875 0.201080603125 0.6474233234375 0.17708156875 0.645626959375
6 0.201080603125 0.6278524078125 0.1889252328125 0.62737968125 0.17209475937500002 0.6272851359375 0.17004993125 0.630796009375 0.17910745625 0.6363615031250001 0.1976521546875 0.6356051390624999 0.20263898593750002 0.6322015046875 0.201080603125 0.6278524078125
6 0.17427648906249998 0.6090626109375 0.17069221875 0.611804428125 0.17100389375 0.6151135171875 0.18082168125 0.61880079375 0.2012364234375 0.618233515625 0.201080603125 0.6089680625 0.17427648906249998 0.6090626109375
6 0.1956262875 0.5913826015625 0.1719389265625 0.5917607859375 0.1702247140625 0.5968662453125 0.17215339999999998 0.5981233687499999 0.182068378125 0.600648065625 0.19967804218750002 0.6000807890625001 0.2038856609375 0.5945971484375 0.1956262875 0.5913826015625
6 0.20154808750000003 0.573702596875 0.1772374109375 0.5732298703125001 0.1707510875 0.5746033234375 0.17209475937500002 0.5804153249999999 0.1801983328125 0.5829680546875 0.2004572328125 0.5820226 0.20154808750000003 0.573702596875
6 0.20154808750000003 0.5563062296875 0.1870551875 0.5554553203125 0.17256227500000001 0.556400775 0.17057579843749998 0.5591716203125 0.17832826562499998 0.5645316859375 0.190327771875 0.564815325 0.20185979375000002 0.563397140625 0.20154808750000003 0.5563062296875
6 0.1971846484375 0.548200075 0.202327278125 0.5436618828124999 0.1988988515625 0.53798915625 0.1753086046875 0.5377800859375 0.1692896796875 0.540541884375 0.17100389375 0.5466873390625 0.1971846484375 0.548200075
6 0.2003014125 0.520498240625 0.17256227500000001 0.520214609375 0.166796275 0.524090971875 0.1667194375 0.525009021875 0.175367365625 0.5284400640625 0.1806658375 0.5293855171875 0.202327278125 0.528629153125 0.2003014125 0.520498240625
6 0.1946912328125 0.5018727828125 0.16804298281250002 0.5028182375 0.169445521875 0.5076400578125 0.1699130390625 0.5079236984375 0.1767699046875 0.5120836921875 0.20341815468750002 0.5118000578124999 0.199833884375 0.5029127843750001 0.1946912328125 0.5018727828125
6 0.19578208749999998 0.48364530625 0.17209475937500002 0.4833616703125 0.16882290625000002 0.49031429531250004 0.17754907343749998 0.4931943953125 0.1988988515625 0.49272167343750006 0.2003014125 0.487332578125 0.19578208749999998 0.48364530625
6 0.20092473906250002 0.4670053 0.1819125359375 0.4662489359375 0.1722506015625 0.46681621250000005 0.16952406250000002 0.46881633593750005 0.1724064328125 0.47447439375 0.1870551875 0.47655439218750006 0.2017039296875 0.4752307578125 0.20092473906250002 0.4670053
6 0.20139224531250002 0.45064893125000005 0.1950029171875 0.4485689328125 0.1722506015625 0.44847438593750005 0.16794646093750001 0.4512561203125 0.175834871875 0.45840166250000003 0.19219783906250001 0.4584962078125 0.20185979375000002 0.4567943875 0.20139224531250002 0.45064893125000005
6 0.20139224531250002 0.43091862656249996 0.17801660156250002 0.4300677234375 0.17100389375 0.43072953593749996 0.16934877343750002 0.43667582187500004 0.1795749828125 0.439994996875 0.1946912328125 0.440467725 0.202015615625 0.43791499062500006 0.20139224531250002 0.43091862656249996
6 0.1862759953125 0.412671346875 0.171315578125 0.41304952968749997 0.16897800624999998 0.4188168046875 0.169874640625 0.4210312671875 0.1906394578125 0.42326044218750003 0.202015615625 0.420613175 0.19967804218750002 0.41342771406249995 0.1862759953125 0.412671346875
6 0.20154808750000003 0.39839498125 0.198275503125 0.395558615625 0.1699130390625 0.3954640734375 0.16864761718750002 0.397511221875 0.17443233125 0.40444589531249997 0.19235365937499999 0.4051077109375 0.1988988515625 0.4039731671875 0.20154808750000003 0.39839498125
6 0.2006130765625 0.3778984109375 0.18658768125 0.3768584109375 0.1702247140625 0.37780386875 0.1689981953125 0.381440965625 0.17427648906249998 0.3851784203125 0.179419140625 0.38602932343749996 0.20139224531250002 0.38565115 0.2006130765625 0.3778984109375
6 0.2003014125 0.3607856796875 0.18689934531250002 0.3590838640625 0.17100389375 0.36002931875 0.16804298281250002 0.36513477031249997 0.16934877343750002 0.366541390625 0.1805099953125 0.3690111375 0.1956262875 0.3680656828125 0.20263898593750002 0.3638111359375 0.2003014125 0.3607856796875
6 0.201080603125 0.3434838609375 0.194067884375 0.3416874921875 0.173808971875 0.3413093125 0.1683546578125 0.3456584015625 0.16864761718750002 0.3460012609375 0.1750556796875 0.3514256765625 0.1954704234375 0.35076385781249997 0.20326231250000001 0.34972385781250004 0.201080603125 0.3434838609375
6 0.2006130765625 0.32458961249999996 0.183626759375 0.3231714296875 0.17256227500000001 0.3237387 0.1702247140625 0.3282768828125 0.17004993125 0.33046313125000004 0.1750556796875 0.33243688437499996 0.19157446875 0.3318696125 0.202327278125 0.331585975 0.2006130765625 0.32458961249999996
6 0.19157446875 0.30586960625000004 0.1748998375 0.30586960625000004 0.17069221875 0.30766596874999996 0.17004993125 0.31311576875 0.1806658375 0.315985971875 0.2004572328125 0.3138114234375 0.201080603125 0.3078550625 0.19157446875 0.30586960625000004
6 0.2012364234375 0.28848808593749997 0.19141864687500001 0.28735354062499996 0.17427648906249998 0.28725899843749997 0.16689472656249998 0.2933206171875 0.1764582203125 0.2972808171875 0.1900161078125 0.2970917234375 0.19998970625 0.29586263437500004 0.2012364234375 0.28848808593749997
6 0.1750556796875 0.2693899 0.1692896796875 0.2740226296875 0.16864761718750002 0.2768246578125 0.18175669218749999 0.2797899015625 0.20154808750000003 0.277709903125 0.20154808750000003 0.2702408125 0.1750556796875 0.2693899
6 0.20092473906250002 0.253521109375 0.1834709171875 0.25144110625 0.17256227500000001 0.2519138359375 0.16794646093750001 0.25926444375 0.1825358828125 0.26184111250000003 0.1987430296875 0.260422928125 0.20295062656249999 0.25616838125 0.20092473906250002 0.253521109375
6 0.196561278125 0.23462191093749998 0.17817244375000002 0.234054640625 0.1722506015625 0.2352837328125 0.1708480625 0.2410510109375 0.1702252203125 0.242555634375 0.1934445359375 0.2435091875 0.1988988515625 0.2429419203125 0.20092473906250002 0.237931003125 0.196561278125 0.23462191093749998
7 0.454902940625 0.19761785781250002 0.30588529375 0.19761785781250002 0.30588529375 0.2083321421875 0.454902940625 0.2083321421875 0.454902940625 0.19761785781250002
6 0.4303921578125 0.8630952375 0.4627450984375 0.8625 0.46862745156249996 0.8511904765624999 0.30882352968750004 0.8517857140625 0.3196078421875 0.8625 0.3568627453125 0.8636904765625 0.359803921875 0.8773809531250001 0.4205882359375 0.8791666671874999 0.4303921578125 0.8630952375
6 0.9029411765625 0.6732142859375 0.9039215687500001 0.6648809531250001 0.75 0.6630952375 0.7509803921875 0.6761904765625 0.7892156859375 0.6791666671875001 0.7901960781249999 0.6886904765625 0.8568627453125 0.6898809531250001 0.85392156875 0.6767857140625 0.9029411765625 0.6732142859375
7 0.5588235296875 0.765476190625 0.8754901953124999 0.7625 0.8735294124999999 0.7511904765625 0.555882353125 0.7505952375 0.5588235296875 0.765476190625
6 0.7490196078125 0.722619046875 0.815686275 0.721428571875 0.817647059375 0.708928571875 0.61176470625 0.708928571875 0.6264705875 0.722619046875 0.6833333328125 0.7232142859375 0.6911764703125 0.7476190468749999 0.7431372546875 0.7476190468749999 0.7490196078125 0.722619046875
6 0.5470588234375 0.347023809375 0.8990196078125001 0.34821428593750003 0.8921568625 0.3357142859375 0.54607843125 0.3357142859375 0.5470588234375 0.347023809375
7 0.5627450984375 0.15178571406250002 0.87745098125 0.1547619046875 0.8764705875000001 0.1428571421875 0.555882353125 0.141071428125 0.5627450984375 0.15178571406250002
6 0.8147058828124999 0.09642857187500001 0.6147058828125 0.09404761874999999 0.6147058828125 0.10833333281249999 0.67745098125 0.1119047625 0.6931372546875 0.1363095234375 0.740196078125 0.1363095234375 0.7490196078125 0.11071428593749999 0.813725490625 0.1077380953125 0.8147058828124999 0.09642857187500001
6 0.3754901953125 0.08273809531250001 0.6235294125 0.0821428578125 0.6235294125 0.07083333281250001 0.3745098046875 0.071428571875 0.3754901953125 0.08273809531250001
7 0.2549019609375 0.1428571421875 0.25392156875 0.1541666671875 0.313725490625 0.1541666671875 0.3147058828125 0.1428571421875 0.2549019609375 0.1428571421875