3 0.035959221875 0.5055824328125 0.036338309375 0.5097029734375 0.051287184374999996 0.5065271421875 0.0489514921875 0.48290947968750003 0.03698108125 0.48517678125 0.035959221875 0.5055824328125
4 0.44685739062499996 0.7636200125 0.44930231562499995 0.7497964125000001 0.430128984375 0.7467985234375 0.37145087656250003 0.745466134375 0.2504130171875 0.7481309203125 0.1654677453125 0.74596578125 0.105975540625 0.74596578125 0.05613677500000001 0.74596578125 0.0593199265625 0.7654692953125 0.1273751078125 0.7646193046875001 0.22165405468750002 0.764785859375 0.319293071875 0.7649524140625 0.44685739062499996 0.7636200125
5 0.059749728125 0.10609585156250001 0.0601008453125 0.7386986828125 0.9397321625 0.7373449265625001 0.939934265625 0.106522521875 0.059749728125 0.10609585156250001
6 0.26972908281249997 0.1551027859375 0.408553896875 0.15438745468749998 0.41518606875 0.15381519375 0.4164019875 0.143228334375 0.40943819687499994 0.14122540156250002 0.4048803796875 0.1470911015625 0.22674030625000002 0.1480925640625 0.181690675 0.1479494921875 0.1791483421875 0.1426560546875 0.1575938015625 0.1389363578125 0.0770439546875 0.1382210265625 0.0658690015625 0.1421940453125 0.0678818 0.1546386265625 0.078202634375 0.156384790625 0.15605842187500002 0.15542439531250002 0.26972908281249997 0.1551027859375
6 0.1293442375 0.23766805624999998 0.1416423609375 0.23674721718749997 0.1409309203125 0.219382846875 0.1651026171875 0.21990903906249998 0.1664238890625 0.20964826718750001 0.164797696875 0.20201846875 0.19183323125 0.1987297609375 0.193967625 0.190047575 0.1880726578125 0.16728972343749998 0.1380670546875 0.162948628125 0.06814052968749999 0.167421271875 0.0655201296875 0.1695650734375 0.0666339703125 0.22281950312499998 0.066430696875 0.2339847 0.07110602031249999 0.23779960937500003 0.1293442375 0.23766805624999998
6 0.290884196875 0.165134790625 0.24078698437499998 0.163337709375 0.2304460390625 0.1663599359375 0.229850003125 0.18290423281249998 0.24302214218749998 0.21804540625 0.2527144265625 0.22078242656249997 0.278090640625 0.21987008281249998 0.28690814375 0.20355938906249998 0.290884196875 0.165134790625
6 0.3281761515625 0.168597809375 0.32263423593749996 0.1678805171875 0.320017471875 0.1689008640625 0.31857013749999996 0.179117990625 0.3298387015625 0.1831826109375 0.329653990625 0.173140609375 0.3281761515625 0.168597809375
6 0.38525795 0.17003237499999999 0.3839648203125 0.16548956718750002 0.3608734796875 0.1650113859375 0.35721162500000003 0.1654051265625 0.3560704859375 0.180313471875 0.3815633234375 0.1812698484375 0.383780084375 0.178878896875 0.38525795 0.17003237499999999
6 0.3252204453125 0.250368365625 0.3196018953125 0.25279855156250003 0.320971634375 0.263757696875 0.3289150453125 0.2673441359375 0.330208175 0.2563457484375 0.3252204453125 0.250368365625
6 0.383780084375 0.263757696875 0.38451902968749996 0.252042034375 0.378053459375 0.2501292953125 0.363275003125 0.2501292953125 0.356588259375 0.250647328125 0.3569941421875 0.264714090625 0.3800854828125 0.263757696875 0.38137858750000003 0.263757696875 0.383780084375 0.263757696875
6 0.5682863765625 0.1665280515625 0.5358528609375 0.165850978125 0.5277444874999999 0.1688977953125 0.5295661921875 0.177194971875 0.5465768484375 0.1819314078125 0.5635782859375 0.181762140625 0.5698557515625 0.177530446875 0.5682863765625 0.1665280515625
6 0.5465294484375 0.1897806453125 0.53431994375 0.1917947125 0.529651590625 0.194273559375 0.5288136828125001 0.19923125 0.531088015625 0.2044988015625 0.545332434375 0.2079072140625 0.551915996875 0.20620300781249998 0.553232715625 0.19365384531250002 0.5465294484375 0.1897806453125
6 0.535636646875 0.2642944 0.566639234375 0.2646042546875 0.5678362328125 0.26150569687499997 0.5678362328125 0.251125528125 0.5616118 0.2498861046875 0.530010696875 0.24957625 0.527496971875 0.2559282921875 0.53084860625 0.2638296234375 0.535636646875 0.2642944
6 0.5521553906250001 0.277725459375 0.54485363125 0.27338747812499997 0.5381503640624999 0.275091690625 0.5324047171874999 0.277725459375 0.528888609375 0.2789816765625 0.5307289015625 0.28888028593750004 0.5482052656249999 0.29151404531249997 0.5539509109375 0.28764084687499997 0.5521553906250001 0.277725459375
6 0.56759685625 0.31224397812500004 0.5686741484375 0.3049623671875 0.5648437125 0.3029483109375 0.5339608296875 0.30279337812499996 0.528619325 0.30633775625 0.5304895078125 0.3161171765625 0.5462900390625001 0.3176664546875 0.566160415625 0.3172016734375 0.56759685625 0.31224397812500004
6 0.5517962921875 0.342764784375 0.5533524046875 0.3388915859375 0.5526342093750001 0.33130011875 0.54557184375 0.3269621328125 0.540065590625 0.32758184218749997 0.5383897734375 0.3297508359375 0.52929249375 0.330060690625 0.5298909921875 0.337497234375 0.5347987468750001 0.34338450468750004 0.5517962921875 0.342764784375
6 0.5685544453125 0.3682148765625 0.562808815625 0.3665106703125 0.5309683109375001 0.36852473125 0.5291727890625 0.36991908281249997 0.528454584375 0.3694543 0.5290232515625 0.37063325625 0.531207703125 0.383087953125 0.5656816124999999 0.382313321875 0.5680756421875001 0.3775105484375 0.5685544453125 0.3682148765625
6 0.5531130109375 0.40741164531249996 0.55203571875 0.39610190312500004 0.5488037734375 0.39548219375000004 0.5465294484375 0.39129915 0.53982618125 0.39222870312499997 0.538509478125 0.394862484375 0.5291727890625 0.395637115625 0.531207703125 0.4055525078125 0.5381503640624999 0.40911586250000004 0.5531130109375 0.40741164531249996
6 0.076444896875 0.47798946718749996 0.06394550156249999 0.47988261718749997 0.068220353125 0.4924398 0.080301090625 0.492102053125 0.0849551140625 0.4903810125 0.0830935 0.48039892812499996 0.076444896875 0.47798946718749996
6 0.0672416796875 0.46581659531249997 0.08328761875 0.46872412812500003 0.2060871046875 0.46872412812500003 0.34247557031250003 0.468931809375 0.553646390625 0.46747804843749996 0.59234264375 0.46664731406250004 0.5920217375 0.45273270468750004 0.5836778453125 0.4498251765625 0.570199278125 0.44878677656250004 0.45388265937499994 0.4481637296875 0.3543341515625 0.45086358437499996 0.3122816921875 0.44818408749999994 0.21493613906250003 0.44834155156250005 0.153400003125 0.4488139453125 0.0976607265625 0.450388596875 0.0965808578125 0.4505864078125 0.0747832625 0.4504482171875 0.0674021453125 0.45418647187500005 0.0656370953125 0.456470959375 0.0672416796875 0.46581659531249997
6 0.11418131093749999 0.43937268281249997 0.11381204687499999 0.4205736171875 0.1472924953125 0.4218481359375 0.20674742968749998 0.41945841718750004 0.2083475796875 0.40512015156250003 0.1828679671875 0.4049608421875 0.18532977343749998 0.382816184375 0.19086882031250002 0.37931127187499997 0.189761009375 0.3689558578125 0.12809295468749998 0.3649730046875 0.0665155078125 0.3678406578125 0.065365578125 0.3701965046875 0.0665455125 0.4038456375 0.0660531546875 0.43459325781249997 0.0709767484375 0.43953199062500004 0.11418131093749999 0.43937268281249997
6 0.2417787515625 0.4205160734375 0.27760541875 0.4194953375 0.279408009375 0.4138084359375 0.2797460078125 0.402872090625 0.2907869390625 0.4006848265625 0.291575553125 0.386540490625 0.28706905781250003 0.3846448640625 0.290561590625 0.37166706718750003 0.2893223125 0.36729253281249996 0.23017452968750002 0.3670008921875 0.2300618640625 0.36787580625 0.2287099125 0.3938313859375 0.2337797234375 0.40462190937500003 0.239412846875 0.40433027499999996 0.2417787515625 0.4205160734375
6 0.2672404671875 0.35400027968750003 0.268930409375 0.3418974 0.25484760781250004 0.3375228609375 0.25698819687499996 0.3225036203125 0.2560868859375 0.3175458125 0.28030930625 0.316670903125 0.2796333421875 0.303693115625 0.2574388453125 0.30077675625 0.2365962921875 0.3003393015625 0.22690731249999999 0.3031098421875 0.22558418750000003 0.3060362 0.22668198906249998 0.340001765625 0.2261186828125 0.350500653125 0.2317517984375 0.355750096875 0.2672404671875 0.35400027968750003
6 0.2908995890625 0.262383334375 0.2908995890625 0.25130118125 0.27828138281250003 0.24780154062499998 0.23975082812499998 0.25071790312500003 0.22963938125 0.25175326875000004 0.229723875 0.26267496874999996 0.2487638359375 0.2644247859375 0.27005703593749997 0.2644247859375 0.2908995890625 0.262383334375
6 0.0900267265625 0.282797840625 0.1023069359375 0.283526921875 0.10523615625 0.27784003125 0.11143259375 0.268070234375 0.1665245296875 0.265591325 0.20163742343750002 0.265299690625 0.201299440625 0.2485306328125 0.1707679078125 0.247218271875 0.10740176093750001 0.2470724546875 0.066291140625 0.251917265625 0.06681826874999999 0.26923677343749997 0.06602962968750001 0.27492367500000003 0.0692968484375 0.28148547968750004 0.0900267265625 0.282797840625
6 0.20889065312500002 0.318631128125 0.2086653375 0.3041951578125 0.16619159375 0.3012788 0.1517708015625 0.3012788 0.096406140625 0.30069553125000004 0.06724145312499999 0.30463261406250003 0.0655515109375 0.31688131406250003 0.080760940625 0.320380940625 0.16266655000000002 0.32081839687499997 0.20889065312500002 0.318631128125
6 0.3286069171875 0.47811464687500005 0.3202787921875 0.4797705203125 0.3204549484375 0.4904860578125 0.32641575624999997 0.4921278421875 0.3317003140625 0.4869563046875 0.3286069171875 0.47811464687500005
6 0.32706020156250004 0.5311712281250001 0.3226778796875 0.5326726359375 0.3215178515625 0.5326726359375 0.321002284375 0.5451844171875 0.32847802187499997 0.5441834734375 0.32963805 0.5336735859374999 0.32706020156250004 0.5311712281250001
6 0.32899358749999996 0.590030346875 0.3280913515625 0.581188690625 0.3215820625 0.582960409375 0.321002284375 0.591698584375 0.322806775 0.5973705921875 0.3279624546875 0.5970369578125 0.32899358749999996 0.590030346875
6 0.327833559375 0.63735561875 0.32306455 0.63735561875 0.31984225624999996 0.64619728125 0.3244823703125 0.6513688140625 0.3286069171875 0.6473650484375 0.327833559375 0.63735561875
6 0.3293802578125 0.695993934375 0.3280913515625 0.6893209828125 0.32306455 0.6916565171875 0.3220170015625 0.6915931750000001 0.3207445015625 0.6986631140624999 0.3224200875 0.702833703125 0.3277046625 0.7019995875 0.3293802578125 0.695993934375
6 0.567457684375 0.68998828125 0.5619153156250001 0.6894878046875 0.531625690625 0.6894878046875 0.5294345203125 0.6913228765625 0.5307234453125 0.6991635828125 0.5316582859375 0.70191235 0.5539240140625 0.703834653125 0.5646220609375 0.703834653125 0.567070996875 0.701665940625 0.567457684375 0.68998828125
6 0.5464482765625001 0.7291918515625 0.5523773328125 0.729025034375 0.5526350890625 0.715845959375 0.5459327109375 0.71668006875 0.5461904843750001 0.7131767906250001 0.53884364375 0.7136772421875001 0.5372969453125 0.7165132640625 0.5294345203125 0.717013715625 0.5294345203125 0.72351984375 0.5348479921875 0.7288582046875 0.5464482765625001 0.7291918515625
6 0.5684384859375 0.47782613749999997 0.531575359375 0.478660253125 0.5291936234375 0.4801439046875 0.528353065625 0.48866967656250004 0.5404689171875 0.492840271875 0.5675362500000001 0.4918393265625 0.5684384859375 0.47782613749999997
6 0.5521980875 0.5181974874999999 0.553615909375 0.5065198265624999 0.5452379171875 0.5015151109375 0.529641990625 0.503183346875 0.5295130953125 0.5113577015625 0.533508746875 0.5166960625 0.5416289453124999 0.5186979390625 0.5521980875 0.5181974874999999
6 0.5396955593749999 0.5450291 0.5622516734375 0.545863221875 0.566247325 0.5450291 0.5676651453125 0.5391902640625 0.5671495625 0.5320168437499999 0.5634117015625 0.5311827328125001 0.5293386046874999 0.5324902625 0.529126415625 0.5393570921874999 0.53093090625 0.5438613328125 0.5396955593749999 0.5450291
6 0.53711771875 0.5706119765625 0.5509091640625 0.5706119765625 0.5531003421875 0.565273615625 0.552971446875 0.5596016171875 0.5466557296875 0.5569324328125 0.5452379171875 0.5554310265625 0.5418867281249999 0.5550973734375 0.5403570953125 0.5572562828125001 0.5288686328125001 0.5574329031249999 0.5304153312500001 0.5644395 0.53105979375 0.568443271875 0.53711771875 0.5706119765625
6 0.554689396875 0.11588317031249999 0.5481585609375 0.11147158593749999 0.5283038859375 0.11218684375000001 0.529133984375 0.12691214374999998 0.5532696515625 0.12801504531250002 0.554689396875 0.11588317031249999
6 0.56803499375 0.59506856875 0.56803499375 0.5836719687499999 0.5283038859375 0.5839963781249999 0.5285660734375 0.5961714640625 0.547022759375 0.5980096265625 0.56803499375 0.59506856875
6 0.5535535968749999 0.6108767609375 0.545035125 0.6068328375 0.5283038859375 0.6097230921875 0.5297018734375001 0.62300864375 0.5529857078125 0.625582059375 0.5535535968749999 0.6108767609375
6 0.5677510484375 0.635875778125 0.5283038859375 0.636368615625 0.5288500390624999 0.6509487171874999 0.5686029046875001 0.649845809375 0.5677510484375 0.635875778125
6 0.553837540625 0.6649187328124999 0.5464548703125 0.6605071546875 0.5283038859375 0.662554734375 0.5302697843749999 0.6781534953125 0.552701740625 0.6781534953125 0.553837540625 0.6649187328124999
6 0.08475337187500001 0.6896148953125001 0.06432512812499999 0.6892002578125 0.0660127171875 0.703584925 0.08475337187500001 0.703584925 0.08475337187500001 0.6896148953125001
6 0.08418545937500001 0.6374110859375001 0.0653901140625 0.6349903984374999 0.06544482812499999 0.6480724171875 0.08418545937500001 0.651381115625 0.08418545937500001 0.6374110859375001
6 0.0856684765625 0.5845060203125 0.065745109375 0.584455784375 0.066359934375 0.5992113171875 0.0865203328125 0.59847605 0.0856684765625 0.5845060203125
6 0.0851005875 0.5308316890625 0.0636151375 0.53070533125 0.06522415468750001 0.5462722546875 0.0851005875 0.54663988125 0.0851005875 0.5308316890625
6 0.328738621875 0.3086267734375 0.31278071406249996 0.299274146875 0.31318444843750004 0.32024496406249997 0.3239527015625 0.32024496406249997 0.328738621875 0.3086267734375
6 0.36882053593749997 0.307077675 0.35316846874999996 0.299274146875 0.35745400781250003 0.32024496406249997 0.36882053593749997 0.32024496406249997 0.36882053593749997 0.307077675
6 0.38185875625 0.3799086203125 0.38185875625 0.3678320453125 0.370112859375 0.36559563906250003 0.3538173625 0.3662156125 0.354566825 0.37811950625 0.3597488359375 0.3816977515625 0.38185875625 0.3799086203125
6 0.3276203828125 0.36827931875000003 0.3175372609375 0.3678924234375 0.317256359375 0.3821450265625 0.32692943125 0.3821450265625 0.3276203828125 0.36827931875000003