6 0.1407 0.069283928125 0.08249999999999999 0.069283928125 0.08249999999999999 0.0836732140625 0.1407 0.0836732140625 0.1407 0.069283928125
7 0.3147911765625 0.0949982140625 0.25691470625 0.0949982140625 0.25691470625 0.107608928125 0.3147911765625 0.107608928125 0.3147911765625 0.0949982140625
3 0.9137323531250001 0.0724107140625 0.8788205874999999 0.0724107140625 0.8788205874999999 0.08324642812500001 0.9137323531250001 0.08324642812500001 0.9137323531250001 0.0724107140625
6 0.620382353125 0.0710732140625 0.3780882359375 0.0710732140625 0.3780882359375 0.0839625 0.620382353125 0.0839625 0.620382353125 0.0710732140625
5 0.48330294062499995 0.1398196421875 0.0854382359375 0.1398196421875 0.0854382359375 0.343566071875 0.48330294062499995 0.343566071875 0.48330294062499995 0.1398196421875
5 0.48271470625 0.3666071421875 0.0854382359375 0.3666071421875 0.0854382359375 0.8737785718750001 0.48271470625 0.8737785718750001 0.48271470625 0.3666071421875
5 0.914297059375 0.4000875 0.5170558828125 0.4000875 0.5170558828125 0.8787267859375 0.914297059375 0.8787267859375 0.914297059375 0.4000875
5 0.9143000000000001 0.0933928578125 0.5163235296875001 0.0933928578125 0.5163235296875001 0.3580428578125 0.9143000000000001 0.3580428578125 0.9143000000000001 0.0933928578125
4 0.514790771875 0.3876939890625 0.515967075 0.39555342968749996 0.593013096875 0.3930527046875 0.593013096875 0.3823352859375 0.9141362859375001 0.3851932375 0.9141362859375001 0.36947434375 0.8523818328124999 0.3676881046875 0.5636062140625 0.3662591359375 0.5501470453125 0.3704017859375 0.55007903125 0.38090626250000004 0.52184845 0.3826925 0.514790771875 0.3876939890625
4 0.400108796875 0.364781496875 0.48156036406249997 0.3618853890625 0.48156036406249997 0.3522316359375 0.269786278125 0.3498181984375 0.128736003125 0.349576840625 0.11335568437500002 0.35262036874999997 0.1164189421875 0.363574778125 0.20025445312499998 0.363574778125 0.400108796875 0.364781496875
4 0.0874074359375 0.1314646984375 0.0878208375 0.1388304765625 0.145530803125 0.13899788125 0.1515939421875 0.13924898593749999 0.1620023 0.137612834375 0.16239961875 0.1269937125 0.2323287921875 0.1294071515625 0.31179370624999997 0.127235053125 0.481451409375 0.1291658015625 0.481054059375 0.11371980468750001 0.3094097953125 0.1146851734375 0.1365735125 0.11227173593749999 0.11136873124999999 0.11436336250000001 0.1120734234375 0.1280329171875 0.0912658078125 0.1281166171875 0.0874074359375 0.1314646984375
6 0.1969984625 0.1554675515625 0.21075179843749997 0.1541308890625 0.2116686875 0.1491184421875 0.20708424218750002 0.14477432343750002 0.16167437812500002 0.144650165625 0.1621566640625 0.15056648125 0.16490733125 0.1552447671875 0.1969984625 0.1554675515625
6 0.1946145453125 0.1715047609375 0.20194965781250002 0.1682745234375 0.20048262968750002 0.1609229265625 0.17061553125 0.15996147968750002 0.166374359375 0.16537843593749998 0.1713255546875 0.1703908828125 0.1946145453125 0.1715047609375
6 0.1907636 0.1864307140625 0.200299240625 0.185094065625 0.2048836859375 0.17852218749999998 0.19039685 0.17640581875 0.16992775 0.1758295703125 0.1678413734375 0.1813068796875 0.170775415625 0.1859851625 0.1907636 0.1864307140625
6 0.2015829078125 0.20159203906249998 0.204700325 0.1937948984375 0.196631684375 0.1914557578125 0.1687814484375 0.19141927187500002 0.16619097031250002 0.19669098125 0.1696751515625 0.2013692625 0.2015829078125 0.20159203906249998
6 0.20139951875 0.21685216718749997 0.20580057499999999 0.2098347328125 0.1969984625 0.2064931015625 0.1671766265625 0.2065913921875 0.16619097031250002 0.21261942656250002 0.174076221875 0.2169635453125 0.20139951875 0.21685216718749997
6 0.198832240625 0.2327806046875 0.2037834359375 0.22476068593749998 0.19479790624999999 0.22141905468749998 0.170844790625 0.22273787031249997 0.16820813750000002 0.2276567703125 0.17187569375 0.23200089375 0.198832240625 0.2327806046875
6 0.20066601875 0.23939876875000002 0.1938810171875 0.23627991406249998 0.1756592578125 0.23777079687499997 0.1768268890625 0.24675035781250002 0.195164684375 0.24797562499999998 0.20066601875 0.23939876875000002
6 0.1977319625 0.26368129375 0.1979153515625 0.2597827234375 0.195898184375 0.25287668281250003 0.1756592578125 0.25322130625 0.1748097359375 0.2588916265625 0.1768268890625 0.26401545937500004 0.1977319625 0.26368129375
6 0.1969984625 0.27482006718749996 0.196264934375 0.26869374218750003 0.1765763 0.26853262031249997 0.1748097359375 0.279275575 0.19113035 0.279721128125 0.1969984625 0.27482006718749996
6 0.1971818234375 0.29277115625 0.19828210156249998 0.28397152812500004 0.1765763 0.28370474218749997 0.177743778125 0.29410781406250003 0.188196321875 0.29410781406250003 0.1971818234375 0.29277115625
6 0.1891132109375 0.30925654375 0.1979153515625 0.3070287890625 0.1979153515625 0.30023413906249996 0.1763470390625 0.29818089375 0.1751764859375 0.3037985421875 0.178110528125 0.3091451578125 0.1891132109375 0.30925654375
6 0.1949812953125 0.324089590625 0.1938810171875 0.315624125 0.178181121875 0.3144665640625 0.1764601390625 0.3207479578125 0.1863625296875 0.324869309375 0.1949812953125 0.324089590625
6 0.3711427125 0.34035219687499996 0.4371587265625 0.340129425 0.44687775625 0.338458609375 0.44797800624999995 0.3301045296875 0.3632574625 0.32776538906249997 0.33941834531250004 0.32765400312500004 0.3161958375 0.3296386859375 0.3139288265625 0.33567391562500004 0.318880021875 0.3392383203125 0.3711427125 0.34035219687499996
6 0.39681560781249997 0.3245351421875 0.4001164140625 0.3207479578125 0.39938288593750004 0.31540135625 0.387463328125 0.31406469375 0.362735684375 0.3150233390625 0.35738937656249997 0.317072171875 0.36124029375 0.324869309375 0.39681560781249997 0.3245351421875
6 0.39883274687500003 0.30882947031249997 0.39938288593750004 0.30682449218749996 0.40250030312499996 0.3003640046875 0.39204777343749997 0.2980248640625 0.362735684375 0.30124315625000003 0.36124029375 0.3081611453125 0.3715094625 0.309943346875 0.39883274687500003 0.30882947031249997
6 0.3905807453125 0.2935693546875 0.39883274687500003 0.29301241562499997 0.40543435937499994 0.2879999703125 0.3964488578125 0.2835444609375 0.3872799671875 0.2852152765625 0.362735684375 0.2852358734375 0.36142368281250004 0.2893366171875 0.36564137812499997 0.293680740625 0.3905807453125 0.2935693546875
6 0.3869131875 0.27853201250000004 0.3986493859375 0.2776409078125 0.4012166640625 0.27118041875 0.395165190625 0.267281846875 0.38562955 0.269955153125 0.3654868078125 0.2689502015625 0.361973821875 0.2738537234375 0.3661915171875 0.278754784375 0.3869131875 0.27853201250000004
6 0.3858129375 0.2623852078125 0.401033303125 0.261494103125 0.4012166640625 0.2545880625 0.3863630765625 0.2522489203125 0.3622771640625 0.25322130625 0.36344085000000004 0.26127133125 0.3698590734375 0.26349908593750004 0.3858129375 0.2623852078125
6 0.38104510468749997 0.24791118281250002 0.40158341406250003 0.24779979062500002 0.40525097031249996 0.24289873437499998 0.40084991406250003 0.2386659984375 0.3869131875 0.23721795625 0.3641112453125 0.239023540625 0.36252396249999996 0.2435670578125 0.366741628125 0.2483567296875 0.38104510468749997 0.24791118281250002
6 0.3872799671875 0.23232164375000003 0.401766803125 0.2314305390625 0.401766803125 0.225972540625 0.3986493859375 0.22185119375 0.363423465625 0.22301625781249998 0.361973821875 0.2295369515625 0.3711427125 0.23321274062500003 0.3872799671875 0.23232164375000003
6 0.3991995234375 0.21564537499999997 0.4072681375 0.2094076625 0.384712659375 0.20617741875 0.363423465625 0.20854010625 0.36582474062500003 0.217204803125 0.3885636046875 0.2178731296875 0.3991995234375 0.21564537499999997
6 0.40048316406250006 0.20094661249999998 0.40433408125000003 0.1932608578125 0.3804949640625 0.1901420015625 0.3636242125 0.193483634375 0.36509123906249996 0.201726325 0.3859963 0.20128077968750002 0.40048316406250006 0.20094661249999998
6 0.40084991406250003 0.1832699859375 0.401033303125 0.1768094953125 0.379944853125 0.1762525578125 0.3618186421875 0.1776390890625 0.36307407187499996 0.185609128125 0.39608207812499996 0.186611615625 0.40084991406250003 0.1832699859375
6 0.3979158578125 0.1705462671875 0.40158341406250003 0.166424921875 0.39938288593750004 0.161078309375 0.3775609359375 0.1608555359375 0.3622771640625 0.16399809999999998 0.36124029375 0.1697665546875 0.37407674062499996 0.1705462671875 0.3979158578125 0.1705462671875
6 0.45054531249999996 0.1559039375 0.45843053593749994 0.1482181796875 0.44834475625000003 0.144208221875 0.37462688125 0.14342850625 0.3361175390625 0.1433171203125 0.3273154125 0.1433171203125 0.3214473140625 0.1447651609375 0.307942465625 0.145067746875 0.31209504843749997 0.15512421875 0.4076348875 0.1565722609375 0.45054531249999996 0.1559039375
6 0.2086112859375 0.3832139046875 0.21099520312500003 0.380206434375 0.20879467499999999 0.37207513125 0.1619036375 0.371953590625 0.15964941562499999 0.37697618906249997 0.164967375 0.383325290625 0.2086112859375 0.3832139046875
6 0.205258975 0.398825521875 0.2041587109375 0.389914503125 0.164884021875 0.3899095875 0.16289870312500002 0.39503834375 0.16840003750000002 0.40038495 0.205258975 0.398825521875
6 0.203058446875 0.4168974875 0.2081930171875 0.4148925046875 0.20709275312500003 0.4092117328125 0.1986573765625 0.40642703906250005 0.163737721875 0.406891228125 0.1621651890625 0.41266474999999997 0.16803327343750002 0.4175658125 0.203058446875 0.4168974875
6 0.1992075015625 0.43605617499999993 0.21021017031250003 0.4334942578125 0.20489222499999998 0.4249174015625 0.1856375546875 0.42380352343750005 0.1653425421875 0.4244296421875 0.1623485640625 0.42870459375000003 0.1672997734375 0.43627895 0.1992075015625 0.43605617499999993
6 0.203241821875 0.45194634687499996 0.20874315625 0.44804777656250006 0.2080096421875 0.44192145 0.16511328281249998 0.44141128281249997 0.16161505 0.44537446875000003 0.1658327453125 0.4521691234375 0.203241821875 0.45194634687499996
6 0.19462305625 0.469702628125 0.2061758640625 0.46803181250000003 0.20434208593749997 0.45845246875 0.1660303234375 0.45936727812499994 0.16454910625000002 0.464356021875 0.1674831484375 0.4695912421875 0.19462305625 0.469702628125
6 0.205258975 0.4764972796875 0.1658010640625 0.47579214375 0.16326545312500002 0.4868563390625 0.206726003125 0.4875246671875 0.205258975 0.4764972796875
6 0.2100267953125 0.5017823046875 0.2059924890625 0.4936509921875 0.1660303234375 0.4943049140625 0.16840003750000002 0.504455603125 0.1937061671875 0.5045669984375001 0.2100267953125 0.5017823046875
6 0.20966004531250002 0.51645554375 0.20140804375000002 0.51088615625 0.16511328281249998 0.5097554234375 0.166933009375 0.5220249296875 0.20195816875 0.52191354375 0.20966004531250002 0.51645554375
6 0.20654261406250002 0.537878134375 0.2061758640625 0.5290785046875001 0.1664888453125 0.5284073874999999 0.1661994953125 0.53865785 0.17921933125 0.54021728125 0.20654261406250002 0.537878134375
6 0.16888786718749998 0.546875 0.1672794125 0.5478515625 0.16888786718749998 0.5546875 0.2010569859375 0.5546875 0.202665440625 0.5537109375 0.20588235312499997 0.5498046875 0.199574265625 0.5462871734375 0.1946231625 0.546875 0.16888786718749998 0.546875
6 0.2010569859375 0.564453125 0.16888786718749998 0.564453125 0.16888786718749998 0.572265625 0.2010569859375 0.57421875 0.20588235312499997 0.5712890625 0.2010569859375 0.564453125
6 0.2010569859375 0.58984375 0.20588235312499997 0.5869140625 0.20544235 0.5839610859375 0.2010569859375 0.58203125 0.16888786718749998 0.58203125 0.166566259375 0.586523003125 0.16888786718749998 0.58984375 0.1860043046875 0.5907557406249999 0.2010569859375 0.58984375
6 0.20427389687500003 0.599609375 0.1915056390625 0.5985371765624999 0.1682166625 0.5984257875 0.16888786718749998 0.607421875 0.2010569859375 0.607421875 0.203425196875 0.606334321875 0.20588235312499997 0.6044921875 0.20427389687500003 0.599609375
6 0.2010569859375 0.625 0.20588235312499997 0.6220703125 0.20588235312499997 0.6201171875 0.1946231625 0.615234375 0.1721047796875 0.615234375 0.1672794125 0.6181640625 0.1672794125 0.6220703125 0.1721047796875 0.625 0.2010569859375 0.625
6 0.2039753359375 0.634151809375 0.1881893375 0.6328125 0.1721047796875 0.6328125 0.16436571718749998 0.6370478875 0.1689501625 0.642728665625 0.20654261406250002 0.6420603359375 0.2039753359375 0.634151809375
6 0.20588235312499997 0.6552734375 0.1978400734375 0.650390625 0.1721047796875 0.650390625 0.1638155921875 0.65441930625 0.1721047796875 0.66015625 0.2010569859375 0.66015625 0.20588235312499997 0.6552734375
6 0.2047088359375 0.6766968515625 0.20709275312500003 0.6678972203125 0.164884021875 0.6680187390625 0.16803327343750002 0.6789246062500001 0.19388955624999998 0.6773651765625 0.2047088359375 0.6766968515625
6 0.2083763921875 0.69214 0.20727612812500001 0.6851225734375 0.166947365625 0.6844436046875 0.1658327453125 0.6957044078125 0.1948064453125 0.6947019171875 0.2083763921875 0.69214
6 0.2094766703125 0.709516484375 0.20562572499999998 0.7017193421875 0.167635146875 0.7014252437499999 0.1639989671875 0.713526440625 0.20177479375 0.7126353437499999 0.2094766703125 0.709516484375
6 0.20966004531250002 0.7292321171875 0.20489222499999998 0.719207221875 0.166947365625 0.718824465625 0.16473248125 0.727895459375 0.17995283125 0.7302346 0.20966004531250002 0.7292321171875
6 0.1830702625 0.7474557 0.20709275312500003 0.746119046875 0.2059924890625 0.7373194187500001 0.165571803125 0.7360844921874999 0.16509923124999998 0.7423318671875 0.1676665234375 0.746119046875 0.1830702625 0.7474557
6 0.1977404875 0.7640756984375 0.206726003125 0.76151378125 0.20507559999999997 0.7558330078125 0.163737721875 0.7534837140625 0.1676665234375 0.7641870875000001 0.176285275 0.76452125 0.1977404875 0.7640756984375
6 0.207459503125 0.7817863484375 0.206909378125 0.774323378125 0.199574265625 0.7713159 0.16671810468749998 0.771439709375 0.1674831484375 0.7814521859375 0.17353460781250002 0.7824546734375 0.207459503125 0.7817863484375
6 0.19755711250000002 0.800688075 0.206726003125 0.7971236671875 0.2059924890625 0.789549303125 0.1687814484375 0.7889781250000001 0.163082078125 0.7927795484375 0.16528260625 0.7997969828125 0.19755711250000002 0.800688075
6 0.1909555 0.8171734624999999 0.2039753359375 0.816170971875 0.207459503125 0.8118268484375 0.2008579046875 0.8068144015625001 0.1664888453125 0.8063773453125 0.16289870312500002 0.8099332609375001 0.1676665234375 0.8162823578125 0.1909555 0.8171734624999999
6 0.2023249328125 0.8336531171875 0.20910990625 0.8266356953124999 0.1986573765625 0.824407940625 0.16511328281249998 0.8241941484374999 0.16289870312500002 0.8293090031249999 0.167116384375 0.8355467140625 0.2023249328125 0.8336531171875
6 0.2061758640625 0.8521392343749999 0.20892653125 0.8472424249999999 0.2025083078125 0.8412274859375 0.166749634375 0.840670546875 0.1617984390625 0.8474609453124999 0.16840003750000002 0.8518050671875 0.2061758640625 0.8521392343749999
6 0.2039753359375 0.869092084375 0.20764289218749998 0.8646365749999999 0.207459503125 0.8591785749999999 0.1658010640625 0.8585750093750001 0.1621651890625 0.8635226984375001 0.1674831484375 0.8687579187500001 0.2039753359375 0.869092084375
6 0.39764909843749996 0.868312365625 0.40150004375000004 0.8622974343750001 0.3937981671875 0.8594013468749999 0.375276996875 0.8594013468749999 0.3595260390625 0.8610804968749999 0.35895638281250003 0.8651935140625 0.363724203125 0.8694262437500001 0.39764909843749996 0.868312365625
6 0.39764909843749996 0.8507131046874999 0.403333821875 0.8472600953124999 0.3991161125 0.8411337624999999 0.3622771640625 0.8431245015625001 0.36317406406249997 0.8485967406249999 0.3754603859375 0.8519383734374999 0.39764909843749996 0.8507131046874999
6 0.40186679375 0.8283241734375 0.39324802812500004 0.8229775625 0.362735684375 0.8262820546875 0.3651912171875 0.833559396875 0.3991161125 0.8341163359375001 0.40186679375 0.8283241734375
6 0.39764909843749996 0.816046659375 0.3998496265625 0.8110342140625001 0.396548834375 0.8057989937500001 0.3645697671875 0.8074908953125 0.36464109218749996 0.815712496875 0.3816952203125 0.8173833125 0.39764909843749996 0.816046659375
6 0.3908641109375 0.799845715625 0.40058314062499994 0.7967268609375 0.40094990468749997 0.7907119234375 0.36434050625 0.7903700625 0.3615236609375 0.79572436875 0.363724203125 0.7996229390625 0.3908641109375 0.799845715625
6 0.3908641109375 0.7822520171875 0.4035171828125 0.7796901 0.4031504328125 0.77122463125 0.36319420468749997 0.771578903125 0.361890425 0.7771281828125 0.36537460624999996 0.781360915625 0.3908641109375 0.7822520171875
6 0.40260029375000006 0.7601972453125 0.3974657234375 0.754739246875 0.37197620468750003 0.7544050828125 0.3625064234375 0.7575203328125 0.3681252734375 0.7654324734375 0.40058314062499994 0.76532108125 0.40260029375000006 0.7601972453125
6 0.39819922343749997 0.74742429375 0.40278368281250004 0.7423004609375 0.3991161125 0.736396909375 0.37270971875000003 0.7375107875 0.36158938281249997 0.7392859484375001 0.3633574390625 0.7457534781249999 0.3780276640625 0.7488723375 0.39819922343749997 0.74742429375
6 0.3978324734375 0.7295222796874999 0.4035171828125 0.7243984390625 0.396548834375 0.7193859921875 0.3743601078125 0.7200543234375 0.362735684375 0.723278665625 0.3650078421875 0.7286311750000001 0.37619388593749997 0.730524765625 0.3978324734375 0.7295222796874999
6 0.40150004375000004 0.70972911875 0.3996662515625 0.7022661390625 0.3625064234375 0.7032347624999999 0.3651912171875 0.713516303125 0.3945316671875 0.7122910359375 0.40150004375000004 0.70972911875
6 0.393614778125 0.69461604375 0.40094990468749997 0.6939477187499999 0.3998496265625 0.6873758421875 0.3959986953125 0.6850367 0.3622771640625 0.6868098984375 0.3620738 0.6911630265625 0.36610810625 0.6958413109375 0.393614778125 0.69461604375
6 0.40296704375000003 0.674432946875 0.3994828765625 0.6679724593749999 0.3622771640625 0.6699674515625 0.3644577171875 0.6771062546875 0.3958153203125 0.67855429375 0.40296704375000003 0.674432946875
6 0.400766515625 0.6571761921875 0.40094990468749997 0.65182958125 0.38756331875 0.6488221109375 0.3638819859375 0.6524290374999999 0.367575134375 0.6598494984375 0.396732209375 0.6606292140625001 0.400766515625 0.6571761921875
6 0.4035171828125 0.635455584375 0.391781 0.633116440625 0.3666582453125 0.6344530984375 0.3625064234375 0.638788046875 0.3662914953125 0.6434755015625 0.39691558437499996 0.6426957859375 0.4035171828125 0.635455584375
6 0.397098959375 0.62482468125 0.400766515625 0.6201463953124999 0.3941649171875 0.6160250484375001 0.381878609375 0.6160250484375001 0.367575134375 0.6174730921875 0.3629649453125 0.6202752765625 0.3664748703125 0.6242677421875 0.378394428125 0.626495496875 0.397098959375 0.62482468125
6 0.397282334375 0.6091190156249999 0.40150004375000004 0.6062229296874999 0.39819922343749997 0.5979802375000001 0.382428734375 0.598759953125 0.363540828125 0.60043076875 0.3613402859375 0.6055546046875 0.371059315625 0.6078937453125 0.397282334375 0.6091190156249999
6 0.3974657234375 0.589574471875 0.4016834046875 0.585007575 0.396732209375 0.58177733125 0.361360121875 0.5814402140625 0.36170705000000003 0.589574471875 0.38004483125 0.5907997375 0.3974657234375 0.589574471875
6 0.4000330015625 0.574406765625 0.40278368281250004 0.567166565625 0.39251451406250004 0.5633793812500001 0.3650282875 0.56501535 0.3629906890625 0.5705081953125 0.367208384375 0.5739612171874999 0.4000330015625 0.574406765625
6 0.3992995015625 0.5552529875000001 0.3974657234375 0.5463419703125 0.3840791375 0.546119190625 0.3645697671875 0.547755321875 0.3650078421875 0.5545846578125 0.38591291562499996 0.556923803125 0.3992995015625 0.5552529875000001
6 0.40223354375 0.5330366109375 0.39251451406250004 0.5284697171875 0.3645697671875 0.5303561015625 0.3615236609375 0.5396084875 0.400216390625 0.5391629390625 0.40223354375 0.5330366109375
6 0.4031504328125 0.5182280984375 0.3956319453125 0.5112106703125 0.363652725 0.5130960734375 0.363540828125 0.521792503125 0.3994828765625 0.5219038921875 0.4031504328125 0.5182280984375
6 0.3994828765625 0.50269220625 0.3996662515625 0.4970114328125 0.38517940156249997 0.4941153515625 0.36319420468749997 0.4958360453125 0.364090953125 0.503471925 0.3842625125 0.5040288625 0.3994828765625 0.50269220625
6 0.4020501546875 0.485460475 0.4000330015625 0.47621529375 0.36319420468749997 0.47788005 0.3651912171875 0.4857946421875 0.393431403125 0.4870199046875 0.4020501546875 0.485460475
6 0.3996662515625 0.468515840625 0.400399765625 0.46216674375 0.3888469578125 0.4584909453125 0.362047903125 0.459261490625 0.3620738 0.4672905765625 0.37564376093749996 0.47007527031249996 0.3996662515625 0.468515840625
6 0.3991161125 0.4509165796875 0.3992995015625 0.444233315625 0.382428734375 0.44233972499999996 0.36158938281249997 0.4442285640625 0.36317406406249997 0.45058241718750003 0.38004483125 0.4526987875 0.3991161125 0.4509165796875
6 0.389947221875 0.43490762343749995 0.4000330015625 0.432234315625 0.3994828765625 0.42688770624999994 0.38719655468749997 0.42432578750000005 0.3641112453125 0.42637835468749996 0.36390757812499996 0.43234570625 0.3703258015625 0.43423929375 0.389947221875 0.43490762343749995
6 0.39544855624999997 0.41764726874999997 0.400399765625 0.4155309 0.40131665468750005 0.40907041250000004 0.393431403125 0.407733759375 0.3625064234375 0.408422359375 0.367391759375 0.4174244921875 0.382061984375 0.4177586546875 0.39544855624999997 0.41764726874999997
6 0.4016834046875 0.3974860890625 0.3992995015625 0.3908028265625 0.37289309375 0.39091421249999997 0.361360121875 0.3926934625 0.3662914953125 0.3993796796875 0.3945316671875 0.39971384374999996 0.4016834046875 0.3974860890625
6 0.347036825 0.38150808281250004 0.3991161125 0.3834016734375 0.44496057968749997 0.3841813921875 0.45284583125 0.382399184375 0.45449622031250003 0.377943675 0.44917827499999996 0.3721515140625 0.3703258015625 0.370146534375 0.3283322796875 0.370146534375 0.310005809375 0.372231978125 0.3107280125 0.376718409375 0.3151290828125 0.382065021875 0.347036825 0.38150808281250004
6 0.6251730359375001 0.8749320031250001 0.6336084265624999 0.8734839640625 0.634708690625 0.8693626171875 0.62957410625 0.8652412734375 0.6009671703125 0.8655754359375001 0.6009671703125 0.871813146875 0.605368240625 0.8741522921874999 0.6251730359375001 0.8749320031250001
6 0.631224509375 0.8573327421875 0.6352588156250001 0.8519861328125 0.62168886875 0.8479761781249999 0.6002493828125 0.8489706390625 0.5991333921875001 0.8546594390625 0.6039012125000001 0.8581124578124999 0.631224509375 0.8573327421875
6 0.6325081484374999 0.8406245828125 0.6339751765625 0.835612134375 0.6259065500000001 0.8323818921875 0.6086690328125 0.8321591156249999 0.600707903125 0.83324174375 0.601700684375 0.8416270750000001 0.620221840625 0.842518175 0.6325081484374999 0.8406245828125
6 0.6343419265625 0.8238091265625 0.6326915375 0.815343659375 0.61453713125 0.81445255625 0.6002493828125 0.8169560718750001 0.6035344625 0.8249230046875 0.6251730359375001 0.8250343906250001 0.6343419265625 0.8238091265625
6 0.6317746484375 0.80861050625 0.6321413984375 0.8043777734375 0.62957410625 0.798919775 0.6138036171875 0.798919775 0.5995616015625 0.8003920140625 0.6046347265625001 0.80861050625 0.623706021875 0.8091674453125 0.6317746484375 0.80861050625
6 0.6352588156250001 0.7857006203125 0.6229725078125 0.7835842515625 0.59910308125 0.7836887609375001 0.6024341984375 0.7933863734375 0.62902398125 0.7929408203125 0.6352588156250001 0.7857006203125
6 0.631224509375 0.7758984984375 0.6352588156250001 0.7722227046875 0.6326915375 0.76709886875 0.6011664234375 0.766567928125 0.5991333921875001 0.7711088265625 0.6026175734375 0.7763440515625 0.631224509375 0.7758984984375
6 0.6334250375 0.7590853328125 0.634708690625 0.7536273328124999 0.6262733140625001 0.7489490484375 0.601395684375 0.75028225625 0.5995001421875 0.7591967187499999 0.6215054796875 0.7609789265625 0.6334250375 0.7590853328125
6 0.627373578125 0.7439130484375001 0.6352588156250001 0.740905578125 0.634525315625 0.7342223140625 0.60162494375 0.7345533609375 0.5972996140625 0.7382322734375 0.601700684375 0.7435788875 0.627373578125 0.7439130484375001
6 0.6325081484374999 0.7262079578125 0.634525315625 0.7220866140625 0.6286572171875 0.7175197171875001 0.6020834640625 0.7170149453125 0.6000502812499999 0.721084125 0.6061017546875 0.7279901671875 0.6325081484374999 0.7262079578125
6 0.623706021875 0.7111212203124999 0.6328749124999999 0.7092276281250001 0.6337918015625 0.70477211875 0.6235226468749999 0.7002052234375 0.6011664234375 0.7015644375 0.6009671703125 0.7067770984374999 0.6061017546875 0.7110098359375 0.623706021875 0.7111212203124999
6 0.6033510875 0.694891159375 0.631591259375 0.6946683859375 0.6352588156250001 0.6893217734375 0.6264566890625 0.6839751625 0.6035344625 0.6854544453125 0.5987666421875 0.6898787125 0.6033510875 0.694891159375
6 0.631041134375 0.67865979375 0.6339751765625 0.668412121875 0.613070103125 0.668412121875 0.59772751875 0.6699674515625 0.597849753125 0.674983996875 0.605368240625 0.678437021875 0.631041134375 0.67865979375
6 0.6328749124999999 0.6601484937500001 0.6343419265625 0.65469049375 0.6189382015625 0.6507919249999999 0.5988738203125 0.65312500625 0.6031676984375001 0.6612623703125 0.6226057578125 0.6628218 0.6328749124999999 0.6601484937500001
6 0.6319580234375 0.6378495203125001 0.623706021875 0.6345078875 0.6009371640625 0.6364217531249999 0.6033510875 0.6445327859375001 0.6319580234375 0.644644171875 0.6319580234375 0.6378495203125001
6 0.6319580234375 0.6271914656249999 0.6326915375 0.620174040625 0.6139869921875001 0.6179462859375 0.599332340625 0.6209712453125 0.6013339203125 0.6287508953125001 0.6191215765625 0.6289736687499999 0.6319580234375 0.6271914656249999
6 0.6343419265625 0.61081746875 0.6332416624999999 0.602797553125 0.6141703671875 0.6022406140625 0.599332340625 0.6052423484375 0.601884059375 0.6125996765624999 0.6255398 0.61282245 0.6343419265625 0.61081746875
6 0.634892065625 0.5901319015625 0.6286572171875 0.5856763921875 0.599332340625 0.587007965625 0.6015173093749999 0.5963696125 0.631591259375 0.5960354546875 0.634892065625 0.5901319015625
6 0.6352588156250001 0.578693315625 0.6301242453125 0.570227846875 0.6097693109375 0.5691139703125 0.598644559375 0.5721142312499999 0.60041703125 0.58002996875 0.62939073125 0.5809210703125001 0.6352588156250001 0.578693315625
6 0.6332416624999999 0.5631307624999999 0.6326915375 0.553440034375 0.6121532140625 0.5526603171875 0.5995616015625 0.5563853359375 0.6013339203125 0.5623510515625 0.6158207703125 0.5639104765625 0.6332416624999999 0.5631307624999999
6 0.6336084265624999 0.54444935625 0.6328749124999999 0.5385458109375 0.6062851296875 0.5370977671875 0.599332340625 0.542048378125 0.6015173093749999 0.5467884984375 0.6262733140625001 0.547011275 0.6336084265624999 0.54444935625
6 0.6325081484374999 0.5131034421875 0.6328749124999999 0.5095390359375 0.627190203125 0.5034127109375001 0.6042679765625001 0.5041924234375 0.598216503125 0.508425159375 0.59986690625 0.5139945453125 0.6246229109375 0.5142173203125 0.6325081484374999 0.5131034421875
6 0.627923703125 0.53081409375 0.634525315625 0.5281407859375 0.6319580234375 0.5230169515624999 0.6196717015625001 0.520232259375 0.599332340625 0.5217260875 0.6006004203125 0.527583846875 0.60701864375 0.5302571546875 0.627923703125 0.53081409375
6 0.6282904671875 0.4989367578125 0.6339751765625 0.49604067343749997 0.630857759375 0.48779798281250003 0.609402546875 0.4875752078125 0.6000502812499999 0.49214210312500006 0.6007837953124999 0.49837981875 0.6282904671875 0.4989367578125
6 0.6303076203125 0.48122610625 0.6334250375 0.47877557812499993 0.6299408703125 0.4733175765625 0.61435375625 0.47142398593749996 0.5995616015625 0.47342585000000004 0.6009671703125 0.479221128125 0.6068352546875 0.48178304531249994 0.6303076203125 0.48122610625
6 0.6339751765625 0.4621567234375 0.6299408703125 0.45558484843749997 0.609219171875 0.4556962359375 0.60162494375 0.45783614687499996 0.60041703125 0.46627807031249996 0.6317746484375 0.46605529375000004 0.6339751765625 0.4621567234375
6 0.6334250375 0.44818173593750005 0.6334250375 0.44005042968749997 0.6046347265625001 0.438602390625 0.59968353125 0.44383761406250005 0.6015173093749999 0.44840451249999996 0.6229725078125 0.44974116718749996 0.6334250375 0.44818173593750005
6 0.630857759375 0.432286984375 0.634525315625 0.42827702656250005 0.62920735625 0.42326457812499996 0.613070103125 0.4229304140625 0.59968353125 0.4237101296875 0.6007837953124999 0.4301706171875 0.605918365625 0.4323983703125 0.630857759375 0.432286984375
6 0.6427773171875 0.4163079984375 0.64002665 0.406394490625 0.5929130515625001 0.40647364531249996 0.5958325859375 0.41463718125 0.6187548125 0.4173104921875 0.6427773171875 0.4163079984375
6 0.8780266375 0.4173104921875 0.883527971875 0.41608522187499997 0.883527971875 0.40917918281250004 0.8789435265625001 0.4058375515625 0.8081596796875001 0.40539199843749996 0.7942229828125 0.40372118281249997 0.7760685625 0.4058375515625 0.75773078125 0.404055346875 0.74009818125 0.4070304203125 0.74324393125 0.4159738328125 0.8160449312500001 0.41742187499999994 0.8780266375 0.4173104921875
6 0.83108190625 0.43112256562500006 0.8297982671874999 0.4238823625 0.8145779031249999 0.4223229375 0.7923695359375 0.42554319218750003 0.795139871875 0.4319022796875 0.8220964046875 0.4336844828125 0.83108190625 0.43112256562500006
6 0.8419012140625 0.43891970625 0.79420361875 0.43974095625 0.7960567609375 0.4486104484375 0.8305317671875001 0.4489446015625 0.8419012140625 0.43891970625
6 0.8297982671874999 0.4663210859375 0.8343827125000001 0.460528928125 0.82668085 0.455850646875 0.7944328781250001 0.457975340625 0.796606871875 0.4625339109375 0.8015580953124999 0.4660983140625 0.8297982671874999 0.4663210859375
6 0.83108190625 0.48124704375 0.8332824343749999 0.477682640625 0.829614878125 0.47267019218749995 0.7948914 0.4718947171875 0.79403959375 0.47779402656250003 0.7986240390625 0.48191536875 0.83108190625 0.48124704375
6 0.8290647671875 0.498355609375 0.8321821843749999 0.49445703906249994 0.8292481281249999 0.48888765312500004 0.795120659375 0.48957232656249994 0.79440634375 0.4935659375 0.7964235109375 0.49846700000000005 0.8290647671875 0.498355609375
6 0.8297982671874999 0.5143954453124999 0.83108190625 0.504593325 0.7944328781250001 0.504466059375 0.79440634375 0.5142840578125 0.8132942640625 0.5147296109374999 0.8297982671874999 0.5143954453124999
6 0.821913015625 0.5301011124999999 0.8321821843749999 0.5294327875 0.832548934375 0.5236406296875 0.8224631546875001 0.52063315625 0.7912889265625 0.523083690625 0.792572565625 0.5268708671875 0.7978905390625 0.5306580515625 0.821913015625 0.5301011124999999
6 0.829614878125 0.54664946875 0.831815434375 0.539409265625 0.8246636828125 0.536624571875 0.7937450968750001 0.5377333703125 0.7934894546875 0.54074591875 0.799540928125 0.5473178 0.829614878125 0.54664946875
6 0.8294315171875001 0.56402595625 0.8330990734375 0.5580110171875 0.8264974609375001 0.5533327328125 0.795120659375 0.5551325921875 0.79403959375 0.560238771875 0.7956899828124999 0.56436011875 0.8294315171875001 0.56402595625
6 0.8329156843750001 0.5788405234375 0.8297982671874999 0.5703750546874999 0.81641168125 0.569483953125 0.7918390515625 0.5730483703125 0.7964235109375 0.58039995 0.8301650171875 0.580511340625 0.8329156843750001 0.5788405234375
6 0.831815434375 0.595437296875 0.8321821843749999 0.5881970953125 0.81641168125 0.585969340625 0.7939743578125 0.5878431281250001 0.796606871875 0.5957714562499999 0.80834306875 0.597442271875 0.831815434375 0.595437296875
6 0.8303484062500001 0.6120340703125 0.831815434375 0.6044597015625001 0.8143945421875 0.6023433328125 0.7946621390625 0.6039896046875 0.7934894546875 0.60857711875 0.798807428125 0.6124756890625 0.8303484062500001 0.6120340703125
6 0.8303484062500001 0.628457628125 0.831815434375 0.619323828125 0.7953499203125001 0.6191617265625 0.795873371875 0.6275665218750001 0.8074261796875 0.628903171875 0.8303484062500001 0.628457628125
6 0.8329156843750001 0.6405305125 0.8244803218750001 0.63618639375 0.7939743578125 0.638231271875 0.7938562046875 0.6460999000000001 0.8263140999999999 0.645988521875 0.8329156843750001 0.6405305125
6 0.8312652953124999 0.6532287203125 0.8191623484375 0.6508895703124999 0.7953499203125001 0.6539601687500001 0.7975237609375 0.6619169578124999 0.8323655453125 0.6623625109375 0.8312652953124999 0.6532287203125
6 0.8345661015625 0.6742957171875 0.8277810999999999 0.6683921671874999 0.8136610140625 0.6696174312500001 0.79420361875 0.6714985828125 0.79440634375 0.6780829015625 0.8277810999999999 0.6781942875 0.8345661015625 0.6742957171875
6 0.8334658234375001 0.6874394671874999 0.8162283203125 0.6836522875 0.79557918125 0.6863923171875 0.796240121875 0.69445689375 0.8283312390625 0.6954593859375 0.8334658234375001 0.6874394671874999
6 0.832548934375 0.7059298328125 0.8305317671875001 0.7009173859375 0.810910346875 0.7000262796875 0.7930573171875 0.7032347624999999 0.795873371875 0.711387834375 0.828881378125 0.7110536671875 0.832548934375 0.7059298328125
6 0.8330990734375 0.724915475 0.8329156843750001 0.7182322109375 0.8180620984375 0.717675271875 0.79420361875 0.7182676906250001 0.795139871875 0.7277001671875001 0.8250304328125001 0.727031834375 0.8330990734375 0.724915475
6 0.831815434375 0.7416973984374999 0.8305317671875001 0.7344571953125001 0.7930573171875 0.7349709421874999 0.79477309375 0.7429226609375 0.82668085 0.7437023843749999 0.831815434375 0.7416973984374999
6 0.8329156843750001 0.754061434375 0.8292481281249999 0.7491603718750001 0.7937450968750001 0.7512566125 0.7973404000000001 0.7599649875 0.829614878125 0.7600763734375 0.8329156843750001 0.754061434375
6 0.8314486562500001 0.765831078125 0.7960377015625 0.767820671875 0.7945897328125 0.7770812375 0.8319987953125001 0.7766356890624999 0.8314486562500001 0.765831078125
6 0.8345661015625 0.7891600203125 0.8279644890625001 0.7834792421875 0.7944328781250001 0.784523925 0.7942229828125 0.7923902609375 0.8294315171875001 0.7936155296875 0.8345661015625 0.7891600203125
6 0.8341993234375 0.8046319515624999 0.829614878125 0.7997308921874999 0.7939743578125 0.7995568515625 0.795139871875 0.8087533 0.8286979890625 0.8088646890625 0.8341993234375 0.8046319515624999
6 0.8204459875 0.8257956203125 0.8319987953125001 0.8240134187500001 0.8330990734375 0.8193351328125 0.8250304328125001 0.8154365625000001 0.7925987953125 0.8172344593749999 0.7931227046875 0.824458971875 0.7997243171874999 0.8261297875 0.8204459875 0.8257956203125
6 0.8340159625 0.8348180296875001 0.8215462656250001 0.8313650078125001 0.7925987953125 0.8337985187499999 0.799540928125 0.8419468468750001 0.828881378125 0.841055740625 0.8340159625 0.8348180296875001
6 0.8329156843750001 0.8556475328125 0.82741435 0.8492984343750001 0.7923695359375 0.8493882203125 0.7945897328125 0.858877778125 0.8312652953124999 0.859546103125 0.8329156843750001 0.8556475328125
6 0.8308985453125001 0.8734802015625001 0.8316320453125 0.8676880390624999 0.8250304328125001 0.8643464062499999 0.7928280562500001 0.8666482484375001 0.7938562046875 0.873034653125 0.8074261796875 0.8751510171874999 0.8308985453125001 0.8734802015625001
6 0.870183653125 0.34196481562500003 0.779778515625 0.3401275375 0.7534453703125 0.343163265625 0.759277696875 0.353192603125 0.8698476046874999 0.3527843328125 0.870183653125 0.34196481562500003
6 0.8322067546874999 0.33298258281250004 0.8278377734375001 0.324408634375 0.7933613375 0.3273469390625 0.7932216624999999 0.33522814375 0.825149134375 0.3366571296875 0.8322067546874999 0.33298258281250004
6 0.8332150015625001 0.3074648828125 0.8093534468750001 0.3074648828125 0.79294116875 0.3105102046875 0.7972545953125 0.3188968171875 0.8325428546874999 0.31869267031250004 0.8332150015625001 0.3074648828125
6 0.8342232468749999 0.291541840625 0.794621840625 0.2906122453125 0.793893809375 0.30113649374999996 0.8315346078125 0.300319928125 0.8342232468749999 0.291541840625
6 0.8348953953124999 0.2794974875 0.831198559375 0.2723525328125 0.80397616875 0.27296495468750004 0.7933613375 0.2758163265625 0.7972545953125 0.2839886 0.8335511 0.2837844625 0.8348953953124999 0.2794974875
6 0.8332150015625001 0.25495642812499997 0.7942016734374999 0.2551530609375 0.7949020546875001 0.26638835781250003 0.8335511 0.26638835781250003 0.8332150015625001 0.25495642812499997
6 0.8352314937499999 0.23882924375 0.79294116875 0.237806121875 0.7942299078125 0.24801561562500002 0.8288459687499999 0.24944460781250002 0.8352314937499999 0.23882924375
6 0.8295181671874999 0.22134321250000003 0.8174193140625 0.2195059421875 0.7937815046875001 0.2222448984375 0.79154126875 0.23093786875000002 0.8325428546874999 0.23175443750000002 0.8295181671874999 0.22134321250000003
6 0.837584034375 0.2070533046875 0.82582128125 0.2037870390625 0.79624635 0.20480774687499997 0.7949020546875001 0.21256512500000002 0.825149134375 0.2148106921875 0.837584034375 0.2070533046875
6 0.8348953953124999 0.1930223921875 0.8308624609375 0.18526500937499998 0.794621840625 0.1862755109375 0.795238103125 0.19649279687500001 0.825149134375 0.19669694843750002 0.8348953953124999 0.1930223921875
6 0.8318707078124999 0.16843217187499998 0.7942016734374999 0.1679081640625 0.79154126875 0.1780268296875 0.8318707078124999 0.1790475375 0.8318707078124999 0.16843217187499998
6 0.8342232468749999 0.1578168125 0.8298542140625 0.1500594296875 0.7954621765625001 0.151836734375 0.79456595625 0.1600623671875 0.8315346078125 0.163124490625 0.8342232468749999 0.1578168125
6 0.8335511 0.1422588859375 0.832878953125 0.13348079531249998 0.79294116875 0.1324489796875 0.7928855625 0.1443003015625 0.8214522484375 0.1451168671875 0.8335511 0.1422588859375
6 0.8385922796875 0.12061987656249999 0.82582128125 0.11633290156250001 0.7937815046875001 0.11688775468749998 0.7965824484375 0.127356546875 0.82615738125 0.127356546875 0.8385922796875 0.12061987656249999
6 0.8856432921874999 0.1074567890625 0.88194640625 0.0982704171875 0.832878953125 0.097249709375 0.7649910249999999 0.09704556875 0.7378991515625 0.0985204078125 0.7428098390625 0.10990649062499999 0.8806021124999999 0.11092719843750001 0.8856432921874999 0.1074567890625
6 0.6433305625 0.10133254218750001 0.6312317359375 0.0980662765625 0.591260496875 0.09954081718749999 0.5969517234375 0.1097023546875 0.6419862421875 0.1094982046875 0.6433305625 0.10133254218750001
6 0.6359368421875 0.1274626671875 0.639297628125 0.119297003125 0.623838015625 0.1160307375 0.5933613375 0.117397959375 0.5959434781249999 0.125012975 0.603337196875 0.1286875140625 0.6359368421875 0.1274626671875
6 0.6406419484375 0.144406421875 0.6399697765625 0.1337910578125 0.622493696875 0.133382771875 0.5954621765625 0.1339795921875 0.5959434781249999 0.1450188453125 0.61678034375 0.1450188453125 0.6406419484375 0.144406421875
6 0.6376172359375001 0.1519596546875 0.5954621765625 0.14979591875 0.59527133125 0.16196259531249999 0.6376172359375001 0.162983303125 0.6376172359375001 0.1519596546875
6 0.64165016875 0.17584422187499998 0.636272915625 0.16829098125 0.598823521875 0.1679081640625 0.5959434781249999 0.17931464531250002 0.63257605625 0.1801312 0.64165016875 0.17584422187499998
6 0.63257605625 0.1974832265625 0.6399697765625 0.19299211875 0.6366089890625 0.186663725 0.5958823453125001 0.185 0.5956074046875 0.18543889375 0.5956074046875 0.1968708046875 0.63257605625 0.1974832265625
6 0.6413140953124999 0.2111607234375 0.634928596875 0.20340333593749998 0.5979831859375 0.20285714375000002 0.5922466171874999 0.21422284687499998 0.6335842765625 0.21463112343750002 0.6413140953124999 0.2111607234375
6 0.6419862421875 0.22749205 0.6329121296875 0.22014295625 0.5958823453125001 0.21969387812500002 0.5959434781249999 0.232595590625 0.62921526875 0.23320800468749997 0.6419862421875 0.22749205
6 0.6389615546875 0.23915689375000002 0.5958823453125001 0.23755102031250003 0.5979599453125 0.25038468125 0.637953309375 0.24834326562500003 0.6389615546875 0.23915689375000002
6 0.6382893828125 0.25589650625 0.59493523125 0.2554882203125 0.597623871875 0.266920146875 0.6359368421875 0.2658994390625 0.6382893828125 0.25589650625
6 0.636272915625 0.2830473359375 0.6399697765625 0.272636109375 0.5963025140625 0.2719897953125 0.5932548375 0.2822307671875 0.61543605 0.2842721828125 0.636272915625 0.2830473359375
6 0.634928596875 0.2901922921875 0.5975630171875 0.289336734375 0.5989681906250001 0.301215940625 0.6372811625 0.30039937031249997 0.634928596875 0.2901922921875
6 0.63862545625 0.3091552734375 0.5954621765625 0.3061734703125 0.59527133125 0.3185457828125 0.6366089890625 0.3179333609375 0.63862545625 0.3091552734375
6 0.6399697765625 0.333856403125 0.6369450624999999 0.324874178125 0.5954621765625 0.3235204078125 0.597287796875 0.33508125781250003 0.626862703125 0.3356936953125 0.6399697765625 0.333856403125