2 0.1360871375 0.283807959375 0.4447417640625 0.2852629375 0.44521230312500004 0.0972077015625 0.13749868125 0.0972077015625 0.1360871375 0.283807959375
2 0.7474588234375 0.0964545453125 0.468352940625 0.0964545453125 0.468352940625 0.2752454546875 0.7474588234375 0.2752454546875 0.7474588234375 0.0964545453125
2 0.74898529375 0.3082727265625 0.452132353125 0.3082727265625 0.452132353125 0.48792727343750003 0.74898529375 0.48792727343750003 0.74898529375 0.3082727265625
2 0.429852940625 0.3133772734375 0.136217646875 0.3133772734375 0.136217646875 0.49590454531250006 0.429852940625 0.49590454531250006 0.429852940625 0.3133772734375
2 0.43220294062500003 0.5208454546875 0.1387382359375 0.5208454546875 0.1387382359375 0.70531818125 0.43220294062500003 0.70531818125 0.43220294062500003 0.5208454546875
2 0.7447558828124999 0.524184090625 0.469197059375 0.524184090625 0.469197059375 0.70334318125 0.7447558828124999 0.70334318125 0.7447558828124999 0.524184090625
6 0.3082846 0.29542499218749996 0.3098105859375 0.2900179984375 0.3079031125 0.2859873328125 0.303452340625 0.2852008578125 0.2955802828125 0.28614250625 0.29442362499999997 0.2910993953125 0.296458271875 0.2957199140625 0.3082846 0.29542499218749996
6 0.6248600828125 0.284782734375 0.6291454890625 0.2836628546875 0.6304130078125 0.2814230953125 0.6302922859375 0.276756934375 0.628059046875 0.27559039531249996 0.619608946875 0.275543734375 0.6177982109375 0.275870365625 0.6156919640625 0.27791655 0.6156253296875 0.2812364484375 0.6176774968750001 0.2848293953125 0.6248600828125 0.284782734375
6 0.3113721359375 0.5059213359375 0.31408824062499996 0.5037749015624999 0.314329671875 0.4992953875 0.31276036875 0.4971022921875 0.3103460546875 0.49650008124999995 0.3032238265625 0.49654674375 0.29959067500000003 0.49867775625000005 0.300326646875 0.5032149640625 0.3022581015625 0.5065745984375 0.3113721359375 0.5059213359375
6 0.6207673578125 0.49716055 0.6233056359375 0.4958683078125 0.6240485484375 0.49156081875 0.621943634375 0.4885455796875 0.6111095203125 0.48830627499999996 0.6076006171875 0.49068181875 0.6083236046875 0.496299053125 0.6114809734375 0.49806990781250005 0.6207673578125 0.49716055
4 0.11310333125000001 0.8261414968749999 0.828278740625 0.8225040515625001 0.8274945078125 0.7994669875 0.8831715859375 0.8024981796875 0.8847399296875 0.7200497312499999 0.6996725703125 0.7212622140625 0.1227450796875 0.7198484859375001 0.1246483796875 0.7467242187500001 0.112319159375 0.7491491828125 0.11310333125000001 0.8261414968749999
4 0.894716575 0.8867653625 0.8892273140625001 0.8455411390625001 0.1109803734375 0.8448484859375001 0.1081805375 0.9079837156250001 0.8829538234375001 0.9104086796875 0.894716575 0.8867653625
3 0.50889830625 0.9390265171875001 0.48549017812499995 0.94106060625 0.501056471875 0.9632760625 0.51125088125 0.9535762312499999 0.50889830625 0.9390265171875001
6 0.29699158125 0.7139589421875 0.298527946875 0.708020278125 0.2961273859375 0.7057932765625 0.2863330890625 0.7057190453125 0.284028546875 0.7060902109375 0.28258821093750003 0.71039574375 0.2853728640625 0.7135877765624999 0.29219045781249997 0.7153693734375 0.29699158125 0.7139589421875
6 0.611488509375 0.7132166093750001 0.6139850921875001 0.710544209375 0.614177134375 0.7072779437500001 0.6135049796875001 0.703788978125 0.6071674984375 0.703788978125 0.602184871875 0.704935065625 0.6022703468749999 0.7085399109375 0.6048629578125 0.7130681421875 0.611488509375 0.7132166093750001