5 0.0870568875 0.09503889374999999 0.08722700781250001 0.8076631328125 0.4813952640625 0.807543940625 0.48180904687500004 0.0946170171875 0.0870568875 0.09503889374999999
3 0.0841471296875 0.073318765625 0.0868459109375 0.08267345781249999 0.1144065390625 0.0829925203125 0.11748685781249998 0.0759570609375 0.10480325625 0.0729889765625 0.0841471296875 0.073318765625
7 0.716494678125 0.3194135375 0.6897213953125 0.322894215625 0.6884464671875 0.32753510937499997 0.6921957484375 0.3310175625 0.7137323578125 0.33191817968750004 0.7415680906250001 0.33140252187499997 0.7419930765625 0.3217339875 0.716494678125 0.3194135375
4 0.564644928125 0.20463554843749998 0.65080795 0.2050578734375 0.6675146625 0.204529971875 0.6680367140625 0.19112114062500002 0.7754399515625 0.19154346718749998 0.902637959375 0.193443928125 0.9134276609375 0.19112114062500002 0.914819903125 0.1563710609375 0.8091849328125 0.15489292500000001 0.7893457546875 0.1532036234375 0.6592772140625 0.15330920312500002 0.5793860375000001 0.1538371125 0.5377464562500001 0.15653614531249999 0.5378446343750001 0.16851678750000001 0.5174833671875 0.168622365625 0.5171353125 0.20379090937500002 0.564644928125 0.20463554843749998
4 0.516933378125 0.226047521875 0.5172336265624999 0.25984979531249996 0.5314954140625 0.261398140625 0.582988009375 0.26367511875 0.7469850375 0.2620357 0.8256978437500001 0.2629045203125 0.8281669062500001 0.261944615625 0.8287673796874999 0.2479184328125 0.9116235015624999 0.24955785625 0.9146259734375001 0.227199125 0.91387535 0.2125482625 0.8942091031249999 0.2109999203125 0.7021852749999999 0.2114553140625 0.6503405843750001 0.2115463921875 0.5663416578125 0.2116374703125 0.5395342078125 0.213978175 0.5375003890625 0.2202184578125 0.5375003890625 0.22295083125 0.5290934375 0.223861625 0.516933378125 0.226047521875
4 0.5180966078125 0.31783269999999997 0.5266050859375 0.3194397453125 0.556384746875 0.318465778125 0.5571874359375 0.3066807796875 0.5948366859374999 0.3088722046875 0.7115649984375 0.3074395578125 0.724259675 0.30855961875000004 0.8080476984375 0.3090545828125 0.9133075765625 0.3059645125 0.9134288500000001 0.271110540625 0.8369079859375 0.27000694687500004 0.80699481875 0.2687562046875 0.67744960625 0.2694919359375 0.6556975406250001 0.269050496875 0.6005779890625 0.26919764375 0.5973037203125 0.270521959375 0.5493200890625001 0.271352721875 0.5485757390625 0.2762257078125 0.5488968171875 0.284601821875 0.5164912296875 0.28502404531250003 0.5180966078125 0.31783269999999997
5 0.5192418296875 0.366896825 0.5190640109375 0.8754427453125 0.9126381453124999 0.8752203312500001 0.912510840625 0.3668512140625 0.5192418296875 0.366896825
7 0.6391230484375 0.3720269703125 0.632409903125 0.3712864609375 0.6080856953125 0.3703872703125 0.593177309375 0.3711806734375 0.593602253125 0.37147578124999997 0.5964902890625 0.3791147078125 0.6086088125 0.3799081109375 0.641564178125 0.3799610015625 0.6391230484375 0.3720269703125
6 0.6373460890625 0.386806978125 0.6078780515625 0.3868598734375 0.5976775765625 0.3877061671875 0.5959558281249999 0.38856372031249997 0.5981134953125 0.39426496875 0.610493565625 0.3956402 0.639089753125 0.39521705625000003 0.6373460890625 0.386806978125
6 0.6377820078124999 0.4022715578125 0.622873621875 0.4018484078125 0.59915969375 0.40232444999999994 0.595563565625 0.40368684374999997 0.59828785625 0.4096237578125 0.611801321875 0.41152792656250003 0.6384794734375 0.40994111875000006 0.6377820078124999 0.4022715578125
6 0.5987237750000001 0.41766745624999996 0.594975171875 0.41988168437500006 0.6011649171875 0.42581306249999995 0.6378691937500001 0.4258659546875 0.6365614374999999 0.41724430625000003 0.5987237750000001 0.41766745624999996
6 0.6288892781250001 0.4329500890625 0.5967185578125 0.4335319203125 0.596250025 0.43589790624999997 0.598898146875 0.44104280156250003 0.63516649375 0.44120148437499995 0.6384794734375 0.4352774078125 0.6288892781250001 0.4329500890625
6 0.5996828 0.4557059453125 0.636735796875 0.4572398578125 0.6376076359375 0.45623488281249996 0.63516649375 0.44840663750000004 0.598113271875 0.448460815625 0.5976775765625 0.4485653171875 0.5969801046875001 0.4517918234375 0.5996828 0.4557059453125
6 0.6382179265625 0.4634328359375 0.598462228125 0.46364440937499996 0.596544221875 0.4653105953125 0.59924688125 0.471313975 0.61389371875 0.4727949921875 0.6375204609375 0.47078503749999995 0.6382179265625 0.4634328359375
6 0.6356024125 0.47913169531250005 0.598985334375 0.47913169531250005 0.595563565625 0.4807314171875 0.600816184375 0.487330196875 0.6278430796875 0.48838806718749994 0.6362127156249999 0.4859549625 0.6356024125 0.47913169531250005
6 0.6376076359375 0.49649933281249997 0.6324638046875 0.49417201874999994 0.6039547921875 0.49406622968749997 0.598026309375 0.4954414625 0.5969801046875001 0.49745141718749997 0.600293078125 0.5030052390625 0.6332484578125 0.5032168125 0.63603833125 0.5024763046875 0.6376076359375 0.49649933281249997
6 0.638119228125 0.511304265625 0.6294008718749999 0.5094000953125 0.598014796875 0.509294309375 0.595759540625 0.5114183609375 0.6018508703125 0.518180425 0.6301855234375 0.518180425 0.6368986578125 0.51796885 0.638119228125 0.511304265625
6 0.636288365625 0.525426840625 0.611615425 0.5252152671875 0.598014796875 0.5256384171875 0.5969685921875 0.5266962875 0.5997584671875 0.5327790484375 0.617369546875 0.5339427015625 0.6375961218749999 0.53341376875 0.636288365625 0.525426840625
6 0.6368986578125 0.5417510078125 0.6234724015625 0.540164203125 0.5976660578125 0.5414865421874999 0.596936484375 0.5429505671875 0.5993225468750001 0.549420571875 0.6320163734375 0.549420571875 0.6373345765625 0.5453477703125 0.6368986578125 0.5417510078125
6 0.6378576812500001 0.5596245984375 0.6294880578125001 0.5556575796875001 0.600281565625 0.5555517937500001 0.596740353125 0.556168415625 0.5976660578125 0.5633271468750001 0.6142309390625 0.5650197375 0.6350677953125 0.5645965921875 0.6378576812500001 0.5596245984375
6 0.6379448546875001 0.576486840625 0.635852446875 0.5719908890625 0.605861315625 0.5711445890625 0.594789003125 0.5733132296875 0.595312103125 0.5734201203125 0.595171303125 0.573434975 0.598450709375 0.5800835984375 0.6251288781250001 0.5807183265625 0.6343703406250001 0.579025728125 0.6379448546875001 0.576486840625
6 0.5985378953125 0.5948949 0.6124000765625001 0.595053584375 0.6378576812500001 0.595899878125 0.6391654375 0.5909278859375 0.633498503125 0.5868550859375 0.5993881265625001 0.5861169640624999 0.59914818125 0.5856385296875 0.596183940625 0.5921510828125001 0.5985378953125 0.5948949
6 0.635852446875 0.609807834375 0.6382064015625 0.6087499640625 0.638642321875 0.6058408171874999 0.635329353125 0.6026143125 0.597917140625 0.6018354859375 0.5959223875 0.6045713734375 0.596183940625 0.6107070265625001 0.635852446875 0.609807834375
6 0.6369858421875 0.617911625 0.628005928125 0.6175413703125 0.59914818125 0.6175942625 0.59762294375 0.6180303265625 0.597142959375 0.625052253125 0.6128359953125 0.626744846875 0.6363755515625 0.6256340812500001 0.6369858421875 0.617911625
6 0.6382936 0.6340056625 0.63332413125 0.6330535796875 0.60106621875 0.632894896875 0.5977210093750001 0.63362976875 0.597142959375 0.6407231437500001 0.6021124171875 0.6409347171875 0.6363755515625 0.641146290625 0.6382936 0.6340056625
6 0.6383807734375 0.6516707203125 0.6336728625 0.6483913234375 0.62303648125 0.6480210671875 0.6004559328125 0.6478623859375 0.598309403125 0.6488124328125 0.5963583078125 0.652940171875 0.5990609953125 0.6562195671875 0.635765271875 0.656431140625 0.6383807734375 0.6516707203125
6 0.6384679609374999 0.6670065296875001 0.63602681875 0.6639915953125 0.60141495 0.6630924078125 0.598113271875 0.6645309546875 0.5965326734375 0.6686462328125 0.5985378953125 0.672242990625 0.6383807734375 0.6720314125 0.6384679609374999 0.6670065296875001
6 0.6384679609374999 0.681397725 0.6291393249999999 0.6790704109375 0.5983635296875 0.6788588359375 0.5978190750000001 0.6792968390625 0.597142959375 0.6863168265625 0.6059485015625 0.687480484375 0.6368986578125 0.6865284 0.6384679609374999 0.681397725
6 0.637813253125 0.6972286828125001 0.6324078765625 0.6943195375 0.6173251296875 0.69447821875 0.5980575609375001 0.6940021765625 0.5965754421875 0.694742684375 0.5973600953125 0.6945840046875 0.5975344609375 0.70135438125 0.603637309375 0.70246514375 0.63659269375 0.70188331875 0.637813253125 0.6972286828125001
6 0.6052066140625 0.7096403875 0.5980975875000001 0.7096403875 0.59762294375 0.7097217062500001 0.597621646875 0.717362846875 0.6116581953125 0.71815625 0.6365055078124999 0.717785996875 0.6379004390625 0.7112800890625001 0.6335412609375 0.7097990703125 0.6052066140625 0.7096403875
6 0.6380748109375001 0.7287956078125 0.6348490171875001 0.72551620625 0.6287461750000001 0.725093059375 0.600934621875 0.7248285906249999 0.598309403125 0.7253806875000001 0.5965754421875 0.7313344953125 0.6011961671875 0.733344453125 0.6360695875 0.732921303125 0.6380748109375001 0.7287956078125
6 0.6373773453125 0.7486284703125 0.63842354375 0.743656478125 0.636156775 0.7404828640625001 0.6052066140625 0.7408002265625 0.5990165843749999 0.740271290625 0.5973287468749999 0.7413969093749999 0.596749809375 0.7460895828125 0.5988422124999999 0.7480995375 0.6330181671874999 0.7493689812500001 0.6373773453125 0.7486284703125
6 0.63746451875 0.75818641875 0.6310129437499999 0.7557004218750001 0.6011089875 0.7553830625 0.59879973125 0.75711543125 0.596749809375 0.7609897796875 0.6007602546874999 0.7633699875 0.635895215625 0.7641104953125 0.63746451875 0.75818641875
6 0.60014996875 0.778880815625 0.6151455343750001 0.7793568546875 0.6270896859375 0.778933703125 0.637813253125 0.7804676203125 0.6380748109375001 0.7792510671875 0.6372029734375 0.7745435390625001 0.635023390625 0.7714757171875 0.623515159375 0.771422821875 0.5998784546875 0.7708691390625 0.5977960140625 0.7716872875 0.5969241765625 0.777135321875 0.60014996875 0.778880815625
6 0.6358080421875 0.793897040625 0.63659269375 0.789242409375 0.63519775 0.7862803703125001 0.599452496875 0.78548696875 0.59723068125 0.7858731828125001 0.5975344609375 0.792627596875 0.59971405 0.7944788734375 0.6290949078125 0.7951664843749999 0.6358080421875 0.793897040625
6 0.6125300328125001 0.8095479937500001 0.62735123125 0.81023560625 0.638249171875 0.8112934765625001 0.637813253125 0.8049991453124999 0.6338028312499999 0.802142896875 0.598113271875 0.8011153859375 0.596662628125 0.8061099140625 0.5969241765625 0.8095479937500001 0.6125300328125001 0.8095479937500001
6 0.6337156328125 0.8255135359375 0.6380748109375001 0.824032515625 0.637726090625 0.8178968640625 0.6199406328125 0.8175266078125001 0.5986678453125001 0.81720925 0.59762294375 0.8169529875 0.5968369953125 0.8222870296875 0.5975344609375 0.8254077499999999 0.61627891875 0.8258308953125001 0.6337156328125 0.8255135359375
6 0.6366798671875 0.8408972484374999 0.636854253125 0.8332276843749999 0.6021551921875 0.8325400671875001 0.5977210093750001 0.8337432265625001 0.5958779765625 0.8386228296875 0.6011961671875 0.8419551203125 0.6324950734375 0.8412675078125 0.6366798671875 0.8408972484374999
6 0.63755170625 0.8482995750000001 0.6208124703125 0.8479293203125 0.5983191125 0.8483524703124999 0.5982319328125 0.8556517765624999 0.6134890453125 0.8570270109375 0.63746451875 0.8562865015625001 0.63755170625 0.8482995750000001
6 0.6043402515625 0.8631337218749999 0.5983370921875 0.8632348859375 0.598175490625 0.8715410984374999 0.6246842453125 0.873149390625 0.6368572890624999 0.872137703125 0.6381913406249999 0.8628302140624999 0.6043402515625 0.8631337218749999
6 0.830244596875 0.8633360578125 0.797394040625 0.8640442374999999 0.7945592265625 0.867382790625 0.7958722593750001 0.8700606499999999 0.8062320046875 0.8734528984375001 0.8309116109374999 0.8719353671875 0.8325791578124999 0.8667757828125 0.830244596875 0.8633360578125
6 0.8300778609374999 0.8478572968750001 0.8132356843749999 0.847452621875 0.7990615875 0.8488689812500001 0.7960600125 0.85230870625 0.7978942953125 0.8552425921875001 0.8020631609375 0.8566589468749999 0.8160705 0.8576706296875001 0.8344134625 0.8576706296875001 0.8300778609374999 0.8478572968750001
6 0.8220736703125 0.8425965453125001 0.830744875 0.8407755109374999 0.8327459171875 0.8336937234375 0.8152367265624999 0.8323785375 0.79722728125 0.8329855484375001 0.79699766875 0.8331633265624999 0.7958932546875 0.8372346171875 0.7957265062500001 0.8399661625 0.8070657765625 0.8419895296875 0.8220736703125 0.8425965453125001
6 0.812326378125 0.817143134375 0.7952744 0.8180678546875001 0.7959412375 0.824540890625 0.7960513312499999 0.8245416890625 0.8106116546875001 0.825754584375 0.831569415625 0.825118840625 0.8306167875 0.8169697515625 0.812326378125 0.817143134375
6 0.8271873265625 0.8015687546875 0.8214715734375 0.8013953687500001 0.7956554546875 0.8035337828125 0.7946075625 0.807637228125 0.8048959078125 0.810758153125 0.828330471875 0.8100646125000001 0.8306167875 0.806943684375 0.8271873265625 0.8015687546875
6 0.8269967953125 0.7855964640625 0.7950838765625 0.7876770828125 0.7964799421875 0.7938997671875 0.8097542921875001 0.7954794046875 0.8292830984374999 0.7945546859375 0.8319504500000001 0.7891797515625 0.8269967953125 0.7855964640625
6 0.8111832328125 0.7709368171875 0.794321771875 0.7727862562500001 0.7949798015625 0.7791317906249999 0.824138925 0.7798372421875001 0.831569415625 0.7786813421875001 0.8316646671875001 0.7726128703125 0.8111832328125 0.7709368171875
6 0.8300451953125 0.755158790625 0.80546748125 0.7555633562499999 0.7972749078125 0.75683484375 0.7958459734375001 0.76099608125 0.7971228609375001 0.762151871875 0.81070691875 0.7649839359375 0.8235673453125001 0.7647527546874999 0.8306167875 0.76157403125 0.8300451953125 0.755158790625
6 0.8301404734375 0.72572269375 0.8223289359375 0.7250291546875001 0.7963222859375 0.7264740296875 0.7954649234375 0.7309820359375 0.7947654953125001 0.7323556921875001 0.813374265625 0.7338139906250001 0.8296641593749999 0.7335250171875 0.8321409687499999 0.7298839312500001 0.8301404734375 0.72572269375
6 0.8221384171875 0.7095945718750001 0.7983228 0.710923853125 0.7962270218749999 0.7122531390625 0.7966080765625 0.7165877640625 0.7971228609375001 0.7167419734375 0.8099448171875 0.7180904296875 0.830712040625 0.717570275 0.831569415625 0.711155034375 0.8221384171875 0.7095945718750001
6 0.82890205 0.6937009546875 0.80937324375 0.6937009546875 0.7965128109374999 0.6953192140625 0.7965870953125 0.7013884828125 0.8096590328125 0.70300594375 0.8261394328125 0.7032949187499999 0.8306167875 0.7010409140625 0.82890205 0.6937009546875
6 0.831569415625 0.684661640625 0.8311883531250001 0.680211428125 0.821852621875 0.6789399375 0.7971796484375 0.6806737875 0.7948933515625 0.683505740625 0.7966942484375 0.6861000500000001 0.8111832328125 0.6872624125 0.8113737578125001 0.687378003125 0.8285210015625 0.6869734375000001 0.831569415625 0.684661640625
6 0.8268062765625 0.663566478125 0.796036496875 0.6653003265625 0.79562271875 0.67003093125 0.8078490437499999 0.672409109375 0.8325220296875001 0.6715999781249999 0.831569415625 0.664722378125 0.8268062765625 0.663566478125
6 0.8278541578124999 0.64823114375 0.7966080765625 0.6496760171875 0.7957507140625 0.6525079703125 0.7963727890625 0.6559135281249999 0.8119453296874999 0.6567847984374999 0.8319504500000001 0.6569581828125 0.8301404734375 0.650831915625 0.8278541578124999 0.64823114375
6 0.8292830984374999 0.6329478546875 0.7993706875 0.633872575 0.7947980859375 0.6347972937499999 0.7948726484375 0.6401046375 0.808420615625 0.6412703296875 0.82890205 0.6405767906250001 0.8312836062500001 0.6353174484374999 0.8292830984374999 0.6329478546875
6 0.8300451953125 0.61794295 0.8078490437499999 0.61794295 0.7962270218749999 0.6198501828125 0.7961584828125 0.623775290625 0.8072774703125001 0.6263810125 0.8242341906249999 0.6261498328124999 0.8308073046875 0.623375675 0.8300451953125 0.61794295
6 0.828806784375 0.6020771703125 0.8098495578125 0.6023083515625001 0.7958459734375001 0.604331175 0.7964175453125 0.6089547734375 0.795944178125 0.6091374296875001 0.8104211296875 0.61091980625 0.8278541578124999 0.6101684671875 0.8306167875 0.6079144640624999 0.828806784375 0.6020771703125
6 0.8157558343750001 0.5867669531249999 0.7963222859375 0.587980646875 0.79613176875 0.5938757328125 0.7958459734375001 0.5942225031249999 0.7965870953125 0.5940441671875 0.8118500640624999 0.5958407625000001 0.828806784375 0.5941069125 0.830712040625 0.5887897765625 0.8157558343750001 0.5867669531249999
6 0.8263299640625 0.5715668765624999 0.8192805359375 0.5713356968750001 0.796036496875 0.5722026203125 0.796036496875 0.5756703187500001 0.7966942484375 0.5790159625 0.8106116546875001 0.5800627390625 0.8316646671875001 0.580293915625 0.8314741359375001 0.5757859078124999 0.8263299640625 0.5715668765624999
6 0.7972749078125 0.557589571875 0.7955601828125001 0.5592078296875 0.794868159375 0.563668696875 0.8089921953125 0.56452496875 0.820518959375 0.5642937875 0.8300451953125 0.5641782 0.8321409687499999 0.5592078296875 0.8229957796875 0.5559135171875 0.7972749078125 0.557589571875
6 0.821852621875 0.54014154375 0.7973701734375 0.5417020078125 0.7954649234375 0.54401380625 0.7966080765625 0.54730811875 0.8097542921875001 0.5490997640625 0.830521509375 0.5480016625 0.8324267640624999 0.5441293968750001 0.821852621875 0.54014154375
6 0.830521509375 0.5280136796875 0.8263299640625 0.525066134375 0.7991801625 0.5253551109375 0.7955601828125001 0.5285338328125 0.7949798015625 0.53080860625 0.806039059375 0.533793175 0.81870896875 0.533793175 0.8291878468749999 0.533793175 0.830521509375 0.5280136796875
6 0.8302357265625 0.5115451390625 0.8136600546875 0.5094645203125 0.7965128109374999 0.51142955 0.796703334375 0.516053146875 0.7976586250000001 0.516886375 0.8110879687500001 0.5183071499999999 0.8225194671875 0.5186539203125 0.8309025578125 0.5166310968750001 0.8302357265625 0.5115451390625
6 0.82737785625 0.4945564453125 0.797560703125 0.495365575 0.7959412375 0.49819752812500007 0.7952744 0.5013762515625 0.795729871875 0.5015979421875 0.810992703125 0.5029367171875 0.8301404734375 0.5024165609375 0.8318551859375001 0.49715721874999996 0.82737785625 0.4945564453125
6 0.8144221515625001 0.47884831875 0.7965128109374999 0.48029319062500003 0.7955155656249999 0.48591916562500004 0.8113737578125001 0.4878065375 0.8300451953125 0.48659284375 0.830330990625 0.48023539687500005 0.8144221515625001 0.47884831875
6 0.8227099843750001 0.46353567812499996 0.7986085828125 0.4652695265625 0.7967986 0.46694558124999996 0.7950869546875 0.47030544687500003 0.81070691875 0.47214712812500004 0.831378871875 0.4714535890625 0.8314741359375001 0.4663098359375 0.8227099843750001 0.46353567812499996
6 0.8042290703124999 0.4488100640625 0.79613176875 0.4495614 0.7963222859375 0.4546473578125 0.7958459734375001 0.45551427968749997 0.80937324375 0.456785771875 0.8302357265625 0.45557207499999997 0.82909258125 0.44794314062499996 0.8042290703124999 0.4488100640625
6 0.82604418125 0.43251188437500004 0.797560703125 0.4343613234375 0.7955601828125001 0.436962096875 0.7973371671875 0.4398586953125 0.8151842546875001 0.44175907968750006 0.8277589171875 0.4414123109375 0.8310931015625 0.437829021875 0.82604418125 0.43251188437500004
6 0.8294736296874999 0.41962965937499996 0.8255678671875 0.4170866796875 0.7989896375 0.4185315546875 0.7966080765625 0.42072776406249995 0.79613176875 0.4230973578125 0.795729871875 0.424375090625 0.81070691875 0.4259871046875 0.8274731093750001 0.4256981296875 0.829854678125 0.42303956249999997 0.8294736296874999 0.41962965937499996
6 0.8317599187500001 0.40345614531249996 0.824138925 0.40224245156249994 0.797084390625 0.40328276250000006 0.7963222859375 0.40553676562499996 0.796036496875 0.40813753906250005 0.798418059375 0.4096402078125 0.7986230015625 0.40947700156250005 0.8142316265625 0.4105649265625 0.828330471875 0.410680515625 0.8317599187500001 0.4090044625 0.8317599187500001 0.40345614531249996
6 0.830330990625 0.3887275078125 0.823376828125 0.3865313015625 0.8110879687500001 0.3867046828125 0.7962270218749999 0.38780278749999997 0.796703334375 0.39184843593749996 0.7966080765625 0.3935244890625 0.8113737578125001 0.3954317234375 0.8266157468750001 0.3955473125 0.8308073046875 0.3945647984375 0.830330990625 0.3887275078125
7 0.882627309375 0.3778404171875 0.8835194124999999 0.374013775 0.8785724359374999 0.369736928125 0.7751805578125001 0.3687615125 0.7541558937499999 0.3687615125 0.742256759375 0.3708624140625 0.742133090625 0.3759646125 0.7445393234375 0.3789834390625 0.7890320984375 0.38054158125000004 0.84097538125 0.3817420984375 0.8801802015625 0.381592034375 0.882627309375 0.3778404171875
6 0.19894696875 0.1170028859375 0.1947765609375 0.116460696875 0.1721371921875 0.11664142656250001 0.1706477625 0.11844872343749999 0.171124771875 0.123630790625 0.177896328125 0.1252562109375 0.2022237171875 0.12567791718750002 0.20162794687500002 0.1218825890625 0.19894696875 0.1170028859375
6 0.3994974734375 0.1165359890625 0.37389974531250003 0.116820075 0.36415193125 0.1185467546875 0.36531514062500003 0.124774625 0.38498167968749997 0.125342809375 0.400121784375 0.1246799296875 0.3994974734375 0.1165359890625
6 0.1817607625 0.1331828328125 0.171303159375 0.13327753125 0.1703666609375 0.138296471875 0.17014695 0.1402923671875 0.18347768125 0.1435048125 0.20064688125000002 0.1412320796875 0.1998664671875 0.1334669234375 0.1817607625 0.1331828328125
6 0.364378653125 0.13299343749999998 0.361569125 0.1384858671875 0.3637542984375 0.1404745046875 0.389820271875 0.142084353125 0.3974683671875 0.142084353125 0.399185296875 0.13583435 0.39262977656250003 0.1322358625 0.364378653125 0.13299343749999998
6 0.189096696875 0.1585616390625 0.20002255 0.157709365625 0.2004907984375 0.1496601203125 0.170054490625 0.14928132968750002 0.169430153125 0.14994420625 0.17021057343749998 0.15742527343749999 0.189096696875 0.1585616390625
6 0.4009022046875 0.1571411828125 0.397312278125 0.14928132968750002 0.3757727421875 0.14937602656249999 0.3643275 0.1512717703125 0.36453471875 0.1561942125 0.377489671875 0.1585616390625 0.3971562328125 0.1586563390625 0.4009022046875 0.1571411828125
6 0.3982487875 0.16556922031250002 0.3710902390625 0.1664214921875 0.3643275 0.1661952296875 0.364066475 0.1732396796875 0.3787383359375 0.17522831562500002 0.399653540625 0.1737131625 0.3982487875 0.16556922031250002
6 0.40059005000000003 0.18441392968749998 0.39200544531250003 0.18204650312499998 0.371714571875 0.1823305953125 0.36415193125 0.18357040156249999 0.36781246875 0.191232115625 0.3834208390625 0.191516209375 0.3994974734375 0.1909480296875 0.40059005000000003 0.18441392968749998
6 0.1851946046875 0.1662321 0.1711470765625 0.1661374 0.16880582500000002 0.1690730125 0.17049809062500001 0.1745097296875 0.200959053125 0.1750389234375 0.200959053125 0.1698305859375 0.1997103828125 0.1663267953125 0.1851946046875 0.1662321
6 0.178639090625 0.191705603125 0.1939352890625 0.1921790890625 0.202051634375 0.1877283234375 0.200334715625 0.1822358953125 0.1706736609375 0.18175826718750002 0.1691179859375 0.1856449890625 0.170678821875 0.18933817656250002 0.178639090625 0.191705603125
6 0.3955953921875 0.1982198671875 0.36359823125 0.20011380625 0.364378653125 0.20380699062500002 0.36590763125 0.20574240000000002 0.3810795984375 0.2074054796875 0.396219703125 0.2076895703125 0.40059005000000003 0.2046592640625 0.3955953921875 0.1982198671875
6 0.3988731203125 0.21469714999999998 0.371714571875 0.214507759375 0.36484689531250003 0.21517063281249998 0.3643275 0.2158690328125 0.3651590734375 0.2240721625 0.38513776875 0.2240721625 0.39902920937499997 0.22265170625000003 0.3988731203125 0.21469714999999998
6 0.2029881375 0.21706457656249997 0.1919061984375 0.21498124375 0.1711470765625 0.21498124375 0.17021057343749998 0.2189585171875 0.17049809062500001 0.2218384171875 0.1767660828125 0.2238827640625 0.1959643734375 0.2236933703125 0.20220772343750001 0.22123125 0.2029881375 0.21706457656249997
6 0.1759856671875 0.1982198671875 0.1698984078125 0.1996403203125 0.1686497375 0.2029547171875 0.172083575 0.20674260000000003 0.19736031874999999 0.2072347453125 0.20283205468749999 0.2059850265625 0.200959053125 0.19888274687500002 0.189096696875 0.19869335 0.1759856671875 0.1982198671875
6 0.174112665625 0.2396971765625 0.1820729328125 0.24026535 0.1925305359375 0.24045474375000003 0.2018955515625 0.2394130765625 0.20158338593749997 0.2335418625 0.195808290625 0.23117444374999999 0.1791073390625 0.23060624999999998 0.1703666609375 0.231932009375 0.17021057343749998 0.2361933765625 0.174112665625 0.2396971765625
6 0.4012143828125 0.2349623234375 0.3949710390625 0.23041685625000002 0.364378653125 0.232405496875 0.3639763609375 0.23356399218749999 0.36531514062500003 0.2393183765625 0.3810795984375 0.24054944374999998 0.3999657171875 0.24007595625000003 0.4012143828125 0.2349623234375
6 0.4005432765625 0.2497847546875 0.38941359375 0.2473787109375 0.3642232609375 0.249267721875 0.36587498749999997 0.2559162921875 0.38595955625 0.256614821875 0.3991360859375 0.2552177625 0.4005432765625 0.2497847546875
6 0.4002874140625 0.2660061625 0.39888020625 0.2640658046875 0.3674100921875 0.2657733203125 0.3656191078125 0.26554047812500003 0.36523055000000004 0.26578008125 0.3639560546875 0.27190485781249996 0.383145175 0.2733019171875 0.398112653125 0.271982471875 0.4002874140625 0.2660061625
6 0.4002874140625 0.2807073890625 0.3654911765625 0.2814835328125 0.363188484375 0.287382225 0.3754695296875 0.2899434984375 0.4004153625 0.28784790937500004 0.4002874140625 0.2807073890625
6 0.399264 0.2964789578125 0.38186589843749996 0.2977984 0.36537445 0.2982806015625 0.3638281234375 0.30338663593750004 0.3754695296875 0.3056374546875 0.399647775 0.3047836953125 0.399264 0.2964789578125
6 0.39939193125 0.313398890625 0.391076646875 0.31308844062499996 0.36566224687500004 0.31418139218749996 0.363188484375 0.320151346875 0.380458671875 0.32240216875 0.4004153625 0.3220140953125 0.39939193125 0.313398890625
6 0.4001242453125 0.33067439374999996 0.391041409375 0.33005348125 0.3659676453125 0.3314505375 0.36465495625 0.3324410921875 0.3657117921875 0.3372716171875 0.38259819375 0.3381253734375 0.3998683828125 0.3381253734375 0.4001242453125 0.33067439374999996
6 0.3999153578125 0.3462736703125 0.383668584375 0.3467393546875 0.3646074125 0.3474378828125 0.36499119687500003 0.3537246515625 0.378295640625 0.35504409375 0.40017120312500004 0.3547336375 0.3999153578125 0.3462736703125
6 0.3655029046875 0.37040768281249997 0.39518204218749997 0.3721151984375 0.4002991515625 0.3714942859375 0.39927571875 0.366061278125 0.3946703359375 0.36256862968750003 0.366526328125 0.364120921875 0.3637119203125 0.363111925 0.3637119203125 0.36644935 0.3655029046875 0.37040768281249997
6 0.394030696875 0.3788473328125 0.36524705156250004 0.37977870468749997 0.36335986875000004 0.3860844234375 0.38111004843749996 0.3877729875 0.40145047968750003 0.3883162875 0.3988919421875 0.3802443921875 0.394030696875 0.3788473328125
6 0.38916946874999997 0.403606325 0.39901987499999997 0.4033734796875 0.40055499687499996 0.3966210296875 0.396973028125 0.39522396875 0.367933528125 0.39615534218750004 0.3639677828125 0.39786285781249997 0.3660146125 0.403606325 0.38916946874999997 0.403606325
6 0.38098211718749997 0.41998296249999995 0.39927571875 0.41998296249999995 0.39863608125 0.4119886765625 0.38891360625 0.41074684531249994 0.3663817390625 0.4113334828125 0.3653749828125 0.4147051828125 0.36678218125 0.4195172734375 0.38098211718749997 0.41998296249999995
6 0.3981243734375 0.4273441375 0.36639839687500003 0.42835312343750004 0.3640957046875 0.4320786140625 0.364367159375 0.43500993593750004 0.3780397859375 0.437045940625 0.3987640125 0.4369683203125 0.400682928125 0.43153531718749993 0.3981243734375 0.4273441375
6 0.3962054578125 0.452956890625 0.3999153578125 0.450861296875 0.400938790625 0.4470581921875 0.3964613203125 0.4443416921875 0.36473534375 0.44488498749999994 0.3646074125 0.4470581921875 0.36294436874999997 0.4525688171875 0.3962054578125 0.452956890625
6 0.40004328906250003 0.4693948828125 0.400427065625 0.46178867500000004 0.39032081406249997 0.4597707 0.375481240625 0.4601587703125 0.36332814375 0.4617110578125 0.3637119203125 0.46605746562499994 0.36818938125 0.4683859 0.37637672499999997 0.46931726874999996 0.393518990625 0.4693948828125 0.40004328906250003 0.4693948828125
6 0.3996595125 0.485849134375 0.400810840625 0.4825893328125 0.396845096875 0.47606972187499996 0.3890415375 0.47568164843750005 0.3653749828125 0.476845865625 0.36473534375 0.47963998593749996 0.3648632671875 0.48421923125 0.3996595125 0.485849134375
6 0.40004328906250003 0.4928222421875 0.38545956875 0.492589396875 0.3640957046875 0.4935983859375 0.365119128125 0.49934185 0.365518346875 0.5001857078125 0.38187760000000004 0.5009717546875 0.397484734375 0.5014374390625 0.40055499687499996 0.5003508359375 0.40004328906250003 0.4928222421875
6 0.383796515625 0.51696031875 0.3999153578125 0.517270775 0.39940365 0.507957046875 0.3864829828125 0.5074913624999999 0.3658866890625 0.5093541046875 0.36524705156250004 0.512846753125 0.36665424999999996 0.5167274734375 0.383796515625 0.51696031875
6 0.396973028125 0.52439098125 0.39326312812499997 0.5238476796875 0.36665424999999996 0.5251671250000001 0.3628164375 0.528426928125 0.365518346875 0.5316378234375 0.3814938234375 0.5329285625 0.3997874265625 0.533083790625 0.40145047968750003 0.5312986609375 0.396973028125 0.52439098125
6 0.37484160312500003 0.5482185984375 0.3988919421875 0.54790814375 0.40004328906250003 0.5449587921875 0.397612665625 0.5403019312499999 0.388785675 0.5388272578125 0.36451105781250004 0.5404618890624999 0.3640957046875 0.5413109203124999 0.3637119203125 0.5474424546875001 0.37484160312500003 0.5482185984375
6 0.37138756562499997 0.5644400046875 0.38354065312499996 0.5647504624999999 0.3981243734375 0.5631981749999999 0.40017120312500004 0.5599383718750001 0.400427065625 0.5562904953125 0.39326312812499997 0.5553591265625 0.365119128125 0.5556695781250001 0.36473534375 0.5553591265625 0.3642236359375 0.562332228125 0.37138756562499997 0.5644400046875
6 0.3945424046875 0.581192525 0.40055499687499996 0.5801059234375 0.3996595125 0.57630281875 0.396845096875 0.5719564140625 0.38571543125 0.5707145828125 0.36465495625 0.5731371421875 0.36524705156250004 0.579562621875 0.373306471875 0.5799506953125 0.3945424046875 0.581192525
6 0.391600075 0.5960904296875 0.397484734375 0.5944605203125 0.39850815 0.5878633 0.393646921875 0.5868543125000001 0.3639354640625 0.5873779609375 0.36294436874999997 0.5913559453125 0.364351559375 0.5954695109375 0.391600075 0.5960904296875
6 0.37381817968750003 0.6124629984375 0.391600075 0.6126182265625 0.40055499687499996 0.6129286828125 0.400427065625 0.603925415625 0.392495575 0.6038478046875 0.36666953593749996 0.6036282203125001 0.3639677828125 0.6069523796875 0.3653749828125 0.6111435515625 0.37381817968750003 0.6124629984375
6 0.38801812343750003 0.628986734375 0.39863608125 0.62883150625 0.40017120312500004 0.6244851015624999 0.4002991515625 0.6205267671875 0.3944144734375 0.6197506234375 0.36465495625 0.619965846875 0.3646074125 0.623243275 0.36473534375 0.6277449046875 0.38801812343750003 0.628986734375
6 0.3794469859375 0.645432859375 0.3962054578125 0.6456657046875 0.3997874265625 0.6424835140625 0.3997874265625 0.636662434375 0.3862271390625 0.63503253125 0.36499119687500003 0.636662434375 0.3638398515625 0.63914609375 0.3640957046875 0.6443462578125 0.3794469859375 0.645432859375
6 0.375481240625 0.6608700015625 0.39607754375000004 0.660326696875 0.40234598125 0.6555922187500001 0.39671716562500003 0.651633884375 0.3653749828125 0.6515562703125 0.3634560671875 0.6570668921875 0.36614254375 0.659550553125 0.375481240625 0.6608700015625
6 0.383668584375 0.6876388437500001 0.400810840625 0.6882597500000001 0.3996595125 0.6845342640625 0.397356803125 0.679411709375 0.38916946874999997 0.677859421875 0.36524705156250004 0.6797997828125 0.362432653125 0.68585370625 0.37100378125 0.6876388437500001 0.383668584375 0.6876388437500001
6 0.3711317125 0.7158823484375 0.3977406140625 0.7163480375 0.400427065625 0.7136315375 0.3971009765625 0.70656861875 0.38597127656249997 0.7054044046875 0.36666953593749996 0.7068086328125001 0.3657587578125 0.7085089796874999 0.3639677828125 0.7135539140625 0.3711317125 0.7158823484375
6 0.37305061875 0.7421038203125 0.3977406140625 0.7417933640625 0.400427065625 0.7365155890625 0.39607754375000004 0.7350409124999999 0.38571543125 0.7334110140625001 0.36537445 0.7345039671875 0.3648632671875 0.7366708171874999 0.3634560671875 0.7418709796875 0.37305061875 0.7421038203125
6 0.3947982671875 0.7486929171875001 0.3770163640625 0.7490033765625 0.3645580546875 0.751194246875 0.3632002125 0.7538154671874999 0.36524705156250004 0.757540959375 0.378935278125 0.7576961875 0.39953158125 0.7571528859375001 0.39940365 0.7514870375 0.3947982671875 0.7486929171875001
6 0.38545956875 0.7736806875 0.40055499687499996 0.7736030765625 0.400682928125 0.7677819953125 0.3963333890625 0.7641341203125 0.36523055000000004 0.7651697796875 0.36473534375 0.7700328125 0.3685731671875 0.7727493187500001 0.38545956875 0.7736806875
6 0.37855149374999997 0.788574525 0.396845096875 0.7877207734375 0.4013225484375 0.7832967453124999 0.39262350625 0.77910556875 0.3638398515625 0.7798040984375 0.36192094531249996 0.7835295906249999 0.36806145 0.7877207734375 0.37855149374999997 0.788574525
6 0.3276364234375 0.803786946875 0.3640957046875 0.8037093296875 0.43317645625 0.8044854765625 0.4388052546875 0.8035541015625001 0.44008453125 0.79571505 0.38801812343750003 0.7958702828125 0.358466915625 0.7932313875 0.3349282734375 0.7929985484375 0.3349282734375 0.7940851453125 0.324949946875 0.797189725 0.3276364234375 0.803786946875
6 0.171481578125 0.7869439125000001 0.1888879375 0.7885680640625 0.19902635156249998 0.787911490625 0.2018742125 0.7834388765625 0.1954949890625 0.779741340625 0.1732477234375 0.7795321265624999 0.17341812968749998 0.7792723859375 0.17028547656249998 0.78231335 0.171481578125 0.7869439125000001
6 0.196201078125 0.7728575546875 0.20115636406249998 0.7708532828125 0.1983084953125 0.7651514734375 0.1955175859375 0.7640456671875 0.172677684375 0.7643566749999999 0.17216507187500002 0.7646331265625 0.17125375 0.7688490109375 0.1731333453125 0.7721664265625 0.184296984375 0.77299578125 0.196201078125 0.7728575546875
6 0.20099306249999999 0.7495639546875 0.17249230468750001 0.7489572328125 0.17169228593750002 0.7509594171875 0.1712922703125 0.7549637921875 0.1724560328125 0.7564547546875 0.191992821875 0.7578760640625 0.199393025 0.7571479953125 0.20239310000000002 0.754417740625 0.20099306249999999 0.7495639546875
6 0.1746923609375 0.7334251203125 0.1709922671875 0.7341531875 0.17020628124999998 0.7416345093750001 0.19679295937500002 0.74234395 0.20109306718750003 0.7405237796875 0.199693028125 0.7336071390625001 0.1746923609375 0.7334251203125
6 0.190092775 0.7176087046874999 0.16979223125 0.71870080625 0.17069225625 0.7250107265625 0.17054374375 0.725380046875 0.1874927015625 0.72695224375 0.199793034375 0.725981484375 0.20169308749999998 0.72058165 0.190092775 0.7176087046874999
6 0.1987930046875 0.706203896875 0.1720923015625 0.7059005359375 0.17169228593750002 0.7082667578125 0.1714436453125 0.71349653125 0.1964929421875 0.7140912984375001 0.20169308749999998 0.7151834 0.2030931265625 0.7128171796875 0.1987930046875 0.706203896875
6 0.1939673 0.6913103 0.172042940625 0.691490540625 0.17103288125 0.6940499375 0.17216177187499998 0.698952446875 0.17243766562500001 0.6987074046874999 0.19289781875 0.6994641015624999 0.20074068281250002 0.6981593937499999 0.201334840625 0.6941941296875 0.1939673 0.6913103
6 0.1864809328125 0.6789196515625 0.17192411406250002 0.67946036875 0.171211121875 0.68259653125 0.1715082 0.6867780828125001 0.1981858140625 0.6865617953125 0.20109717031250002 0.6846873078125 0.199790028125 0.6792801296875 0.1864809328125 0.6789196515625
6 0.1995523671875 0.66524543125 0.1856491140625 0.6651012390625 0.182440671875 0.663695371875 0.1704387234375 0.66355118125 0.1703198875 0.67053635 0.1805987875 0.671653834375 0.199790028125 0.6711852125 0.20169132812499999 0.6672920421875 0.1995523671875 0.66524543125
6 0.193670221875 0.6515077984375 0.1729341734375 0.6515077984375 0.171211121875 0.65486025 0.17049813593750002 0.6591859921875 0.19064003125 0.6600511421874999 0.200621846875 0.6589336578125 0.20002768906249999 0.6522287546875 0.193670221875 0.6515077984375
6 0.1990176265625 0.6367923421875 0.1805987875 0.6364318640625 0.17251826718750002 0.6362876734375 0.17132995625 0.63762144375 0.170973459375 0.641766946875 0.171092290625 0.6434972453125 0.170735803125 0.6435332953125 0.191353015625 0.6446507765625 0.20169132812499999 0.6438216765625 0.2009189265625 0.6383424 0.1990176265625 0.6367923421875
6 0.19610626250000002 0.6203849031249999 0.1726965125 0.620060471875 0.170914046875 0.62099771875 0.1704326625 0.6273316921875 0.191293596875 0.628171240625 0.2008001 0.6274863328125 0.2017507546875 0.621718675 0.19610626250000002 0.6203849031249999
6 0.1980669796875 0.604957171875 0.19569035625 0.6038396890625 0.17234001875 0.6037675921875 0.1716864484375 0.6063630390625 0.17243766562500001 0.6104109 0.174063071875 0.6114097390625 0.19913646093749998 0.611517884375 0.200621846875 0.608778246875 0.1980669796875 0.604957171875
6 0.199790028125 0.58842705625 0.18915463593749998 0.5870211921874999 0.17216177187499998 0.5869851421875001 0.17067638125 0.588607296875 0.1704387234375 0.5945191453125 0.189392296875 0.5955284859375001 0.19842346875 0.59433890625 0.2016319109375 0.590085259375 0.199790028125 0.58842705625
6 0.19592801875000002 0.571711040625 0.172815346875 0.5713145125 0.1716864484375 0.5745588203125 0.1721034984375 0.578719921875 0.1923036609375 0.5797136671875001 0.1999682875 0.5791368984374999 0.19943354062500002 0.573297146875 0.19592801875000002 0.571711040625
6 0.1999682875 0.5566860640625 0.194680284375 0.5554243890625 0.1775091765625 0.5554604375000001 0.1734689140625 0.5557848671875 0.171501996875 0.558390625 0.1773903453125 0.5631746796875 0.18974879375 0.563967734375 0.2005624375 0.563210728125 0.1999682875 0.5566860640625
6 0.2008595171875 0.5425894625 0.19521502500000001 0.5400661109375 0.180064046875 0.5399219203125 0.17251826718750002 0.54039054375 0.17245885 0.5411115 0.171983528125 0.541291740625 0.172237165625 0.5413886796875 0.1737659921875 0.5450046687500001 0.17976696875 0.548285025 0.199790028125 0.5475640687500001 0.2008595171875 0.5425894625
6 0.1986017203125 0.5244158671875 0.18154943750000002 0.5241995796875 0.1737659921875 0.5244158671875 0.1727559296875 0.5266868812500001 0.1730391671875 0.5303110390625 0.180539375 0.5320331015625 0.198958209375 0.5324296265624999 0.201513084375 0.5275992140625 0.1986017203125 0.5244158671875
6 0.1960468453125 0.5084343953125 0.1899270375 0.5077855328124999 0.1727559296875 0.5083262515625 0.170973459375 0.5110658906250001 0.17180527968749998 0.5159257453125 0.190283534375 0.5167254046875 0.19759165781250002 0.5166467046875 0.20216665156250002 0.5130779640625 0.1960468453125 0.5084343953125
6 0.1958055359375 0.4920205875 0.1727075625 0.49260798906250003 0.171047825 0.49705545312500005 0.17224314062499999 0.4996021625 0.1829426046875 0.5009994296875 0.2003698140625 0.5009994296875 0.2009230578125 0.493531046875 0.1958055359375 0.4920205875
6 0.1966354109375 0.47599381875 0.1721543109375 0.47616164375 0.170494590625 0.48086085 0.17068735156249998 0.4831663625 0.1781017046875 0.48488874375 0.20313603906250002 0.4849726578125 0.201199678125 0.4777560171875 0.1966354109375 0.47599381875
6 0.1745056078125 0.4599661640625 0.17298418437500002 0.46181228125 0.1733991125 0.4668471453125 0.1743672921875 0.46718280468750006 0.174244503125 0.4670586390625 0.17865494843750002 0.4685254328125 0.1891666125 0.4698680640625 0.2035509765625 0.46877717656250006 0.19649709531249998 0.45954659218750005 0.1745056078125 0.4599661640625
6 0.20202954375 0.449838003125 0.197465275 0.4438800828125 0.1828042796875 0.44379616562499996 0.17312249062500001 0.4442157375 0.17130966718750001 0.4459496640625 0.17353742656249999 0.45126454843749997 0.1818361 0.4527750078125 0.1988483921875 0.4526071765625 0.20202954375 0.449838003125
6 0.19967825625 0.42868190781250004 0.19552891562500002 0.42733927656250004 0.1727075625 0.42792667812499996 0.17115408906250001 0.43008061406250003 0.1733991125 0.4347237453125 0.1811445515625 0.4364020328125 0.20258279531249998 0.43581463125 0.19967825625 0.42868190781250004
6 0.2009230578125 0.41235638281250003 0.17851663281250002 0.4115172359375 0.1720160046875 0.4121885515625 0.1691315625 0.414683859375 0.1721543109375 0.41982476249999995 0.185985440625 0.42007650625000004 0.201752921875 0.41932127656249996 0.2009230578125 0.41235638281250003
6 0.19566723125000002 0.3948459484375 0.17118614062499998 0.3955172671875 0.1695264015625 0.4005521296875 0.170220615625 0.4018374859375 0.17989975 0.4039087078125 0.20078474218750003 0.4037408765625 0.20216785937499998 0.3985381828125 0.19566723125000002 0.3948459484375
6 0.1916562046875 0.3786706796875 0.1714627609375 0.37883850625000004 0.171620825 0.38521276718749997 0.17989975 0.3877334328125 0.19967825625 0.38739777656249996 0.20244448125 0.3811881109375 0.1916562046875 0.3786706796875
6 0.20189123750000001 0.36534014843749996 0.1967737171875 0.3624870609375 0.1834958375 0.3624870609375 0.1717393828125 0.3624870609375 0.171465246875 0.36603766718749997 0.1758887140625 0.37045892812500003 0.18432571250000002 0.37096241874999997 0.201752921875 0.3715498171875 0.20189123750000001 0.36534014843749996
6 0.19691203125 0.34603236875 0.17533548125 0.3462841109375 0.173260815625 0.3479623984375 0.1743672921875 0.3530811796875 0.183910775 0.3547594671875 0.1984334546875 0.3544238078125 0.19967825625 0.34930503125 0.19691203125 0.34603236875
6 0.19691203125 0.329785484375 0.1721543109375 0.329785484375 0.171620825 0.3360942828125 0.1805912984375 0.338512584375 0.19995487812499999 0.33859649531249997 0.201752921875 0.3315476859375 0.19691203125 0.329785484375
6 0.168973159375 0.31447571875 0.17087757812499998 0.3204179265625 0.17130966718750001 0.3207919859375 0.1875068640625 0.3223636703125 0.199539940625 0.3208532140625 0.20202954375 0.3135526609375 0.18847505312499999 0.31288134375 0.1713244453125 0.31288134375 0.168973159375 0.31447571875
6 0.20131048593749998 0.297728946875 0.1763136078125 0.2964598421875 0.1709272484375 0.2968723015625 0.169358409375 0.300743065625 0.16924182968749998 0.300825396875 0.1747447640625 0.3046649921875 0.19064235937500001 0.30523608750000003 0.20136278124999998 0.3040621671875 0.20131048593749998 0.297728946875
6 0.199013971875 0.28870031093750004 0.20062435 0.28305525625 0.19937183125 0.2799613328125 0.1725321734375 0.2810469203125 0.170788709375 0.2838153484375 0.1768265265625 0.28750616406249996 0.177721178125 0.2883746328125 0.186220396875 0.2888088671875 0.199013971875 0.28870031093750004
6 0.1952564140625 0.26415296875 0.1736057609375 0.26447864375 0.1697587421875 0.267789684375 0.1699836296875 0.27061779218750004 0.1744109515625 0.27251198906249996 0.20187686875000002 0.2727291078125 0.20071381875 0.26545567187499997 0.1952564140625 0.26415296875
6 0.19990862812500002 0.24868079375000002 0.190693675 0.24764948750000002 0.1722637734375 0.248083721875 0.16966928125 0.250743409375 0.16917854999999998 0.2526544515625 0.17646865312499999 0.2560085078125 0.1952564140625 0.2564427421875 0.2009822109375 0.2548143625 0.19990862812500002 0.24868079375000002
6 0.486274509375 0.8130952375 0.11176470624999998 0.8119047625 0.0686274515625 0.84404761875 0.286274509375 0.8416666671874999 0.28431372499999996 0.83095238125 0.490196078125 0.8333333328125001 0.486274509375 0.8130952375
6 0.415686275 0.8619047625 0.4607843140625 0.8607142859374999 0.4588235296875 0.8511904765624999 0.30784313750000003 0.8488095234375 0.30196078437499996 0.865476190625 0.3431372546875 0.865476190625 0.3647058828125 0.878571428125 0.417647059375 0.8797619046875 0.415686275 0.8619047625
6 0.9098039218749999 0.33928571406249997 0.5470588234375 0.33809523750000003 0.5411764703124999 0.35 0.517647059375 0.3488095234375 0.513725490625 0.3642857140625 0.6 0.3619047625 0.6 0.35357142812500003 0.913725490625 0.3547619046875 0.9098039218749999 0.33928571406249997
7 0.45686470625000003 0.0964303578125 0.30392352968749997 0.0964303578125 0.30392352968749997 0.108333928125 0.45686470625000003 0.108333928125 0.45686470625000003 0.0964303578125
7 0.209802940625 0.0976178578125 0.16078529375 0.0976178578125 0.16078529375 0.10833214218750001 0.209802940625 0.10833214218750001 0.209802940625 0.0976178578125
6 0.6333323531249999 0.0690482140625 0.37255 0.0690482140625 0.37255 0.08452321406249999 0.6333323531249999 0.08452321406249999 0.6333323531249999 0.0690482140625
6 0.935297059375 0.0690482140625 0.8549029406249999 0.0690482140625 0.8549029406249999 0.0821446421875 0.935297059375 0.0821446421875 0.935297059375 0.0690482140625
7 0.8823529406249999 0.1369053578125 0.5588235296875 0.1369053578125 0.5588235296875 0.1500017859375 0.8823529406249999 0.1500017859375 0.8823529406249999 0.1369053578125
6 0.7411764703125 0.13333333281249998 0.7450980390625 0.1119047625 0.815686275 0.1119047625 0.815686275 0.09404761874999999 0.601960784375 0.0952380953125 0.61176470625 0.102380953125 0.61176470625 0.11309523749999999 0.682352940625 0.11071428593749999 0.690196078125 0.1369047625 0.7411764703125 0.13333333281249998