3 0.20473345625 0.0888671875 0.20473345625 0.0849609375 0.198414521875 0.08203125 0.16176470625 0.0830078125 0.15923713281250002 0.0888671875 0.16302849218749998 0.09375 0.198414521875 0.09375 0.20473345625 0.0888671875
6 0.61293658125 0.095703125 0.6584329046875 0.09375 0.671070771875 0.091796875 0.6748621328125 0.0888671875 0.6723345593750001 0.0830078125 0.666015625 0.078125 0.6407398890625 0.076171875 0.44106158124999995 0.07421875 0.3349034921875 0.078125 0.33363970625 0.0869140625 0.33616727968750004 0.0908203125 0.3424862125 0.09375 0.61293658125 0.095703125
7 0.26918658125 0.130859375 0.2759944578125 0.1297028390625 0.2780330875 0.1220703125 0.27854714375 0.115450265625 0.20346966875 0.11328125 0.168083640625 0.115234375 0.16302849218749998 0.1171875 0.15923713281250002 0.1201171875 0.15923713281250002 0.1279296875 0.178193934375 0.130859375 0.26918658125 0.130859375
6 0.1789925875 0.1704079328125 0.180978009375 0.17742456874999998 0.1903378359375 0.18159070156249998 0.20366850468750003 0.18224851875 0.2056539140625 0.1776438359375 0.202533975 0.16931158125 0.20054856562499998 0.162952721875 0.21416285 0.159882940625 0.21416285 0.1480423390625 0.20366850468750003 0.147603796875 0.1917559921875 0.143218390625 0.1798434796875 0.14650744531249998 0.1674411015625 0.14856683125 0.1696327609375 0.1601022078125 0.18608336875 0.164706890625 0.1789925875 0.1704079328125
6 0.21302834218750002 0.20154430781250002 0.20990838125 0.19277349375 0.17587265000000002 0.1929927609375 0.1665128109375 0.1943083796875 0.1656681125 0.2022722890625 0.1710509171875 0.20899950312499999 0.2104756578125 0.20702606562499998 0.21302834218750002 0.20154430781250002
6 0.3216590765625 0.15615534375 0.31712098125 0.14650744531249998 0.28268540625 0.1474708015625 0.292161428125 0.16097929375 0.3154191984375 0.159663665625 0.3216590765625 0.15615534375
6 0.2643655828125 0.22434842656249998 0.2652164640625 0.21141147343750002 0.3505894703125 0.2092187703125 0.36874185000000004 0.2048333625 0.36987637812499996 0.19211568437499998 0.3179718828125 0.190361515625 0.2326871078125 0.192408021875 0.2334497796875 0.2247869609375 0.25245306093750003 0.22741821562500003 0.2643655828125 0.22434842656249998
6 0.49831554218749996 0.15330483125 0.49604648281249997 0.1473845296875 0.444425615625 0.14541109375 0.43449852343749995 0.14212203750000002 0.42201874687499996 0.14475328437499999 0.41814178750000003 0.14938885468750002 0.4214514921875 0.1601022078125 0.4949119765625 0.16097929375 0.49831554218749996 0.15330483125
6 0.43166221250000003 0.2092187703125 0.4359166796875 0.2048333625 0.500017325 0.20505262968750002 0.5022863828124999 0.1934313109375 0.49377744687499997 0.1910193328125 0.46995242187499997 0.19211568437499998 0.46739973749999997 0.18773027656250002 0.457756271875 0.1881688109375 0.452367296875 0.1908000578125 0.389773959375 0.19048997031249998 0.39479015624999997 0.20614898125 0.419749709375 0.2072453328125 0.43166221250000003 0.2092187703125
6 0.5754726359375 0.1579095046875 0.578025321875 0.1513313953125 0.56894913125 0.1445340171875 0.5411872437499999 0.14719679531250002 0.543422325 0.1576902375 0.5505131046875 0.1601022078125 0.5754726359375 0.1579095046875
6 0.6174500828125 0.2105343890625 0.6120610640625 0.20680679999999999 0.6032685234375 0.20527189687499997 0.6007158171875 0.2087802359375 0.5879524125 0.2079031515625 0.5879524125 0.1965010828125 0.5836979453125 0.18992298125 0.5661128203125 0.1897037046875 0.554767571875 0.187291734375 0.546860809375 0.1913119921875 0.5437059515625 0.2252255125 0.6174500828125 0.2234713421875 0.6174500828125 0.2105343890625
6 0.665891815625 0.1804943484375 0.722901659375 0.176547484375 0.724036209375 0.16931158125 0.7223344046875 0.164487615625 0.7175126828125 0.1622949125 0.721483503125 0.1579095046875 0.7251707171875 0.144095475 0.718647190625 0.143218390625 0.714676371875 0.1458496359375 0.699643909375 0.144095475 0.6628143093750001 0.1458267578125 0.6681608734375 0.160321484375 0.6565319765625001 0.162952721875 0.665891815625 0.1804943484375
6 0.7339633015625 0.1926595125 0.7280070296875001 0.1878355640625 0.720065346875 0.1858621265625 0.7155272734375 0.1895897421875 0.6749680046875 0.188931915625 0.667026321875 0.1871777546875 0.6590846406249999 0.190466809375 0.6590846406249999 0.19594856875 0.6603321234374999 0.2044643484375 0.7311269890625 0.204938665625 0.7345305546875001 0.20099178437499998 0.7339633015625 0.1926595125
6 0.8221157546875 0.1941943984375 0.818428540625 0.1898089921875 0.8056651374999999 0.1913438859375 0.802261571875 0.1873970375 0.7917672265625 0.1867392125 0.787229109375 0.188931915625 0.7560735453125 0.1902159625 0.7628368531249999 0.20450010624999998 0.8198466968749999 0.20450010624999998 0.8221157546875 0.1941943984375
6 0.8170103859375001 0.14354295156250002 0.771062140625 0.14354295156250002 0.7571642296875 0.1406924390625 0.7565969328125 0.144639303125 0.7565969328125 0.15012106249999999 0.762101709375 0.1584311 0.8175776390625 0.16042677031250002 0.8198466968749999 0.149463253125 0.8170103859375001 0.14354295156250002
5 0.8483382359375 0.13585909062499998 0.15479117656250002 0.13585909062499998 0.15479117656250002 0.2346045453125 0.8483382359375 0.2346045453125 0.8483382359375 0.13585909062499998
7 0.2800268515625 0.258652809375 0.281728634375 0.25251323281250004 0.28116135937500003 0.2424268 0.262158078125 0.24111118125000003 0.157866959375 0.2428253890625 0.15579638125 0.258433525 0.16770888125 0.2595298765625 0.2800268515625 0.258652809375
5 0.8508697140624999 0.29206755625 0.8514369671875001 0.26509728906249996 0.8466152453125 0.26224677500000004 0.450193453125 0.26202749999999997 0.1550301765625 0.266116021875 0.1572145359375 0.410281228125 0.16175263125 0.412035396875 0.8520042203125 0.40803406249999996 0.8508697140624999 0.29206755625
6 0.1799015 0.30215397187500004 0.186141378125 0.309828434375 0.20230836874999997 0.309828434375 0.20826461875 0.30763573125 0.203442896875 0.29184827343749997 0.209966403125 0.2914097296875 0.21620630156249998 0.28395453437499996 0.2128027140625 0.275402996875 0.20230836874999997 0.275402996875 0.198337528125 0.2723332078125 0.1886940625 0.272113940625 0.1835887140625 0.275183721875 0.1677957 0.276254296875 0.1711089375 0.2907519203125 0.18075240312500002 0.2925060828125 0.1799015 0.30215397187500004
6 0.217340809375 0.3286856890625 0.21677355468749998 0.32057269375 0.183872340625 0.3194763421875 0.170277884375 0.322561553125 0.17252709375 0.33482526562500003 0.215071771875 0.3354830671875 0.217340809375 0.3286856890625
6 0.21563902656249997 0.3697848734375 0.2088318734375 0.3669343515625 0.17593065937500002 0.36803070312499997 0.1713925640625 0.3715390421875 0.1720508734375 0.379007084375 0.21223546093749998 0.381625475 0.21592265312499997 0.3776786015625 0.21563902656249997 0.3697848734375
6 0.30413195000000004 0.289093390625 0.3098045734375 0.2860235984375 0.3123572796875 0.279226225 0.3049828515625 0.2733059203125 0.279494025 0.273514221875 0.2800233203125 0.2825152796875 0.28314325937499996 0.2886548390625 0.30413195000000004 0.289093390625
6 0.341287653125 0.32022976875000003 0.27917241718749997 0.3213261203125 0.276052478125 0.3169407140625 0.2655581125 0.3165021796875 0.25960186093750004 0.319791234375 0.2400313046875 0.3191334171875 0.23322417343750002 0.32286101562499997 0.2318060171875 0.3290005828125 0.236911365625 0.3362365109375 0.33731683437500004 0.3353594265625 0.3418549078125 0.32790423125 0.341287653125 0.32022976875000003
6 0.33362961874999997 0.400629546875 0.33646593125 0.3868155078125 0.3245534296875 0.3846228046875 0.32143346875 0.3666426421875 0.2786051640625 0.3673004515625 0.27349979375 0.36466920625 0.26385632812500004 0.36466920625 0.2604527625 0.36686190937499996 0.24258398906249998 0.3666426421875 0.23265689687500002 0.3688353453125 0.23208964375000002 0.3787025125 0.23694228125 0.3836652109375 0.2318060171875 0.38900821093750004 0.232940525 0.40150662343750004 0.33362961874999997 0.400629546875
6 0.51765884375 0.3706516453125 0.5159570390625 0.36495062031250003 0.5031936359375 0.3656084296875 0.49837191406250003 0.362757915625 0.48957932968750006 0.361442296875 0.4677397359375 0.3625386484375 0.46405252187499996 0.3662662375 0.4192388078125 0.36648551406249996 0.4067590296875 0.362757915625 0.40108640624999997 0.3667047796875 0.379530440625 0.3656084296875 0.37470871875 0.3686782171875 0.37442506875000003 0.3756948703125 0.378781425 0.380377121875 0.40165368125 0.381176628125 0.5153897859375001 0.3802995609375 0.51765884375 0.3706516453125
6 0.4129989296875 0.35420636875 0.4169697484375 0.3434621265625 0.41725339687499996 0.3351298546875 0.532124009375 0.3344720375 0.5363784765624999 0.3246048765625 0.5349603203125 0.318684584375 0.49865556250000004 0.318684584375 0.48277219843749997 0.3164918796875 0.4822049453125 0.318684584375 0.466888834375 0.319342384375 0.45412543124999993 0.315395528125 0.44504924062500006 0.3191231171875 0.3710215046875 0.318903846875 0.3710215046875 0.326797575 0.3780722296875 0.3348918875 0.3721560328125 0.344997021875 0.37442506875000003 0.3548641875 0.4129989296875 0.35420636875
6 0.4918483875 0.2733654859375 0.43824210937499997 0.272707671875 0.42462780312500004 0.2709535109375 0.41640249531249995 0.274242565625 0.41640249531249995 0.28103994375 0.41885098281250005 0.28858463125 0.493833796875 0.2884951390625 0.4949683484375 0.27906651562499996 0.4918483875 0.2733654859375
6 0.6151197078124999 0.28739878750000003 0.6151197078124999 0.273584753125 0.6049089671875 0.27204986249999996 0.5816114 0.2746102515625 0.5825021203125 0.28410973125 0.5918619374999999 0.28893368124999996 0.6151197078124999 0.28739878750000003
6 0.6355411453124999 0.3264289078125 0.6355411453124999 0.3200700734375 0.6290176187500001 0.317000284375 0.6193741765625 0.31480758125 0.6117161203125 0.318315903125 0.5861893140625 0.3189737203125 0.5790985328125 0.315465390625 0.5671860328125 0.31787736875 0.5546619625 0.31762942031249997 0.55782619375 0.33322629375 0.632988459375 0.3334455765625 0.6355411453124999 0.3264289078125
6 0.6344066171875 0.37970388125 0.6369593015625 0.3740028546875 0.6369593015625 0.365670575 0.6216432125 0.36523205000000003 0.6171051171874999 0.36106589375000003 0.607461653125 0.3628200625 0.6029235578125001 0.3658898421875 0.5528889734375 0.3655807203125 0.5541390015625 0.3750992078125 0.560095253125 0.3812387671875 0.6344066171875 0.37970388125
6 0.7381609046875 0.380142415625 0.7404299625 0.36961745625 0.7367427703125 0.36545130000000003 0.7245466203125 0.36545130000000003 0.7177394671874999 0.360408084375 0.7103650609375001 0.3626007875 0.7044088093750001 0.365670575 0.65562423125 0.365670575 0.6567587609375 0.3726872203125 0.65902781875 0.3810195 0.7381609046875 0.380142415625
6 0.7132013734375 0.3349727265625 0.729084715625 0.3327800234375 0.7310701468749999 0.3209394203125 0.7245466203125 0.3180889078125 0.663878103125 0.3184514421875 0.6683876359375 0.332999290625 0.692212659375 0.332999290625 0.7132013734375 0.3349727265625
6 0.6715075953125 0.3075639328125 0.7259647765625 0.30646758125 0.727666559375 0.29396917031249997 0.7231284640625 0.2906801140625 0.7313537734375 0.275331190625 0.7285174609375 0.271384321875 0.7137686265625 0.2724806734375 0.667778678125 0.2726922 0.6703730671875 0.287391059375 0.6647004421875 0.2981353140625 0.6715075953125 0.3075639328125
6 0.8120592015625 0.282567109375 0.8120592015625 0.272919215625 0.7794416140625 0.2731384859375 0.7646928 0.272042134375 0.754765709375 0.269630159375 0.7489815875 0.274884259375 0.7556165890625001 0.2862947078125 0.8089392625 0.28804886875 0.8120592015625 0.282567109375
6 0.7876669234375 0.3305873203125 0.7913541375 0.3343149171875 0.79816126875 0.33519199375 0.8058193234375001 0.3319029375 0.8097901640625 0.334534184375 0.82850981875 0.332999290625 0.8310624828125001 0.3209394203125 0.8256735078125 0.317869640625 0.803550265625 0.31699255625 0.7535913609375 0.31762942031249997 0.7530639265625 0.3308065875 0.7564674921875 0.3347534515625 0.7876669234375 0.3305873203125
6 0.8137610046875 0.380580965625 0.8154627671875 0.3735643046875 0.8154627671875 0.364793490625 0.8089392625 0.36128516875 0.7998630734375001 0.3617237109375 0.7975940140625 0.365012765625 0.78709966875 0.365012765625 0.7808597703125 0.3617237109375 0.7675291125 0.363039346875 0.7528821640625 0.362840646875 0.7510784953125 0.372906503125 0.7570347453124999 0.37926532968750004 0.8137610046875 0.380580965625
7 0.253793909375 0.4213514015625 0.24897216718749998 0.41828161250000007 0.22599804375 0.418720146875 0.22004179375000002 0.416088909375 0.2129510140625 0.41477328281250003 0.20500933125 0.4178430875 0.16785365000000002 0.4178430875 0.15679202812499998 0.42091285 0.1565084015625 0.4305607484375 0.1649589171875 0.43545261718750006 0.24358316875 0.43494615625 0.252375753125 0.4338498046875 0.253793909375 0.4213514015625
5 0.5860973031250001 0.5201067625 0.8519221031249999 0.51879114375 0.8513548500000001 0.49401361250000003 0.8510712453125 0.47603342499999995 0.8516384984375 0.4433621484375 0.8516384984375 0.4396345515625 0.8456822265625 0.439196009375 0.5665891375000001 0.44007309375 0.15715776406249998 0.44202879531250006 0.1559411484375 0.5067312734375 0.1559411484375 0.52186093125 0.16161377187499998 0.522957284375 0.5860973031250001 0.5201067625
6 0.2063985953125 0.47493707343749997 0.2018604796875 0.4666048015625 0.2078167515625 0.46682406875 0.21689294062500003 0.46397355625000003 0.2166093140625 0.452571496875 0.2038459109375 0.4523522296875 0.19987506875 0.44862463124999996 0.19136613281249998 0.44884390781250005 0.1848426078125 0.4521329625 0.170944696875 0.4521329625 0.170944696875 0.4613423109375 0.1743482625 0.46485064062500003 0.182857196875 0.46748188749999997 0.18228994375000002 0.47712977656250005 0.18493695937500002 0.481485865625 0.196471503125 0.4854620484375 0.2063985953125 0.48370788749999993 0.2063985953125 0.47493707343749997
6 0.2151911578125 0.51155523125 0.21717656718749997 0.501249515625 0.2063985953125 0.496644840625 0.1925006625 0.4988375453125 0.1720792046875 0.49752191718749994 0.16827086093750002 0.5034064609375 0.17151195 0.512651584375 0.20271138125000002 0.5135286515625 0.2151911578125 0.51155523125
6 0.2946393734375 0.46485064062500003 0.3099554625 0.46375428906250005 0.31052273750000003 0.45344858125 0.3051337421875 0.45059806875 0.279494025 0.45079703281250005 0.27932330781250003 0.4593688828125 0.2861304390625 0.46331574687500005 0.2946393734375 0.46485064062500003
6 0.342005796875 0.5014687906249999 0.33888585781249997 0.4979604609375 0.307970053125 0.49817973593750003 0.303431959375 0.4942328625 0.29662480625 0.4924787015625 0.2881158703125 0.49774119375000003 0.2312687171875 0.4979263125 0.2330914140625 0.5113359484375 0.342005796875 0.51111668125 0.342005796875 0.5014687906249999
6 0.493277375 0.44994025937500004 0.43740203906249997 0.4490631734375 0.4300276328125 0.44665120312499995 0.42151869687500004 0.44884390781250005 0.42066779375 0.4532293140625 0.4209785703125 0.46257935312500004 0.4955464328125 0.46287720468750004 0.4966809625 0.4538871234375 0.493277375 0.44994025937500004
6 0.49356100312500006 0.5141864703125 0.5017863109375 0.514625003125 0.50065178125 0.5104588796875 0.5154006171875001 0.5104588796875 0.5173860265625 0.4990568125 0.5136988125 0.49576775624999997 0.5029208406250001 0.49708338437500005 0.46207794375000005 0.4983990203125 0.4589580046875 0.4946714046875 0.4510163234375 0.4931365109375 0.44506007187499996 0.49752191718749994 0.38266120937500003 0.496864109375 0.37452625 0.500118371875 0.3758540578125 0.51155523125 0.486470221875 0.511993765625 0.49356100312500006 0.5141864703125
6 0.587537440625 0.46331574687500005 0.5892392453124999 0.4532293140625 0.5829993453125 0.44928244062499995 0.55889069375 0.449720984375 0.5553711578125 0.45518115156250005 0.5571889109375 0.4630964796875 0.5767594671875 0.46485064062500003 0.587537440625 0.46331574687500005
6 0.6366056453125 0.5087047109375 0.6366056453125 0.4983990203125 0.630933021875 0.4931365109375 0.622140459375 0.4931365109375 0.619304146875 0.49642556562499995 0.5784612499999999 0.49752191718749994 0.57335588125 0.492259434375 0.56513059375 0.4948906796875 0.565697846875 0.5032229515625 0.5688458765625 0.50970863125 0.6176023640625 0.510239596875 0.6263949265625001 0.511993765625 0.6366056453125 0.5087047109375
6 0.669458728125 0.4775683203125 0.6739968453125 0.4854620484375 0.7091670953125 0.4830500953125 0.7287376531249999 0.480857375 0.72987218125 0.46923604843750005 0.7222141468750001 0.4683589625 0.72987218125 0.4516944203125 0.7267522421875 0.44665120312499995 0.7185269328125 0.44994025937500004 0.6691970703125001 0.4491529890625 0.674847725 0.4630964796875 0.668891475 0.46353501406250003 0.669458728125 0.4775683203125
6 0.6906636500000001 0.5133093843750001 0.7011579953125 0.5128708515625 0.7022925250000001 0.5093625281249999 0.72696843125 0.51155523125 0.72696843125 0.50344221875 0.72611755 0.496864109375 0.7116523421875 0.496864109375 0.7090996781250001 0.4907245578125 0.690096375 0.4929172609375 0.687543690625 0.49598703281249995 0.667778678125 0.4951862375 0.67251125 0.5095817953124999 0.688110965625 0.5095817953124999 0.6906636500000001 0.5133093843750001
6 0.813486540625 0.4630964796875 0.8132029140625001 0.44994025937500004 0.7675382953125001 0.44928244062499995 0.7581784578125 0.444897034375 0.749690784375 0.45079703281250005 0.7539239890625 0.4580532546875 0.7573275765624999 0.4630964796875 0.813486540625 0.4630964796875
6 0.788243359375 0.51155523125 0.7984541 0.5133093843750001 0.7987377265625 0.5084854437499999 0.8251154140624999 0.508923978125 0.8248317875 0.49554849062499995 0.810082975 0.4951099640625 0.8027085671874999 0.491820909375 0.7885270078125 0.492259434375 0.78483979375 0.4951099640625 0.7660022859375 0.494364215625 0.7675382953125001 0.5008109734375 0.7683891765624999 0.50804689375 0.788243359375 0.51155523125
7 0.3027807828125 0.52953539375 0.246338171875 0.5297546609375 0.240949175 0.5262463390625001 0.23102208281249997 0.526027071875 0.22648398749999998 0.529973928125 0.215989621875 0.5301932125000001 0.2066298046875 0.52690415625 0.1961354375 0.5297546609375 0.164368753125 0.5297546609375 0.1564270703125 0.53216663125 0.15614344375 0.5404989109375 0.161058340625 0.54724765 0.30561709531250003 0.5455421359375 0.30731885625 0.5347978859375 0.3027807828125 0.52953539375
5 0.15715776406249998 0.553549821875 0.1575616 0.6533429625 0.8492968734374999 0.6496565125 0.849580521875 0.551642671875 0.15715776406249998 0.553549821875
6 0.18588742187500001 0.5957869109375 0.20574160625000001 0.5968832625 0.20574160625000001 0.5889895328125 0.20489070312500002 0.5804379859375 0.2153850484375 0.5802187203125 0.21822136093750003 0.570351553125 0.21566869687499998 0.5642119859375 0.2026216453125 0.5637734437499999 0.20006898125 0.5600458453125 0.1909927703125 0.5593880359375001 0.1847528921875 0.5633349171875001 0.16937720625 0.56314008125 0.1694368046875 0.5740791515625 0.1847528921875 0.5791223671875 0.18588742187500001 0.5957869109375
6 0.218505009375 0.6141911328125 0.214250540625 0.6082708328125 0.1847528921875 0.6117791546875 0.1728403703125 0.610902078125 0.1728403703125 0.62054996875 0.17966054375 0.62670980625 0.20829426875 0.6240582984375 0.2176541078125 0.6231812140625 0.218505009375 0.6141911328125
6 0.2830861796875 0.6431348125 0.2847879625 0.6332676546875 0.28223527812500004 0.6253739171875 0.306060303125 0.6264702703125 0.321376390625 0.6231812140625 0.3210927640625 0.61024426875 0.2986858953125 0.61002499375 0.2955659578125 0.606078128125 0.28620611875 0.606078128125 0.27854808593749997 0.6084900984375 0.2368542875 0.608709375 0.233450721875 0.614848959375 0.23694228125 0.6242437390625 0.2348688765625 0.6326098375 0.23543613125 0.6431348125 0.2830861796875 0.6431348125
6 0.299536796875 0.5626716171874999 0.2847879625 0.5626716171874999 0.2703227765625 0.5653028625000001 0.2703227765625 0.57144243125 0.2741750578125 0.57601843125 0.2972677390625 0.5764856484374999 0.299536796875 0.57275805 0.299536796875 0.5626716171874999
6 0.4917083296875 0.6157836578125 0.490573821875 0.607670653125 0.46306160468749996 0.607889928125 0.459374390625 0.604162346875 0.4494473 0.604162346875 0.44434192812499995 0.6081091953125 0.35272906718749997 0.6085477546875 0.3484745984375 0.611836809375 0.35244541875 0.619511271875 0.3578601515625 0.622873703125 0.40605171875 0.62543155625 0.48830476406249995 0.6230195765625 0.4917083296875 0.6157836578125
6 0.46107619531250005 0.5619568140625 0.44689461406250003 0.5619568140625 0.40293177968749994 0.5612990046874999 0.39158653125 0.558448490625 0.384779378125 0.5599833765625 0.384779378125 0.5740166828125 0.387646371875 0.5779364828125 0.39527374531250004 0.57599011875 0.4585234890625 0.5768671953125 0.46107619531250005 0.5619568140625
6 0.53916644375 0.561737546875 0.516192321875 0.561737546875 0.5088178921875001 0.564368784375 0.50938516875 0.5724817890625 0.5170745890624999 0.57601843125 0.5371810124999999 0.576428653125 0.53859916875 0.5702890843749999 0.53916644375 0.561737546875
6 0.5853983375 0.62159835 0.6012816578125 0.6246681390625 0.608939734375 0.6218176171875001 0.6086560859375 0.6084421296875 0.55675156875 0.6077843203125 0.5482426328125001 0.60953848125 0.5408682265625 0.608880671875 0.540017325 0.6062494265625 0.5346283484375001 0.603837446875 0.5300902328125 0.603837446875 0.5235667281249999 0.608003603125 0.50714585 0.6075292859375 0.5088178921875001 0.6176514765625 0.5173268281250001 0.6218176171875001 0.5853983375 0.62159835
6 0.6369640109375 0.596162984375 0.6902866624999999 0.5944088234375 0.6939738765625 0.58059479375 0.68603219375 0.577963546875 0.6919884671875 0.5619568140625 0.688017646875 0.5593255671875 0.68064321875 0.5608604625 0.6305459046874999 0.5606740140625 0.631858640625 0.5770864703125 0.6312913859375 0.5880499890625 0.6369640109375 0.596162984375
6 0.6970938359375001 0.6222561671875 0.697661090625 0.6119504515624999 0.6953920328125001 0.6055916156250001 0.63866579375 0.6069072515625 0.6244842328125 0.6047145484375 0.6242006078125 0.60953848125 0.6267532921875001 0.6183092953125 0.633737284375 0.6217776734375 0.6718506343749999 0.62159835 0.6846140375 0.6242295875 0.6970938359375001 0.6222561671875
6 0.8118352421875 0.6218176171875001 0.814955203125 0.6106348328125 0.8098498328125 0.6069072515625 0.759363471875 0.608003603125 0.750003634375 0.6044952640625 0.73156760625 0.605372340625 0.7258949828125 0.6029603703124999 0.7142661078125 0.6055916156250001 0.7148333625000001 0.6187478296875 0.7205059859375 0.6235717875 0.7142661078125 0.62795719375 0.7168187921875 0.6411134140625 0.7479177953125 0.64095819375 0.7508545359375 0.6312462484375 0.7483018734375 0.6231332359375 0.8118352421875 0.6218176171875001
6 0.7775158515625 0.567001640625 0.7752468359375 0.5602042625 0.7335530375 0.5604235296875 0.717386046875 0.55735375 0.7142309984375 0.5639621046875 0.71823695 0.574895378125 0.7758140906250001 0.5755531875 0.7775158515625 0.567001640625
7 0.26676307499999996 0.6782648203125 0.2683314375 0.6623005171874999 0.2625807671875 0.65987556875 0.23304317968750002 0.6600776453125 0.22467856406250003 0.6556318937500001 0.21160883749999998 0.6606838828125 0.19487958593750002 0.6596734843750001 0.161682490625 0.6618963640625 0.1575001625 0.6671504453125 0.1575001625 0.6734148921875 0.1628104515625 0.6778282828125 0.23617992656250003 0.6764460859375 0.246897096875 0.681700159375 0.26676307499999996 0.6782648203125
5 0.85140526875 0.780616675 0.8503597078125 0.6822039296875 0.15660130156250002 0.684898990625 0.15619319062499998 0.714437040625 0.1575001625 0.783445790625 0.31747361406249996 0.783445790625 0.85140526875 0.780616675
6 0.1832116171875 0.725651034375 0.192099034375 0.7276718296875 0.20595293125 0.7280759906250001 0.20595293125 0.7082722 0.217192903125 0.706857634375 0.21797709531249998 0.6963494984375 0.2135333765625 0.69331830625 0.2017706234375 0.69331830625 0.19706553437500002 0.6910954375 0.1900078703125 0.691499590625 0.18451858906250002 0.69412663125 0.17536978125 0.69412663125 0.1681372484375 0.69568181875 0.17144886406249998 0.707463875 0.182166034375 0.7113033890625 0.1832116171875 0.725651034375
6 0.216147321875 0.7523255375 0.216147321875 0.7442423546875 0.21039665 0.7399986796875 0.1813818640625 0.7397966031250001 0.17144886406249998 0.741615321875 0.17042483125000002 0.7474494953125 0.17589256250000002 0.7565692046875 0.20255481406250003 0.7563671281250001 0.216147321875 0.7523255375
6 0.2809731671875 0.755760890625 0.344492040625 0.754548409375 0.34658320468750003 0.7424236359374999 0.3390027390625 0.7389882812499999 0.23130821093749998 0.7418173984374999 0.23209238124999998 0.7648544703125 0.233169928125 0.7737121218749999 0.2746997140625 0.7747563640624999 0.28071175625 0.76647110625 0.2809731671875 0.755760890625
6 0.31024934375 0.698572375 0.308681 0.6935203859375 0.2795751578125 0.693409090625 0.2856782765625 0.708474271875 0.31024934375 0.7078680312500001 0.31024934375 0.698572375
6 0.49250164218750003 0.6925099875 0.4394385484375 0.6925099875 0.43264229531250004 0.6886704781249999 0.42506187031250003 0.6898829515625 0.420095371875 0.6935203859375 0.420095371875 0.7048368375 0.42424835937500005 0.706035353125 0.496422559375 0.7064534765625 0.49746816093749996 0.6953391015625 0.49250164218750003 0.6925099875
6 0.5298810640625 0.753407834375 0.5317108171875 0.7433038562500001 0.5277898999999999 0.7388581046875 0.47263568281249996 0.7394643421875 0.46766916406250003 0.7358269125 0.46008873906250003 0.7356248359374999 0.45512221875 0.7400705796875 0.373594765625 0.7404545453125 0.37539691406250003 0.7525995125 0.38872802968750003 0.7556307062500001 0.5298810640625 0.753407834375
6 0.587352178125 0.6960172375 0.5847382328124999 0.6917735671874999 0.566179228125 0.6917735671874999 0.55546205625 0.6937943625 0.55493925625 0.6998567484375 0.5572548953124999 0.703585859375 0.5768963984375 0.7063233046875 0.587352178125 0.7049087421875 0.587352178125 0.6960172375
6 0.6341418 0.7536099109375 0.636494334375 0.7433038562500001 0.6333576078125 0.7388581046875 0.6281297171875 0.7354227515625 0.621333484375 0.7356248359374999 0.615321403125 0.738049784375 0.5641176406249999 0.7394444453125 0.5672248093750001 0.75017455625 0.5753280359375 0.75320575 0.6341418 0.7536099109375
6 0.6693111796875 0.7206709453125 0.6740162890625 0.7255208578125 0.6813353234374999 0.72673333125 0.6881315765625 0.725116696875 0.7260337796874999 0.7247125359375 0.7281249437499999 0.7212771828125 0.728647725 0.7117794453124999 0.7210673 0.7111732046875 0.7210673 0.709354496875 0.7294319171875 0.69096525 0.7255109984375 0.688338215625 0.7163621906250001 0.6917735671874999 0.668039209375 0.6927272734375001 0.6690497890625 0.70672745625 0.6677428171875001 0.7119815218750001 0.6693111796875 0.7206709453125
6 0.674800459375 0.7554286296875 0.6829037062500001 0.7548223921874999 0.68447206875 0.7519932765624999 0.7249882171875 0.7530036734375 0.73047751875 0.7505787171875 0.73047751875 0.7384539453125 0.7161008203125 0.7386560281250001 0.7124412734375001 0.7358269125 0.7053836296875 0.7358269125 0.6975417937499999 0.738049784375 0.6644444375 0.7389393937500001 0.665128871875 0.748557921875 0.67140234375 0.7523974375 0.674800459375 0.7554286296875
6 0.8056448234375001 0.7065253765625 0.8111340828125 0.7051108187499999 0.8134866578125 0.6954110015625 0.8106113031250001 0.691571490625 0.767481209375 0.6905610921875 0.7549342640625001 0.687731978125 0.7503921499999999 0.6937373734375 0.7517975375 0.7018775484375 0.7567640375 0.7065253765625 0.8056448234375001 0.7065253765625
6 0.82446521875 0.7521953531250001 0.8289089187500001 0.7507808015624999 0.8291703281249999 0.73906018125 0.81244105625 0.7370393859375 0.7605228703125 0.7389393937500001 0.7591165734375 0.7483558453125 0.764083071875 0.7530036734375 0.82446521875 0.7521953531250001
7 0.2450634171875 0.81746705 0.25604199843750003 0.8192857703125 0.2701572859375 0.818679525 0.27250986093749996 0.8130213062499999 0.2714642578125 0.8017048390625 0.25212108125 0.799279890625 0.193830096875 0.799279890625 0.155294328125 0.8019698140625 0.1554051125 0.8110005109375 0.1577576671875 0.81746705 0.2450634171875 0.81746705
5 0.156274503125 0.82681818125 0.1567120859375 0.9229668265625 0.8504434671875 0.9191273125 0.8480908921875001 0.8237457656249999 0.156274503125 0.82681818125
6 0.1743491359375 0.8522389765625 0.1743491359375 0.862342953125 0.17696308125 0.868405340625 0.1861118890625 0.8698198984375001 0.196306278125 0.8698198984375001 0.19473789531250002 0.8522389765625 0.2044095046875 0.8516327390624999 0.20780762187500001 0.8445599500000001 0.2049322859375 0.8364767687500001 0.1942151140625 0.8364767687500001 0.19055558749999998 0.8320310203125001 0.182713753125 0.83304141875 0.1759175 0.8362746921875001 0.1618235234375 0.8369191921875 0.16258638281249999 0.8459745125 0.164677528125 0.8500161046875 0.1743491359375 0.8522389765625
6 0.17539471874999998 0.8968985546875 0.2044095046875 0.8958881562500001 0.20754623125 0.8904320140624999 0.1997043953125 0.8809342734375001 0.1631307125 0.8801010109374999 0.1628477734375 0.888815371875 0.16546171875 0.8958881562500001 0.17539471874999998 0.8968985546875
6 0.286244878125 0.84900570625 0.301144378125 0.8494098593749999 0.30297413125 0.8393058859375 0.2995760140625 0.8340518156250001 0.27163398125 0.8346464656249999 0.27186818125 0.8425391546875 0.2757890984375 0.8479953078125 0.286244878125 0.84900570625
6 0.27369795468749997 0.8946756984374999 0.2742207359375 0.8975047984375 0.286244878125 0.8979089515625001 0.2904272078125 0.89528191875 0.3215331375 0.8954840031250001 0.3335573 0.8932611234375001 0.3335573 0.8861883390624999 0.3312047453125 0.8791155546875 0.325715465625 0.8762864453124999 0.31656665781250004 0.876488521875 0.314214103125 0.8817425875 0.2750049265625 0.8817425875 0.2729137625 0.877700996875 0.253047784375 0.8772968437499999 0.24599014062500002 0.8791155546875 0.21901960156250003 0.8793434343750001 0.216975334375 0.8894216171875 0.22037347031249999 0.8962923171874999 0.27369795468749997 0.8946756984374999
6 0.47903777812500004 0.8407204406250001 0.47720802500000004 0.8342538968750001 0.41943982343749997 0.8348601406249999 0.41473471406250006 0.831222703125 0.4034947625 0.8320310203125001 0.4019263796875 0.8368809374999999 0.40202613749999994 0.8455050515625 0.4081998515625 0.848803621875 0.478514996875 0.8477932234375001 0.47903777812500004 0.8407204406250001
6 0.41865563124999994 0.9140753234375 0.42519049375 0.9104378859375 0.4267588765625 0.8968985546875 0.49890373749999994 0.8950798421874999 0.5017790921875 0.8908361671874999 0.5004721203125 0.880732190625 0.486095421875 0.8801259531250001 0.48165172343749996 0.8760843625 0.46230850625000003 0.8760843625 0.45525086249999996 0.8809342734375001 0.44505649218750004 0.8801259531250001 0.44348810937499994 0.875882284375 0.433816521875 0.8766905984375001 0.43015701406250006 0.8799238765625 0.37294117031249996 0.8801010109374999 0.3718660109375 0.90619421875 0.3765711203125 0.9142773999999999 0.41865563124999994 0.9140753234375
6 0.6162944171875 0.8797217921874999 0.5995651453125 0.879519715625 0.5990423640625 0.8754781250000001 0.589370775 0.8754781250000001 0.5804833765625 0.878307240625 0.5229411703125 0.8783333343749999 0.522976565625 0.8938673609375 0.6165557875000001 0.8938673609375 0.6162944171875 0.8797217921874999
6 0.583620103125 0.8475911484375 0.5844042953125 0.8399121296875001 0.5820517203125 0.8332434984375 0.564538296875 0.8332434984375 0.55431371875 0.8354040406250001 0.552514153125 0.8433474765625 0.5574806328124999 0.8483994609375 0.583620103125 0.8475911484375
6 0.688262390625 0.85345145 0.6958428546875 0.84900570625 0.7486445374999999 0.8475911484375 0.7517812625 0.8336476546875 0.7295627296875 0.8338497437499999 0.7253804015624999 0.8304143859374999 0.6968884171874999 0.83081855 0.68800101875 0.8332434984375 0.6386274453125 0.8333838390625001 0.6419955703125 0.8479953078125 0.6822503281250001 0.8500161046875 0.688262390625 0.85345145
6 0.7389729484374999 0.8791155546875 0.7225050859375 0.879519715625 0.7201525125 0.875882284375 0.7117878953125001 0.874669803125 0.7044688406249999 0.878307240625 0.6683964109375 0.878307240625 0.6623843296875 0.8819446718749999 0.6618615484375 0.888007059375 0.6664052234375 0.8922222218750001 0.729824140625 0.8942715218749999 0.7366203734375001 0.8928569625 0.7389729484374999 0.8791155546875
6 0.8224444328124999 0.8934632078125 0.8362983500000001 0.8928569625 0.8389122953125 0.8827529859375 0.834991378125 0.8760843625 0.8258425703125001 0.8734573296875 0.8193077078125001 0.8760843625 0.79473661875 0.8774989203124999 0.7834966671875 0.8748718875 0.7746092499999999 0.8787113953125001 0.7657516281250001 0.878585859375 0.7667674156250001 0.8874008218749999 0.7685971687500001 0.8938673609375 0.8224444328124999 0.8934632078125
6 0.8318546515625 0.8481973843749999 0.8342071859375 0.8397100421875001 0.8329002140625 0.8324351812499999 0.7879403671875 0.833445575 0.7811441140625 0.8298081515625 0.769673196875 0.8306060609375001 0.7717339140624999 0.840922528125 0.7719953046875 0.8483994609375 0.8318546515625 0.8481973843749999