3 0.03464190625 0.5094881984375 0.0355508671875 0.51478388125 0.0489772625 0.5104411765625 0.0491849671875 0.48948231406250003 0.0378232171875 0.49007073593749995 0.03464190625 0.5094881984375
5 0.9431365062499999 0.6279217359375 0.9422275796875 0.145481815625 0.9322291843749999 0.14783545781250002 0.058636353125 0.150147059375 0.058274367187499995 0.268011046875 0.056456479687500005 0.616741971875 0.0578199046875 0.6308637765625 0.9431365062499999 0.6279217359375
7 0.7617114968750001 0.1154730109375 0.7530765953125 0.10370484843750001 0.651729771875 0.10311643906250001 0.3308739609375 0.10547006875 0.2854269625 0.10429324843750001 0.27088393593750004 0.1066468890625 0.2364772625 0.108661765625 0.2377076125 0.134890475 0.7617114968750001 0.1325368328125 0.7617114968750001 0.1154730109375
6 0.0904712875 0.2300797109375 0.109468134375 0.2273730296875 0.11083154375 0.22301881250000002 0.11110422812500001 0.21054455781249998 0.1283740890625 0.2080732453125 0.1285558734375 0.19583435625 0.12564726875 0.1946575390625 0.08810804375 0.192892315625 0.0874717890625 0.18983259531250002 0.0812001015625 0.1943044953125 0.0702499984375 0.19444117656249998 0.07147444375 0.20960310624999998 0.090198609375 0.20736715781249998 0.0904712875 0.2300797109375
6 0.1029479390625 0.27918508750000004 0.09803966875 0.2763607265625 0.0961308890625 0.2794204515625 0.0961308890625 0.28754048125 0.0988863609375 0.2892941171875 0.1032206234375 0.2898941140625 0.1047658203125 0.28483380468749997 0.1029479390625 0.27918508750000004
6 0.12328364218750001 0.3291342828125 0.11501228906250001 0.3290166 0.11328530156250001 0.3253684703125 0.092743259375 0.324662378125 0.08583531718750001 0.3263099234375 0.07765485625 0.328545875 0.0759278703125 0.3339592375 0.0787455828125 0.341255490625 0.0836590890625 0.341352940625 0.118375371875 0.342667665625 0.12237470156250001 0.34160853750000003 0.12328364218750001 0.3291342828125
6 0.107737675 0.5155193312499999 0.1105553875 0.51975586875 0.11800870000000001 0.5196381875 0.1183722703125 0.5156370109374999 0.12473485 0.5157546953125001 0.126189159375 0.5118711984375001 0.125916475 0.503398125 0.12309877031250001 0.49986767656250003 0.11855407031250001 0.4983378125 0.11273684531249999 0.500926809375 0.1071014203125 0.500926809375 0.07309090625 0.5015 0.0733797484375 0.5115181546875001 0.0765610375 0.5158723843749999 0.107737675 0.5155193312499999
6 0.1729891265625 0.491549953125 0.1607184359375 0.49037313749999994 0.1601730734375 0.49708098593749994 0.1601730734375 0.5036711640625 0.16456817968749998 0.5054705875 0.174443428125 0.50449493125 0.175079690625 0.4991992578125 0.1729891265625 0.491549953125
6 0.171080353125 0.34037642031250004 0.1734435953125 0.33802278750000003 0.17217107812500002 0.33025580312499997 0.1669901234375 0.32943202656250004 0.1602499984375 0.3284117640625 0.160263965625 0.33884655625 0.1640815109375 0.34143555625 0.171080353125 0.34037642031250004
6 0.170534990625 0.290498075 0.17153482343749998 0.28720299531250004 0.1714439296875 0.2820250015625 0.16456817968749998 0.2750294125 0.1632634703125 0.28296645 0.1652631359375 0.2897919875 0.170534990625 0.290498075
6 0.17644310000000002 0.21813770312499997 0.177352040625 0.213901165625 0.1760795234375 0.2053104078125 0.17389806562500001 0.2028390921875 0.1683535328125 0.2028390921875 0.1567272703125 0.2050294125 0.15999128125 0.2159017546875 0.1640815109375 0.217313934375 0.17644310000000002 0.21813770312499997
6 0.2965530328125 0.2171319671875 0.2970075015625 0.2138368828125 0.2969166171875 0.2053638046875 0.2824644703125 0.20371625937500001 0.281646421875 0.2011272640625 0.2747384796875 0.2032455359375 0.26184090625 0.2034117640625 0.2645583484375 0.217602690625 0.294189796875 0.218897190625 0.2965530328125 0.2171319671875
6 0.2829189390625 0.2792476421875 0.279374071875 0.2765409671875 0.2747384796875 0.27842387031250004 0.2745566875 0.282895771875 0.276556359375 0.28819144531249996 0.2792272703125 0.28973529375 0.2834643015625 0.288779853125 0.283918771875 0.2865439046875 0.2829189390625 0.2792476421875
6 0.5275335234375 0.591626334375 0.49799297343750004 0.591979378125 0.4934482734375 0.5958628703125 0.4934482734375 0.6059834875 0.5017272703125 0.6079705875 0.5246249187500001 0.6099846656250001 0.527169946875 0.5995109984375 0.5275335234375 0.591626334375
6 0.5008106875 0.5618784609375 0.52226166875 0.56423209375 0.52517028125 0.561290053125 0.5246249187500001 0.5489334828125 0.5221707765625 0.5452853546875 0.5173533984375001 0.5468152093749999 0.5013863609375 0.5445882359375 0.49499347031249996 0.547874346875 0.4983565515625 0.5599955578125 0.5008106875 0.5618784609375
6 0.5184441234375 0.48972061718750004 0.50980919375 0.4888968453125 0.49726582031250005 0.4914858421875 0.49635687968750003 0.49984124531249996 0.498772725 0.50723529375 0.5244431265625 0.5078435859375 0.5254429593750001 0.4939571640625 0.5184441234375 0.48972061718750004
6 0.524897596875 0.43825365937500005 0.5178987609375 0.4348408984375 0.4966295640625 0.43566466249999997 0.49617509374999996 0.44001888281249996 0.498174759375 0.44966877656250004 0.50184090625 0.45282352968749995 0.52226166875 0.45214008906250003 0.5246249187500001 0.44743282500000003 0.524897596875 0.43825365937500005
6 0.521443628125 0.393523240625 0.5247158109375001 0.391522646875 0.5244431265625 0.37916607812500003 0.514172109375 0.3761063578125 0.50580985625 0.37669476562500004 0.495931815625 0.3792941171875 0.4977202890625 0.39399395937500004 0.5083548906249999 0.39646528124999997 0.521443628125 0.393523240625
6 0.5155355187499999 0.34390393124999996 0.5155355187499999 0.3353131734375 0.51380853125 0.328723 0.5058181796875 0.32723529375 0.5034466140625 0.336136940625 0.5059007484375 0.343668571875 0.5155355187499999 0.34390393124999996
6 0.5102636640625 0.2771326578125 0.505628071875 0.2803100625 0.5066279046875 0.288194728125 0.5114999984375 0.290617646875 0.5149901484375 0.28313441875 0.51489925625 0.2778387453125 0.5102636640625 0.2771326578125
6 0.5158990890624999 0.2185505375 0.5238977640625 0.2164322734375 0.523715978125 0.206547015625 0.5223525687499999 0.202663521875 0.500931815625 0.20252941249999998 0.4974476109375 0.20901832812499999 0.4974476109375 0.21878590625 0.5158990890624999 0.2185505375
6 0.5507179828125001 0.2130195046875 0.5439918265625 0.21596154531249998 0.5449916578125 0.2237285296875 0.5482638484375 0.2313778359375 0.5547173203125 0.23149551562499998 0.5556262609375 0.22761202656249999 0.591529390625 0.22808275625 0.5956196203124999 0.227258978125 0.5956196203124999 0.21666763281249998 0.5944379953125 0.19736784999999998 0.5896206109375 0.1927782640625 0.5629886734375 0.19419044531250002 0.56226151875 0.191013040625 0.5555353671875001 0.1932489921875 0.5447954515625 0.194 0.544900765625 0.20348729062499998 0.5453552359375 0.20595860781250003 0.5507179828125001 0.2130195046875
6 0.5737141609374999 0.28857766875 0.574441315625 0.282340553125 0.5698057234375 0.2765741421875 0.566715325 0.2772802359375 0.5647954515625 0.2819411765625 0.5654428078125 0.28893071406250004 0.569351253125 0.2905782671875 0.5737141609374999 0.28857766875
6 0.5753502546875 0.32880491093750003 0.56789695 0.3269220078125 0.5612616859374999 0.3280988234375 0.5610799 0.3364542171875 0.5644545437499999 0.346352940625 0.5700784078125001 0.34657483437500003 0.5788951296875 0.34492729375 0.5753502546875 0.32880491093750003
6 0.5743504296874999 0.39177218593749996 0.5671697953125 0.39177218593749996 0.561352578125 0.396597128125 0.561352578125 0.402363528125 0.565988178125 0.406600065625 0.577259034375 0.402834253125 0.5777135046875 0.3974209 0.5743504296874999 0.39177218593749996
6 0.575895625 0.4519268453125 0.5775317203125 0.4476903046875 0.574441315625 0.4380404109375 0.5638067203125 0.4385111390625 0.560261853125 0.4462781234375 0.562863634375 0.45017647031249997 0.5722598578125 0.45180916250000003 0.575804725 0.45169148124999997 0.575895625 0.4519268453125
6 0.575804725 0.49489808750000003 0.5703510859375001 0.49383895625 0.5623524171875001 0.495957225 0.5609890078124999 0.499958396875 0.561352578125 0.5049010265625 0.568431815625 0.5054705875 0.5750775703125 0.5053717546875001 0.57698635 0.50078216875 0.575804725 0.49489808750000003
6 0.5705328781250001 0.5606720937499999 0.5766227796875001 0.5598483265625 0.5762591953125 0.5533758359375 0.5739868453125 0.5480801640624999 0.5658063859375 0.5480801640624999 0.560363634375 0.551352940625 0.560261853125 0.5590245484375 0.56453386875 0.5598483265625 0.5705328781250001 0.5606720937499999
6 0.57244165 0.59456699375 0.5648974453125 0.5953907625 0.560261853125 0.5964498953125 0.560261853125 0.603981521875 0.56695454375 0.6087058828125 0.57644098125 0.6049229734375 0.5762591953125 0.5956261234375 0.57244165 0.59456699375
6 0.6308762015625 0.276344828125 0.626149709375 0.27575641875 0.6236955734375 0.27928686875 0.6253316625 0.28717154218749996 0.62934090625 0.2903235296875 0.6319669265625001 0.29034894218749996 0.6336939140625 0.284111821875 0.6308762015625 0.276344828125
6 0.62015070625 0.207563421875 0.6232411046874999 0.2133298234375 0.6136063421875 0.21615418281249998 0.6136063421875 0.22097912812499998 0.6157877921875 0.22509798593750002 0.61796925 0.2287461140625 0.61960534375 0.2478105375 0.6240591515625 0.25051721875 0.6352391093749999 0.2481635859375 0.640965434375 0.2447508171875 0.643237784375 0.2256719203125 0.6424197375 0.2195524796875 0.6383295062500001 0.213079990625 0.6383295062500001 0.20731358437499997 0.6413290109374999 0.20437154375 0.6413290109374999 0.195545421875 0.6406927484375 0.1878961171875 0.6410563265625 0.1765986828125 0.6396929171875 0.170596921875 0.6248771921875 0.17189141875 0.616514946875 0.1753041875 0.6163331624999999 0.1828358078125 0.6188863609374999 0.18944117656249998 0.6160604765625 0.196148309375 0.6169694171875 0.2015616609375 0.62015070625 0.207563421875
6 0.6607427640625 0.22416396718749998 0.6673780218750001 0.22945964062500002 0.6681960703125001 0.24958319687500002 0.68637486875 0.2498185640625 0.6919194015625 0.2404040359375 0.6922829796875 0.218910153125 0.6885563265625 0.2142028875 0.690192421875 0.200434140625 0.6896470515625001 0.1798398625 0.6893743734375 0.1708960515625 0.6720136218749999 0.173249684375 0.664113634375 0.174882353125 0.6658328265625 0.21015985312500002 0.6611063421875001 0.2141610296875 0.6607427640625 0.22416396718749998
6 0.6808303375 0.2846539125 0.6791033484375 0.27876983125 0.6738315015625 0.27618083437499996 0.669113634375 0.27958823593750004 0.6705593125 0.289361178125 0.6773763625 0.2911264 0.6808303375 0.2846539125
6 0.73278406875 0.592694625 0.7264214890625 0.5963427578125 0.7249671859375 0.6019914749999999 0.7255125484375 0.6045804671874999 0.73070454375 0.6075294125 0.734692840625 0.60293293125 0.7343292640625 0.5977549343749999 0.73278406875 0.592694625
6 0.734783734375 0.5587323328125 0.734783734375 0.551671434375 0.7311479734375 0.5490824421875 0.7266032734375 0.5490824421875 0.7247954515624999 0.5526764703125 0.726694165625 0.560732925 0.731875128125 0.5613213328125 0.734783734375 0.5587323328125
6 0.7446002890625001 0.4991631390625 0.7460545984375 0.487748021875 0.7348746265625 0.48162858125 0.7127873890624999 0.4837468484375 0.713060065625 0.4975156 0.7164231484375 0.513520303125 0.7220681796874999 0.5184117640625 0.7386012859375 0.5185806078125 0.7428733015625 0.512578846875 0.7446002890625001 0.4991631390625
6 0.7400555890625 0.4622631265625 0.7446911875 0.4557906375 0.7447820734375 0.44308102812500005 0.7476906796875 0.43343112812499995 0.743873134375 0.427547046875 0.713150965625 0.42625255156249997 0.7136054359374999 0.43884448125000003 0.717863634375 0.4465 0.716059571875 0.45461382187500005 0.7205133781249999 0.4622631265625 0.7400555890625 0.4622631265625
6 0.739873796875 0.399432371875 0.7448729734375 0.398608603125 0.7480542625 0.3901355359375 0.7470544234375 0.38154476875 0.727421321875 0.3787204078125 0.7172411953125 0.3818978125 0.7135145359374999 0.384133765625 0.7141507984375 0.3911946625 0.717604765625 0.3954312078125 0.7172411953125 0.40472804531250006 0.7189999984375001 0.41458823593750005 0.7326931765625 0.414613303125 0.7456910140625 0.4163785265625 0.739873796875 0.399432371875
6 0.7411463140625 0.3256062546875 0.716059571875 0.3257239421875 0.7136054359374999 0.332667146875 0.7136054359374999 0.342434725 0.7229772703124999 0.344882353125 0.739237540625 0.34419995000000003 0.7442367187500001 0.337845140625 0.7411463140625 0.3256062546875
6 0.7337839015625 0.2904961734375 0.735238203125 0.28284686875 0.732965853125 0.2788456921875 0.7245681796875 0.274882353125 0.72424003125 0.2841413640625 0.7255125484375 0.29037849375 0.7337839015625 0.2904961734375
6 0.7343292640625 0.25731185624999997 0.7334203234375 0.25178082343749997 0.7308752953125001 0.24907414218750001 0.7076973265625 0.2493095078125 0.7056976546875 0.253075328125 0.705788546875 0.2613130421875 0.7095681796875 0.264882353125 0.7309661890625 0.2630782671875 0.734238371875 0.261666078125 0.7343292640625 0.25731185624999997
6 0.7456910140625 0.20939851250000002 0.7456910140625 0.203632103125 0.70778821875 0.2043381953125 0.70497050625 0.20610341875 0.705243184375 0.2146941859375 0.7117272703124999 0.2169411765625 0.74123720625 0.21798926093749998 0.7446911875 0.216694765625 0.7456910140625 0.20939851250000002
6 0.764037615625 0.2109615453125 0.7652192328125 0.22626015625 0.7825799921875001 0.22720161249999998 0.7882154171875 0.2254363875 0.78921525 0.21755171406249998 0.7869429 0.21131459375 0.7868520078125 0.1974281578125 0.783579825 0.1928385734375 0.7783079703125 0.1900142171875 0.7717636046874999 0.1924855296875 0.7636590890625 0.19517647031250002 0.7659463875 0.203547603125 0.769036784375 0.20919632031250002 0.764037615625 0.2109615453125
6 0.7871246921874999 0.26443358125 0.7887607796875 0.258314140625 0.7880336328124999 0.251135559375 0.7841251875 0.24984107187500001 0.7773990296875 0.24984107187500001 0.7651363609375 0.24958823593749999 0.7661281734375 0.263256765625 0.7720362828125 0.2640805421875 0.7871246921874999 0.26443358125
6 0.7884881015625 0.2841688421875 0.7887607796875 0.2798146265625 0.785579490625 0.276990265625 0.778762440625 0.2756957640625 0.7733181796874999 0.2767941171875 0.7752175734375 0.28899378750000004 0.7854885984375 0.28828770000000004 0.7884881015625 0.2841688421875
6 0.7914876 0.32989912499999996 0.7887607796875 0.3278985359375 0.7734905921874999 0.3276631765625 0.7681278453125 0.3288399921875 0.7681278453125 0.3364892984375 0.771272725 0.34223529375 0.791305815625 0.3420203359375 0.792941903125 0.33754843125 0.7914876 0.32989912499999996
6 0.766764434375 0.4107622125 0.7706728734375 0.415704840625 0.792941903125 0.41488106875 0.7953960453125 0.4125274359375 0.791760284375 0.39732015625 0.796941240625 0.3922598421875 0.7968503546875 0.3859050328125 0.792941903125 0.380256321875 0.765022725 0.38047058749999996 0.7638558234375 0.392050834375 0.7673097984374999 0.39522823906250004 0.766764434375 0.4107622125
6 0.7687641000000001 0.4583087828125 0.771309134375 0.4619569125 0.7933054796875 0.46019168749999995 0.7935781656249999 0.45301310937499994 0.791760284375 0.4473643921875 0.792669225 0.4431278515625 0.796941240625 0.438891315625 0.7963049843750001 0.4324188234375 0.7898515125000001 0.427476196875 0.7808530046875 0.42759387968749996 0.76559090625 0.4285588234375 0.7652192328125 0.44148031249999997 0.7684914218750001 0.44454003281250004 0.7687641000000001 0.4583087828125
6 0.770854665625 0.5173391625 0.7944871046875 0.5165153890624999 0.794668890625 0.5100429 0.7938508421875 0.5016875078125 0.797395709375 0.49874546718749996 0.7976683953125 0.48874252656249995 0.7907604515625 0.4830938140625 0.7695821484375001 0.482740765625 0.7647647625 0.4852120796875 0.7650374484375 0.49780401406249997 0.7692272703125 0.499882353125 0.767946053125 0.5066301359375001 0.767946053125 0.51345566875 0.770854665625 0.5173391625
6 0.7807621124999999 0.54662858125 0.7780352921875 0.5489822125 0.777580821875 0.556160790625 0.779944065625 0.5605150109375 0.7836590890624999 0.5623823531250001 0.7865793234375 0.5571022421875 0.7853068125 0.5501590296875001 0.7807621124999999 0.54662858125
6 0.780489428125 0.5934249078125 0.7777626078125001 0.5964846328125 0.7778535 0.60213335 0.7793987015625 0.6063698859375 0.7836590890624999 0.608117646875 0.7864884296875 0.60248639375 0.7848523421875 0.5946017234375 0.780489428125 0.5934249078125
6 0.8265569625 0.594041484375 0.8221031562500001 0.591687853125 0.8197399125 0.5985133859375 0.8201034843749999 0.6040444234375 0.82434090625 0.6070882359375 0.8290110984375 0.6045151468750001 0.8290110984375 0.5994548375 0.8265569625 0.594041484375
6 0.8241028203124999 0.5479873609375 0.821285109375 0.5479873609375 0.8210124234375 0.5558720390625 0.822375834375 0.559873203125 0.8258181796875 0.5595882359375 0.82892020625 0.5562250734374999 0.8286475203125001 0.550576365625 0.8241028203124999 0.5479873609375
6 0.8111958765624999 0.5098156625 0.8151043140625 0.5160527828125 0.834282953125 0.5174649687499999 0.8384640765625001 0.5159351046875 0.8381005046875 0.507932759375 0.83628261875 0.5022840375000001 0.8411908953125 0.49263415312500003 0.8395548015625 0.48851528593750004 0.83791870625 0.483454978125 0.8320106031250001 0.48298425 0.82837484375 0.486043975 0.8093409062499999 0.48370588281250004 0.8091962031250001 0.4969883640625 0.8122866015625 0.4995773609375 0.8111958765624999 0.5098156625
6 0.8111958765624999 0.45737285625 0.8153769984375 0.462315490625 0.8296473531249999 0.4614917140625 0.8361008328124999 0.46007953749999997 0.83791870625 0.45407777187500004 0.8354645703125 0.451253415625 0.834282953125 0.443721790625 0.8406455265625 0.44077975 0.840463740625 0.4330127640625 0.8374642437500001 0.4288939078125 0.8303745093750001 0.42689331875000003 0.8085454515625001 0.42826470624999996 0.8084690562500001 0.43866148125000004 0.811559453125 0.4418388859375 0.8111958765624999 0.45737285625
6 0.8167404093749999 0.4144035203125 0.83510099375 0.4155803359375 0.8387367609374999 0.4135797421875 0.8369188734374999 0.40028172968750003 0.8431905609375001 0.397104315625 0.840463740625 0.384630065625 0.834828315625 0.37992280156249997 0.826920534375 0.37898134843750003 0.809832465625 0.380511209375 0.8075601156250001 0.386395290625 0.808741734375 0.3943976390625 0.8132045437500001 0.3970882359375 0.8121048156249999 0.40310608124999997 0.8121048156249999 0.4131090140625 0.8167404093749999 0.4144035203125
6 0.83791870625 0.330367953125 0.8309198703125 0.3269551828125 0.8172857718750001 0.3275435921875 0.8101051437500001 0.33166244843750003 0.8102869359374999 0.34154770624999997 0.81820454375 0.343852940625 0.831465234375 0.3448428 0.83737334375 0.342371478125 0.83791870625 0.330367953125
6 0.832555965625 0.28519376093750004 0.8276476890625 0.27777982031250004 0.8239210359375001 0.275896915625 0.817740240625 0.2782505484375 0.817194878125 0.28507608125 0.8188309734375 0.2903717546875 0.8258181796875 0.2895882359375 0.8288293124999999 0.28978576562499997 0.830828978125 0.289547990625 0.832555965625 0.28519376093750004
6 0.8346465234375 0.2637575640625 0.83228328125 0.25104795 0.8290110984375 0.24798822343750002 0.8191036515624999 0.24881200625000002 0.8091053109375 0.25104795 0.808741734375 0.255755209375 0.8101051437500001 0.2626984265625 0.8124090890625 0.26355882343750003 0.8191036515624999 0.26281610781250003 0.828102159375 0.264345971875 0.8346465234375 0.2637575640625
6 0.8292837828125 0.20148532343749997 0.8221940484375001 0.2024267765625 0.8086508406249999 0.20042618750000002 0.8084690562500001 0.21066448906250002 0.8097415734375 0.21749003125000002 0.8145681796875 0.217382353125 0.8301927234375001 0.2219619234375 0.8315561328125 0.2072517203125 0.8292837828125 0.20148532343749997
6 0.8116035765625 0.17420427031250002 0.8639585249999999 0.17432195 0.866503559375 0.1694970046875 0.8644129953125 0.16020015468749998 0.812512515625 0.1583172515625 0.77434090625 0.1584117640625 0.7727009484375 0.1696146859375 0.778972628125 0.173851221875 0.8116035765625 0.17420427031250002
6 0.8781716656249999 0.194682425 0.873626965625 0.1896221140625 0.8519941984375 0.191387340625 0.8517215124999999 0.2092749484375 0.8533576078125 0.22492660312499999 0.8581749859375 0.22833936718749998 0.86935495 0.2284570515625 0.8713863609375 0.215617646875 0.873081603125 0.20856885625000002 0.8781716656249999 0.2050384078125 0.8781716656249999 0.194682425
6 0.8754448453125001 0.2623649125 0.8770809406250001 0.25542169375 0.8721726625 0.24930224843749998 0.8608109125000001 0.2490668875 0.8517272703125001 0.251647059375 0.8552663796875001 0.264247815625 0.8665372375 0.26542463125000004 0.8754448453125001 0.2623649125
6 0.8771718328125001 0.280487878125 0.8732633953125 0.2761336578125 0.863992203125 0.27707511406249996 0.8632650546875 0.28131165937499997 0.8635454515625 0.2870882359375 0.8744450125000001 0.29131459375 0.8777171953125 0.28931399999999996 0.8771718328125001 0.280487878125
6 0.8774445171874999 0.32727902656249996 0.866900815625 0.326808296875 0.8579931999999999 0.32869120625 0.8579931999999999 0.33810573593750004 0.86090180625 0.34022400468749997 0.8658181796875001 0.34341176406249996 0.881080278125 0.343283725 0.882171003125 0.3303387453125 0.8774445171874999 0.32727902656249996
6 0.8768082546875 0.417551540625 0.8831708359375 0.41319732499999995 0.8834435203125001 0.402017565625 0.8834435203125001 0.396604221875 0.8889880531250001 0.3886018640625 0.8861703406249999 0.382953146875 0.8774445171874999 0.3796580578125 0.8641739953125 0.38142328281250004 0.8545392265625 0.38154096718749997 0.8506307874999999 0.3894256359375 0.855363634375 0.3992941171875 0.8567206828125 0.40801933124999995 0.8590839265625 0.41566863749999994 0.8768082546875 0.417551540625
6 0.8827163656250001 0.5167263906249999 0.8847160374999999 0.5109599890625 0.884079775 0.50036864375 0.8883517984375 0.489894978125 0.8836253046874999 0.4827164 0.8714455156250001 0.482245671875 0.8529031375 0.483540171875 0.8519033046875 0.4930723828125 0.8575227249999999 0.49826470624999997 0.8573569453125 0.5113130421875 0.860083765625 0.5197861109375 0.8827163656250001 0.5167263906249999
6 0.9140748015625 0.4978973265625 0.9138021171874999 0.50283995625 0.9197102265625 0.5036637374999999 0.9204373828125 0.4968381953125 0.9140748015625 0.4978973265625
6 0.9205282671875 0.4425764265625 0.9130909062500001 0.4426764703125 0.9146201578125 0.448225153125 0.9205282671875 0.4472836921875 0.9205282671875 0.4425764265625
6 0.867581275 0.4437532421875 0.867581275 0.44940196875 0.87059090625 0.45017647031249997 0.873034915625 0.446106875 0.8728531234375 0.44328251406249997 0.867581275 0.4437532421875
6 0.9140281078125 0.3959570515625 0.9139372078125 0.40089968125000003 0.9157045437500001 0.4012058828125 0.9192999625 0.400781996875 0.9191181765625 0.39619241562499996 0.9140281078125 0.3959570515625
6 0.9219358828124999 0.2334335484375 0.920663371875 0.2229598875 0.9272986375000001 0.2201355359375 0.929752771875 0.205189959375 0.9258443265625 0.19495165781249998 0.9252989578124999 0.185772490625 0.9210269421874999 0.18165363437499998 0.915573303125 0.18165363437499998 0.9096651921875001 0.1843603140625 0.8995681796874999 0.1851764703125 0.9006666921875001 0.2382584921875 0.9193908484375 0.23802313281249998 0.9219358828124999 0.2334335484375
6 0.9214814125 0.250102171875 0.910392346875 0.2503375359375 0.8986670265625 0.251867396875 0.8986670265625 0.258692934375 0.902863634375 0.2625294125 0.924026446875 0.26328251406250003 0.9251171734374999 0.2561039375 0.9214814125 0.250102171875
6 0.9228448234375 0.27618792187499996 0.90957430625 0.27618792187499996 0.9077564265625 0.2808951875 0.9087562531250001 0.2886621734375 0.913431815625 0.2901764703125 0.9237537625 0.28772072031249996 0.924662703125 0.28195431875 0.9228448234375 0.27618792187499996
6 0.9263896968750001 0.327014109375 0.901939203125 0.3276025171875 0.9036661968749999 0.341488953125 0.9090289374999999 0.341841996875 0.9281166765625001 0.3411359046875 0.9289347171875001 0.3336042828125 0.9263896968750001 0.327014109375
6 0.8725804453125001 0.552279890625 0.8671268046874999 0.5529859781249999 0.8668541203125001 0.558163971875 0.8727622296875 0.558163971875 0.8725804453125001 0.552279890625
6 0.9132836421875 0.55169148125 0.91320454375 0.55826470625 0.92046426875 0.558163971875 0.9199189062500001 0.55169148125 0.9132836421875 0.55169148125
6 0.9139199046875 0.5985424187499999 0.914010796875 0.603955771875 0.9172954515624999 0.6042941171875 0.919737121875 0.6024259125 0.9192826515625001 0.598071690625 0.9139199046875 0.5985424187499999
6 0.8731284484374999 0.5985424187499999 0.8674090890624999 0.5984117640625 0.8674021234374999 0.6037204078125 0.8731284484374999 0.6040734515625 0.8731284484374999 0.5985424187499999
6 0.479236015625 0.5933644265625 0.4645017671875 0.5880687531250001 0.41314666562499996 0.5883041171875 0.3703355859375 0.592540653125 0.3703355859375 0.60477954375 0.371613634375 0.6084117640625 0.46660174843749996 0.6100752171875 0.4785997609375 0.6054856328125 0.479236015625 0.5933644265625
6 0.4630921296875 0.5367193 0.446549425 0.534483353125 0.36987545625 0.5366016218749999 0.36878473125 0.5581373578125 0.37278406875000003 0.571435384375 0.378237709375 0.5706116078125001 0.3974163484375 0.5706116078125001 0.3993251140625 0.5568428609375 0.45872922968749996 0.5547245921874999 0.462455875 0.5489582000000001 0.4630921296875 0.5367193
6 0.37219904531250003 0.5274573593749999 0.3801977125 0.529222584375 0.4509132546875 0.5289872250000001 0.46091159375 0.52557445625 0.46200231875000003 0.5119233890625 0.4178278296875 0.508173821875 0.41910035468749995 0.5033488765625 0.4183732 0.489580121875 0.468936709375 0.48969781093750003 0.4724815765625 0.487108809375 0.4732996171875 0.47357542343750003 0.46984154531250005 0.47004497343749996 0.4511173890625 0.46957424999999997 0.43139339374999996 0.46980960937500005 0.3701363609375 0.47223529375 0.368654178125 0.5081575765624999 0.36983580312500003 0.522985459375 0.37219904531250003 0.5274573593749999
6 0.4064437296875 0.4596660078125 0.4078980328125 0.4441320375 0.46564862656250006 0.4421314484375 0.47055689687499996 0.44071926875 0.471193159375 0.42953951406249996 0.44518692968750007 0.42377311406249996 0.42428130937499997 0.42483224843749995 0.4130104515625 0.42436152343750005 0.370113634375 0.428117646875 0.36908629843749996 0.46143123125 0.3855381109375 0.464255596875 0.4064437296875 0.4596660078125
6 0.4552954234375 0.41319965625000005 0.456477040625 0.39834801249999996 0.4811093140625 0.3965827875 0.4840179328125 0.386109121875 0.48283630781250003 0.379871996875 0.4198960453125 0.3799896859375 0.3690681796875 0.38105882343749997 0.3690177890625 0.4167301046875 0.45265949531249994 0.41743620000000004 0.4552954234375 0.41319965625000005
6 0.44922411406249996 0.34828320625 0.4497694765625 0.33616199999999996 0.4634944703125 0.3355735921875 0.46813006875 0.33216082343750003 0.4683118546875 0.317332940625 0.42346329687499995 0.3139201734375 0.4094656125 0.31486162812499996 0.3692999984375 0.3160588234375 0.3674786421875 0.35193133906249996 0.4407709765625 0.3572270078125 0.44922411406249996 0.34828320625
6 0.4302637390625 0.28331500468750004 0.42826407343749995 0.2755480140625 0.42149999843749997 0.2769411765625 0.42099255468749996 0.2891990859375 0.42908211406249996 0.29049358125 0.4302637390625 0.28331500468750004
6 0.413082734375 0.21546195625000003 0.4149915078125 0.231113615625 0.42253571250000005 0.233467246875 0.4384421625 0.22817157500000002 0.43853305468750003 0.2153442765625 0.4360789203125 0.2107546953125 0.44916765 0.21134310312500001 0.4515309 0.20334075000000001 0.45571202812499995 0.1896896828125 0.41899084531249997 0.1888659109375 0.400022725 0.1904705875 0.40163009218749995 0.206282790625 0.4087198265625 0.210401646875 0.413082734375 0.21546195625000003
6 0.336676975 0.3339015125 0.33776770156249997 0.3067170546875 0.3286783015625 0.3020097890625 0.2561184453125 0.30365733437500003 0.2478470859375 0.30530487812499996 0.2011590890625 0.3059117640625 0.19896960156250001 0.3403740015625 0.33185959062500003 0.34225690468750003 0.336676975 0.3339015125
6 0.3022028359375 0.4158751453125 0.3371061328125 0.413874553125 0.3373788109375 0.39775216874999997 0.3572846046875 0.3976344984375 0.3606476796875 0.38974981875000003 0.3601023109375 0.37915847343750003 0.33268644375 0.37986456562500004 0.2624253796875 0.3788054296875 0.258607834375 0.3765694765625 0.2511427578125 0.3788054296875 0.20061363437500002 0.3792941171875 0.2008208625 0.41493368906250006 0.22863442812499998 0.417875728125 0.3022028359375 0.4158751453125
6 0.3339061421875 0.5109851515625 0.3542664 0.50933760625 0.3560842796875 0.4877602953125 0.35781127343749997 0.47587445468749995 0.30132108125 0.4699903734375 0.2632365015625 0.4703434125 0.2456030640625 0.4699903734375 0.201272725 0.47326470625 0.20147594062500002 0.5267544859375 0.332451840625 0.530284934375 0.3339061421875 0.5109851515625
6 0.2901217734375 0.574681484375 0.30193799375 0.572210171875 0.3227527203125 0.5712687203125 0.3247523859375 0.55570078125 0.35583813124999997 0.551817284375 0.3563835015625 0.5406375296875 0.35320221093750004 0.5368717171874999 0.335659665625 0.533458953125 0.289461334375 0.5340473609374999 0.2739184546875 0.5388723046874999 0.25419446093750003 0.5345180843749999 0.198822725 0.53723529375 0.1994713453125 0.571857128125 0.28257756875 0.5716217640625 0.2901217734375 0.574681484375
6 0.27006300156249996 0.6190474625 0.27188088125 0.6117511953125 0.27188088125 0.59974766875 0.3558225734375 0.5986885375 0.35618615625 0.5917453203124999 0.3569512203125 0.58174238125 0.3430444359375 0.57927106875 0.32277507031249997 0.5795064328125 0.2864569078125 0.582213109375 0.2570981421875 0.5802125218749999 0.1991590890625 0.583052940625 0.198393125 0.6162231 0.20111994531250002 0.6166938281250001 0.27006300156249996 0.6190474625