5 0.1705112578125 0.1481529515625 0.1713505265625 0.8424785796875 0.8323674343749999 0.8423532453125 0.8323463828125 0.14894980625 0.1705112578125 0.1481529515625
6 0.212553590625 0.18172789843749998 0.2093034109375 0.16863010312499999 0.20520536875 0.164630778125 0.2217388390625 0.1642308453125 0.22442375312500001 0.15293275 0.2071837375 0.1509330890625 0.197574565625 0.1504331734375 0.1773484796875 0.153340871875 0.180193221875 0.1663304890625 0.19022634375 0.1744291234375 0.1924873328125 0.1801281609375 0.212553590625 0.18172789843749998
6 0.2882966328125 0.1722294921875 0.290133671875 0.1601315390625 0.2717631484375 0.15853180625000002 0.2639538125 0.1587018453125 0.2591864296875 0.166030540625 0.2598929875 0.17042980000000002 0.274024125 0.173029359375 0.2882966328125 0.1722294921875
6 0.503414878125 0.163031046875 0.49959945625 0.1604314828125 0.4528253140625 0.1589317375 0.444309421875 0.1600803828125 0.44434661093749994 0.168530121875 0.44900992031250003 0.175228984375 0.501719128125 0.1756289265625 0.503414878125 0.163031046875
6 0.7828542546875 0.172029528125 0.7825715953125 0.1605314671875 0.7651902890625 0.158131875 0.6965128234375 0.158831753125 0.6808272546875 0.158631790625 0.6759786890624999 0.1600803828125 0.6786297765625 0.17252944375 0.6950219046874999 0.17352927499999998 0.7586121234375 0.172329475 0.7828542546875 0.172029528125
6 0.194534421875 0.7102207609375 0.187385675 0.7124875453125 0.1902226171875 0.7209831640625 0.2071105109375 0.72233905625 0.20639188437499997 0.7161527921874999 0.194534421875 0.7102207609375
6 0.2486715296875 0.7714406921875 0.2843637015625 0.7723728640624999 0.30149115000000004 0.7708474843750001 0.30113181875 0.7566953453124999 0.3058029328125 0.754068309375 0.3064017953125 0.7461871765625 0.30197023437500004 0.7400009171875 0.3005329578125 0.711650359375 0.274662121875 0.7100402406249999 0.25082744375 0.7101249828125 0.24735401875 0.710813965625 0.248072646875 0.7282710875 0.24280269375 0.7460298625 0.242323609375 0.7532330468749999 0.2486715296875 0.7714406921875
6 0.570881665625 0.739936378125 0.5901927671875 0.7370820124999999 0.589106615625 0.7263232328125 0.6161049390625 0.7243471359375 0.6195185328124999 0.7188579640625 0.6208449734375 0.710845709375 0.5616382093750001 0.70932371875 0.546068240625 0.708526484375 0.45109929531250004 0.7097585734375 0.41032503125 0.709033815625 0.3787058046875 0.709541146875 0.329214409375 0.709903525 0.3258969671875 0.7115958171875 0.3226841859375 0.7312558078125 0.3256075578125 0.73894833125 0.41948110156249996 0.7404852953125001 0.570881665625 0.739936378125
6 0.3865377015625 0.835284865625 0.6162049390625 0.8328711796875 0.62149260625 0.8273196984375 0.62285715 0.7592222828125 0.6201280296875 0.7539121765625 0.6115995453124999 0.7534294328125 0.4778728140625 0.7528260109375 0.3519261265625 0.7523432765625 0.32644498906249997 0.7513901625 0.3239385546875 0.7763663234375 0.3239385546875 0.8337159671875 0.3322964953125 0.8350435109375001 0.3865377015625 0.835284865625
6 0.6367359171875 0.8371498421875 0.6610921828125 0.8387352734375 0.7622401437499999 0.838390615625 0.8185840109375 0.838390615625 0.823623325 0.8326692765624999 0.8242078968750001 0.8263275468750001 0.8236016609375 0.791904234375 0.8245759109374999 0.7598161250000001 0.8244784828125 0.71052965 0.785629896875 0.7086922640625 0.77662423125 0.7096098046875 0.6920145296875 0.7107822265625 0.6540864765625 0.7084373890625 0.6486110296875001 0.7091000578125 0.641622628125 0.7107312515624999 0.6353172078125 0.7110242953125 0.6343977 0.7314372671875 0.6354693796875 0.7879113640625001 0.633813165625 0.8246767765625 0.6367359171875 0.8371498421875
6 0.6349271109375 0.5928750265625 0.6343335515625 0.657953771875 0.6353228125 0.7052748359375001 0.6519424125 0.7055548218750001 0.6824116859375 0.704714890625 0.6820160046875 0.6898761828125 0.81322249375 0.6894562171875 0.8245000859375 0.6876363750000001 0.8243022265625 0.6387137968750001 0.8243022265625 0.5490233812499999 0.8258850671875001 0.474407240625 0.8241043671874999 0.394447915625 0.8258850671875001 0.3615727640625 0.79487703125 0.358595525 0.714367346875 0.3611809875 0.670687984375 0.3595129453125 0.6362680328125 0.36043037031249997 0.6349271109375 0.3621097421875 0.6347292703125 0.3909472296875 0.6351249515624999 0.46449905156250004 0.63571853125 0.5341734046875 0.6349271109375 0.5928750265625
6 0.6816226140625 0.281114121875 0.8224240953124999 0.282210075 0.8255220640625 0.2696066046875 0.82490248125 0.22282884531249997 0.8239730640625 0.2210753171875 0.8060796828125 0.21975373281250002 0.6969743125 0.2184796234375 0.6611708125 0.21870446875 0.6337594140625 0.22100776406249997 0.6340692046874999 0.27032568281249997 0.635308384375 0.29941655625 0.6865793296875 0.298101403125 0.6816226140625 0.281114121875
6 0.662817553125 0.2143831171875 0.7814357515625 0.21414234531249998 0.8114141625 0.21406208593749998 0.81459019375 0.2125372140625 0.8148170640625001 0.197689771875 0.8242318281250001 0.19736874531249998 0.8251392671875 0.18685515156250002 0.7897488640625 0.1846079671875 0.76842386875 0.184286940625 0.7060368921875 0.1844474578125 0.663904225 0.184688221875 0.63705836875 0.1859981859375 0.6352538578125 0.2010605390625 0.634346409375 0.208524390625 0.638203071875 0.2130990109375 0.662817553125 0.2143831171875
6 0.3568155234375 0.3557349734375 0.4587889359375 0.3545465421875 0.5277443234375 0.355055871875 0.56363934375 0.3542918796875 0.564959115625 0.3372293859375 0.5980727109374999 0.34087956875000003 0.6191886265625001 0.33824804375 0.6201484546875 0.30805987031250004 0.6213482453125 0.28636378125 0.6206283578125 0.2373298609375 0.6206283578125 0.22261241250000002 0.617388975 0.22006576875 0.5990325375000001 0.21904711406250002 0.51420888125 0.21904711406250002 0.418114240625 0.2203204359375 0.408156165625 0.21904711406250002 0.32951209062500003 0.21981110625000003 0.32594194062500004 0.221351871875 0.324541753125 0.26289160625 0.324661734375 0.31564471875 0.3252616171875 0.3542918796875 0.3568155234375 0.3557349734375
6 0.28455291875 0.2818726625 0.3061719484375 0.2802454015625 0.29973225625 0.2507377109375 0.2988122921875 0.21916883125000003 0.2546542515625 0.2190603484375 0.24810080625 0.22030989218750002 0.24407471875 0.2572229703125 0.2439213875 0.2790520734375 0.2532743046875 0.2811132703125 0.28455291875 0.2818726625
6 0.1881988078125 0.22105636875 0.1881304734375 0.2352244828125 0.20760292656249998 0.2315360203125 0.1988633234375 0.21938580000000002 0.1881988078125 0.22105636875
6 0.19472004375000002 0.3602161734375 0.1862681609375 0.361972334375 0.19045206718750002 0.3727784 0.20496324531250001 0.37193285781249996 0.20410964687500002 0.36347752031249997 0.19472004375000002 0.3602161734375
6 0.23924106875 0.44626243125 0.2426554640625 0.45508013125 0.2638247375 0.4559256734375 0.304968234375 0.454838553125 0.3066754 0.4416723796875 0.2849940125 0.4426387125 0.2875548234375 0.42234588906250004 0.3012124203125 0.42101719531250004 0.30138308125 0.410025253125 0.30223668125 0.366811415625 0.298651590625 0.361496628125 0.281896553125 0.3600196578125 0.24826066875000002 0.360862053125 0.247606346875 0.38902143125 0.2481184921875 0.430438859375 0.2517036140625 0.440464475 0.23924106875 0.44626243125
6 0.24288094375 0.5918737125 0.24382015781250002 0.6025810484375 0.3015140609375 0.6034354375000001 0.3052709125 0.598309128125 0.306075909375 0.5914740609375 0.2835350421875 0.5911892640625 0.2855476203125 0.5704941906250001 0.30124574531250004 0.569544871875 0.30124574531250004 0.5577733671875 0.30057488593750004 0.5122408484375 0.2921462359375 0.50863078125 0.2598168046875 0.5081238734375 0.2511299484375 0.5081872374999999 0.2457193234375 0.5091139828125 0.24767195625 0.5647695921875 0.25951826875 0.573222028125 0.2607258109375 0.5904497390625 0.24288094375 0.5918737125
6 0.41111006562499997 0.40622323906249996 0.41091813593750004 0.38992822656250004 0.4295345796875 0.39223668749999996 0.6176489593750001 0.38816293125 0.62052775 0.384224978125 0.621372946875 0.360704303125 0.548498921875 0.36035054375 0.4941816109375 0.359643015625 0.41830589218750003 0.3587586046875 0.324083353125 0.36074411875 0.3241694296875 0.40350740625 0.33990702968750003 0.40785273593750004 0.388079453125 0.4063590296875 0.41111006562499997 0.40622323906249996
6 0.366775940625 0.4924663640625 0.38024053593749996 0.49694101249999995 0.5586832109375 0.498095778125 0.5725558390625001 0.496652328125 0.581124228125 0.4804858171875 0.6186618953125 0.48077450156249996 0.621314034375 0.46749487187499994 0.6225380578124999 0.4179156609375 0.5788801234375 0.41459575312499997 0.465043078125 0.41445140937499997 0.32689516875 0.41459575312499997 0.3248016375 0.41685419062499995 0.32699418750000003 0.42815484843749996 0.3504552296875 0.432629503125 0.366775940625 0.435660734375 0.366775940625 0.4924663640625
6 0.3629991546875 0.5529882703125 0.360543675 0.539900275 0.425532115625 0.539321159375 0.5244970125 0.5374679984374999 0.6186915640625 0.538047115625 0.6185278375000001 0.526117353125 0.620655921875 0.5092072078125 0.6080511265624999 0.50839645 0.550756521875 0.508048975 0.44888499375 0.5081648000000001 0.41680001093749997 0.5078173328125 0.4127685203125 0.506969409375 0.4082375640625 0.506969409375 0.4079019328125 0.5074443453125 0.3641936109375 0.50815675 0.33339474375 0.5082161171874999 0.32596515625 0.5095661609375 0.32452993281250003 0.5344566046875 0.32518472656249997 0.5500926953125 0.34220941250000003 0.555304728125 0.3629991546875 0.5529882703125
6 0.36821601249999997 0.62118549375 0.36838383124999996 0.65865745 0.38331922500000004 0.6616258 0.5019039750000001 0.65981125 0.5085929546875 0.652667559375 0.5064474531250001 0.6423984859375 0.5295541578125 0.6446308921874999 0.6196353671875 0.6434700453125 0.6222857140625 0.6299863140624999 0.6206450218749999 0.580212534375 0.622411925 0.565470834375 0.598053925 0.56261335 0.48610810625 0.5618989796875 0.3766424546875 0.5618989796875 0.3240726578125 0.5633277203125 0.3242051203125 0.5650004609375 0.3298706609375 0.5758770890625 0.343379640625 0.5790829093750001 0.3676286703125 0.5794391140624999 0.36821601249999997 0.62118549375