5 0.1713450328125 0.149265684375 0.171488859375 0.8471208859375 0.8294833671875 0.8473238171874999 0.8289598343750001 0.14899018749999998 0.1713450328125 0.149265684375
6 0.1764632921875 0.1533247234375 0.1738354703125 0.1533247234375 0.17410008593749998 0.1638867640625 0.20260326874999998 0.16487185937499999 0.217125475 0.16408900625 0.21477426406250003 0.1528354390625 0.1764632921875 0.1533247234375
6 0.19444316875 0.1776911390625 0.1890492109375 0.17338543125 0.1815674453125 0.1740119875 0.18075080937500002 0.1811161375 0.19084718750000002 0.1845411359375 0.1955496171875 0.18277970937500002 0.19444316875 0.1776911390625
6 0.2688653265625 0.15076017343749998 0.264757559375 0.1504859859375 0.24584638124999997 0.1507053359375 0.24188239843749998 0.151954725 0.24492512500000002 0.16506757656249998 0.27908689062500003 0.16457829375 0.2775655265625 0.15224829687500002 0.2688653265625 0.15076017343749998
6 0.233183546875 0.20905255 0.232560025 0.21317005 0.23536585781250002 0.22030215625 0.246082753125 0.22093049531250003 0.24090542187500003 0.24194982656250003 0.233103221875 0.25134392031249997 0.2364841796875 0.2599157828125 0.2848036015625 0.2594174234375 0.28550796875 0.24705798906249998 0.27480162343750003 0.24675896874999997 0.2773373375 0.23609397968749998 0.27649209375 0.2246316078125 0.28690990312500003 0.221184475 0.289092221875 0.21103777343750002 0.28316880312500003 0.20596443125000002 0.28400015624999997 0.19052379531250002 0.284311909375 0.1845681265625 0.2857667828125 0.17721544843749998 0.27973947187500003 0.1711127203125 0.2379638375 0.170230396875 0.2327419625 0.17093618906250002 0.23328746250000001 0.18208440312500002 0.2385873578125 0.184290203125 0.2372364078125 0.20559679531250002 0.233183546875 0.20905255
6 0.1849246578125 0.31351039531249997 0.1814028328125 0.313709740625 0.1800242234375 0.3144497140625 0.1818254453125 0.3249727671875 0.199857196875 0.323477678125 0.1935179125 0.3147064671875 0.1849246578125 0.31351039531249997
6 0.180698465625 0.404913253125 0.180698465625 0.41448184218749995 0.1950675140625 0.41567792499999995 0.198025840625 0.4124883875 0.1936587796875 0.40620900156250006 0.19267266875 0.4058103078125 0.1842202921875 0.4041158734375 0.180698465625 0.404913253125
6 0.2302857640625 0.432721965625 0.24225996562500002 0.433818365625 0.26973019531250003 0.4348150890625 0.2917063953125 0.432721965625 0.292833375 0.42215665625 0.285648846875 0.4210602484375 0.2867758453125 0.40541161875 0.275083378125 0.402720453125 0.25282543281250003 0.40212241875 0.23592068125000001 0.4019230703125 0.23073031249999998 0.403344096875 0.23493456875000002 0.417472028125 0.229440528125 0.424050428125 0.22845440625000002 0.42793766875 0.2302857640625 0.432721965625
6 0.2301448953125 0.37569009375 0.23352583437500002 0.3808730796875 0.26226393125 0.3815707828125 0.2883254375 0.3819694796875 0.29156551875000003 0.3757897625 0.2898750296875 0.3691116875 0.2870575796875 0.36821463125 0.285648846875 0.350273528125 0.28663494843750004 0.31339459375 0.253952421875 0.311002446875 0.23859727187500002 0.3108031 0.232948703125 0.3116472421875 0.233103221875 0.333827515625 0.233103221875 0.34957581875 0.23141274374999998 0.354559459375 0.2301448953125 0.37569009375
6 0.5331166703125 0.20342661875 0.5718137984375 0.20202033125000002 0.574429028125 0.19706133125 0.5665833265625 0.18669923125000001 0.6105658796875 0.18669923125000001 0.6275126046875 0.183516584375 0.62793105625 0.1737485734375 0.6060676796875 0.1721202390625 0.57070969375 0.17175016406250002 0.554704453125 0.1703438796875 0.44143751875000004 0.170565925 0.396698096875 0.17063994062500001 0.32127213593750004 0.170565925 0.3123803375 0.170565925 0.3075642453125 0.172323625 0.30902555625 0.2006880609375 0.31749891875 0.202982528125 0.4239343625 0.20364866250000002 0.5331166703125 0.20342661875
6 0.3095346796875 0.29505257500000004 0.33627518125 0.29771855625 0.37371188125 0.295310575 0.3806401046875 0.27974466875 0.510710446875 0.2796586703125 0.575940471875 0.2791426734375 0.6266923453125 0.27940067343749997 0.6282724640625 0.27011273125 0.627178534375 0.2426234734375 0.6279078265625 0.21707775312500002 0.5186877640625001 0.21518576562499997 0.422833028125 0.21518576562499997 0.349217103125 0.21527176250000002 0.3097696671875 0.215787759375 0.30989121875 0.2161317578125 0.309137109375 0.2171491203125 0.3118440859375 0.232722125 0.30965623125 0.24005968437499997 0.30783301875 0.269239053125 0.3095346796875 0.29505257500000004
6 0.3719735859375 0.36339048906250004 0.38556421093750004 0.362428903125 0.38618196875 0.342760071875 0.4465902546875 0.343721659375 0.5556529640625001 0.3465190046875 0.6271014390625 0.34310973906250003 0.6271014390625 0.3255389234375 0.6262365703125 0.3115522 0.5727341265625 0.310946159375 0.4936067875 0.310946159375 0.42029935625 0.31088445781249996 0.3665881390625 0.311316378125 0.310600278125 0.31088445781249996 0.30795243125 0.3125788828125 0.3059972109375 0.34109915 0.3097037421875 0.3605057234375 0.32650671249999996 0.36234148906249997 0.3719735859375 0.36339048906250004
6 0.5960975046875 0.416558575 0.6245983421875 0.41473344843750004 0.6242948765625 0.40657405156250004 0.6103349062500001 0.40303115 0.48363330781249997 0.40303115 0.46373172343749997 0.40194138593749995 0.45473764218749996 0.40218614375 0.365862884375 0.40202297031249995 0.3087079046875 0.40194138593749995 0.3068244515625 0.40386787812499997 0.309802703125 0.4149860546875 0.34829495625 0.41634386250000005 0.41799378593750003 0.4170953796875 0.5960975046875 0.416558575
6 0.6285661203124999 0.44831019687499996 0.6275219812499999 0.4409225109375 0.6102936515625 0.43445828437499995 0.4468854140625 0.434273590625 0.37353444375 0.43445828437499995 0.30862462812499997 0.43539882187499995 0.3119300703125 0.44498573593749996 0.3236766671875 0.45071120000000003 0.505879425 0.4499724234375 0.6285661203124999 0.44831019687499996
6 0.5275453859375 0.5266196796875 0.6262168 0.5247727531249999 0.6293492140625 0.5135065296875 0.6275219812499999 0.4549591125 0.5369426625 0.4545897265625 0.5003976906250001 0.453112190625 0.37327341718749996 0.45440504062500003 0.30723143125 0.45643665 0.30827556875 0.533667859375 0.310092715625 0.5425810171875 0.318716984375 0.5445348078125 0.3675306421875 0.5436113437500001 0.36570337343750003 0.52551151875 0.5275453859375 0.5266196796875
6 0.49752632031250005 0.6671757875 0.49491595781250003 0.6492606609375 0.6269998953125 0.6468596468750001 0.6283050765625 0.631714890625 0.62908820625 0.5579276796875 0.6113377890625 0.5547879124999999 0.3615268203125 0.557004221875 0.307743775 0.5598215640624999 0.30827556875 0.61903090625 0.30853661250000003 0.6638513296874999 0.316106640625 0.6680992515625 0.49752632031250005 0.6671757875
6 0.5084897875000001 0.8079166062500001 0.50979496875 0.792587146875 0.6251726984375 0.788523934375 0.6285661203124999 0.77928931875 0.6277830609375 0.6798597734375 0.6207350671875 0.6778281609375 0.3769279015625 0.6791210078125001 0.307743775 0.6802976765625 0.30801454375000004 0.7469030296875 0.30801454375000004 0.8062543640625 0.42025980625 0.8071778281249999 0.5084897875000001 0.8079166062500001
6 0.7873998953125 0.491807775 0.7839281359375 0.4707809703125 0.7989261515625 0.47363039687499997 0.8203122421875 0.47176353437499996 0.8210065796875 0.41430430625000003 0.8204510984375 0.40324202500000006 0.6817192859375 0.4031437734375 0.6621385125 0.402062953125 0.6579723984375 0.4021612125 0.65602820625 0.4037333078125 0.6413922296875 0.4046835125 0.6425174546875 0.4896461421875 0.6482111453125 0.49249557499999996 0.7546171453125 0.49200429375 0.7873998953125 0.491807775
6 0.689658096875 0.35780710937500004 0.78752761875 0.35728377031249997 0.8198067078125 0.356865109375 0.8215818875 0.340536975 0.820546371875 0.31244055625 0.7854509125 0.31101243125 0.672448021875 0.31101243125 0.6424226125 0.3132477453125 0.6423106046875 0.3137267890625 0.643207371875 0.37078587500000004 0.648237059375 0.37570525312499997 0.6905456859375 0.374553903125 0.689658096875 0.35780710937500004
6 0.67967824375 0.24191103281249998 0.6885804578125 0.24091650312500001 0.6913916812500001 0.22224158906249997 0.7784136203124999 0.221689075 0.8190404499999999 0.221480175 0.8212189265625 0.20997581875 0.8201256609375 0.17241085 0.784048275 0.17020080312500002 0.6647435296875 0.17042180625 0.6430202484375 0.17181875 0.6421720515625 0.21118593593749999 0.6432885234375 0.23726992500000002 0.647661521875 0.24113750781249998 0.67967824375 0.24191103281249998
6 0.49647566093749995 0.1651944625 0.4960264828125 0.15258838125000002 0.45560167500000004 0.1517409171875 0.45119739531249997 0.150475046875 0.44252526562499994 0.1504076171875 0.4395245984375 0.1516359609375 0.44077924218750003 0.1640291953125 0.4581469375 0.1651944625 0.493331515625 0.1669953328125 0.49647566093749995 0.1651944625
6 0.7847506484375 0.163701565625 0.7868302546875 0.15744810468749998 0.7867262703125 0.1527396171875 0.76967345 0.15045894375 0.6987586234375 0.150385375 0.6791062796875 0.1507532234375 0.676290359375 0.1537696 0.67859755625 0.16377513593749998 0.692738921875 0.1639958453125 0.7433584859375 0.1645108359375 0.7847506484375 0.163701565625
3 0.493000853125 0.9280319421875 0.493227128125 0.9354815515625001 0.5065893499999999 0.9351527109375001 0.5060083828125 0.9271782421875001 0.493000853125 0.9280319421875