7 0.26934338125 0.3671875 0.167131021875 0.3671875 0.16436852500000002 0.365234375 0.1560810359375 0.365234375 0.153318540625 0.3671875 0.1091186 0.369140625 0.10497485625 0.3720703125 0.10497485625 0.3759765625 0.1091186 0.37890625 0.12293108125 0.37890625 0.12569357812499998 0.380859375 0.2223809453125 0.380859375 0.2251434421875 0.3828125 0.2458621640625 0.3818359375 0.272105878125 0.380859375 0.276249621875 0.3779296875 0.276249621875 0.3701171875 0.26934338125 0.3671875
5 0.8812341203124999 0.589843884375 0.11326073750000001 0.589843884375 0.11326073750000001 0.8554683484375 0.8812341203124999 0.8554683484375 0.8812341203124999 0.589843884375
6 0.21961845000000002 0.591796875 0.194755984375 0.591796875 0.1919934875 0.59375 0.16851226875 0.5947265625 0.16851226875 0.6005859375 0.1726560140625 0.603515625 0.1864684953125 0.603515625 0.18923099062499998 0.60546875 0.21961845000000002 0.60546875 0.2223809453125 0.603515625 0.2251434421875 0.60546875 0.2292871859375 0.6044921875 0.23481217812500002 0.6025390625 0.23343092968749998 0.59375 0.2223809453125 0.59375 0.21961845000000002 0.591796875
6 0.22376219375 0.6416015625 0.22376219375 0.6337890625 0.21961845000000002 0.630859375 0.1864684953125 0.630859375 0.1837059984375 0.62890625 0.139506059375 0.62890625 0.1367435625 0.630859375 0.12431232968749999 0.6318359375 0.12431232968749999 0.6357421875 0.121549834375 0.6376953125 0.1312185703125 0.646484375 0.139506059375 0.646484375 0.1422685546875 0.6484375 0.1546997875 0.6474609375 0.203043471875 0.646484375 0.20580596875 0.64453125 0.216855953125 0.646484375 0.22376219375 0.6416015625
6 0.1919934875 0.669921875 0.18923099062499998 0.66796875 0.16436852500000002 0.666015625 0.147793546875 0.671875 0.1450310515625 0.669921875 0.128456075 0.669921875 0.12431232968749999 0.6728515625 0.12569357812499998 0.677734375 0.1367435625 0.677734375 0.139506059375 0.6796875 0.1450310515625 0.677734375 0.1560810359375 0.677734375 0.15884353281250002 0.6796875 0.194755984375 0.6796875 0.1975184796875 0.677734375 0.203043471875 0.6796875 0.23757467499999999 0.6787109375 0.24033717187499998 0.6767578125 0.24033717187499998 0.6708984375 0.23343092968749998 0.66796875 0.1919934875 0.669921875
6 0.216855953125 0.70703125 0.19613723125 0.7080078125 0.19613723125 0.7119140625 0.203043471875 0.716796875 0.2320496828125 0.7158203125 0.23481217812500002 0.7138671875 0.23343092968749998 0.705078125 0.21961845000000002 0.705078125 0.216855953125 0.70703125
6 0.15884353281250002 0.703125 0.147793546875 0.708984375 0.1422685546875 0.70703125 0.12431232968749999 0.7080078125 0.12431232968749999 0.7119140625 0.128456075 0.71484375 0.139506059375 0.71484375 0.1450310515625 0.7109375 0.15055604375 0.71484375 0.1560810359375 0.71484375 0.15884353281250002 0.716796875 0.19337473593750001 0.7158203125 0.1906122390625 0.7060546875 0.1809435015625 0.705078125 0.17818100625 0.703125 0.15884353281250002 0.703125
6 0.167131021875 0.7421875 0.16436852500000002 0.740234375 0.16160602968749999 0.7421875 0.153318540625 0.7421875 0.15055604375 0.744140625 0.1339810671875 0.744140625 0.1312185703125 0.7421875 0.12431232968749999 0.7431640625 0.12431232968749999 0.7509765625 0.1339810671875 0.75390625 0.1450310515625 0.751953125 0.147793546875 0.75390625 0.175418509375 0.75390625 0.17818100625 0.755859375 0.1837059984375 0.755859375 0.1864684953125 0.75390625 0.2085684640625 0.75390625 0.21133096093749998 0.755859375 0.216855953125 0.75390625 0.2251434421875 0.75390625 0.2279059390625 0.755859375 0.2292871859375 0.7548828125 0.23757467499999999 0.7509765625 0.23757467499999999 0.7451171875 0.23343092968749998 0.7421875 0.167131021875 0.7421875
6 0.23481217812500002 0.7626953125 0.2085684640625 0.76171875 0.20580596875 0.763671875 0.203043471875 0.76171875 0.175418509375 0.76171875 0.1726560140625 0.759765625 0.1560810359375 0.759765625 0.147793546875 0.763671875 0.1422685546875 0.76171875 0.12569357812499998 0.76171875 0.121549834375 0.7666015625 0.12569357812499998 0.771484375 0.1422685546875 0.771484375 0.147793546875 0.76953125 0.15055604375 0.771484375 0.1837059984375 0.771484375 0.1864684953125 0.7734375 0.1906122390625 0.7724609375 0.194755984375 0.76953125 0.2002809765625 0.771484375 0.23343092968749998 0.771484375 0.23481217812500002 0.7626953125
6 0.6118929125 0.7421875 0.5207305375 0.7421875 0.517968040625 0.740234375 0.5096805515625 0.740234375 0.50691805625 0.7421875 0.49586807187500004 0.7421875 0.49310557499999996 0.740234375 0.3439307796875 0.740234375 0.3411682828125 0.73828125 0.3301182984375 0.73828125 0.3273558015625 0.740234375 0.3163058171875 0.740234375 0.3093995765625 0.7451171875 0.312162071875 0.7470703125 0.312162071875 0.7509765625 0.3163058171875 0.75390625 0.321830809375 0.75390625 0.32459330625 0.755859375 0.3660307484375 0.755859375 0.3687932453125 0.7578125 0.6215616484375001 0.7568359375 0.6270866421875 0.7529296875 0.6243241453125 0.7451171875 0.614655409375 0.744140625 0.6118929125 0.7421875
6 0.838417603125 0.59765625 0.7859301750000001 0.59765625 0.783167678125 0.595703125 0.7665927 0.595703125 0.7638302046875001 0.59765625 0.7362052421875 0.59765625 0.7334427453125001 0.595703125 0.7279177531250001 0.59765625 0.7141052734375 0.59765625 0.7113427765625 0.595703125 0.700292790625 0.595703125 0.6906240546875 0.5986328125 0.6906240546875 0.6025390625 0.700292790625 0.609375 0.7886926703125 0.609375 0.7914551671875001 0.607421875 0.7942176625 0.609375 0.8025051515625 0.609375 0.810792640625 0.61328125 0.814936384375 0.6123046875 0.83565510625 0.611328125 0.8425613468750001 0.6083984375 0.8453238421875 0.6025390625 0.838417603125 0.59765625
6 0.7997426546875 0.634765625 0.74449273125 0.634765625 0.7417302343750001 0.6328125 0.7223927609375 0.6328125 0.719630265625 0.634765625 0.701674040625 0.6357421875 0.701674040625 0.6416015625 0.7085802796875 0.646484375 0.747255228125 0.646484375 0.7500177234375001 0.64453125 0.7555427156250001 0.64453125 0.7583052125 0.646484375 0.7665927 0.646484375 0.769355196875 0.6484375 0.8052676484375001 0.6484375 0.8080301437499999 0.646484375 0.821842625 0.646484375 0.8246051218750001 0.6484375 0.8287488656249999 0.6474609375 0.8315113625 0.6455078125 0.8301301140625 0.63671875 0.8025051515625 0.63671875 0.7997426546875 0.634765625
6 0.74449273125 0.671875 0.7417302343750001 0.669921875 0.7223927609375 0.669921875 0.719630265625 0.671875 0.701674040625 0.6728515625 0.701674040625 0.6806640625 0.7113427765625 0.68359375 0.7417302343750001 0.68359375 0.74449273125 0.681640625 0.7555427156250001 0.681640625 0.7583052125 0.68359375 0.7776426859375001 0.68359375 0.7804051828125 0.685546875 0.7859301750000001 0.685546875 0.7886926703125 0.68359375 0.821842625 0.68359375 0.8246051218750001 0.685546875 0.8287488656249999 0.6845703125 0.8315113625 0.6826171875 0.8315113625 0.6748046875 0.8246051218750001 0.671875 0.74449273125 0.671875
6 0.7362052421875 0.8359375 0.7334427453125001 0.833984375 0.7223927609375 0.833984375 0.719630265625 0.8359375 0.705817784375 0.8359375 0.69891154375 0.8388671875 0.69891154375 0.8466796875 0.7030552875 0.849609375 0.7223927609375 0.849609375 0.7251552578125 0.8515625 0.8315113625 0.8505859375 0.8301301140625 0.837890625 0.7804051828125 0.837890625 0.7776426859375001 0.8359375 0.7362052421875 0.8359375
6 0.10221235937499999 0.5615234375 0.10221235937499999 0.5654296875 0.10635610468750001 0.568359375 0.116024840625 0.5673828125 0.11878733749999999 0.5634765625 0.116024840625 0.5595703125 0.1091186 0.556640625 0.10221235937499999 0.5615234375
4 0.2361934265625 0.177734375 0.2831558625 0.181640625 0.8301301140625 0.169921875 0.89090503125 0.16796875 0.8978112703125 0.1650390625 0.9005737671875 0.1455078125 0.9005737671875 0.1044921875 0.89090503125 0.099609375 0.8798550453124999 0.09765625 0.5400680109375 0.09375 0.2389559234375 0.09375 0.23343092968749998 0.095703125 0.2292871859375 0.0986328125 0.2292871859375 0.1376953125 0.2320496828125 0.1748046875 0.2361934265625 0.177734375
4 0.308361509375 0.22022585625 0.5104066234375 0.2180867765625 0.8936675265625 0.205078125 0.8978112703125 0.2021484375 0.8964300234374999 0.193359375 0.8715675578125 0.189453125 0.2296623484375 0.184396409375 0.2292871859375 0.1962890625 0.2320496828125 0.2138671875 0.2361934265625 0.216796875 0.308361509375 0.22022585625
4 0.2831558625 0.240234375 0.426805665625 0.2421875 0.79007391875 0.2412109375 0.79007391875 0.2333984375 0.783167678125 0.23046875 0.7251552578125 0.228515625 0.3190683140625 0.22265625 0.23343092968749998 0.2265625 0.2292871859375 0.2294921875 0.2292871859375 0.2333984375 0.2389559234375 0.23828125 0.2831558625 0.240234375
7 0.285918359375 0.2578125 0.266580884375 0.255859375 0.1422685546875 0.255859375 0.1091186 0.2578125 0.10773735312499999 0.2666015625 0.111881096875 0.26953125 0.28729960625 0.2685546875 0.285918359375 0.2578125
4 0.2610558921875 0.34765625 0.5290180265625 0.34765625 0.8439425953124999 0.3359375 0.8936675265625 0.33203125 0.8978112703125 0.3291015625 0.8978112703125 0.3056640625 0.89090503125 0.30078125 0.2527684046875 0.29296875 0.230668434375 0.296875 0.22652468906249998 0.2998046875 0.2292871859375 0.3408203125 0.2361934265625 0.345703125 0.2610558921875 0.34765625
4 0.2610558921875 0.45703125 0.58426795 0.458984375 0.8881425343749999 0.4453125 0.895048775 0.4423828125 0.8978112703125 0.4365234375 0.8978112703125 0.4169921875 0.8881425343749999 0.412109375 0.8715675578125 0.41015625 0.399180703125 0.40625 0.23343092968749998 0.40625 0.2279059390625 0.408203125 0.22652468906249998 0.4345703125 0.2292871859375 0.4521484375 0.23343092968749998 0.455078125 0.2610558921875 0.45703125
4 0.74449273125 0.521484375 0.8881425343749999 0.5 0.895048775 0.4951171875 0.895048775 0.4716796875 0.8826175421875 0.466796875 0.3743182375 0.45703125 0.23481217812500002 0.4580078125 0.22652468906249998 0.4658203125 0.22652468906249998 0.5048828125 0.23343092968749998 0.51171875 0.74449273125 0.521484375
4 0.3024933359375 0.53515625 0.7804051828125 0.5390625 0.8025051515625 0.537109375 0.8066488953125001 0.5341796875 0.8066488953125001 0.5283203125 0.8025051515625 0.525390625 0.2500059078125 0.517578125 0.2279059390625 0.521484375 0.22652468906249998 0.5283203125 0.230668434375 0.53125 0.24171841875000002 0.533203125 0.3024933359375 0.53515625
7 0.4848180859375 0.5703125 0.49172432656250004 0.5654296875 0.49172432656250004 0.5634765625 0.48205559062500003 0.55859375 0.399180703125 0.5546875 0.1864684953125 0.552734375 0.167131021875 0.556640625 0.1629872765625 0.5615234375 0.1726560140625 0.568359375 0.29973083906250003 0.572265625 0.4848180859375 0.5703125
6 0.48896183125 0.6005859375 0.4848180859375 0.595703125 0.454430628125 0.59375 0.450286884375 0.5966796875 0.454430628125 0.60546875 0.4848180859375 0.60546875 0.48896183125 0.6005859375
6 0.6270866421875 0.8466796875 0.6270866421875 0.8388671875 0.6174179046875 0.833984375 0.5759804609375 0.83203125 0.3301182984375 0.830078125 0.29973083906250003 0.83203125 0.28729960625 0.8349609375 0.2845371109375 0.8466796875 0.28868085468750004 0.849609375 0.6201804015625 0.8515625 0.6270866421875 0.8466796875
6 0.5124430484375 0.8125 0.587030446875 0.8125 0.6036054234375 0.810546875 0.6243241453125 0.7685546875 0.6243241453125 0.7646484375 0.614655409375 0.759765625 0.3301182984375 0.7578125 0.3163058171875 0.76171875 0.312162071875 0.7666015625 0.32873705000000003 0.8076171875 0.3743182375 0.810546875 0.5124430484375 0.8125
6 0.8688050609375001 0.72265625 0.8757113015625 0.7158203125 0.8757113015625 0.7119140625 0.8688050609375001 0.708984375 0.705817784375 0.705078125 0.66161784375 0.70703125 0.66161784375 0.71875 0.7251552578125 0.740234375 0.8135551375000001 0.740234375 0.8688050609375001 0.72265625
6 0.44338064375 0.720703125 0.58426795 0.720703125 0.6229428968749999 0.71875 0.6270866421875 0.7099609375 0.6229428968749999 0.70703125 0.47100560625 0.703125 0.321830809375 0.703125 0.3135433203125 0.705078125 0.3093995765625 0.7080078125 0.3093995765625 0.7119140625 0.3163058171875 0.716796875 0.44338064375 0.720703125
6 0.4019432 0.701171875 0.5815054546875 0.701171875 0.6353741312500001 0.6806640625 0.6353741312500001 0.6728515625 0.628467890625 0.669921875 0.58426795 0.66796875 0.454430628125 0.666015625 0.3163058171875 0.666015625 0.3024933359375 0.66796875 0.3011120875 0.6767578125 0.3052558328125 0.6796875 0.36050575625 0.69921875 0.4019432 0.701171875
6 0.38536822187499997 0.6640625 0.4848180859375 0.666015625 0.56216798125 0.6640625 0.6367553781249999 0.646484375 0.6408991234375 0.6416015625 0.6408991234375 0.6357421875 0.6367553781249999 0.6328125 0.6118929125 0.630859375 0.45166813125000005 0.62890625 0.3024933359375 0.630859375 0.2983495921875 0.6337890625 0.2983495921875 0.6396484375 0.3052558328125 0.64453125 0.38536822187499997 0.6640625
6 0.1919934875 0.62890625 0.4074681921875 0.62890625 0.4461431390625 0.626953125 0.450286884375 0.6240234375 0.450286884375 0.6142578125 0.4461431390625 0.611328125 0.32459330625 0.607421875 0.167131021875 0.607421875 0.12293108125 0.609375 0.121549834375 0.6201171875 0.12431232968749999 0.6240234375 0.1312185703125 0.626953125 0.1919934875 0.62890625
6 0.2790121171875 0.8466796875 0.2790121171875 0.8447265625 0.25829339687499997 0.83203125 0.1726560140625 0.830078125 0.11878733749999999 0.8330078125 0.116024840625 0.8466796875 0.128456075 0.849609375 0.2610558921875 0.849609375 0.2790121171875 0.8466796875
6 0.8439425953124999 0.759765625 0.8480863390625 0.7568359375 0.8480863390625 0.7490234375 0.8411800984375001 0.74609375 0.71686776875 0.7421875 0.6837178140625 0.74609375 0.682336565625 0.7529296875 0.6864803109375 0.755859375 0.700292790625 0.7578125 0.8439425953124999 0.759765625
6 0.8135551375000001 0.77734375 0.8204613765625 0.7685546875 0.8163176328124999 0.765625 0.7942176625 0.763671875 0.7389677390625 0.76171875 0.71686776875 0.763671875 0.7127240234375 0.7666015625 0.7127240234375 0.7724609375 0.7223927609375 0.775390625 0.8135551375000001 0.77734375