5 0.200117528125 0.1510276453125 0.20081575312500002 0.5375722 0.8020890093749999 0.5383120453125 0.799954334375 0.1500721984375 0.200117528125 0.1510276453125
6 0.29578064843749996 0.1828459953125 0.29719309531250004 0.171930009375 0.29036616406250004 0.1684732765625 0.24599109375 0.16911004062499999 0.24128286562499998 0.17111130624999998 0.24198910625 0.17993506406249998 0.24446092031250002 0.182482128125 0.2888359921875 0.1832098609375 0.29578064843749996 0.1828459953125
6 0.280125759375 0.20713406406249998 0.3015482125 0.2053147328125 0.3026075640625 0.1942168171875 0.2948389734375 0.1913968484375 0.263293840625 0.1923065171875 0.25905643437500003 0.1942168171875 0.24198910625 0.1948535765625 0.24340156875000002 0.2000386734375 0.250699321875 0.2059515 0.280125759375 0.20713406406249998
6 0.2557606703125 0.232835134375 0.268472890625 0.23037904375 0.293661928125 0.2301971046875 0.296016034375 0.21919015156250002 0.2913078078125 0.21509665625 0.2563492 0.215460521875 0.2493193625 0.21700498906250001 0.240223521875 0.21864435468750001 0.24281303906249999 0.22946938125 0.247403565625 0.232744171875 0.2557606703125 0.232835134375
6 0.24563798124999997 0.2531059703125 0.32744347500000004 0.252560159375 0.3310923671875 0.243918340625 0.325089353125 0.2383693796875 0.31543749375 0.2388242140625 0.3127378046875 0.24104718749999998 0.2524649140625 0.24155320625 0.24493174999999998 0.2430996484375 0.24304845 0.249012475 0.24563798124999997 0.2531059703125
6 0.2784778765625 0.2782742640625 0.3523970953125 0.2769097625 0.39737433437499997 0.27600009999999997 0.3989045234375 0.26535701718750004 0.3897234703125 0.2619002828125 0.384544421875 0.26362864375 0.3046222125 0.26253705 0.2924985234375 0.26417444843750004 0.28296435781249996 0.264902184375 0.28387513124999997 0.265089384375 0.23998810312500002 0.2658118515625 0.24552028125 0.27499946875000003 0.262940721875 0.27763750468750004 0.2784778765625 0.2782742640625
6 0.25871696875 0.3004259484375 0.35276386875 0.2998801578125 0.35500026562500003 0.2893280265625 0.3472316921875 0.28468873437500003 0.33616735468750003 0.2873267625 0.3287518921875 0.2879635296875 0.26789801406249997 0.288509334375 0.2608356734375 0.28523453125 0.2465337171875 0.28698313125 0.24329751875 0.2917841234375 0.2452985125 0.2967872875 0.25871696875 0.3004259484375
6 0.4417373953125 0.3222120359375 0.44330320156249997 0.3113212703125 0.43351704062499996 0.308598565625 0.37754017812499996 0.3084473109375 0.280852946875 0.3090523625 0.25443032187500003 0.307993525 0.24112115312500002 0.3117750453125 0.24229549375 0.319943128125 0.24483459062500001 0.32103198593750004 0.2651951015625 0.3244809546875 0.2908348375 0.3244809546875 0.382824703125 0.3235733828125 0.4417373953125 0.3222120359375
6 0.2767427703125 0.347018803125 0.32763078437500004 0.3495902421875 0.3589464890625 0.3468675578125 0.3673625859375 0.3459599765625 0.369515553125 0.331287690625 0.33996134218749996 0.331741475 0.32645646250000004 0.334010384375 0.2424129078125 0.333790853125 0.23877247656249997 0.34278350625 0.2473842953125 0.349741496875 0.2767427703125 0.347018803125
6 0.3757786703125 0.35874372499999996 0.3673625859375 0.35481094375 0.3618823328125 0.35481094375 0.35718498125 0.3573823765625 0.2503201390625 0.35874372499999996 0.24112115312500002 0.35904624531249996 0.24366555 0.3688782 0.24417413125 0.37002603437500003 0.2796786140625 0.36963449531250003 0.34661593125 0.36963449531250003 0.3740171625 0.3694832515625 0.3757786703125 0.35874372499999996
6 0.3252821015625 0.3938362203125 0.328022228125 0.38294544531249997 0.32195481406250004 0.37901267031249997 0.25912768750000004 0.37855889375 0.24461443749999998 0.38023312656249997 0.242491215625 0.3892984046875 0.2493415265625 0.3929286703125 0.3252821015625 0.3938362203125
6 0.2589319578125 0.41619834375 0.338591278125 0.4158958234375 0.3415271359375 0.4075764765625 0.33037092343749996 0.40228235312500005 0.300620984375 0.40364370000000005 0.26480367031249996 0.40243360937499995 0.24395397812500003 0.40336920468750004 0.24112115312500002 0.40939160937499997 0.24542705781250002 0.41650086406250003 0.2589319578125 0.41619834375
6 0.24444844687499998 0.4394435578125 0.28555031249999996 0.44019985312500004 0.3609037265625 0.44186373124999995 0.4129661015625 0.4394435578125 0.41433615156250003 0.43036790468749997 0.40533288125 0.42643512812499995 0.34133140625 0.42567882187499995 0.3297837375 0.4255275671875 0.32547784375 0.42900655781249997 0.2839845203125 0.4279477296875 0.27713421562499996 0.42567882187499995 0.26578227656250003 0.42613261874999997 0.263629309375 0.4282502609375 0.24461443749999998 0.42718575625 0.24268693749999998 0.4284015265625 0.2407297078125 0.43354438437500004 0.24444844687499998 0.4394435578125
6 0.259323403125 0.46364528437499997 0.3297837375 0.46334275312499995 0.3358511515625 0.4527545078125 0.3123643828125 0.44897298750000003 0.297293696875 0.44851920156249997 0.269892453125 0.44851920156249997 0.255996115625 0.45033434375 0.24417413125 0.450151715625 0.2409254296875 0.4556284671875 0.24405700156250001 0.4616788953125 0.259323403125 0.46364528437499997
6 0.42157788749999997 0.4858316703125 0.5450411390625 0.48764679375000003 0.5699321921875 0.48704175312500003 0.5722808609375 0.4755459359375 0.5485983625 0.47236945625000004 0.4615015640625 0.4722182015625 0.247334296875 0.4741845890625 0.2426369390625 0.47781484374999994 0.2426369390625 0.48431906874999997 0.242633059375 0.48553630625000005 0.24233249843750002 0.5081479796874999 0.33328595 0.5083603484375 0.41654544531250004 0.5070861843750001 0.42157788749999997 0.4858316703125
6 0.3591156265625 0.5308706437499999 0.3621382453125 0.517491884375 0.297838828125 0.5153682640625 0.2505760015625 0.516005353125 0.241508140625 0.5187660468749999 0.2401342171875 0.5261986984375 0.25167515156250003 0.5306582765625001 0.2928927203125 0.5327818953125 0.3591156265625 0.5308706437499999
6 0.7527217890625 0.171876021875 0.7174131859374999 0.171876021875 0.7144836515625 0.1724718171875 0.714556228125 0.1775848921875 0.7223471406249999 0.182362071875 0.7346820203125 0.18343450781249998 0.7484045859374999 0.18343450781249998 0.7527217890625 0.171876021875
6 0.7226555125 0.205479040625 0.7334485374999999 0.2055982046875 0.7476336531250001 0.20678979687500001 0.7490213375 0.20452576718749998 0.7517966765625 0.197137865625 0.7502548109375 0.19546963281250002 0.7147296609375 0.194738825 0.714792021875 0.19570795000000002 0.7151003921875 0.20345333906250002 0.7226555125 0.205479040625
6 0.747171090625 0.2297683296875 0.749946440625 0.2277426203125 0.750871553125 0.219163125 0.713689071875 0.21859351249999998 0.7146378359375001 0.2265510203125 0.721113646875 0.22929169374999997 0.747171090625 0.2297683296875
6 0.7234264453125 0.2521510640625 0.7470169109375 0.2534618265625 0.74963806875 0.251197790625 0.7516424859375 0.242141659375 0.714792021875 0.2410692140625 0.7151003921875 0.24631225156249997 0.71910923125 0.251436109375 0.7234264453125 0.2521510640625
6 0.7249683 0.2760636015625 0.747479471875 0.27713603125 0.749792259375 0.2729654390625 0.7517966765625 0.26557754375 0.7150765234375001 0.264962734375 0.7151003921875 0.26962897343750003 0.7167964375 0.275229475 0.7249683 0.2760636015625
6 0.7397701671875 0.300472046875 0.74732528125 0.3001145640625 0.7541094625 0.28903271406250003 0.7152499546875 0.2884153765625 0.71633388125 0.2954673359375 0.721576209375 0.2991612828125 0.7397701671875 0.300472046875
6 0.7490213375 0.3206906296875 0.75102574375 0.31187280781250004 0.7140359359375 0.3114659734375 0.7154087640625 0.3215247390625 0.7431622578125 0.32450373125 0.7490213375 0.3206906296875
6 0.7178757421874999 0.3456948734375 0.7397701671875 0.346528984375 0.7477878328124999 0.347124784375 0.749946440625 0.344384109375 0.75102574375 0.3365195703125 0.7162905421875 0.3350526296875 0.7160255109375 0.335089659375 0.7149462078125 0.339021925 0.7178757421874999 0.3456948734375
6 0.7442415625 0.37091815 0.75010063125 0.36865411406250004 0.7505631921875 0.35852554531249997 0.7146378359375001 0.3579297453125 0.71232504375 0.36198117343749997 0.71864666875 0.369488240625 0.7442415625 0.37091815
6 0.7234264453125 0.39197084375 0.7490213375 0.3941157171875 0.7505631921875 0.38911102343750004 0.7505631921875 0.38208059375 0.715871325 0.3817231203125 0.7152545781249999 0.3848212671875 0.717104809375 0.3900642890625 0.7234264453125 0.39197084375
6 0.735452953125 0.41767077343750003 0.748096203125 0.4167174921875 0.753030159375 0.4055164828125 0.7147296609375 0.4040704046875 0.7144836515625 0.4093296015625 0.7169506234374999 0.41504925468750004 0.735452953125 0.41767077343750003
6 0.735915515625 0.4400535 0.749792259375 0.4392193890625 0.7524134171875 0.43159316875 0.75010063125 0.4287333390625 0.7162905421875 0.42886319687499996 0.7124792296875 0.43230812343749997 0.71910923125 0.438504434375 0.735915515625 0.4400535
6 0.7476336531250001 0.46325107499999996 0.750717371875 0.45884216406249995 0.751179934375 0.452645865625 0.7154233859375 0.45204780937500005 0.7152545781249999 0.4609870375 0.732985975 0.46289360156250003 0.7476336531250001 0.46325107499999996
6 0.743779 0.50622915 0.750871553125 0.5040842765625 0.7524134171875 0.49812629218750004 0.7493296984375 0.4939557 0.7164639734375 0.49359248906250003 0.7146378359375001 0.497173009375 0.7198801640625 0.50468006875 0.743779 0.50622915
6 0.721113646875 0.530975790625 0.74732528125 0.5288309171875001 0.7672152750000001 0.529665034375 0.7682945890624999 0.5201322671875 0.76181876875 0.516557475 0.752875990625 0.514650928125 0.7393076062499999 0.51798739375 0.70060690625 0.5175107484375 0.6962896921875 0.5247794953125 0.7032280640625 0.5294267171875 0.721113646875 0.530975790625
4 0.2644238484375 0.5960635359374999 0.28845211875 0.5941181203125 0.289367478125 0.5792623046875 0.47466669375 0.5792623046875 0.797733253125 0.5766094828125 0.7993351546875 0.5580396953125 0.7949871749999999 0.549196946875 0.63228140625 0.5479589484375 0.5991463578125 0.5454829796875 0.3824800453125 0.546897821875 0.30197396875 0.5454829796875 0.2107870984375 0.5461903984375 0.20698161406249999 0.5497907640624999 0.20698481875 0.5616682625 0.2410820890625 0.56219883125 0.24291280781250002 0.5921727156250001 0.2644238484375 0.5960635359374999
4 0.3789962609375 0.6279869625 0.49889816875 0.6255276828125 0.758443146875 0.6276858921875 0.7975398046875 0.6249881109375 0.798936059375 0.6112294796875 0.6086891328124999 0.608801484375 0.46068053124999997 0.608801484375 0.2863027234375 0.6096108124999999 0.231148553125 0.6096108124999999 0.20488780156250003 0.61395406875 0.20514423124999998 0.626290671875 0.24949218750000002 0.641264503125 0.3719872453125 0.641264503125 0.3789962609375 0.6279869625
5 0.19878209062500002 0.6447420921875 0.2026027171875 0.8392133734374999 0.7986748546875 0.840299253125 0.7991025375 0.643737225 0.19878209062500002 0.6447420921875
6 0.295569396875 0.65137573125 0.2863423953125 0.649508115625 0.2435028 0.651205946875 0.23976807187500002 0.6551109671875001 0.2402199765625 0.66166264375 0.25229040625 0.6681842765625 0.2685475 0.6656375296875 0.2944709421875 0.6652979640625001 0.295569396875 0.65137573125
6 0.48236750625 0.688728059375 0.48214780937499996 0.6763338765625 0.472261746875 0.6729382125 0.332758409375 0.673787125 0.2545486859375 0.673787125 0.2407081921875 0.6768432296875 0.24196496562499997 0.6802388984375 0.2456997078125 0.6897467546875 0.2808501375 0.6909352390625 0.352688859375 0.6902561031250001 0.48236750625 0.688728059375
6 0.26923269843750003 0.7119883687499999 0.2940577015625 0.7119883687499999 0.29559553437499997 0.7002733203125 0.2865882453125 0.6967078718749999 0.25011964999999997 0.6967078718749999 0.2528226703125 0.6988978765625 0.2406729671875 0.7004431015625 0.2437486484375 0.711648803125 0.24770305937499998 0.7150444734375 0.26923269843750003 0.7119883687499999
6 0.3254734171875 0.7350788890625 0.32986720625 0.7306645296875 0.32876878125000003 0.7197983984375 0.3204205375 0.718609915625 0.310095096875 0.7221753625 0.24133204218749998 0.7223451453124999 0.2406729671875 0.7345695484375 0.2531953171875 0.7349091125 0.3254734171875 0.7350788890625
6 0.24682430156250001 0.7574902921875 0.2589072578125 0.758169421875 0.33623823750000004 0.7593579187499999 0.3474424515625 0.7579996343750001 0.34963933125 0.743907621875 0.34063205625 0.7433982796875 0.32569309999999996 0.7454356718749999 0.26242231875 0.7427191375 0.25055902812499997 0.744926340625 0.24590354374999998 0.745489653125 0.24133204218749998 0.746284590625 0.2415517390625 0.7517176703125 0.24682430156250001 0.7574902921875
6 0.25253625625 0.7824209609375 0.3206402203125 0.7820813953125 0.32788999375 0.778176378125 0.326352175 0.7669706875 0.2597860296875 0.7662915453125 0.25231655937499997 0.7678196078124999 0.24516220937500002 0.7687855421875 0.242430496875 0.7725735328125001 0.242430496875 0.7793648625 0.25253625625 0.7824209609375
6 0.282853503125 0.8059659031249999 0.3388745109375 0.8069845984375 0.4021453078125 0.8042680765625001 0.402365034375 0.7930623640625 0.3680933328125 0.7900062640625001 0.2944970796875 0.7905156125 0.2536347109375 0.7900062640625001 0.252081334375 0.79093573125 0.24265019375 0.79204366875 0.24045329999999998 0.7962882515625 0.24506677031250002 0.8044378421875 0.282853503125 0.8059659031249999
6 0.25780881718750004 0.8282075046875 0.289663896875 0.8314334046875 0.359086028125 0.8282075046875 0.36216169531250003 0.8210766109375 0.36194199843749997 0.81581333125 0.313390446875 0.8144550703125001 0.258467878125 0.812927009375 0.24244398125000002 0.8148044703125 0.241771421875 0.8176809468749999 0.24265019375 0.824472275 0.25780881718750004 0.8282075046875
6 0.7012896734375 0.8263702937499999 0.730666215625 0.82790084375 0.7316564359375 0.8237343562499999 0.733416821875 0.8167618765625001 0.6960262687500001 0.8165067515625 0.6958984765625 0.8167618765625001 0.6978789234375 0.8216936296874999 0.7012896734375 0.8263702937499999
6 0.7344070421875 0.793463584375 0.7279155953124999 0.7928683734375 0.6966450562500001 0.7939378734375 0.697548840625 0.802221703125 0.707231003125 0.804177396875 0.7317664500000001 0.8036672140625001 0.7344070421875 0.793463584375
6 0.7328666968750001 0.7722610546875 0.732536628125 0.770050271875 0.6979889359375 0.7703053578125 0.6956549953125 0.77156025625 0.6989791640624999 0.7794035953125 0.7109718296875001 0.780934140625 0.7301160921875 0.7811041999999999 0.7328666968750001 0.7722610546875
6 0.6972189890625 0.746845015625 0.6974388125 0.7546597921875 0.7055806312499999 0.7569556093750001 0.7295659671875 0.7572107 0.7326466578125 0.7512585828125 0.733746890625 0.7471771296874999 0.6972189890625 0.746845015625
6 0.733416821875 0.7245866000000001 0.7319865046875 0.7223758124999999 0.6963385718749999 0.723821328125 0.698429040625 0.73155908125 0.7050305140625001 0.7345351390625 0.730666215625 0.7334297453125 0.733416821875 0.7245866000000001
6 0.73319678125 0.6999828625 0.697758946875 0.6994071484375 0.6977688890625 0.7060200078125 0.701729778125 0.7097613390624999 0.71108185 0.7107817015625 0.7287957875 0.7110367953125001 0.7328666968750001 0.7043194015625 0.73319678125 0.6999828625
6 0.7300060640625 0.6877660171875 0.7328666968750001 0.6792629921875 0.7328666968750001 0.677052209375 0.699639309375 0.6771372390625 0.6976351171874999 0.6781289234375001 0.697548840625 0.6840246890625 0.705360575 0.686660625 0.7138324625 0.6877660171875 0.7300060640625 0.6877660171875
6 0.7418887078124999 0.6632197921875 0.744859384375 0.6543766468750001 0.7403483640624999 0.653186221875 0.6931478624999999 0.6527610703125 0.6847860031249999 0.6543766468750001 0.6852261078125 0.6547167671875 0.690617296875 0.66253955 0.70712096875 0.6644102171874999 0.727035403125 0.664835365625 0.7418887078124999 0.6632197921875
3 0.5088482796875 0.846278321875 0.5012125468749999 0.8452809453125001 0.4934692640625 0.845197828125 0.49187937187499997 0.846494859375 0.493039084375 0.8545066515625 0.5068049109375 0.8560027124999999 0.5089558281250001 0.8506002718750001 0.5088482796875 0.846278321875