6 0.5085882359375 0.9413227265625 0.49295294062500006 0.9413227265625 0.49295294062500006 0.9528227265625 0.5085882359375 0.9528227265625 0.5085882359375 0.9413227265625
4 0.8898617640625 0.8937886359375 0.1134794125 0.8937886359375 0.1134794125 0.9099113640625 0.8898617640625 0.9099113640625 0.8898617640625 0.8937886359375
4 0.1621609296875 0.1242833296875 0.6697226328125 0.125115896875 0.6756431640625 0.10513364843749999 0.8860955328125 0.10388478593749999 0.8914778968749999 0.083902528125 0.112543225 0.0833243390625 0.11425745000000001 0.10513364843749999 0.1696963078125 0.1018032890625 0.1621609296875 0.1242833296875
4 0.6406576265624999 0.8716106984374999 0.8957841562500001 0.8716106984374999 0.889324996875 0.8499632703125 0.10941328125000001 0.8482980906250001 0.111600878125 0.8668436046875 0.1675433515625 0.865782546875 0.1696963078125 0.889095153125 0.6514222968750001 0.8907603343750001 0.6406576265624999 0.8716106984374999
4 0.572300825 0.8245691781250001 0.8887870031249999 0.82498550625 0.8871719828125 0.809166209375 0.8489568656250001 0.8062521328125 0.10941328125000001 0.805835859375 0.1163126171875 0.8231529390625001 0.167005184375 0.8229040203125001 0.1718493515625 0.844551425 0.5766069109374999 0.8449677093749999 0.572300825 0.8245691781250001
4 0.5245070593750001 0.785760078125 0.8894389046875 0.7833544625 0.8868473609375 0.760902571875 0.1016910140625 0.762506271875 0.11015131250000001 0.7785554375 0.1668323796875 0.77814246875 0.1678691140625 0.8001933812500001 0.5322827453125 0.8021980609374999 0.5245070593750001 0.785760078125
4 0.7450657656249999 0.7371617968749999 0.8896907625000001 0.7363599468750001 0.8819152421875 0.718318240625 0.10228810937499999 0.720322878125 0.11020317187499999 0.736658190625 0.166047446875 0.7343553093749999 0.17071276562499998 0.758410965625 0.7507678734375001 0.7576090515625 0.7450657656249999 0.7371617968749999
4 0.876732353125 0.695984090625 0.10566764687500001 0.695984090625 0.10566764687500001 0.71270681875 0.876732353125 0.71270681875 0.876732353125 0.695984090625
4 0.8824352937500001 0.5872840906250001 0.11292941249999999 0.5872840906250001 0.11292941249999999 0.6028522734374999 0.8824352937500001 0.6028522734374999 0.8824352937500001 0.5872840906250001
4 0.37806056093749996 0.6718107578125 0.8916409875 0.6686033359375 0.8874939390625001 0.6473542515624999 0.1091211234375 0.6521653749999999 0.111110728125 0.6686327703125 0.173304615625 0.6669996578124999 0.1717495 0.6902533765625 0.37650544531249996 0.691055228125 0.37806056093749996 0.6718107578125
4 0.140256603125 0.647661225 0.6606991437499999 0.646859309375 0.665882953125 0.6308222625 0.889818275 0.6304213484375001 0.894483896875 0.6095731359375 0.1083880609375 0.610425453125 0.1190033984375 0.6284167125 0.1656566890625 0.6216009328125 0.140256603125 0.647661225
4 0.6949116234375 0.561928590625 0.8908553140625 0.561928590625 0.8820427546875 0.5426841640625 0.11174623125000001 0.544287821875 0.10748050468749999 0.5606336515625 0.169803571875 0.5587212328125 0.1708403046875 0.581974975 0.6959483859375 0.581974975 0.6949116234375 0.561928590625
4 0.61508278125 0.5178266578125 0.8903366281249999 0.5170248078124999 0.8835981468749999 0.49737940312499995 0.10967276249999999 0.5001858890624999 0.111110728125 0.5164521921875 0.16876683750000002 0.515020171875 0.16824853906249998 0.539877678125 0.6156010234375 0.5406794859375 0.61508278125 0.5178266578125
4 0.6181930109375 0.476965009375 0.88878156875 0.47656413750000004 0.8877450828125 0.4545131390625 0.11174623125000001 0.459324240625 0.1092956171875 0.4757771984375 0.16824853906249998 0.4729557375 0.1713586859375 0.495407628125 0.6223399484375001 0.49460577812500006 0.6181930109375 0.476965009375
4 0.5202212484375 0.43209408906249996 0.8867080453125 0.4300894515625 0.8835981468749999 0.410444046875 0.108117646875 0.41325053437500003 0.10915438125000002 0.4284857515625 0.1703220078125 0.428084815625 0.1708403046875 0.451338621875 0.5176292609375001 0.45173949375 0.5202212484375 0.43209408906249996
4 0.5373272953125 0.3904306328125 0.8867080453125 0.3864213171875 0.8872267296875 0.36637504062500004 0.106044178125 0.371587078125 0.11020317187499999 0.38320652499999996 0.1692852734375 0.383213959375 0.1703220078125 0.40686857343750005 0.543029346875 0.4084723375 0.5373272953125 0.3904306328125
4 0.45801680468750006 0.34111659843750003 0.88878156875 0.34111659843750003 0.8841165 0.3230749578125 0.11174623125000001 0.327084165625 0.1029427265625 0.34112894531250004 0.1692852734375 0.3403147484375 0.169803571875 0.3643704046875 0.454906740625 0.3651722546875 0.45801680468750006 0.34111659843750003
4 0.6166378953125 0.3014248734375 0.8913736671875 0.2986183875 0.8841165 0.279373896875 0.1133013453125 0.2817794703125 0.11020317187499999 0.299752659375 0.1666934234375 0.2990193015625 0.167211721875 0.321070321875 0.6202664796875 0.3226739796875 0.6166378953125 0.3014248734375
4 0.5140006765625 0.2774021875 0.5140006765625 0.256553996875 0.886189690625 0.2557521453125 0.8841165 0.23450297656250002 0.1070809125 0.239715034375 0.102035171875 0.2555712015625 0.1713586859375 0.25414838125 0.1729138578125 0.275798421875 0.33827354062500004 0.2790058875 0.5140006765625 0.2774021875
4 0.49948634218750004 0.2345359015625 0.5000046953124999 0.21529136875 0.8877450828125 0.211683075 0.8856713375 0.19364132812499998 0.3657470953125 0.19364132812499998 0.1070809125 0.19364132812499998 0.1092956171875 0.2113897421875 0.16824853906249998 0.21208394687499998 0.16876683750000002 0.23373398750000002 0.20712622656250002 0.2373423890625 0.49948634218750004 0.2345359015625
4 0.29835911875 0.18926404531250002 0.296804003125 0.16841581249999998 0.8872267296875 0.1692176625 0.88463463125 0.12671949375 0.1070809125 0.1299268515625 0.1083880609375 0.1461694953125 0.1703220078125 0.144761134375 0.1718771234375 0.186457559375 0.1874281921875 0.18926404531250002 0.29835911875 0.18926404531250002