7 0.7029492109375 0.0926847015625 0.5723707359375 0.085051934375 0.36211594375 0.0886865796875 0.300651721875 0.087959665625 0.2953758265625 0.099227065625 0.2985346 0.117364484375 0.319707740625 0.12139839999999999 0.5740060046875 0.11812721718750001 0.6984646703124999 0.1159464375 0.7029492109375 0.0926847015625
5 0.0415084734375 0.14020955625 0.042284015625 0.8814926218749999 0.9648752515625001 0.8761338546875 0.9643804781249999 0.1347928890625 0.0415084734375 0.14020955625
7 0.060355931249999994 0.157353115625 0.0607375125 0.1455236640625 0.0443420296875 0.1456433 0.044482184375 0.1542511703125 0.04696245625 0.15756341875 0.053144059375 0.15756341875 0.060355931249999994 0.157353115625
7 0.11712103437500002 0.17732433593750002 0.135764715625 0.17627895 0.1376615140625 0.1676835484375 0.13521674687500002 0.16268892343750002 0.128051065625 0.16135315156250002 0.1289362421875 0.144104425 0.10305548281250002 0.1423040375 0.0999029796875 0.144032153125 0.100639965625 0.1594204390625 0.09178824218750001 0.1639504421875 0.09187254218749999 0.17854395625 0.11712103437500002 0.17732433593750002
7 0.16998960937500002 0.2000210875 0.16786196874999998 0.2241247640625 0.1724718609375 0.232430771875 0.2157339265625 0.2291735171875 0.21407907656249997 0.21223579843749998 0.20545030468749997 0.2073499125 0.2146700890625 0.1922036640625 0.21407907656249997 0.1767316984375 0.2037954703125 0.175265934375 0.20261344375 0.1586539328125 0.20852356093750002 0.155396678125 0.2087599734375 0.142616921875 0.18079640156250001 0.14130483124999998 0.17557989375 0.14369368124999998 0.1793275921875 0.161860215625 0.18216445312500001 0.171957703125 0.17034421875 0.1812918609375 0.16998960937500002 0.2000210875
7 0.25956399218750004 0.17345934375 0.2754706609375 0.17855109062500002 0.321423275 0.17678005937500002 0.32158393125 0.1610620140625 0.3077660140625 0.158184059375 0.3079266921875 0.145122590625 0.300144228125 0.14016750312499998 0.28796539375 0.1410280421875 0.2773479390625 0.1437530546875 0.2741851 0.145680953125 0.27273921875 0.163275821875 0.269847096875 0.15707715312499998 0.2630988046875 0.1608406265625 0.25956399218750004 0.17345934375
7 0.45135788593750004 0.1921711984375 0.45252913906250003 0.17672478125 0.4567122375 0.1709612109375 0.453365759375 0.1409905703125 0.4008951203125 0.1401937921875 0.3858482671875 0.1397833375 0.3822533140625 0.1698084828125 0.389113578125 0.186177078125 0.3941332734375 0.193093384375 0.45135788593750004 0.1921711984375
7 0.5110462046875 0.1760353328125 0.513620021875 0.1726756984375 0.51429734375 0.16110363125 0.5088787906250001 0.1562508265625 0.5093057515625 0.1437389359375 0.5090324515625 0.14072633437499998 0.48751100625 0.1410685859375 0.484120840625 0.1566656125 0.48090029687499997 0.16597393437500002 0.48219281406250003 0.17511716093750002 0.5110462046875 0.1760353328125
7 0.525372159375 0.22607868125000002 0.5942984 0.229414828125 0.5938141484374999 0.207618728125 0.5897786421875 0.181596865625 0.5873573375000001 0.17114364843750002 0.58396753125 0.170698825 0.5833218546875 0.141118421875 0.5534332328125 0.138561590625 0.548052421875 0.139772009375 0.53443566875 0.1432519765625 0.530743125 0.14385626406250002 0.5350573515625 0.170295296875 0.5277934625 0.1843070703125 0.5252107453125 0.2035947234375 0.525372159375 0.22607868125000002
7 0.651004753125 0.17396649687500002 0.6484790625 0.15081713125 0.6468318703125 0.1399233125 0.6396940515625 0.13841028125 0.6174021171875 0.1393181046875 0.601808746875 0.14173895 0.60191855625 0.1683682859375 0.6034559328125 0.1733612875 0.6155353078125 0.1756308359375 0.651004753125 0.17396649687500002
7 0.725649290625 0.1739227625 0.75295659375 0.1753387265625 0.806335615625 0.17377755 0.8625247312500001 0.1732571546875 0.90054548125 0.1729102265625 0.9029375375 0.159726959375 0.8971462765625 0.15226800468749999 0.8714633968750001 0.1536557140625 0.8694490437500001 0.13908472968750002 0.8076338578125 0.1373500859375 0.7936593328125 0.1373500859375 0.7535907765625 0.139479303125 0.7548306140625 0.157069559375 0.7364830812500001 0.15490271875 0.7204071453124999 0.160921721875 0.725649290625 0.1739227625
6 0.054383790625 0.3317907765625 0.0479331140625 0.33614995468750003 0.0468907234375 0.34890718125000003 0.053200679687499995 0.35053731875 0.05635565625 0.34157157968749996 0.054383790625 0.3317907765625
6 0.16085169531250001 0.3328017203125 0.103226790625 0.3299028296875 0.06434619999999999 0.3300387546875 0.0634854796875 0.3464909203125 0.07657672812500001 0.35164450468749997 0.16190368593749999 0.34826246875 0.16085169531250001 0.3328017203125
6 0.05693984375 0.4803845171875 0.052147506249999996 0.47635828125 0.0494495015625 0.47729034375 0.048056484375 0.4839276078125 0.050511096874999994 0.49069168124999996 0.0562385203125 0.4911748328125 0.05693984375 0.4803845171875
6 0.10287613749999999 0.5106618234375 0.1050969625 0.5045419359375 0.1031099015625 0.4884369921875 0.12905864843749998 0.4919800828125 0.135721159375 0.4882759421875 0.13537050625 0.46427957500000006 0.1335003171875 0.45461660937500004 0.09749936718749999 0.45123457343749995 0.06640762812499999 0.45203981875 0.06312298281249999 0.45338155156250004 0.0637192421875 0.4935905765625 0.0637192421875 0.5056692828125 0.0657063046875 0.511950209375 0.10287613749999999 0.5106618234375
6 0.0531994828125 0.6205543421875 0.05693984375 0.617494409375 0.0551865453125 0.6073482953125 0.0480032671875 0.6060717953125 0.045601878125 0.614273421875 0.0502773265625 0.6200712015625001 0.0531994828125 0.6205543421875
6 0.1461240453125 0.6171723124999999 0.14729291093750002 0.6046104484375 0.136890025 0.6012284171875 0.061615290625 0.600906309375 0.06259707812500001 0.6010002328125 0.0641867859375 0.6170112578125 0.071083075 0.6208764515625 0.137708221875 0.6236142874999999 0.1461240453125 0.6171723124999999
6 0.05355014375 0.7381251359375 0.056472299999999996 0.73329365 0.0584593625 0.7241138281249999 0.0480032671875 0.721630959375 0.0472382875 0.7215370359375 0.0477058390625 0.734582040625 0.05355014375 0.7381251359375
6 0.09656428125 0.7706878734375 0.098434453125 0.7502345953125 0.1497475015625 0.74910725 0.1562931375 0.7234435734375 0.15839710468749998 0.6910726375 0.15091636718749998 0.68720745 0.07622606562499999 0.6888179437499999 0.0639118359375 0.69065820625 0.063836125 0.7274958703125 0.06395301406250001 0.766500590625 0.07938199375 0.7706878734375 0.09656428125 0.7706878734375
6 0.0464200828125 0.8308682468749999 0.05062799531249999 0.8460068968750001 0.0562385203125 0.8439132515625 0.05693984375 0.8284525031250001 0.0464200828125 0.8308682468749999
6 0.153137225 0.8450405984374999 0.1552411609375 0.8302240515625 0.11737002187500001 0.8263588640625 0.08674582656249999 0.8287746078125 0.06336858125 0.8266809609375001 0.063602353125 0.8360218312500001 0.063836125 0.8448795499999999 0.0662907375 0.8455237453125 0.07833001875 0.8431080078125 0.153137225 0.8450405984374999
6 0.1945310296875 0.259880834375 0.1880808828125 0.25977678593750003 0.18763677031249998 0.272645303125 0.195177371875 0.2738327 0.19668549531249999 0.268489425 0.1945310296875 0.259880834375
6 0.2924765640625 0.2605889859375 0.2859698921875 0.2623449125 0.288608975 0.27370625937500004 0.2950053828125 0.27186164218750003 0.295749153125 0.263048475 0.2924765640625 0.2605889859375
6 0.1993567859375 0.33560337812499996 0.1858202046875 0.3331438859375 0.1846301796875 0.33375877656249997 0.1841839109375 0.34728593750000003 0.1937041484375 0.34810579218750004 0.1984642625 0.34339175625 0.1993567859375 0.33560337812499996
6 0.36105199374999997 0.3005556671875 0.3500442359375 0.29748131093749997 0.3558456203125 0.27903515 0.35063924687500003 0.2780103609375 0.2976829484375 0.27719054062500004 0.2784937234375 0.27903515 0.250676790625 0.2763707015625 0.2325288453125 0.27985497656249997 0.2178022328125 0.27985497656249997 0.2180997390625 0.325765421875 0.22077730468749998 0.33847278593749996 0.2496355140625 0.33724303125 0.3015505375 0.33662816875 0.301363409375 0.319741665625 0.3018480546875 0.3163373859375 0.3601594859375 0.3163373859375 0.36105199374999997 0.3005556671875
6 0.2822125671875 0.40091844062500004 0.283700096875 0.3875962140625 0.28265883125 0.38062766406250004 0.353019296875 0.38021775 0.3521267890625 0.3611567203125 0.353465571875 0.3437353484375 0.30794695625 0.343120471875 0.2985754765625 0.3410709 0.294112853125 0.3410709 0.2918815515625 0.34230063906249997 0.24219782968749998 0.34127585625 0.2178022328125 0.34458833125 0.2182484984375 0.37799637812500003 0.218546003125 0.3982540125 0.2265787 0.40153331718749996 0.2822125671875 0.40091844062500004
6 0.27105605 0.4442699078125 0.344540346875 0.44365503906250003 0.34230903437500004 0.423774175 0.3537630671875 0.423774175 0.3528705390625 0.40737758749999997 0.2985754765625 0.4051230640625 0.2436853703125 0.4057379265625 0.2182484984375 0.40846871093750003 0.2178022328125 0.4614863234375 0.22717372343750003 0.46558546874999995 0.27060978593749996 0.46599538125000006 0.27105605 0.4442699078125
6 0.33055750625 0.48748274062499997 0.3296649765625 0.47272581875 0.2661471734375 0.47026632656249995 0.22021280625 0.4737217125 0.2182484984375 0.480514196875 0.219438521875 0.4903521609375 0.23595018125 0.4926066765625 0.33055750625 0.48748274062499997
6 0.1980180078125 0.47580017343750003 0.18507543125 0.47326069375 0.18329139218749999 0.486867878125 0.18686148125 0.4915818859375 0.20024930468750002 0.49117197187499995 0.1980180078125 0.47580017343750003
6 0.25960200625 0.5554622578124999 0.2554369203125 0.533736778125 0.2993192265625 0.5349665171875 0.3301112515625 0.5333268796875 0.3281774359375 0.5159054875 0.32118604687499996 0.517955059375 0.3244586046875 0.49848411718749996 0.293815346875 0.4960246234375 0.2792374953125 0.49622958749999996 0.2288100015625 0.4972543765625 0.218539596875 0.49999974375 0.218546003125 0.5239319921875001 0.2178022328125 0.5527978296875 0.2304463015625 0.5550523453125 0.25960200625 0.5554622578124999
6 0.1865639703125 0.6088234765625 0.1887952765625 0.6170217671875 0.18998530625 0.61866141875 0.1966792203125 0.6162019328125 0.1972742375 0.6077986859375 0.18924153593749998 0.6051342359375 0.1865639703125 0.6088234765625
6 0.3414941734375 0.5770550890624999 0.34387422343749996 0.561683290625 0.322304940625 0.5596337140625 0.286901575 0.5598386640624999 0.25759711093750004 0.5594287515625 0.21892115781250002 0.5651675593750001 0.2183261453125 0.5897624375 0.2211524703125 0.5975508234375 0.2441244984375 0.5970440546875 0.25521705156249996 0.59898551875 0.29671932968750003 0.5973458593750001 0.2958268 0.5774649953125001 0.3414941734375 0.5770550890624999
6 0.3603082234375 0.6311638187499999 0.3601594859375 0.6239903109375 0.353614309375 0.623375440625 0.3537630671875 0.60533919375 0.31404583750000004 0.60164996875 0.30774621406249997 0.60350413125 0.2433056046875 0.60299391875 0.236842709375 0.60246979375 0.21928977500000002 0.6061590265625 0.21813318124999997 0.6111547046875 0.216909715625 0.6192762953125001 0.21795099218749997 0.649405021875 0.218992278125 0.6633421390625001 0.24725546562499998 0.663547075 0.26451088437500003 0.6637520375 0.27239482187499997 0.6617024578125 0.270743696875 0.6613560796875 0.295749153125 0.6608826328124999 0.2958979109375 0.64038690625 0.3585231859375 0.6399769921875 0.3603082234375 0.6311638187499999
6 0.19577473125 0.7261234890625 0.189959628125 0.7227337046875 0.1873113203125 0.7229874453125 0.1879466984375 0.735676540625 0.1929790046875 0.7370632734375 0.1977876609375 0.731362259375 0.19577473125 0.7261234890625
6 0.19443278749999998 0.8429466734375 0.1974521640625 0.8381701390625 0.19577473125 0.8313905546875 0.1878348734375 0.8270762734374999 0.1871639015625 0.8344721828124999 0.188841334375 0.8437170765625 0.19443278749999998 0.8429466734375
6 0.2928906875 0.8316987171875001 0.324202815625 0.83478034375 0.33874058749999997 0.8316987171875001 0.342430934375 0.8293874921875 0.341200825 0.8121303718749999 0.35305469375 0.8105895578125001 0.3531665265625 0.796105896875 0.3020606546875 0.794411003125 0.299465446875 0.7942302421874999 0.2335590609375 0.7946715953125 0.21913551562500003 0.7981955453125 0.21858784843749998 0.8170609750000001 0.2197061421875 0.8316987171875001 0.2631441578125 0.8323150406250001 0.2928906875 0.8316987171875001
6 0.2564013609375 0.874341696875 0.256643503125 0.8548796781249999 0.362391434375 0.852433021875 0.3624721515625 0.83964369375 0.34075983125 0.836418559375 0.33188118125 0.8369746171875001 0.2831577125 0.8370858328124999 0.22821145625 0.8377530984374999 0.219357915625 0.84052538125 0.218868903125 0.8579829812499999 0.2189496203125 0.8711165703124999 0.22338894062499998 0.8755650312500001 0.2564013609375 0.874341696875
6 0.27871942031249997 0.789298621875 0.2778162171875 0.7700575 0.32354077812500004 0.7718763125 0.326667225 0.7697703203125 0.33735320625 0.767664328125 0.3379784859375 0.7486933734375001 0.356389778125 0.7460731968750001 0.3565287359375 0.731793375 0.35187380625000003 0.7301660156249999 0.34464825 0.7308361046875 0.3256811375 0.7304531984375 0.2527292171875 0.7307403781249999 0.22893667187500003 0.7328463703125 0.21833486406249997 0.7346405296875 0.219247459375 0.7588208812499999 0.218691653125 0.7856277328125 0.2241803 0.791213159375 0.27871942031249997 0.789298621875
6 0.289046778125 0.72623698125 0.3616888 0.72436645 0.36186207656249997 0.7089894234375 0.337231534375 0.705219625 0.3320100078125 0.6902495703125 0.344078721875 0.6850264765625 0.3431503421875 0.6681284062499999 0.2860561296875 0.6681284062499999 0.2703847015625 0.6667426859375001 0.25800655 0.666316309375 0.2259267828125 0.667702028125 0.21823578906250002 0.67004668125 0.21861111718749998 0.7158207546875001 0.2184259953125 0.728702678125 0.247799290625 0.727002196875 0.289046778125 0.72623698125
6 0.74544948125 0.1953502234375 0.7138322953125 0.1976979375 0.7080578984375 0.199784790625 0.7100060046875 0.211248271875 0.7334273796875 0.21061036406250003 0.743650903125 0.21152336093750002 0.7459227953124999 0.20917564687499998 0.74544948125 0.1953502234375
6 0.7918339875 0.20969736718749998 0.7930645937499999 0.198089221875 0.7728068671874999 0.1949589359375 0.753495771875 0.1946980828125 0.7528331406250001 0.1956110796875 0.753495771875 0.19626322031250001 0.753306446875 0.2076105046875 0.760406125 0.2103495078125 0.7859649296875 0.20982779062499998 0.7918339875 0.20969736718749998
6 0.8234511796874999 0.201219509375 0.8227885359375 0.1944372234375 0.7973243953125 0.1953502234375 0.7987020375 0.195992628125 0.8023415046875 0.2095669359375 0.8218419109375 0.20969736718749998 0.8223152234375 0.21061036406250003 0.8234511796874999 0.201219509375
6 0.739675090625 0.250391071875 0.74052704375 0.2369569328125 0.7348473125 0.2352613640625 0.7119226046875 0.23779895624999997 0.713169665625 0.2502606484375 0.7211212828125 0.2507823515625 0.739675090625 0.250391071875
6 0.7839770140625 0.24126107187499998 0.7807585046875001 0.2360439328125 0.7604764953125 0.2370655125 0.760406125 0.2497389265625 0.7754574125 0.25065192812500003 0.782367759375 0.250130215625 0.7839770140625 0.24126107187499998
6 0.822693884375 0.2372177984375 0.819570025 0.23500049843749998 0.8041400765625 0.236565653125 0.79864966875 0.2368265 0.79893365 0.23708735781249998 0.7992176328125 0.2369569328125 0.8012055484375 0.24726078125 0.806317309375 0.25130407187500003 0.82401914375 0.2483042234375 0.822693884375 0.2372177984375
6 0.7251183328125 0.2566648859375 0.7226596671875 0.259840771875 0.7219977921875 0.2664839265625 0.7274233171875 0.269368421875 0.7323406171875 0.2668277109375 0.729113640625 0.25899386562500004 0.7251183328125 0.2566648859375
6 0.777672053125 0.257511784375 0.76998875625 0.2566648859375 0.7655550359375 0.257673446875 0.766915440625 0.2700035890625 0.7761354 0.269368421875 0.7793623765625 0.26471045625 0.777672053125 0.257511784375
6 0.8154738515625001 0.2541241734375 0.8065195859375001 0.2567209625 0.8065612328125 0.268944965625 0.8180861890625 0.269156690625 0.8187008499999999 0.2617462953125 0.8154738515625001 0.2541241734375
6 0.740469565625 0.2884633578125 0.72143111875 0.28744886875 0.7124904125 0.288608284375 0.7133419546875001 0.2918081453125 0.7152252140625001 0.31614438125 0.717118540625 0.3238255109375 0.72868886875 0.3252747734375 0.740469565625 0.3217965328125 0.740469565625 0.2884633578125
6 0.786435334375 0.2899126265625 0.7748649984375 0.286289453125 0.757299134375 0.287883646875 0.75816798125 0.2878666796875 0.76087541875 0.3216516109375 0.7719198203125 0.32440522656250004 0.7865405078125 0.32078205312499997 0.786435334375 0.2899126265625
6 0.8271418687500001 0.3117965828125 0.8269314781249999 0.28976769999999996 0.8142041171875001 0.2864343796875 0.79937305625 0.287303946875 0.79926788125 0.2983183921875 0.7984263921875 0.3078835578125 0.7989523171874999 0.308028478125 0.7997938078125 0.3180284375 0.8035804453125 0.32368058906249997 0.8234603890625 0.3241153625 0.8271418687500001 0.3117965828125
6 0.740469565625 0.386798340625 0.7414162281250001 0.3657839515625 0.7414162281250001 0.3547695171875 0.7303718265625 0.3514361875 0.7120256 0.35306454375 0.7153304015625 0.38158098281249997 0.716697803125 0.3876679078125 0.72921479375 0.388392534375 0.740469565625 0.386798340625
6 0.7860145953125001 0.3543347234375 0.76918501875 0.3511463359375 0.7584561671875 0.35346516562499997 0.760139125 0.38853746562499997 0.77591685 0.388392534375 0.7858042203125 0.3862186359375 0.7860145953125001 0.3543347234375
6 0.827878140625 0.38085634687500003 0.8292455562500001 0.35491443437500003 0.81693891875 0.351726040625 0.8125211671875 0.350276771875 0.7973745546875 0.351001409375 0.797479728125 0.364334678125 0.8017923078125 0.386798340625 0.8212514984375 0.3873780546875 0.827878140625 0.38085634687500003
6 0.7229037078125 0.44165527656250003 0.7315288578125 0.440350925 0.7342636671875 0.436148046875 0.734158478125 0.43237995468749996 0.7308977515625 0.42658288125 0.7224372140625 0.426412140625 0.7205896359375 0.4281770765625 0.7189066859375 0.4357132734375 0.7229037078125 0.44165527656250003
6 0.7754961125000001 0.42455390312499997 0.764662071875 0.42788723281249996 0.7662398421875001 0.4406407875 0.779598315625 0.440350925 0.7787568406250001 0.426727803125 0.7754961125000001 0.42455390312499997
6 0.8178855828125 0.4255683921875 0.8113641421875 0.4264379609375 0.8065583265624999 0.42836807656250003 0.8046322968749999 0.436292978125 0.81294191875 0.44093065 0.8221981609375 0.4367277625 0.8178855828125 0.4255683921875
6 0.7191170625 0.4704253703125 0.7208000125 0.486802096875 0.7356310671874999 0.4841934140625 0.7345792171875 0.4724543375 0.7191170625 0.4704253703125
6 0.7785464640625 0.47187463281250003 0.7642019859375 0.4715616609375 0.7661346671875 0.486802096875 0.7758116625 0.48607747031250004 0.779703503125 0.48042531874999994 0.7785464640625 0.47187463281250003
6 0.820199646875 0.4817296609375 0.8180959578125 0.4717297125 0.8069132671875 0.4715616609375 0.8061049 0.479265909375 0.8090500640625 0.48332385625 0.81473004375 0.4863673234375 0.820199646875 0.4817296609375
6 0.7221674140625 0.5174562468749999 0.723324453125 0.5176011828125 0.7235348140625 0.5303547328125 0.7319495953125 0.52991996875 0.7316340453125 0.518180878125 0.7221674140625 0.5174562468749999
6 0.7767583250000001 0.522818534375 0.7753909250000001 0.5196301453125 0.772025009375 0.5155721953125 0.7671865046875 0.5194852187500001 0.7707627953125 0.5310793687500001 0.7754961125000001 0.5293402421875 0.7762323999999999 0.52571708125 0.7767583250000001 0.522818534375
6 0.8107330140625001 0.5189055140625001 0.8066308265625001 0.5206446359375 0.8137833796875 0.5312243 0.8188322453125 0.5264417078125 0.8170441078125 0.51847073125 0.8107330140625001 0.5189055140625001
6 0.7318444140625 0.57173346875 0.725007403125 0.5686899999999999 0.7232192578125 0.5772406875 0.725533328125 0.5823131234375001 0.7310029328125001 0.585356590625 0.7318444140625 0.57173346875
6 0.7671865046875 0.57767548125 0.771288721875 0.5837623953125 0.7766531375 0.5811537125 0.7753909250000001 0.57100883125 0.7694653671875 0.5697331421875 0.7671865046875 0.57767548125
6 0.8545534453125001 0.426424834375 0.8468201125 0.42759025 0.8452492890625001 0.436081125 0.8474481875000001 0.43723455468749994 0.852378446875 0.44007683281250004 0.8593867749999999 0.43924439218750005 0.8604742734374999 0.42825620156250005 0.8545534453125001 0.426424834375
6 0.9054242578125 0.425092934375 0.8931157921875 0.426748915625 0.8904409296875 0.43541518124999995 0.9024034234375 0.442574153125 0.9068742500000001 0.43474922187500004 0.9054242578125 0.425092934375
6 0.9347059328125 0.4252509671875 0.9367200859375 0.44057629531250003 0.9512200906249999 0.43674707812499997 0.9480784124999999 0.425092934375 0.9347059328125 0.4252509671875
6 0.93348269375 0.47037666875 0.9376867484375 0.484695571875 0.9507367421874999 0.48353015624999995 0.9484409062499999 0.47021112656249997 0.93348269375 0.47037666875
6 0.9057867515625 0.48669341875 0.90735758125 0.47254195781249997 0.9085659187499999 0.47087707968750003 0.8961059328125 0.47000218125000004 0.8877825984375001 0.47370736718749995 0.8914075921875 0.48353015624999995 0.9057867515625 0.48669341875
6 0.8605951109375001 0.48053338125 0.8595076125000001 0.47104356718749996 0.8477867828125 0.47004463750000003 0.84633678125 0.47753659062500003 0.8495992796875 0.485195028125 0.853345109375 0.484695571875 0.8605951109375001 0.48053338125
6 0.8537076203125 0.5149424671875 0.8487534453125001 0.5161078828125001 0.8500826187499999 0.529260415625 0.856486778125 0.5307588046875 0.85793678125 0.5249317375 0.8537076203125 0.5149424671875
6 0.8959992640625 0.5149424671875 0.8940659296875 0.5157749093749999 0.8949117640625 0.5307588046875 0.9010742593750001 0.5285944671875 0.9026450890625 0.5214354953125 0.8959992640625 0.5149424671875
6 0.943003409375 0.5162743812499999 0.9378319890625001 0.5155023703125 0.939378415625 0.5284279859375001 0.9462659078125 0.5285944671875 0.9472325703125 0.5174397859375001 0.943003409375 0.5162743812499999
6 0.9433659203125 0.5683042359375 0.938774246875 0.5706350687499999 0.9379679046874999 0.5703647375 0.9390159046875001 0.5831216515625 0.9486825640625 0.58395409375 0.9460242328125 0.5706350687499999 0.9433659203125 0.5683042359375
6 0.9478367375 0.6225253875 0.93579325625 0.621856721875 0.9357534062499999 0.6363438734375 0.9490450750000001 0.6378422640625 0.9502534109375 0.62801948125 0.9478367375 0.6225253875
6 0.8892325937500001 0.63551143125 0.8895950953125 0.63551143125 0.8895819890625001 0.635525503125 0.9068742500000001 0.63584440625 0.9043367578125 0.6203610421875 0.8918909312500001 0.6240237765625001 0.8892325937500001 0.63551143125
6 0.8474242796875 0.6230248484375001 0.845128453125 0.634678990625 0.8454094546875 0.634776528125 0.8607159390625 0.6390076796875 0.8622867781249999 0.627853 0.8563659421875001 0.6226918859375 0.8474242796875 0.6230248484375001
6 0.9409492625 0.6866819234375 0.9383756515625 0.6868302421875 0.939378415625 0.7001674359375001 0.9484409062499999 0.700666896875 0.9466284015624999 0.687347878125 0.9409492625 0.6866819234375
6 0.9564158968750001 0.776031996875 0.9602825812500001 0.746896628125 0.9550867406249999 0.738905221875 0.9268117531250001 0.74073658125 0.9259659109375 0.7400706312499999 0.9259659109375 0.75921673125 0.9336992609375001 0.77519955625 0.9433659203125 0.77736390625 0.9564158968750001 0.776031996875
6 0.9106200812499999 0.7788622859375 0.913036753125 0.747063121875 0.90904925 0.7380727796875 0.8836742671875 0.7400706312499999 0.88403676875 0.7647108234375 0.8874200968749999 0.7765314765625 0.9106200812499999 0.7788622859375
6 0.8950325937500001 0.793459340625 0.891892553125 0.7980529265625 0.89285759375 0.8051134828125001 0.9053034203125 0.806778365625 0.90639091875 0.7929598734375001 0.8950325937500001 0.793459340625
6 0.9446950765625 0.793126371875 0.9386534109375001 0.793126371875 0.9344341015625 0.795993246875 0.9358742437500001 0.8076108078124999 0.9489242375 0.806778365625 0.950615921875 0.7954571921875 0.9446950765625 0.793126371875
6 0.8469409484374999 0.79540331875 0.8454909468749999 0.801396875 0.8473034515625001 0.8068909734374999 0.8613201078125 0.8078899093749999 0.8608367765624999 0.7955698015625 0.85576178125 0.793238975 0.8469409484374999 0.79540331875
6 0.85890344375 0.8606665359375001 0.8616826109375 0.8470145312499999 0.8454909468749999 0.8466815562500001 0.8475451171874999 0.8571702999999999 0.8518951234375001 0.8600005875000001 0.85890344375 0.8606665359375001
6 0.9051825828125001 0.8455161515625 0.8909242609374999 0.8460156078125 0.8906693140625 0.8482342046875001 0.8926159281249999 0.8596676234375 0.9027659265624999 0.8600005875000001 0.9061492624999999 0.8540070265624999 0.9051825828125001 0.8455161515625
6 0.93442425 0.860833028125 0.9529117406250001 0.8576697546875 0.9515825671875 0.8436847765625 0.934182575 0.844683721875 0.93442425 0.860833028125
6 0.7220496468750001 0.8468899140625 0.71980868125 0.848314990625 0.71946390625 0.8611407312500001 0.7306687578125 0.8623283031250001 0.7351506875 0.8587655906249999 0.7346335374999999 0.8468899140625 0.7220496468750001 0.8468899140625
6 0.6656806765625001 0.8454648234375 0.6593025359375 0.8473649406250001 0.6591301546875 0.8544903328125001 0.663348721875 0.8612370140625 0.6846427125 0.863040815625 0.6999847421875 0.863040815625 0.7005018703125 0.8457023609375 0.6656806765625001 0.8454648234375
6 0.6801607921875 0.7934493828125 0.6579234781250001 0.7948744671875 0.6565444203124999 0.7962995421875 0.6570615703125 0.806037596875 0.65947075 0.80754511875 0.6782645796875 0.8103128375 0.6967094656249999 0.8088877796875 0.6975713781249999 0.793924409375 0.6801607921875 0.7934493828125
6 0.69946758125 0.74958628125 0.6618882703125 0.74958628125 0.6586130109375 0.7557616078125 0.6589577734375001 0.7645496125 0.6811950703125 0.7683498281250001 0.6961923140625 0.7678747875 0.6999847421875 0.762411990625 0.69946758125 0.74958628125
6 0.71946390625 0.7982380984375 0.7184296171875 0.805524140625 0.732392571875 0.80956186875 0.7363573640625 0.7995863015625 0.727565878125 0.793173446875 0.71946390625 0.7982380984375
6 0.73894309375 0.7756743187499999 0.7441145625 0.7597609046875 0.7463555265624999 0.7462226421875 0.7385983296874999 0.7393347546875 0.70963813125 0.7395722671875 0.7091087968750001 0.7461066296875 0.7115343328125 0.76522371875 0.7156715015625 0.7768618890625001 0.7241182359375 0.77899949375 0.73894309375 0.7756743187499999
6 0.7211877328125 0.70252016875 0.73101353125 0.702995203125 0.7304963703125 0.6851816859375 0.7234286984375 0.68731930625 0.7211877328125 0.70252016875
6 0.7861758140624999 0.767361346875 0.7858310390625001 0.7440850218749999 0.7741090500000001 0.7390972328125 0.7610080078125 0.7419474 0.7589394296875 0.7445600546875 0.7585946671875 0.76688630625 0.76014610625 0.77757441875 0.7839348484374999 0.7787619890624999 0.7861758140624999 0.767361346875
6 0.8256513265625 0.7766243687500001 0.826513240625 0.7412348546875 0.8066892781250001 0.7393347546875 0.79927685625 0.7390972328125 0.79893208125 0.7402848046875 0.7983021625 0.7410312765625 0.7963463640625 0.7737742015625 0.7966911156250001 0.7737742015625 0.8096197937499999 0.7787619890624999 0.8256513265625 0.7766243687500001
6 0.821514146875 0.7942003609375 0.8077235796875 0.7942003609375 0.8052825125 0.7947231718750001 0.805827365625 0.8048884656249999 0.8163426906250001 0.807263590625 0.8204798703125 0.8070260859375 0.821514146875 0.7942003609375
6 0.767386153125 0.793962840625 0.7632065109374999 0.7987300312500001 0.7663518640625 0.8098762374999999 0.77979766875 0.8077386328125 0.77997005625 0.793962840625 0.767386153125 0.793962840625
6 0.7775567031249999 0.847839965625 0.7687652046875 0.8471274187500001 0.7654899515625 0.8476024437499999 0.7649728 0.849740065625 0.7663518640625 0.8625657906249999 0.7782462296875 0.859715640625 0.7813491078125 0.8530652578125 0.7775567031249999 0.847839965625
6 0.8050886125 0.846278078125 0.8051378390625 0.8613782203125 0.8211693953125 0.8611407312500001 0.8203074828125001 0.8468899140625 0.8050886125 0.846278078125
6 0.8653301390625 0.7409553765625 0.8509516296875 0.7389742609375001 0.8396085859375001 0.7398547609375 0.8399281078125 0.7550433078125 0.8399281078125 0.7735337296875 0.8401285093749999 0.7739201671875 0.8543066296875 0.7792569453125 0.86548990625 0.7739739671875 0.8680460968749999 0.7502005828125 0.8653301390625 0.7409553765625
6 0.8223543734375 0.6267046406250001 0.8119698953125001 0.621861909375 0.8077820843750001 0.620676546875 0.805259928125 0.6304467484375 0.8076563421875 0.638591346875 0.8196384374999999 0.6377108406249999 0.8223543734375 0.6267046406250001
6 0.7705917359375001 0.6225222859375 0.7653196203125 0.6225222859375 0.765159853125 0.63528949375 0.7713905453125001 0.63793095625 0.7784200343750001 0.636830346875 0.7796981296875 0.62626439375 0.7705917359375001 0.6225222859375
6 0.7213584078124999 0.6220820406249999 0.7203998328125001 0.6372705937500001 0.7321273890625 0.6397391625 0.7347783437500001 0.6308870093750001 0.7307843109375 0.6220820406249999 0.7213584078124999 0.6220820406249999
6 0.8670848109374999 0.36287955312500003 0.8683036453125 0.3586048484375 0.864979546875 0.3515821171875 0.8378327593750001 0.35142945000000003 0.8363923203124999 0.3575361703125 0.839938025 0.3743296671875 0.841156859375 0.38501642812500003 0.843151315625 0.3871537734375 0.8439072062499999 0.3870330421875 0.85810975 0.38730645625000004 0.8648687468749999 0.38547442656249997 0.864979546875 0.3683756046875 0.8670848109374999 0.36287955312500003
6 0.8900210765625 0.3870011109375 0.9044254921875 0.3879171171875 0.9127357281249999 0.38425309687500003 0.9149518000000001 0.3547881453125 0.9034282640625 0.349750103125 0.8802703921875 0.3488340921875 0.8804919984374999 0.3492920953125 0.8819324375 0.3659329140625 0.8871401890625 0.36745959375 0.8837052906249999 0.3811997359375 0.8900210765625 0.3870011109375
6 0.9299102328125001 0.3831844078125 0.9354503953125001 0.38730645625000004 0.9528465140625 0.3885277859375 0.9559489921875001 0.3811997359375 0.956503009375 0.368070275 0.9599379078125001 0.35921551875 0.9578326578125 0.3499027640625 0.9268077546875 0.348681425 0.9280348109375 0.349945634375 0.9249240890625 0.355398815625 0.92780496875 0.3668489234375 0.9302426374999999 0.37280298749999996 0.9299102328125001 0.3831844078125
6 0.9618215593749999 0.2852209109375 0.927915790625 0.2843049015625 0.9253672999999999 0.2914803015625 0.92780496875 0.308579128125 0.9347855718750001 0.3252199421875 0.9552841671875001 0.325525278125 0.9578326578125 0.30415175 0.9618215593749999 0.2852209109375
6 0.9114060953124999 0.308731790625 0.9101872671875 0.2902589625 0.8993285406249999 0.28567891875 0.8872796609375 0.28830499062500003 0.8842593078125001 0.314380509375 0.8924587453124999 0.3249146078125 0.9109628843750001 0.3235405953125 0.9114060953124999 0.308731790625
6 0.8563368984374999 0.2862895859375 0.8396056203125 0.2873582609375 0.8390516015625 0.29697635 0.840602840625 0.3172812015625 0.8417884375 0.32024136875 0.8548964578125 0.32567795 0.8685252515625 0.3215559125 0.867528021875 0.29132763437500003 0.8563368984374999 0.2862895859375
6 0.856890915625 0.2539980625 0.846898409375 0.2572271171875 0.8459213984374999 0.2697228765625 0.85799894375 0.27063888125 0.859771796875 0.2651428359375 0.856890915625 0.2539980625
6 0.9026526484374999 0.25430339687500003 0.8916418328125 0.2563686125 0.8909074984375 0.2683488578125 0.903095859375 0.27002821093749996 0.9057551265624999 0.262089475 0.9026526484374999 0.25430339687500003
6 0.9357827999999999 0.2553720734375 0.9348963781249999 0.25598275 0.937555659375 0.2689595375 0.9485251781249999 0.2675855203125 0.9484143875 0.25598275 0.9357827999999999 0.2553720734375
6 0.9034282640625 0.235525225 0.88802661875 0.23644123281249999 0.8837052906249999 0.2445326453125 0.8835406562499999 0.24589485312499998 0.8936775796875001 0.24972335625 0.9097440421874999 0.2491126859375 0.9084144078125 0.23689924218749997 0.9034282640625 0.235525225
7 0.9581650484375 0.1869476234375 0.959494696875 0.16694810468750002 0.9317939000000001 0.16664276875 0.9273617734374999 0.169848803125 0.9291565125 0.19163734999999998 0.9296886203125 0.22061315625 0.94509028125 0.2239718625 0.9570570125 0.21984981874999998 0.9581650484375 0.1869476234375
7 0.9099656546875 0.22862600624999999 0.912846534375 0.197023715625 0.9098548484375 0.1777875375 0.9047578968750001 0.1756501828125 0.891572315625 0.1764135265625 0.8870293890625 0.1777875375 0.886807784375 0.1776348703125 0.886253765625 0.20251976562500001 0.888691434375 0.22786266406250003 0.8972232765625 0.2303053640625 0.9099656546875 0.22862600624999999
7 0.8630958953125001 0.2197712609375 0.86575516875 0.18954298281249998 0.860769025 0.1851156046875 0.8478050484375 0.1846576015625 0.8414145359375 0.1892335359375 0.841156859375 0.206031134375 0.8465862140624999 0.210153171875 0.8499103140625 0.220534603125 0.8630958953125001 0.2197712609375
6 0.8634118187500001 0.2388167265625 0.8607396984375001 0.235890221875 0.842141425 0.23628904843749998 0.84278850625 0.2464634046875 0.8486808828125 0.2504283578125 0.8625211125 0.2492011046875 0.8634118187500001 0.2388167265625
6 0.4233080078125 0.259496659375 0.41757103281249996 0.2586996359375 0.41653730937500005 0.2697905953125 0.421556975 0.2733291390625 0.423891690625 0.26512615624999997 0.4233080078125 0.259496659375
6 0.3893377703125 0.31342932968750004 0.45599415781249997 0.3150377578125 0.4594962390625 0.310051628125 0.45856235156249997 0.297988421875 0.42319126875 0.2946107265625 0.4226076015625 0.2786872921875 0.39587499843749996 0.276757178125 0.3679750375 0.27723970468750003 0.3684419796875 0.2798131953125 0.36820850781250003 0.33482141875 0.385018525 0.3380382734375 0.391439021875 0.3325696171875 0.3893377703125 0.31342932968750004
6 0.3699595484375 0.39126784375 0.40498042187500005 0.389016053125 0.4047469578125 0.3726100765625 0.4502741 0.36858900625 0.45097450625 0.35427400468750003 0.3687248078125 0.35186045 0.367624825 0.3562041171875 0.3680917765625 0.382743171875 0.3699595484375 0.39126784375
6 0.40591430781250004 0.44637845625 0.4463050421875 0.444770034375 0.446888725 0.42772069999999995 0.4163038453125 0.42434300937499997 0.4075486171875 0.4265947984375 0.3684419796875 0.4290074375 0.368792190625 0.43753210937500003 0.36972607812499997 0.44380498125 0.40591430781250004 0.44637845625
6 0.3878201921875 0.488602040625 0.46509958906250004 0.488602040625 0.4661502140625 0.47412618125000006 0.4472389453125 0.470748490625 0.4251758125 0.4699442734375 0.42003939062500006 0.47090932656250006 0.3697752640625 0.47378353124999995 0.3668076703125 0.48120326406249997 0.370776703125 0.489888778125 0.3878201921875 0.488602040625
6 0.371126915625 0.543049653125 0.4006611859375 0.5424062953125001 0.4054473640625 0.5398327984375 0.405797584375 0.5240702078125 0.43661594375 0.52165756875 0.44105191250000003 0.5120850734375 0.43638246406250003 0.5033995640625 0.3692500359375 0.5052592234375 0.36867545156250003 0.515384696875 0.36820850781250003 0.5345249859375001 0.371126915625 0.543049653125
6 0.3705432328125 0.5972276421875 0.44105191250000003 0.5967451109375 0.442569496875 0.5822692625 0.4297285046875 0.5787307234375 0.4284443984375 0.5595904359375 0.413268690625 0.55878621875 0.409766609375 0.5594295921875 0.4079856171875 0.5609748171875 0.3698428171875 0.5620030781249999 0.367858296875 0.5657024703125 0.36774157343749997 0.5890246765625 0.3705432328125 0.5972276421875
6 0.3696093453125 0.6507102125 0.39529131562500003 0.6511927328125 0.401595071875 0.6503885281249999 0.40054444531250005 0.629961503125 0.43544857812500004 0.62980064375 0.44128539218749996 0.624653678125 0.4409352046875 0.6132338421875 0.4252925203125 0.6088910921874999 0.419339 0.6125904734375001 0.36964395625 0.613434303125 0.3679750375 0.6172549125 0.3685587203125 0.64057711875 0.3696093453125 0.6507102125
6 0.36867545156250003 0.7122088921875 0.3937737453125 0.7154257453125 0.4038130640625 0.7138173125 0.404513478125 0.6951595515625 0.43439795156249994 0.6930685984375 0.44105191250000003 0.6802011765625 0.4252925203125 0.674089153125 0.40871598281250004 0.67714516875 0.368792190625 0.676984321875 0.36832525625 0.678110221875 0.3680917765625 0.6932294453125001 0.36867545156250003 0.7122088921875
6 0.4040465359375 0.779389125 0.43276365937500005 0.7790674296875 0.43883393593750003 0.775046359375 0.4397678390625 0.7589620781249999 0.457161521875 0.758801240625 0.45891255624999994 0.7411085328125 0.425642740625 0.7393392640625 0.40147833125 0.7390175796875 0.3684419796875 0.740304321875 0.367624825 0.7639482125 0.3699595484375 0.7779415296875001 0.4040465359375 0.779389125
6 0.38245033125 0.8119360953125 0.4081323 0.8146704234375 0.4459548390625 0.8098451359375 0.44700546562500004 0.79472591875 0.41922224375 0.7937608609375 0.41560342187500005 0.7931174921874999 0.4078988359375 0.7931174921874999 0.40759169687499996 0.7950526640625 0.3768469890625 0.7956909765625 0.368792190625 0.798586146875 0.369259134375 0.8101668265624999 0.38245033125 0.8119360953125
6 0.37602983437500004 0.8648533687500001 0.3973925671875 0.8635666203125 0.43194649687500003 0.8635666203125 0.46696736093749996 0.8635666203125 0.466383678125 0.8478040328124999 0.4515581734375 0.8465172859375001 0.4251758125 0.8442654953125001 0.419339 0.8474823499999999 0.370169184375 0.8473312546875 0.36867545156250003 0.85761544375 0.3694926140625 0.8630840984375 0.37602983437500004 0.8648533687500001
6 0.49560173125 0.8653138578125 0.5019730296875 0.8629503828124999 0.5050361546875 0.8484319890625001 0.49388637968750004 0.8467438093749999 0.49082325625 0.8514707125 0.4921710375 0.8626127468749999 0.49560173125 0.8653138578125
6 0.5629904578125 0.8475879046875001 0.5558365656250001 0.84738855625 0.5542911734375 0.8582234671875 0.5593146984375 0.8632880187499999 0.5636030843750001 0.85788583125 0.5629904578125 0.8475879046875001
6 0.6329522015625 0.8487696250000001 0.61964644375 0.84738855625 0.6172690000000001 0.8597428359375 0.6293989703125 0.8607557437500001 0.6344224953125 0.8568729234375001 0.6329522015625 0.8487696250000001
6 0.633564828125 0.7952541125 0.6213123296874999 0.7966046625 0.6189843515625 0.7974487515625001 0.618371725 0.8053832265624999 0.6281737171875 0.810110153125 0.6331972421875001 0.8057208687499999 0.633564828125 0.7952541125
6 0.563848125 0.7954229296875 0.556112203125 0.7955554140625 0.5545362296875 0.8045391359374999 0.5568642078125 0.8097725125 0.5637255953125 0.807577871875 0.563848125 0.7954229296875
6 0.477608721875 0.8092123703125 0.49585088906249997 0.8109853484375 0.50107375 0.8081694374999999 0.5018306875 0.79481993125 0.47595096875 0.7946871062499999 0.47465666874999995 0.7956542796875 0.4749594453125 0.8033719625 0.477608721875 0.8092123703125
6 0.512049328125 0.7553603765625 0.5106111484375 0.7507714859375 0.4948668734375 0.7488942187500001 0.48389129375 0.7526487609375 0.48335828750000004 0.752695471875 0.48351282500000003 0.7597406875 0.49002247812500005 0.7666240296875 0.5100812921875 0.76578968125 0.512049328125 0.7553603765625
6 0.5106111484375 0.694937928125 0.5110653078125 0.6880545859375 0.49024956093750005 0.6875331234375001 0.48479961875 0.6886803453125 0.484875309375 0.699109646875 0.4924446765625 0.7029684921875 0.5094000484375 0.70213414375 0.5106111484375 0.694937928125
6 0.56215851875 0.6911833796875 0.5604932703125 0.6883674671875 0.5557245609375 0.6892018125 0.5544377703125 0.699735403125 0.5588280015625 0.7026556109375 0.562082821875 0.6998397 0.56215851875 0.6911833796875
6 0.5607203375 0.7521809625 0.555119003125 0.7533281859375001 0.555119003125 0.7538496484375 0.5562544109374999 0.765321884375 0.5614772765625 0.765321884375 0.56238560625 0.7553097531249999 0.5607203375 0.7521809625
6 0.48691904375000006 0.6252502734375 0.48404268124999994 0.6336980046875 0.4889627671875 0.639955590625 0.4922932890625 0.639642709375 0.5093243578125 0.6383911906249999 0.5101569875 0.6249373984375 0.4970619890625 0.6243116359374999 0.48691904375000006 0.6252502734375
6 0.56238560625 0.634532353125 0.5625369874999999 0.6279618921875 0.5581467578125 0.6244159359375 0.5539836046875 0.6298391671875 0.5564814890625 0.6366182125 0.5612501984375 0.6385997828125001 0.56238560625 0.634532353125
6 0.5629911421875 0.5734503906249999 0.5573141234375 0.5728246343750001 0.554536659375 0.5752280375 0.555119003125 0.5829410546875 0.5604932703125 0.5841925765625 0.5629154578125 0.5809594875 0.5629911421875 0.5734503906249999
6 0.5047070515625001 0.5708430671875 0.485329475 0.5716774124999999 0.4836642109375 0.5741804421875 0.48699473437499996 0.5851312109375 0.488551925 0.5849635281250001 0.5097785171875 0.5856526734374999 0.5109896171874999 0.57730923125 0.5113680859375 0.5715731171875 0.5047070515625001 0.5708430671875
6 0.50765909375 0.517546290625 0.48426976875000005 0.518484928125 0.48502670156249994 0.5301657546875 0.4982730875 0.5325644890625 0.5100812921875 0.53152155625 0.511292390625 0.5183806359375 0.50765909375 0.517546290625
6 0.5622342140625001 0.5293314 0.5620071375 0.518484928125 0.559474871875 0.5178707499999999 0.555346090625 0.5185892203125 0.55451345625 0.5289142296875 0.55844953125 0.5321473125 0.5622342140625001 0.5293314
6 0.5548195859375 0.47426214062499994 0.5554217875 0.486500721875 0.561325884375 0.48597925625 0.5618557453124999 0.4792002109375 0.5617800484375 0.47408985000000003 0.55701135 0.47325550937500005 0.5548195859375 0.47426214062499994
6 0.49933279375 0.473359803125 0.49153634999999996 0.473359803125 0.4911061734375 0.48104009843749995 0.49388285156249995 0.48764794531250005 0.5028903953125 0.48764794531250005 0.5022848484375 0.4758628359375 0.49933279375 0.473359803125
6 0.5106111484375 0.4276426640625 0.48881138437500005 0.427538371875 0.4839669890625 0.4284770125 0.48495100625000004 0.43963636250000004 0.4969862921875 0.443495203125 0.51000560625 0.4413050515625 0.511292390625 0.431501509375 0.5106111484375 0.4276426640625
6 0.561174503125 0.427538371875 0.554589153125 0.42878989062499995 0.554362075 0.4284770125 0.55419609375 0.42872649999999995 0.554589153125 0.43963636250000004 0.5609474140625 0.44047070625 0.562764075 0.43390024687500006 0.561174503125 0.427538371875
6 0.5122007156249999 0.3621604796875 0.49683490625 0.36090897499999997 0.48442115 0.3643506359375 0.482755890625 0.36737513125 0.4863134921875 0.3764486296875 0.500770975 0.37811731875 0.5106111484375 0.37749155624999997 0.5122764109375 0.36768802031250003 0.5122007156249999 0.3621604796875
6 0.5623099 0.370503925 0.5615529718750001 0.36455922812499997 0.5570057671875001 0.364448803125 0.554967621875 0.3727983703125 0.5561030296875 0.376761503125 0.56109880625 0.3770743921875 0.5623099 0.370503925
6 0.5624612921875001 0.3042073140625 0.5615529718750001 0.300452765625 0.5583738359375 0.30024418124999996 0.5567503421875 0.3013440578125 0.5550433171875 0.306501759375 0.5569356546875001 0.3126550484375 0.5620071375 0.3127593421875 0.5624612921875001 0.3042073140625
6 0.505539675 0.297323971875 0.497440453125 0.2959681640625 0.48548086250000005 0.299201246875 0.4817718703125 0.301287109375 0.48638918281250004 0.312237875 0.4895683234375 0.3126550484375 0.50432858125 0.31401085625 0.5114437765625001 0.3131765125 0.5119736328125 0.2982626140625 0.505539675 0.297323971875
6 0.49978696562499997 0.270796759375 0.5009223671874999 0.2669379140625 0.500468203125 0.2598459875 0.49607796718749997 0.258594471875 0.4935043875 0.263183365625 0.4943370171875 0.270796759375 0.49978696562499997 0.270796759375
6 0.555194709375 0.25807300624999996 0.5538555265625 0.2581794734375 0.553907909375 0.2685023078125 0.5625369874999999 0.27037958125 0.5630668390625 0.26161896875 0.555194709375 0.25807300624999996
6 0.622272121875 0.2567096796875 0.622272121875 0.26359729062500004 0.6243549859375 0.2672324171875 0.6271321390625 0.270293578125 0.6300481546875 0.268954325 0.6296315875 0.2574749703125 0.622272121875 0.2567096796875
6 0.6775374890625 0.2574749703125 0.674066053125 0.258240259375 0.6754546359375 0.2710588640625 0.6825363671875 0.268571675 0.6830918140625 0.2609187734375 0.6775374890625 0.2574749703125
6 0.6615688578125 0.311619221875 0.6882295546874999 0.3129584875 0.6990604453125 0.3129584875 0.6990604453125 0.2959307828125 0.6926729859375 0.2974613625 0.671288890625 0.2966960765625 0.6600414140625 0.29860929999999997 0.6600414140625 0.30683615937500003 0.6615688578125 0.311619221875
6 0.6975330015625001 0.3787114859375 0.7001713031250001 0.37239785625 0.698505015625 0.361875115625 0.69669986875 0.36264040937500003 0.6605968625 0.361875115625 0.658375128125 0.37239785625 0.6630963015625 0.37890280781249996 0.6975330015625001 0.3787114859375
6 0.6157458109375 0.3272767109375 0.6378241859375 0.32459819375 0.641712196875 0.30106553125 0.643100778125 0.29532585624999996 0.63893504375 0.2897775078125 0.6156069484375 0.2878642828125 0.6083863453125 0.28996883906250004 0.608664059375 0.30163949687499997 0.6146349437499999 0.30374404843749997 0.61241321875 0.31885851718749997 0.6157458109375 0.3272767109375
6 0.638379615625 0.3860127015625 0.639768196875 0.378168490625 0.6421287734375001 0.36248003125 0.641017915625 0.3565490390625 0.627548725 0.352722590625 0.61241321875 0.35253126875 0.60741435 0.3555924296875 0.6082201390625 0.35678292031250003 0.6113023609375 0.3795077359375 0.6146349437499999 0.38716063125 0.6214389703125 0.38869121875 0.638379615625 0.3860127015625
6 0.63254759375 0.427023196875 0.6197781796874999 0.42757526874999996 0.6172732437499999 0.43678063749999996 0.623105265625 0.44252031562500005 0.6333807375 0.43926783281250004 0.63254759375 0.427023196875
6 0.7003101640625 0.4254926171875 0.6790649328125 0.42357939375000003 0.660458 0.4266405546875 0.6597637093750001 0.42587526093749994 0.658513990625 0.43888519062500003 0.684202671875 0.44252031562500005 0.6983661546875 0.44041577031249995 0.7003101640625 0.4254926171875
6 0.6329641609375 0.4834633140625 0.6332418843750001 0.476384390625 0.6279652828125 0.47217529999999996 0.617967525 0.4731319015625 0.6183841015625 0.486333159375 0.62379955625 0.485950515625 0.6329641609375 0.4834633140625
6 0.697810725 0.4849939 0.700032459375 0.48001950937500004 0.69933816875 0.47064471250000006 0.661291134375 0.47102735625000003 0.657541975 0.474853803125 0.662818578125 0.485950515625 0.6844803765624999 0.48671580312499996 0.697810725 0.4849939
6 0.6293538640625 0.53008409375 0.63102016875 0.5226225015625 0.6225498375 0.5174567953125 0.6206058359375 0.529510109375 0.6246327 0.5321886265625 0.6293538640625 0.53008409375
6 0.698782721875 0.5316146546875 0.6996158734375 0.516308865625 0.673510625 0.515926221875 0.65934714375 0.5170741515625 0.6596248484375 0.5275968921875 0.6658734453124999 0.5314233390624999 0.6833695390625001 0.5312320109375 0.698782721875 0.5316146546875
6 0.6285207203125001 0.5841354640625 0.63018700625 0.5799263734375 0.627548725 0.571508178125 0.6213400765625 0.5702358390625 0.61949496875 0.5745693390625 0.6226886984375 0.582604890625 0.6285207203125001 0.5841354640625
6 0.69933816875 0.5831788484375 0.698782721875 0.5695949546875 0.6775374890625 0.5695949546875 0.6589818000000001 0.5710965359375 0.6597637093750001 0.5831788484375 0.6754546359375 0.58604868125 0.6953112859374999 0.5850920796875 0.69933816875 0.5831788484375
6 0.6314367265625 0.6382177984374999 0.6335195984374999 0.6231033234375001 0.619633821875 0.621764078125 0.617412096875 0.6317128328125 0.6204669640625 0.6382177984374999 0.6314367265625 0.6382177984374999
6 0.697255315625 0.6374525109375 0.6990604453125 0.6368785390625 0.6991993062499999 0.622146721875 0.661985425 0.62119010625 0.6603191390625 0.6242512671875 0.6603191390625 0.634965321875 0.667123165625 0.6374525109375 0.697255315625 0.6374525109375
6 0.674343778125 0.6866898734375 0.6586528515625 0.6876464890625 0.660458 0.7006564125 0.6796203609375 0.7031436078125 0.698643896875 0.7027609578125 0.6998935984375 0.6874551671875 0.674343778125 0.6866898734375
6 0.6208715078125 0.6980493812499999 0.6296315875 0.699317153125 0.628381859375 0.6930035171875 0.622272121875 0.693960125 0.6208715078125 0.6980493812499999
6 0.6225498375 0.7562693328125001 0.622410975 0.7562693328125001 0.6254658531249999 0.7652614859375 0.6308812968749999 0.7602871140625 0.627548725 0.7558866828124999 0.6225498375 0.7562693328125001
6 0.525837078125 0.9455514125000001 0.5338318609375 0.918012725 0.5159611421875 0.912181003125 0.4776331546875 0.9131529531250001 0.4697654078125 0.928468625 0.46140841093749996 0.94263555 0.46023271718750003 0.9510591515625 0.475987165625 0.9562429078125 0.525837078125 0.9455514125000001
6 0.2513676359375 0.8955252828125 0.173469065625 0.8949398359374999 0.1560480921875 0.894354390625 0.0758609890625 0.8959155687499999 0.0519248671875 0.8953301296875 0.044701546875 0.8957204234375 0.04446583125 0.9112891781249999 0.092488046875 0.9132836875000001 0.22625244218749999 0.910941921875 0.25221744375 0.9087953015625001 0.2513676359375 0.8955252828125
6 0.1134354484375 0.2605411234375 0.10974442031250001 0.2624736546875 0.1103872578125 0.271276971875 0.112992521875 0.273560290625 0.1176432140625 0.27254316875 0.1169788296875 0.2647113234375 0.1134354484375 0.2605411234375