6 0.6024025671875 0.48018993749999994 0.60378635 0.471207725 0.4894896109375 0.47112068125000006 0.489044203125 0.47896508437499996 0.4915812 0.4828029375 0.6024025671875 0.48018993749999994
6 0.57403414375 0.4929283421875 0.5711511765624999 0.48574257187500003 0.5127079921875 0.48568953125 0.517873875 0.4978277234375 0.5720737234375 0.49848097812500003 0.57403414375 0.4929283421875
4 0.1625811296875 0.4387507234375 0.4214702640625 0.43566772968749995 0.43352710937500005 0.4332962546875 0.43319227812500005 0.42096438125 0.45630139999999997 0.42404733749999995 0.6284474734375001 0.4178814125 0.6274426890625 0.3749571109375 0.350803278125 0.3759057109375 0.1603290375 0.3805673890625 0.1592320328125 0.39321774062500003 0.1609066078125 0.4245216375 0.1625811296875 0.4387507234375
4 0.291101809375 0.3631964640625 0.632717 0.35854629843749997 0.625279390625 0.34428287812499997 0.4133087171875 0.3462578234375 0.293377815625 0.3484521875 0.10599857187499999 0.3506465875 0.1078579234375 0.3802706171875 0.10854488281250001 0.3804077890625 0.1366030140625 0.380782615625 0.1457955515625 0.378955484375 0.29206948125 0.376100603125 0.291101809375 0.3631964640625
4 0.20238346406250002 0.34809964375 0.2910790515625 0.3467541234375 0.37573358749999997 0.345171146875 0.432739965625 0.3450920015625 0.455549703125 0.343722259375 0.47007927031249996 0.3449771890625 0.4713188609375 0.3315915140625 0.613562421875 0.3298359875 0.6259584578124999 0.3282999265625 0.62626828125 0.28660687500000004 0.55814085625 0.28770406249999997 0.1586514578125 0.291495540625 0.15839447812500002 0.30338065 0.16018289375 0.34778305 0.20238346406250002 0.34809964375
4 0.4877808859375 0.24209386875 0.4877808859375 0.2295687546875 0.2442026796875 0.231543940625 0.23769009687499998 0.2326690375 0.24101763593749997 0.24531815468749998 0.4877808859375 0.24209386875
4 0.148672615625 0.2619356296875 0.1082167546875 0.2650359015625 0.1073410953125 0.289590053125 0.13887995625 0.29132620781249996 0.3853125515625 0.2884739703125 0.44275639375000003 0.287357871875 0.5662255328125 0.28648979531249996 0.5774340765625 0.28586974062500004 0.5781346640625 0.2716084671875 0.624194853125 0.2708644171875 0.623844484375 0.24383002187499997 0.5421122375 0.24320995937499998 0.41177294375000006 0.24407803593750002 0.24514094375 0.24737891875 0.15883040937499998 0.246682265625 0.1593558125 0.2598274296875 0.148672615625 0.2619356296875
6 0.4505350671875 0.1708276296875 0.277010278125 0.1708276296875 0.277010278125 0.1836035078125 0.4505350671875 0.1836035078125 0.4505350671875 0.1708276296875
6 0.40321946718749996 0.186022240625 0.324313784375 0.186022240625 0.324313784375 0.200564584375 0.40321946718749996 0.200564584375 0.40321946718749996 0.186022240625
6 0.3948941953125 0.20302181406250003 0.3324939546875 0.20302181406250003 0.3324939546875 0.212247646875 0.3948941953125 0.212247646875 0.3948941953125 0.20302181406250003
6 0.3897823453125 0.21496364375 0.337859734375 0.21496364375 0.337859734375 0.2272433703125 0.3897823453125 0.2272433703125 0.3897823453125 0.21496364375
6 0.4324274484375 0.1417065875 0.29158706093750003 0.1417065875 0.29158706093750003 0.154264328125 0.4324274484375 0.154264328125 0.4324274484375 0.1417065875
2 0.417457678125 0.0323759625 0.3395314390625 0.0323759625 0.3395314390625 0.08726475624999999 0.417457678125 0.08726475624999999 0.417457678125 0.0323759625
6 0.5092442562499999 0.0674978609375 0.4485429265625 0.0674978609375 0.4485429265625 0.0849914453125 0.5092442562499999 0.0849914453125 0.5092442562499999 0.0674978609375
6 0.41774788437500004 0.091392215625 0.3062666265625 0.091392215625 0.3062666265625 0.1048609921875 0.41774788437500004 0.1048609921875 0.41774788437500004 0.091392215625
6 0.44785671093749996 0.10841103437499999 0.2735096734375 0.10841103437499999 0.2735096734375 0.1263879390625 0.44785671093749996 0.1263879390625 0.44785671093749996 0.10841103437499999
6 0.29398428125 0.073291275 0.2150967359375 0.073291275 0.2150967359375 0.0891295984375 0.29398428125 0.0891295984375 0.29398428125 0.073291275
6 0.22883313125 0.033103079687499995 0.10306529687499999 0.033103079687499995 0.10306529687499999 0.0458704015625 0.22883313125 0.0458704015625 0.22883313125 0.033103079687499995