5 0.08956420312499999 0.3875131578125 0.08969708125 0.7923689859375 0.9151801875000001 0.7923207015625 0.9145885328125001 0.3874587703125 0.08956420312499999 0.3875131578125
6 0.1124209109375 0.403016409375 0.1593989859375 0.40333800468750003 0.1595977703125 0.401287846875 0.1571461625 0.394936375 0.1260703921875 0.394815778125 0.1213659609375 0.3920420359375 0.1153363328125 0.3919616390625 0.11202218125 0.3938831953125 0.0987224046875 0.3948236375 0.0991226140625 0.3993515296875 0.10115678125000001 0.4020516328125 0.1124209109375 0.403016409375
6 0.1223162890625 0.42150930000000003 0.13450805937500002 0.4214288984375 0.138019821875 0.42110730625 0.14133279999999998 0.41551962031249995 0.1372247015625 0.4100927296875 0.12097055000000001 0.4100187828125 0.1196659046875 0.4115399 0.11761185781250001 0.41636380156249997 0.1223162890625 0.42150930000000003
6 0.12191873281250001 0.43665596874999996 0.135568209375 0.4370177609375 0.1404714265625 0.43432441875 0.1404714265625 0.42950051718750004 0.1364295875 0.42568159687499996 0.1212686703125 0.42603741875 0.11827445 0.42877693125 0.11794315625 0.43263605 0.12191873281250001 0.43665596874999996
6 0.13994134687499998 0.45032158593749994 0.1413990578125 0.44642226718750005 0.139543790625 0.443447525 0.13623080781250002 0.4406737828125 0.12075687187499999 0.440742428125 0.11787689374999999 0.4420807546875 0.11694925781250001 0.4453770875 0.11781063750000001 0.44871361875 0.1217199515625 0.45225115000000005 0.13636333125 0.4521707484375 0.13994134687499998 0.45032158593749994
6 0.12118987656249999 0.4675988140625 0.13669463125 0.46771941562499997 0.1417303578125 0.4630161078125 0.1378873 0.45646364375 0.120821490625 0.456400428125 0.11800941250000001 0.45891579218749995 0.1174130765625 0.463297503125 0.12118987656249999 0.4675988140625
6 0.12218377031250001 0.4828681890625 0.135170653125 0.48306918593750003 0.139411271875 0.4815014171875 0.1410677625 0.47651672031250003 0.1369596640625 0.4717330171875 0.120821490625 0.471740309375 0.1175455953125 0.4741047703125 0.1170817765625 0.4790894671875 0.12218377031250001 0.4828681890625
6 0.11860575 0.4951649296875 0.12178621875 0.4982200671875 0.135435690625 0.49830046406250006 0.13782103750000002 0.497697475 0.1410015015625 0.49395895625 0.139411271875 0.48897425625 0.135435690625 0.48712509375 0.12089602031249999 0.4873064421875 0.119798428125 0.4882506703125 0.11787689374999999 0.49122541406250003 0.11860575 0.4951649296875
6 0.1217199515625 0.51336884375 0.1303999640625 0.5140120296874999 0.13596577031249998 0.5135698375 0.139079971875 0.5119618734375 0.140670203125 0.5086253421875 0.139808828125 0.505690803125 0.1360320328125 0.50239446875 0.12134320000000001 0.5025558234374999 0.11840696875000001 0.5048868203125 0.11761185781250001 0.5094293249999999 0.1217199515625 0.51336884375
6 0.12244881249999999 0.529397796875 0.134706840625 0.5294781921875 0.1387486734375 0.5287144078125 0.1415978375 0.52328751875 0.13742348124999998 0.51846361875 0.12141773125 0.51812195625 0.1175455953125 0.5209559671874999 0.11721429531250001 0.5255386750000001 0.12244881249999999 0.529397796875
6 0.12264758281249999 0.54430748125 0.1246353734375 0.5444682796875 0.1353694375 0.5444682796875 0.13868241718750002 0.543222103125 0.1404714265625 0.5406091562500001 0.1405376828125 0.5361872484375 0.13596577031249998 0.5328909140625 0.122386621875 0.533190334375 0.11873826875 0.53578525625 0.1177443765625 0.5382776046875 0.118804534375 0.5419759296875 0.12264758281249999 0.54430748125
6 0.11482895468750001 0.558248178125 0.11873826875 0.5602581375 0.13994134687499998 0.5601777390625 0.1433868484375 0.5589315671875 0.1453083765625 0.5546302515625 0.1436518859375 0.5507309328125001 0.1405376828125 0.54892196875 0.11702045781249999 0.54880171875 0.11489521093749999 0.550007346875 0.1125761265625 0.5539468656250001 0.11482895468750001 0.558248178125
6 0.115557809375 0.5731197671875 0.11940086718750001 0.5751699265625 0.1401401265625 0.5753307234375 0.1433868484375 0.5729991734375 0.1450433390625 0.5696626421875 0.14259173125 0.5651201328125001 0.139808828125 0.563833759375 0.11933460468749998 0.5637935609375 0.118809178125 0.5640058484375 0.11529276718749999 0.56644670625 0.1145639125 0.56773308125 0.1142988734375 0.5700244343749999 0.115557809375 0.5731197671875
6 0.115955365625 0.589231221875 0.118804534375 0.5906783953125 0.1397425671875 0.5908793921875 0.14226043593749998 0.5899950078125 0.144712040625 0.5872614656249999 0.144314484375 0.58296015 0.14120028125 0.579583421875 0.1179893484375 0.57948148125 0.11469643125 0.5817943765625 0.11390131875000001 0.585934890625 0.115955365625 0.589231221875
6 0.11410009375 0.603736815625 0.11767811406249999 0.6061085640625 0.1384836359375 0.6061487671875 0.14325432968750001 0.605545778125 0.144712040625 0.6014496671875 0.144115703125 0.5971081609375 0.140338903125 0.5948972046875001 0.11702045781249999 0.5949118624999999 0.1146301734375 0.59609896875 0.1125761265625 0.6002796828125 0.11410009375 0.603736815625
6 0.11900330625 0.6217799328125 0.1401401265625 0.621659334375 0.144579521875 0.619488578125 0.1453746375 0.614262684375 0.1408689828125 0.6101221703124999 0.11731857812499999 0.61029699375 0.1129736828125 0.6135792999999999 0.1133712375 0.6175590171875001 0.1150277296875 0.6202121671875 0.11900330625 0.6217799328125
6 0.11820819375 0.6368504125000001 0.139411271875 0.6372524046875 0.1427905109375 0.63600623125 0.1451758578125 0.6319863140625 0.143453109375 0.6278458031249999 0.1401401265625 0.6253534484375 0.1174676375 0.6254106234375 0.1137688 0.6272428125 0.11244360312499999 0.6328304984375 0.11820819375 0.6368504125000001
6 0.1175455953125 0.6521599874999999 0.1406039453125 0.652360984375 0.144248221875 0.6499892328125 0.1452421203125 0.64637130625 0.14153157656249998 0.641065015625 0.116945928125 0.641293509375 0.114497659375 0.6427935796875001 0.1131062015625 0.64705469375 0.1175455953125 0.6521599874999999
6 0.1133712375 0.6639722328125 0.1177443765625 0.667791153125 0.1405376828125 0.668032353125 0.1455071578125 0.663409446875 0.14418196562500002 0.6579021593750001 0.1405376828125 0.656334390625 0.1324540078125 0.6564549890625 0.1163496875 0.6564523890625 0.11469643125 0.6575403671875 0.11224482656250001 0.6604749046875 0.1133712375 0.6639722328125
6 0.11827445 0.6830605281250001 0.1401401265625 0.6831409265625 0.1453083765625 0.6804877828125 0.1453746375 0.6765080640625001 0.1428567734375 0.6720861546875 0.1365621078125 0.6712821703125 0.11649874687499999 0.672063771875 0.1125761265625 0.6766688656250001 0.11423261250000001 0.68129176875 0.11827445 0.6830605281250001
6 0.1131062015625 0.69370489375 0.1174793421875 0.6983680031249999 0.138351121875 0.698488596875 0.14153157656249998 0.697885609375 0.144712040625 0.6948706734375001 0.14451325937499998 0.6901673671874999 0.1404051640625 0.6871524296875 0.1252979671875 0.687192628125 0.1172440484375 0.6871774015625001 0.11714804375000001 0.687192628125 0.11410009375 0.6894035828125 0.1131062015625 0.69370489375
6 0.11681674375 0.7137600749999999 0.139610046875 0.7143228640625 0.14226043593749998 0.713317884375 0.1459047140625 0.7093783625000001 0.1446457828125 0.7064438265625 0.14199539375 0.702303309375 0.11702045781249999 0.702110028125 0.112311084375 0.7047152624999999 0.111913528125 0.708936171875 0.11681674375 0.7137600749999999
6 0.11906956718749999 0.72923044375 0.13715844375 0.7293108453125 0.14133279999999998 0.7287882531250001 0.144712040625 0.7256125171875001 0.14451325937499998 0.7217534 0.1410677625 0.7174922875 0.1167968671875 0.7174951593750001 0.1136362765625 0.720426828125 0.1136362765625 0.7254115234375 0.11906956718749999 0.72923044375
6 0.1455071578125 0.7410807859374999 0.1460372328125 0.7370608703125 0.1415978375 0.7330409515625 0.124304075 0.7331615484375 0.116640215625 0.7332818171875 0.112311084375 0.7368598734375 0.1133712375 0.7413219828125001 0.1175455953125 0.7445379140624999 0.13914622968749998 0.7446987125 0.143585628125 0.7434927390625 0.1455071578125 0.7410807859374999
6 0.1164854453125 0.7596866906249999 0.1410677625 0.7600886828125 0.14385066562499998 0.7589229078125 0.1461697515625 0.754219609375 0.1447783015625 0.75176745625 0.14179661875 0.7489133140625001 0.1159025078125 0.748491675 0.111582228125 0.751325265625 0.1128411640625 0.755827575 0.1164854453125 0.7596866906249999
6 0.1169077546875 0.790686828125 0.13961121875 0.7908980859375 0.143371915625 0.7903065671875 0.14573976875 0.783884325 0.14302370312499998 0.78067320625 0.1404469359375 0.7796591687500001 0.11743319062499999 0.7795245953125 0.11363455 0.781771746875 0.11210241562500001 0.7862504140625 0.1169077546875 0.790686828125
6 0.1194845265625 0.7755921796874999 0.1409344296875 0.775423171875 0.14560047812500002 0.77225430625 0.14601833749999998 0.766423590625 0.1414915671875 0.763888496875 0.125404140625 0.7635927375 0.11696317812499998 0.7639722578125 0.113564909375 0.7664658421875 0.112450628125 0.7693812 0.1131470515625 0.7737753625 0.1194845265625 0.7755921796874999
6 0.2419939421875 0.7894102171874999 0.257475103125 0.7892302875 0.2584241359375 0.7885825484375 0.257949628125 0.7864234015625 0.25225540468749996 0.7810615140625 0.23625714062499997 0.780869084375 0.2343423328125 0.7833286187499999 0.23469822499999998 0.7863154406249999 0.2419939421875 0.7894102171874999
6 0.25866140312499997 0.7732448703125 0.25812756875 0.76986220625 0.25106910625 0.765184053125 0.236418353125 0.7651120796875001 0.23492277343749998 0.7654762046875 0.234045759375 0.7702580484375 0.240807646875 0.7736407140625 0.24525625468749998 0.7740005734375 0.25866140312499997 0.7732448703125
6 0.2583354703125 0.754723678125 0.25293782343750004 0.75405765625 0.252819190625 0.7494154890625 0.23496544375 0.7499912609375 0.23508407187499997 0.7503871046875 0.23492277343749998 0.7502858625 0.23478749687499997 0.7557312796875 0.2432695109375 0.7587900703125 0.2586913546875 0.7578904265624999 0.2583354703125 0.754723678125
6 0.24349230937500002 0.7436068890625 0.2577871703125 0.7428511875 0.25802442812500004 0.739972325 0.2551180046875 0.7395764796875001 0.25304198906250003 0.7354741 0.24805955000000002 0.734646425 0.2359000171875 0.7343585390625 0.2352563640625 0.7347309531249999 0.2341798859375 0.7377771906249999 0.2348916640625 0.7405480953125 0.23975547812500003 0.7429231578125 0.24349230937500002 0.7436068890625
6 0.241119715625 0.727636728125 0.2516777484375 0.7277446859375 0.257965128125 0.7271689140625 0.2577278625 0.72479385 0.25476212187499997 0.7238222328125 0.251737065625 0.71914408125 0.2363905765625 0.7190545203125 0.23512892187499998 0.7195039390625 0.2341798859375 0.7241820921875 0.241119715625 0.727636728125
6 0.2574312875 0.7119165859375001 0.2576092296875 0.7095055375 0.2532199390625 0.7089657500000001 0.250728715625 0.7049713265625 0.2481188671875 0.7036758375 0.23684905 0.703459925 0.23495098125 0.7074903328125 0.23637453437499997 0.710225253125 0.2439668265625 0.7124563734375 0.2574312875 0.7119165859375001
6 0.2414756078125 0.697135840625 0.2480002328125 0.69681196875 0.25802442812500004 0.6965960546875001 0.2586768953125 0.696056265625 0.2587362125 0.69418500625 0.2565415625 0.6922057859375 0.2526860984375 0.6900466375 0.24420408437500002 0.689614809375 0.23762014531250003 0.6879234765625 0.2358407015625 0.6884272765625 0.23370536875 0.693501275 0.2414756078125 0.697135840625
6 0.2589734703125 0.6781409890625001 0.254880746875 0.6781409890625001 0.25369445625 0.6743264953125 0.24278053125 0.6729230484375 0.2362559046875 0.672851078125 0.2357901125 0.6729974046875 0.234773034375 0.6797963375 0.237738775 0.6813797140625 0.258795528125 0.6812357687499999 0.2589734703125 0.6781409890625001
6 0.2578464875 0.6630344906250001 0.2529233640625 0.6629985031250001 0.25250815625 0.6580324640625 0.242661903125 0.657456690625 0.23512292812500002 0.6577260468749999 0.2355441265625 0.665553496875 0.242661903125 0.6661292671875 0.2577871703125 0.6658773671875 0.2578464875 0.6630344906250001
6 0.2576685546875 0.6471325328125 0.2542282890625 0.6473844328125 0.253457196875 0.643677896875 0.2481188671875 0.6418426203125 0.23512292812500002 0.642090121875 0.2359593296875 0.6502992828124999 0.24841543281249998 0.6505871703125 0.2576685546875 0.6505151984374999 0.2576685546875 0.6471325328125
6 0.23738288281250003 0.635012853125 0.2577278625 0.6353727124999999 0.25802442812500004 0.6330696203125 0.25642292968749997 0.6315942031249999 0.2538130890625 0.6295430140625 0.2519743234375 0.627491821875 0.23665745 0.62673775 0.23465440625 0.62741985 0.23512892187499998 0.6344370828125 0.23738288281250003 0.635012853125
6 0.2583210046875 0.6168475609375 0.25256747343749997 0.616703615625 0.25238953125 0.6112697609375 0.23762014531250003 0.6115936328125 0.23552323749999998 0.611992990625 0.235010296875 0.6183589640625 0.23738288281250003 0.6197983953125 0.2584396375 0.6198703703125 0.2583210046875 0.6168475609375
6 0.2561856796875 0.60134521875 0.2542282890625 0.6012732453125 0.2527454140625 0.5967750203125 0.2379167171875 0.5962352328125 0.235056209375 0.5963165578125 0.23536618437499998 0.604296053125 0.257371978125 0.604583940625 0.2583803203125 0.6025327468749999 0.2561856796875 0.60134521875
6 0.2563043046875 0.58519324375 0.25298267343749997 0.58544514375 0.25007625 0.5803711453125 0.23542549687499997 0.580551075 0.2352563640625 0.580356571875 0.23542549687499997 0.5889357703125 0.25440623906250004 0.5897634390625 0.25849895312500004 0.5879281640625 0.2563043046875 0.58519324375
6 0.2537537640625 0.5703727453125 0.2494831 0.5650108609375 0.240407940625 0.5645790328125 0.236018646875 0.565478675 0.23524755156250002 0.5731796390625 0.25802442812500004 0.574079284375 0.2574905953125 0.5703007734375001 0.2537537640625 0.5703727453125
6 0.2582616953125 0.5559121046875 0.25440623906250004 0.555300346875 0.2520336484375 0.5511619796875 0.2379167171875 0.5500464203125001 0.2355441265625 0.55098205 0.2358407015625 0.55825118125 0.25179638125000003 0.5584670968750001 0.2579058046875 0.5584670968750001 0.2582616953125 0.5559121046875
6 0.253575821875 0.5397942359375001 0.24977967343750002 0.5395063484375 0.24847475000000002 0.536231640625 0.24183149375 0.5341084796875 0.2390593125 0.5342994562500001 0.23999273593749998 0.541809440625 0.2512625484375 0.542565140625 0.25339788125 0.542565140625 0.253575821875 0.5397942359375001
6 0.2537537640625 0.5244358328125001 0.248830640625 0.5240759749999999 0.2503135078125 0.52130506875 0.245805584375 0.5200815515625 0.239340275 0.5193618359375 0.23879243749999998 0.519514190625 0.23738288281250003 0.5228524593749999 0.2405265703125 0.5272787109375 0.25387239687499996 0.5278544828125 0.2537537640625 0.5244358328125001
6 0.25298267343749997 0.511918428125 0.25298267343749997 0.5085357609375001 0.2489492671875 0.509111534375 0.248830640625 0.5043973953124999 0.24212806874999998 0.5037136656250001 0.24058588281249998 0.50389359375 0.23999273593749998 0.5038576078125 0.2399334203125 0.5075641453124999 0.24402614374999998 0.5104789953125 0.2465766765625 0.51155856875 0.25298267343749997 0.511918428125
6 0.2533385640625 0.49396904687500004 0.24989830781250003 0.4935372171875 0.24853406718749999 0.48929089374999996 0.24325504687500002 0.48799540625000004 0.2379918171875 0.4894575671875 0.23975547812500003 0.4959842515625 0.2506693984375 0.4969918546875 0.25298267343749997 0.49602023749999996 0.2533385640625 0.49396904687500004
6 0.2541096640625 0.48116375468749994 0.253279246875 0.47803299062500004 0.24859338281249999 0.477925034375 0.24930515781249998 0.4746863125 0.245509009375 0.472707090625 0.23985993125 0.47446976406249997 0.2378574046875 0.4764136296875 0.23963684999999998 0.47979629375000005 0.245390384375 0.481451640625 0.2541096640625 0.48116375468749994
6 0.25399103125 0.4631461703125 0.24841543281249998 0.4628222984375 0.24841543281249998 0.4583600625 0.24420408437500002 0.45749639999999997 0.2392594671875 0.45737556562500004 0.2392216453125 0.4637939140625 0.24242464375 0.46580911875000003 0.2538130890625 0.46588109375000003 0.25399103125 0.4631461703125
6 0.25393171406250004 0.44763817499999997 0.2509659734375 0.4471703625 0.249127215625 0.44267213749999995 0.2425432734375 0.44202439218749995 0.23803535 0.4436797375 0.237257915625 0.4441295875 0.2414756078125 0.44990528125000007 0.2523302234375 0.45033710937500004 0.2541096640625 0.44986929531250003 0.25393171406250004 0.44763817499999997
6 0.25298267343749997 0.43479877968749997 0.253575821875 0.432711603125 0.2486527 0.4320278734375 0.2479409171875 0.42842929375 0.24313641874999997 0.42627014531249996 0.2390593125 0.427237928125 0.23969616249999998 0.43281955937500005 0.2451531265625 0.43472680781250006 0.24977967343750002 0.43548251093749996 0.25298267343749997 0.43479877968749997
6 0.25286404687499997 0.4186089375 0.2523302234375 0.417097534375 0.2503728234375 0.4162338765625 0.2486527 0.4159459890625 0.246102159375 0.41292318281249996 0.2430177890625 0.41133980625 0.2397932140625 0.4120475859375 0.23963684999999998 0.41950858281250003 0.245686959375 0.4202282984375 0.25221158125 0.4199044265625 0.25286404687499997 0.4186089375
6 0.2215573359375 0.404919471875 0.25348859687499997 0.4032094953125 0.31360465937500004 0.40351641093749996 0.3104970421875 0.3958434296875 0.3062331125 0.3943526765625 0.2812999625 0.3943965234375 0.2736393359375 0.3920727046875 0.24413083750000003 0.3928619265625 0.1968278734375 0.3943965234375 0.18345792656249998 0.39522959062499996 0.18275036875 0.395734078125 0.1830374234375 0.40206950625 0.190047609375 0.40290257343749997 0.218955625 0.4047879359375 0.2215573359375 0.404919471875
6 0.41023985625000003 0.40372664374999995 0.45413133749999995 0.40286828437500005 0.45521966718750007 0.3944827359375 0.409727584375 0.39382245781249997 0.39862665937499997 0.391973678125 0.394491009375 0.3917095640625 0.37098315 0.39184161875 0.3686976671875 0.39236984218750004 0.365306053125 0.3943004328125 0.353320340625 0.3944167078125 0.3517966875 0.3991707203125 0.3556058296875 0.40372664374999995 0.41023985625000003 0.40372664374999995
6 0.6219979765625 0.3934615140625 0.6165792046874999 0.39138518125 0.6022242140625 0.3920196171875 0.586918565625 0.39548016874999997 0.5850172421875001 0.399402125 0.5854654453125 0.40175132968750005 0.5985463046875 0.40345635 0.652133946875 0.40264888593750003 0.652133946875 0.3944420046875 0.6219979765625 0.3934615140625
6 0.5243375328125001 0.4201144421875 0.5500772656249999 0.41999540468749996 0.5919559999999999 0.41892405000000005 0.61468745625 0.421780990625 0.6214894203125 0.42039219687499996 0.624955803125 0.419479565625 0.6263946781249999 0.4115039359375 0.5756668265625 0.41094841718749997 0.5216956703125 0.411021753125 0.4935067734375 0.41122015 0.49032962500000005 0.4149163921875 0.4919647125 0.419360528125 0.5243375328125001 0.4201144421875
6 0.495532875 0.43559062187500003 0.5506279109375 0.435318425 0.6001052812500001 0.43504622812499993 0.6014512546875 0.4266081421875 0.54635621875 0.42584599218749997 0.5391777125 0.424103934375 0.5300523421875 0.42459388750000004 0.5284882765625001 0.426452990625 0.493110128125 0.42606374843749995 0.49032845937499997 0.42769692812500004 0.49104630781249997 0.43363080781249996 0.495532875 0.43559062187500003
6 0.49768925937499997 0.4508481640625 0.5637674968749999 0.45229819375 0.6358912296875 0.4503363828125 0.6368753453125 0.441892075 0.6295645890625 0.43882141875 0.6187389828125001 0.4398449734375 0.6003214265625 0.4411244109375 0.5539260640625 0.4411244109375 0.5442252171875 0.43924789999999997 0.5348055453125 0.43924789999999997 0.532792853125 0.44100234218749995 0.49248735468750005 0.44103911875 0.49023788125 0.4454745125 0.49051906875 0.44939813281249996 0.49768925937499997 0.4508481640625
6 0.4959550265625 0.4664082203125 0.55711255625 0.46555525781249996 0.591276415625 0.46751706249999997 0.6154582078125 0.465896434375 0.61855125 0.4574521296875 0.5997119234375 0.4548079546875 0.5916981859375 0.45489324687500005 0.5881420203125 0.4568446296875 0.5509264921875 0.45694035624999996 0.4918778578125 0.4568550578125 0.4896283859375 0.4637640390625 0.4959550265625 0.4664082203125
6 0.49071608125 0.4809310625 0.507023409375 0.482030340625 0.5830034984375 0.4819570578125 0.6092160171875001 0.4816639125 0.6095784140625 0.4726498171875 0.5747894312499999 0.47250324531250004 0.57116556875 0.4697184 0.5349270765624999 0.47030468281250004 0.52842331875 0.47212249218749996 0.4974806046875 0.47184367812500005 0.49144085000000004 0.473236096875 0.49083688125 0.477999646875 0.49071608125 0.4809310625
6 0.49325278125 0.49685010781249994 0.5577573375 0.49692338906250005 0.5730982984375 0.49941509375 0.578050915625 0.4983891015625 0.587472903125 0.4967035375 0.5884392765625 0.4876894359375 0.576601346875 0.48659015625 0.5741854546875 0.4877627234375 0.5006212734375 0.4876894359375 0.4918032375 0.48849557343749994 0.48962892656249996 0.49443169062500003 0.49325278125 0.49685010781249994
6 0.566092203125 0.513334715625 0.643804075 0.5135545734375 0.6446496500000001 0.5062260375000001 0.6434416953125 0.5035877625 0.613967709375 0.5027083390625 0.5459600890625 0.50314805 0.54257783125 0.5013159140625 0.531102296875 0.5010227734375 0.527608084375 0.5026452828125 0.49107847031249996 0.502854909375 0.4893873375 0.50688560625 0.49156164843749994 0.5120888671875 0.566092203125 0.513334715625
6 0.49160757187500004 0.52776695 0.5387176453125 0.5282066609375 0.553817034375 0.529452515625 0.5787008 0.5290860875 0.5953705312500001 0.5276203796875001 0.5988735953125001 0.5190459890625 0.5710907265625 0.5181665671875 0.49146599531249996 0.5188141125 0.4912451921875 0.518606278125 0.4899164546875 0.523956109375 0.49160757187500004 0.52776695
6 0.5109347843750001 0.5433943890624999 0.527000521875 0.543614246875 0.5797879546875 0.5427348203125 0.5803919328125 0.534013859375 0.5308659671875 0.53291458125 0.5137130734375 0.53159544375 0.5073109375 0.53159544375 0.5045097562499999 0.532755603125 0.48955405937499996 0.5337940015625 0.489312478125 0.5366521390625001 0.4932987046875 0.5420752531249999 0.5109347843750001 0.5433943890624999
6 0.49088280468749995 0.5494732421874999 0.48895008124999995 0.5545299328125 0.49160757187500004 0.557388059375 0.4976473265625 0.5589270546875 0.516612153125 0.55841405625 0.5402879796875 0.5591469124999999 0.5470525109375 0.5589270546875 0.5528506765625 0.5601729078125001 0.559011215625 0.5603927609375 0.5773720625000001 0.5587804843749999 0.614818534375 0.55841405625 0.616872046875 0.549912953125 0.57713048125 0.5476411062500001 0.5375267781249999 0.54826448125 0.5239806437500001 0.54690825625 0.5187864640625001 0.5493999546875 0.49088280468749995 0.5494732421874999
6 0.49631858281249996 0.5734955046875 0.5315907421875 0.5742283593749999 0.6281059671875 0.574374934375 0.654432228125 0.5740085078125 0.6589016156249999 0.573129078125 0.66071353125 0.5651409734375 0.646822121875 0.5637485515625 0.64343985625 0.5625759875 0.6381248921875 0.5622828421875 0.6335346562499999 0.5638218359375 0.55682980625 0.5638218359375 0.538885503125 0.5645158046875001 0.5041702609375001 0.56404169375 0.489191671875 0.5658738265625 0.4887085 0.572176371875 0.49631858281249996 0.5734955046875
6 0.52880535625 0.589471715625 0.56830533125 0.5893984328124999 0.6329306781249999 0.5899114265625001 0.6353465875000001 0.5808240375 0.631964321875 0.5802377625 0.5693924875 0.5793583296875 0.4913274046875 0.57985969375 0.48858060937500003 0.582509603125 0.49087571093750004 0.5885922890625 0.52880535625 0.589471715625
6 0.4941371734375 0.60551355 0.5011432859375 0.6066861109375 0.5077870140625 0.6052936859375 0.517329821875 0.605147121875 0.5515148265625001 0.6044875484375 0.556346628125 0.5957665921874999 0.5391937265625 0.5956200265625 0.4886099546875 0.5952035828125 0.48894298750000004 0.600969846875 0.49292922343749995 0.6032416984375 0.4941371734375 0.60551355
6 0.5224032125 0.62052938125 0.5418512234375 0.62052938125 0.5475285828125 0.62052938125 0.549702903125 0.6197232374999999 0.6011615828125 0.6204560890625 0.612999496875 0.61964995 0.614086653125 0.6111488515625 0.610100409375 0.61092899375 0.5652854546875 0.611368709375 0.5615408093750001 0.608877003125 0.5545347046875 0.608217434375 0.550065275 0.610122853125 0.539918503125 0.6099030015625 0.49350136562499997 0.61128991875 0.49051332187499996 0.612614559375 0.4912380953125 0.6195766671875 0.5224032125 0.62052938125
6 0.49353319687499997 0.635691778125 0.5086325859375 0.6352520671875 0.5285637671875001 0.6359116359375 0.5426967828125 0.6370109203125 0.558762528125 0.6370841984375 0.6113083640625 0.6361314890624999 0.6133618921874999 0.6338596484375 0.6146906296875 0.6274105328124999 0.61251631875 0.625944825 0.601886359375 0.625944825 0.5512732296875 0.6260913953125 0.49200676718749997 0.6253963984375 0.4920836609375 0.625944825 0.48918458125 0.6333466546875 0.49353319687499997 0.635691778125
6 0.49836500156249997 0.65071144375 0.51237723125 0.651077871875 0.5285637671875001 0.6512244421875 0.5570713953124999 0.651004590625 0.592826734375 0.651004590625 0.595001028125 0.642210346875 0.5866661796875 0.64067135625 0.5760362203125 0.63927893125 0.5600912734375 0.6411110625 0.49241438437499996 0.6414002390625 0.49015093906249996 0.6431630546875 0.4911173 0.6488060265625 0.49836500156249997 0.65071144375
6 0.4925668359375 0.666606703125 0.557433775 0.668145703125 0.6406615671875 0.66689984375 0.6427150796875 0.6576658890625 0.6335346562499999 0.65488104375 0.566855796875 0.6546611890625 0.5317044359375 0.6546611890625 0.5281488578125 0.6567441296875 0.491842071875 0.6573727484375 0.490754915625 0.6597911640625 0.49003014375 0.663602 0.4925668359375 0.666606703125
6 0.504404753125 0.6819195140625001 0.55115243125 0.6815530859375001 0.588840490625 0.68309208125 0.627736496875 0.6811866578125 0.6308771828124999 0.673858121875 0.6282196765625 0.6720259859375 0.5718083875 0.6715862703125001 0.492957875 0.6718405359374999 0.48954696562500005 0.673711546875 0.48894298750000004 0.6801606609374999 0.504404753125 0.6819195140625001
6 0.5163634578125 0.6970086281250001 0.54028088125 0.6971551984375 0.578814509375 0.6986209062500001 0.5921019578125 0.698547628125 0.5948802296875 0.688141103125 0.592826734375 0.6877013921875 0.587632553125 0.687408246875 0.5468038078124999 0.6863089671875 0.5356906703125001 0.6854295406250001 0.5272350140625 0.6873349640625 0.494180728125 0.68726691875 0.48821821718749997 0.6898266625 0.4902717328125 0.697741484375 0.5163634578125 0.6970086281250001
6 0.500780903125 0.7121015875000001 0.5447503031250001 0.712981009375 0.56588943125 0.7119550125 0.60345669375 0.71261458125 0.6045438484375001 0.7086571703125 0.6051478265625 0.7033073390625 0.588961290625 0.700375925 0.5691508984375 0.7008889171875 0.56588943125 0.7021347718750001 0.4917212765625 0.70308748125 0.49003014375 0.7049928984375 0.49003014375 0.7118084421875001 0.500780903125 0.7121015875000001
6 0.507062246875 0.7290961203124999 0.5210744671875001 0.7290961203124999 0.5666142078124999 0.72828998125 0.5707212328125 0.718469740625 0.563352740625 0.7161246171875 0.5284429687500001 0.716344465625 0.489017571875 0.7163873125 0.48918458125 0.7236730015624999 0.4953451234375 0.7280701234375 0.507062246875 0.7290961203124999
6 0.5146723328125 0.7444783796875 0.533757946875 0.7444783796875 0.5553802625 0.7428661078125 0.598141696875 0.7448448078125 0.6079261140625001 0.7435989578125 0.6102212078125 0.7344382921875 0.5684261312500001 0.73311915 0.4887458265625 0.734041034375 0.488459809375 0.7370032734375 0.492687634375 0.74184010625 0.5146723328125 0.7444783796875
6 0.49015093906249996 0.750333540625 0.49087571093750004 0.7578819390625 0.51225643125 0.75890793125 0.5652854546875 0.75898121875 0.599953628125 0.7583949328124999 0.631964321875 0.7588346421875001 0.642594296875 0.7578086468749999 0.6452517875 0.749673971875 0.6038190734375 0.7469624140625 0.5635943296875 0.74674255625 0.558037753125 0.747768553125 0.49437876249999996 0.7487212671875 0.4944995578125 0.748424284375 0.4940163828125 0.7489411203125 0.49015093906249996 0.750333540625
6 0.5655270515625 0.7737077390625 0.6236294734375 0.7742207375 0.6451309890625 0.7737077390625 0.6467013234375 0.7648402125 0.5795392859375 0.76410735625 0.5145515421875 0.7638142109375 0.505854296875 0.7623485046875 0.49957295156250003 0.7622019390625 0.4979851578125 0.7638213781250001 0.48797663125 0.76396078125 0.4914796828125 0.772608459375 0.5017472625 0.773927596875 0.5655270515625 0.7737077390625
6 0.49462035625 0.7894564265625 0.526389446875 0.7893831437500001 0.5632319421875 0.7907022765625 0.5681845421875 0.7914351328125 0.572412365625 0.7887968578125 0.5873909562499999 0.7893831437500001 0.6107043859375 0.7894564265625 0.6136034734375 0.7808820359374999 0.602127940625 0.780149184375 0.5553802625 0.77985605 0.5468038078124999 0.7776574859375 0.5312212578125 0.7778040515625 0.5290999640625 0.7795777375 0.4940163828125 0.7799331625 0.49015093906249996 0.783157721875 0.48954696562500005 0.7875548484375 0.49462035625 0.7894564265625
6 0.8291626687500001 0.7909652359375 0.8367902968750001 0.7885368796875001 0.8532538859375001 0.7892699671875001 0.8556705609374999 0.78294708125 0.8555195140625 0.780472909375 0.8438892765625001 0.7797398203125 0.8334673718750001 0.7780903734375 0.828936109375 0.778456915625 0.8266334734375 0.7804941765625 0.8148136671874999 0.7803812734375 0.8163996078125001 0.78707070625 0.8203267078125001 0.7906445062499999 0.8291626687500001 0.7909652359375
6 0.8696419609375001 0.7652507703125 0.8566523328125 0.76419695625 0.8167016953124999 0.7638304140625001 0.8072615624999999 0.7650675 0.8043162390624999 0.76699185625 0.80650635 0.77313146875 0.8278032890624999 0.7739561921875 0.8691888406249999 0.773635465625 0.8713034234375 0.7692369390625 0.8696419609375001 0.7652507703125
6 0.8615611968750001 0.7490774874999999 0.8334673718750001 0.7488025796875 0.82908715 0.7467407703125 0.8160220046875001 0.7475196765625001 0.807563646875 0.7501771203125001 0.8127746046875 0.7596614515625 0.8241027578125 0.759844721875 0.8598242218750001 0.7581036359375 0.8615611968750001 0.7490774874999999
6 0.8623164109375001 0.7432518765625 0.8644310031250001 0.7377079 0.864808609375 0.7341340921875 0.8247069249999999 0.7336759125000001 0.814964709375 0.7315224671875 0.8081678171875 0.7322097375000001 0.8051469703125 0.73326355 0.8068084375 0.7422896999999999 0.8302954890625 0.743160240625 0.8550663953125 0.7443056921875 0.8623164109375001 0.7432518765625
6 0.8150402328125 0.71552981875 0.8043917625000001 0.7175458124999999 0.8048448921875 0.7260221453125 0.8100558453125 0.727946496875 0.8392069718749999 0.7273966828125 0.850837209375 0.7289086765625 0.86178776875 0.7294126750000001 0.8645820499999999 0.7187370796875 0.8555950484375 0.7183247171875 0.8194204546874999 0.71782071875 0.8197980546875 0.7177290828125 0.8197225375 0.717637446875 0.8150402328125 0.71552981875
6 0.8537506390624999 0.7131592718750001 0.8612028890625 0.711143278125 0.8622090046875 0.7025294921875 0.85465689375 0.700650953125 0.8446125906249999 0.7014756765625 0.8435552953125001 0.7027127640625 0.8125673265625 0.7029418546875 0.8070542906249999 0.7039040328125 0.8078600781249999 0.7039049109375 0.8077529437500001 0.708119290625 0.8122086828124999 0.71187636875 0.8325238546874999 0.712472 0.8537506390624999 0.7131592718750001
6 0.8593903796875001 0.69104788125 0.8596924625 0.68834461875 0.8424736718749999 0.6873824390625 0.8262366374999999 0.6853664484374999 0.8201949546874999 0.6860079 0.8188355749999999 0.6875198921875 0.809983765625 0.6885354828125 0.815286084375 0.6955838640625001 0.821931940625 0.6967751328125 0.8573513109374999 0.6964085890625 0.8593903796875001 0.69104788125
6 0.85833309375 0.6811535875 0.8624867546875 0.6808786796875 0.8650544671875 0.6725398 0.8497992109375 0.6723565296875 0.8448903375000001 0.6703405375 0.8383955328124999 0.67029471875 0.8373382375 0.6725398 0.8161923390625001 0.671989984375 0.8050907453124999 0.6732270703125 0.80894231875 0.6795499578124999 0.8137756640625 0.6812910421875 0.8365830234375 0.6806954078125 0.85833309375 0.6811535875
6 0.8558408953125 0.6675552265625 0.863921646875 0.6655850515624999 0.8643747875000001 0.6571087203125 0.8215543328124999 0.6566505406250001 0.8132470218750001 0.6547261828125001 0.806601165625 0.6553218171874999 0.8054815484375 0.6564040953125 0.8059969953125 0.6623319734375 0.8080360640625001 0.6658141421875 0.8459476328125 0.667097046875 0.8558408953125 0.6675552265625
6 0.870491984375 0.6506073578125 0.8709451046875 0.6428182953125 0.85923934375 0.6413979375000001 0.8100751328125 0.6412604828124999 0.8056514437500001 0.6435102796875001 0.8052417859375 0.6483622734375001 0.80682773125 0.6497368156250001 0.8113589937500001 0.6506989937500001 0.870491984375 0.6506073578125
6 0.861127365625 0.632608071875 0.8633930046874999 0.627109909375 0.8564450718750001 0.6240859203125 0.8481377484375001 0.6240859203125 0.8453434671875 0.6264226390625 0.84526794375 0.6264226390625 0.826085596875 0.6261019125 0.80692565625 0.6264388671875001 0.811283465625 0.6351738796874999 0.8238199671875 0.6356320609375 0.8585596531249999 0.6357236953125 0.861127365625 0.632608071875
6 0.85100754375 0.6215273046875 0.8548591218749999 0.62134403125 0.8617315421875 0.61905313125 0.8627133140625001 0.6107600703125 0.8343173953124999 0.6108058890625 0.828879878125 0.6087898968750001 0.8214788093750001 0.608881534375 0.8194397406249999 0.610897525 0.8095464890624999 0.611172434375 0.8078600781249999 0.6117399171875 0.8075074203125 0.6163040515625 0.816494421875 0.6196945828125 0.8422471015624999 0.620106946875 0.85100754375 0.6215273046875
6 0.8582575703125 0.5958740125 0.84526794375 0.59582819375 0.8395283421874999 0.5938580203125 0.8319007203125001 0.59427038125 0.8311455078125001 0.5957365578125 0.81264284375 0.596103103125 0.8106633453125 0.596473640625 0.815286084375 0.6036630749999999 0.827293934375 0.6058165203125 0.85591641875 0.6044877984375 0.8582575703125 0.5958740125
6 0.821931940625 0.589191775 0.8597679859375 0.5890543203124999 0.8619581015625 0.5808070796875 0.85712475 0.5797074453125 0.8137001406250001 0.579799084375 0.8084891937500001 0.5805779890625 0.80819986875 0.5808979109375 0.8093199249999999 0.5901081359375 0.814077746875 0.5907954046875 0.81838245 0.5912994031250001 0.821931940625 0.589191775
6 0.8553122515625 0.5651445125000001 0.8507054609375 0.5635866984375 0.8304658171874999 0.5625328828125 0.8266142437499999 0.5631743359375 0.82329131875 0.564869603125 0.8122652421875 0.5648237843749999 0.812956928125 0.5661989609375 0.8174006765625 0.5748579281249999 0.8247262171875 0.57549938125 0.8549346453125001 0.5732084796875 0.8553122515625 0.5651445125000001
6 0.8508564968749999 0.549940121875 0.844965859375 0.5487946734375 0.8218564171875 0.5492528531249999 0.819892871875 0.5504441203125 0.8222340234375001 0.5581415468750001 0.839754903125 0.558279003125 0.8494216046874999 0.5581415468750001 0.8508564968749999 0.549940121875
6 0.8034292828125 0.535148096875 0.804108971875 0.540966984375 0.8178538015625 0.5429829796875 0.843984096875 0.5428455234375 0.8566716218750001 0.5444033359375 0.8648278968750001 0.5437618828125 0.866262809375 0.5338193734375001 0.8513851499999999 0.5337277375 0.804939709375 0.5338193734375001 0.8048641796875 0.5342317375000001 0.8045621031250001 0.5341401 0.8034292828125 0.535148096875
6 0.855765371875 0.5292929828124999 0.8646013375000001 0.5269562640625 0.8642237312500001 0.5193504734375 0.8490439984375 0.5186632015625 0.8180803624999999 0.5173344796875 0.8118876359374999 0.516234846875 0.8065256421875 0.5172886625 0.8051662625 0.5185715656250001 0.8055438703125001 0.5248028140625001 0.8092444015625 0.5282391671875 0.8475335718749999 0.5284682578125001 0.855765371875 0.5292929828124999
6 0.86165601875 0.5113371171875001 0.8618825781250001 0.5034106 0.8541794421875 0.5007989734375 0.8358278218749999 0.5011196984375 0.826916328125 0.5016236953125001 0.8251038234375001 0.5030440546875 0.8084547109375 0.503225565625 0.8086402343750001 0.50803821875 0.8174006765625 0.5122076578125 0.84934608125 0.5128032921875 0.86165601875 0.5113371171875001
6 0.8270673734375 0.49677178125 0.8621091484375001 0.49635941875 0.8648278968750001 0.49567215 0.8669424890625 0.48838708437499995 0.8601455921875001 0.48545473437500003 0.843304396875 0.48545473437500003 0.815361603125 0.4855921875 0.811283465625 0.4870583640625 0.805015221875 0.48953253593749996 0.8038675453125 0.4904349 0.8093954421875 0.49512233281249995 0.818533496875 0.498604503125 0.8273694578124999 0.498650321875 0.8270673734375 0.49677178125
6 0.8393772953124999 0.48174826875 0.8642992546875 0.481475759375 0.8667159296875001 0.47345760468750003 0.8621091484375001 0.4701128921875 0.8497992109375 0.470845978125 0.8144553531250001 0.47029616250000006 0.8087912765624999 0.472083065625 0.8044110546875001 0.47492378437499994 0.80969753125 0.480786090625 0.8189110984375001 0.483076990625 0.8278225812500001 0.483076990625 0.8393772953124999 0.48174826875
6 0.8444372078125 0.46727457031249997 0.851913803125 0.46539603281249997 0.852895565625 0.45737788124999995 0.8497236875 0.456598975 0.819892871875 0.45696551875 0.8168645124999999 0.457890909375 0.8165699406250001 0.4611349578125 0.8215543328124999 0.4650294890625 0.8288043546875 0.46658730156250006 0.8444372078125 0.46727457031249997
6 0.8371872015624999 0.45119964218749997 0.8665648828125001 0.4505123703125 0.8659607171875001 0.4419902203125 0.861127365625 0.4396993203125 0.8525934828124999 0.43937859375 0.812416284375 0.4398825921875 0.81060378125 0.4414404046875 0.8054683515625 0.442860765625 0.804939709375 0.44464766562499997 0.8088668 0.4492752859375 0.821101209375 0.45280327031249995 0.8273694578124999 0.4517952765625 0.8371872015624999 0.45119964218749997
6 0.826840809375 0.4374156109375 0.828124665625 0.43535380156250003 0.8646768609375 0.43544543750000003 0.866791453125 0.4264651078125 0.85961695 0.42380766249999996 0.8143798359375 0.42394511718750005 0.8095464890624999 0.42596110937500004 0.8044621781249999 0.4272552046875 0.805392828125 0.4308636359375 0.8117366 0.43434580624999997 0.815663690625 0.4370948859375 0.826840809375 0.4374156109375
6 0.8617315421875 0.41978047187499995 0.8621846625 0.41336595000000004 0.863166434375 0.41231213593750005 0.8609763390625 0.41006705312499997 0.8544059921875 0.4082343328125 0.8475335718749999 0.4082343328125 0.8459476328125 0.4104335984375 0.810754821875 0.41061686875000003 0.806585865625 0.4106995453125 0.809470971875 0.41785611562499997 0.8204215187499999 0.42000956250000004 0.8427002218749999 0.42037610625 0.8617315421875 0.41978047187499995
6 0.866262809375 0.4028808171875 0.8681508328125 0.3945877578125 0.8637705999999999 0.39367139687499997 0.805015221875 0.3920219484375 0.8024475046875 0.39385466875 0.8017678140625 0.39403794062499997 0.8028251109375001 0.40223936406250005 0.8103016921874999 0.4033389984375 0.85433046875 0.4031557265625 0.866262809375 0.4028808171875
6 0.1335413046875 0.071522475 0.088079834375 0.073376665625 0.086551709375 0.0767373921875 0.0878858359375 0.0838662953125 0.1379346453125 0.083806496875 0.14079986093750002 0.0819523046875 0.14099088125 0.071870134375 0.1335413046875 0.071522475
6 0.7431372546875 0.8238095234375 0.7392156859375001 0.88095238125 0.901960784375 0.878571428125 0.898039215625 0.8202380953124999 0.7431372546875 0.8238095234375
6 0.1235294125 0.8178571421875 0.39607843125 0.8130952375 0.398039215625 0.797619046875 0.121568628125 0.8 0.1235294125 0.8178571421875
6 0.4342830875 0.4169921875 0.42945772031249996 0.412109375 0.3779871328125 0.412109375 0.3731617640625 0.4150390625 0.3779871328125 0.419921875 0.42945772031249996 0.419921875 0.4342830875 0.4169921875
6 0.4342830875 0.4638671875 0.4342830875 0.4599609375 0.42624080937500003 0.45703125 0.397288603125 0.45703125 0.38120404375 0.458984375 0.38120404375 0.46484375 0.4005055140625 0.466796875 0.423023896875 0.466796875 0.4342830875 0.4638671875
6 0.4310661765625 0.4482421875 0.4310661765625 0.4443359375 0.4198069859375 0.44140625 0.3779871328125 0.443359375 0.3763786765625 0.4482421875 0.38120404375 0.451171875 0.42624080937500003 0.451171875 0.4310661765625 0.4482421875
6 0.4342830875 0.4326171875 0.4342830875 0.4306640625 0.42624080937500003 0.42578125 0.3779871328125 0.427734375 0.3731617640625 0.4306640625 0.3779871328125 0.435546875 0.42624080937500003 0.435546875 0.4342830875 0.4326171875
3 0.9136029406249999 0.0810546875 0.9119944859375 0.07421875 0.8830422796875 0.07421875 0.8814338234375001 0.0810546875 0.889476103125 0.083984375 0.9087775734375001 0.083984375 0.9136029406249999 0.0810546875
6 0.477711396875 0.0859375 0.5774356625 0.0859375 0.59995404375 0.083984375 0.6047794125 0.0810546875 0.6047794125 0.0751953125 0.5935202203125 0.072265625 0.5388327203125 0.0703125 0.4005055140625 0.072265625 0.395680146875 0.0751953125 0.395680146875 0.0791015625 0.4037224265625 0.083984375 0.477711396875 0.0859375
4 0.73828125 0.146484375 0.90234375 0.1328125 0.9103860296875 0.1298828125 0.9136029406249999 0.1181640625 0.9136029406249999 0.0986328125 0.8991268375000001 0.095703125 0.82192095625 0.09375 0.43589154375000005 0.091796875 0.19140625 0.09375 0.1721047796875 0.095703125 0.1672794125 0.0986328125 0.1627450984375 0.1428571421875 0.3876378671875 0.146484375 0.73828125 0.146484375
4 0.44554227968750004 0.205078125 0.9055606624999999 0.19140625 0.9103860296875 0.1884765625 0.9136029406249999 0.1787109375 0.9136029406249999 0.1552734375 0.9087775734375001 0.15234375 0.27504595625 0.140625 0.17371323593750002 0.1455078125 0.1672794125 0.1572265625 0.1672794125 0.1962890625 0.175321690625 0.203125 0.44554227968750004 0.205078125
4 0.2010569859375 0.22265625 0.43910845624999995 0.22265625 0.4744944859375 0.220703125 0.479319853125 0.2177734375 0.4744944859375 0.212890625 0.423023896875 0.208984375 0.1721047796875 0.2109375 0.1672794125 0.2138671875 0.1672794125 0.2177734375 0.1721047796875 0.220703125 0.2010569859375 0.22265625
4 0.2010569859375 0.259765625 0.2525275734375 0.263671875 0.5549172796875 0.26953125 0.7833180140625 0.26953125 0.8991268375000001 0.24609375 0.9136029406249999 0.2392578125 0.9136029406249999 0.2333984375 0.9087775734375001 0.23046875 0.8959099265624999 0.228515625 0.4198069859375 0.2109375 0.1721047796875 0.2109375 0.1672794125 0.2158203125 0.1640625 0.2412109375 0.1672794125 0.2509765625 0.1721047796875 0.25390625 0.2010569859375 0.259765625
4 0.20427389687500003 0.2890625 0.371553309375 0.287109375 0.8798253671875 0.275390625 0.9055606624999999 0.2734375 0.9103860296875 0.2705078125 0.9103860296875 0.2646484375 0.9055606624999999 0.26171875 0.8959099265624999 0.259765625 0.2364430140625 0.2578125 0.178538603125 0.26171875 0.1721047796875 0.263671875 0.1672794125 0.2666015625 0.1672794125 0.2841796875 0.175321690625 0.287109375 0.20427389687500003 0.2890625
4 0.51953125 0.310546875 0.6128216906249999 0.3046875 0.6176470593750001 0.3017578125 0.616038603125 0.294921875 0.5774356625 0.29296875 0.3490349265625 0.291015625 0.1978400734375 0.29296875 0.175321690625 0.294921875 0.1672794125 0.2998046875 0.1721047796875 0.302734375 0.2010569859375 0.306640625 0.51953125 0.310546875
4 0.451976103125 0.3828125 0.4616268375 0.380859375 0.46645220624999995 0.3779296875 0.46645220624999995 0.3740234375 0.4616268375 0.37109375 0.42945772031249996 0.369140625 0.149586396875 0.369140625 0.1302849265625 0.373046875 0.1286764703125 0.3779296875 0.1335018375 0.380859375 0.16567095625 0.3828125 0.451976103125 0.3828125
4 0.16245404375 0.37109375 0.90234375 0.349609375 0.9136029406249999 0.3447265625 0.9136029406249999 0.3154296875 0.9055606624999999 0.3125 0.1721047796875 0.310546875 0.1399356625 0.314453125 0.0900735296875 0.3271484375 0.0868566171875 0.3330078125 0.0900735296875 0.3583984375 0.098115809375 0.361328125 0.16245404375 0.37109375
6 0.3779871328125 0.474609375 0.3779871328125 0.48046875 0.4310661765625 0.4794921875 0.42945772031249996 0.47265625 0.3779871328125 0.474609375
6 0.4198069859375 0.48828125 0.3779871328125 0.490234375 0.3779871328125 0.49609375 0.4310661765625 0.4951171875 0.4310661765625 0.4912109375 0.4198069859375 0.48828125
6 0.42945772031249996 0.50390625 0.3779871328125 0.505859375 0.3779871328125 0.51171875 0.42945772031249996 0.51171875 0.4342830875 0.5087890625 0.42945772031249996 0.50390625
6 0.3779871328125 0.521484375 0.3779871328125 0.52734375 0.4310661765625 0.5263671875 0.42945772031249996 0.51953125 0.3779871328125 0.521484375
6 0.4310661765625 0.5400390625 0.42945772031249996 0.53515625 0.3779871328125 0.53515625 0.3763786765625 0.5400390625 0.38442095625 0.54296875 0.42624080937500003 0.54296875 0.4310661765625 0.5400390625
6 0.4342830875 0.5537109375 0.42945772031249996 0.55078125 0.3779871328125 0.55078125 0.3763786765625 0.5556640625 0.38120404375 0.55859375 0.42945772031249996 0.55859375 0.4342830875 0.5537109375
6 0.4310661765625 0.5712890625 0.4310661765625 0.5673828125 0.42624080937500003 0.564453125 0.397288603125 0.564453125 0.3779871328125 0.56640625 0.3763786765625 0.5712890625 0.38442095625 0.57421875 0.42624080937500003 0.57421875 0.4310661765625 0.5712890625
6 0.42945772031249996 0.58203125 0.3779871328125 0.58203125 0.3779871328125 0.587890625 0.423023896875 0.58984375 0.4310661765625 0.5869140625 0.42945772031249996 0.58203125
6 0.4310661765625 0.5986328125 0.423023896875 0.595703125 0.397288603125 0.595703125 0.3779871328125 0.59765625 0.3779871328125 0.603515625 0.42624080937500003 0.603515625 0.4310661765625 0.6005859375 0.4310661765625 0.5986328125
6 0.42945772031249996 0.611328125 0.38120404375 0.611328125 0.3763786765625 0.6142578125 0.3779871328125 0.619140625 0.4310661765625 0.6181640625 0.42945772031249996 0.611328125
6 0.42624080937500003 0.626953125 0.39085477968750004 0.626953125 0.3779871328125 0.62890625 0.3779871328125 0.634765625 0.4310661765625 0.6337890625 0.4310661765625 0.6298828125 0.42624080937500003 0.626953125
6 0.42945772031249996 0.642578125 0.3779871328125 0.642578125 0.3779871328125 0.650390625 0.42945772031249996 0.650390625 0.4342830875 0.6474609375 0.42945772031249996 0.642578125
6 0.42945772031249996 0.658203125 0.3779871328125 0.658203125 0.3779871328125 0.666015625 0.42624080937500003 0.666015625 0.4310661765625 0.6630859375 0.42945772031249996 0.658203125
6 0.42945772031249996 0.673828125 0.3779871328125 0.673828125 0.3731617640625 0.6767578125 0.38120404375 0.681640625 0.4310661765625 0.6806640625 0.42945772031249996 0.673828125
6 0.4310661765625 0.6943359375 0.42945772031249996 0.689453125 0.3779871328125 0.689453125 0.3763786765625 0.6943359375 0.3876378671875 0.697265625 0.423023896875 0.697265625 0.4310661765625 0.6943359375
6 0.3779871328125 0.705078125 0.3779871328125 0.7109375 0.4310661765625 0.7099609375 0.42945772031249996 0.703125 0.3779871328125 0.705078125
6 0.4310661765625 0.7216796875 0.42624080937500003 0.71875 0.394071690625 0.71875 0.3779871328125 0.720703125 0.3731617640625 0.7236328125 0.3779871328125 0.7265625 0.4310661765625 0.7255859375 0.4310661765625 0.7216796875
6 0.42945772031249996 0.734375 0.39085477968750004 0.734375 0.3779871328125 0.736328125 0.3779871328125 0.7421875 0.42945772031249996 0.7421875 0.4342830875 0.7392578125 0.42945772031249996 0.734375
6 0.42945772031249996 0.751953125 0.4198069859375 0.75 0.3779871328125 0.751953125 0.3779871328125 0.7578125 0.42624080937500003 0.7578125 0.4310661765625 0.7548828125 0.42945772031249996 0.751953125
6 0.4310661765625 0.7685546875 0.42624080937500003 0.765625 0.3779871328125 0.767578125 0.3779871328125 0.771484375 0.4037224265625 0.7734375 0.4310661765625 0.7724609375 0.4310661765625 0.7685546875
6 0.4342830875 0.7861328125 0.42945772031249996 0.78125 0.38120404375 0.78125 0.3763786765625 0.7841796875 0.3779871328125 0.7890625 0.42945772031249996 0.7890625 0.4342830875 0.7861328125
6 0.151194853125 0.3017578125 0.14636948593750002 0.294921875 0.1302849265625 0.294921875 0.125459559375 0.2978515625 0.1302849265625 0.3046875 0.14636948593750002 0.3046875 0.151194853125 0.3017578125
6 0.14636948593750002 0.263671875 0.1302849265625 0.263671875 0.1302849265625 0.2734375 0.1431525734375 0.2734375 0.147977940625 0.2705078125 0.14636948593750002 0.263671875
6 0.151194853125 0.2373046875 0.1431525734375 0.23046875 0.1335018375 0.23046875 0.125459559375 0.2353515625 0.1335018375 0.2421875 0.1431525734375 0.2421875 0.151194853125 0.2373046875
6 0.14636948593750002 0.212890625 0.1399356625 0.2109375 0.1302849265625 0.212890625 0.1302849265625 0.22265625 0.147977940625 0.2216796875 0.151194853125 0.2158203125 0.14636948593750002 0.212890625
6 0.151194853125 0.1630859375 0.151194853125 0.1572265625 0.14636948593750002 0.154296875 0.1286764703125 0.1552734375 0.125459559375 0.1611328125 0.1335018375 0.166015625 0.14636948593750002 0.166015625 0.151194853125 0.1630859375
6 0.151194853125 0.1005859375 0.14636948593750002 0.09765625 0.1302849265625 0.09765625 0.1302849265625 0.107421875 0.14636948593750002 0.107421875 0.151194853125 0.1044921875 0.151194853125 0.1005859375