6 0.7514193296875 0.6430213421875 0.7646484375 0.6420036765625 0.817932346875 0.6435751609375 0.8613476046875 0.6444058312500001 0.8690468734374999 0.61893121875 0.8679775328125 0.6061939187500001 0.864555628125 0.6014866515625 0.817932346875 0.598717671875 0.738587234375 0.6023173421875 0.733882140625 0.61062428125 0.7358069406250001 0.6192081234375 0.7469281 0.6377602875 0.7514193296875 0.6430213421875
6 0.3138908234375 0.0977690140625 0.31640625 0.0947840078125 0.31640625 0.089728859375 0.3134765625 0.0859375 0.2823452578125 0.0851701546875 0.28125 0.089728859375 0.2839492703125 0.09735366250000001 0.3037109375 0.0985753671875 0.3138908234375 0.0977690140625
6 0.1728515625 0.0985753671875 0.1962890625 0.0985753671875 0.19899685625000002 0.0983228078125 0.197265625 0.0872012875 0.1962890625 0.0859375 0.1845703125 0.0834099265625 0.1787109375 0.0834099265625 0.16445713281250002 0.085723953125 0.1640625 0.089728859375 0.166015625 0.0947840078125 0.16852063281250002 0.09721521718750001 0.1728515625 0.0985753671875
6 0.0947265625 0.0985753671875 0.1064453125 0.0985753671875 0.111028409375 0.097492115625 0.11273935312500001 0.094307790625 0.111328125 0.089728859375 0.1088897265625 0.0854470546875 0.08108685624999999 0.0850317078125 0.07862736875000001 0.0872468890625 0.080078125 0.092256434375 0.082156196875 0.09707676875 0.0947265625 0.0985753671875
6 0.4482421875 0.0985753671875 0.4638130453125 0.0969383171875 0.46552398906250003 0.09513848124999999 0.46484375 0.0872012875 0.4638671875 0.0859375 0.43124748124999995 0.08489325625000001 0.431640625 0.089728859375 0.43359375 0.0947840078125 0.4384765625 0.0985753671875 0.4482421875 0.0985753671875
6 0.5615234375 0.0985753671875 0.5791015625 0.0985753671875 0.58203125 0.0947840078125 0.58203125 0.089728859375 0.5791015625 0.0859375 0.5693359375 0.0834099265625 0.5615234375 0.0834099265625 0.5498046875 0.0859375 0.54793124375 0.086693096875 0.548828125 0.092256434375 0.55135313125 0.09679987031250001 0.5615234375 0.0985753671875
6 0.774909390625 0.0983575734375 0.7843195953125 0.097942228125 0.787109375 0.0947840078125 0.787109375 0.092256434375 0.7841796875 0.0859375 0.7548828125 0.0859375 0.752453225 0.0867278578125 0.7522393609375 0.09143512499999999 0.7560889875 0.0973884296875 0.774909390625 0.0983575734375
6 0.89138768125 0.1763763484375 0.91677830625 0.1763763484375 0.9384851453125 0.1573547234375 0.93859206875 0.1446174171875 0.93630955625 0.14099031875 0.88748143125 0.1384627453125 0.87380955625 0.14099031875 0.871972103125 0.1446174171875 0.87207904375 0.15763161718750002 0.87283299375 0.1624746953125 0.89138768125 0.1763763484375
6 0.9149889625000001 0.198177446875 0.9170207125 0.196239159375 0.916015625 0.188304228125 0.9145612249999999 0.18474789687499998 0.9111328125 0.18451286718749998 0.9052734375 0.18451286718749998 0.8955078125 0.187040440625 0.8936021390625 0.187793771875 0.8933882750000001 0.19305483437499998 0.8958477546875001 0.198177446875 0.9149889625000001 0.198177446875
6 0.9072265625 0.22242647031249999 0.908203125 0.2211626828125 0.908203125 0.2186351109375 0.9072265625 0.2173713234375 0.9033203125 0.2173713234375 0.90234375 0.2186351109375 0.90234375 0.2211626828125 0.9033203125 0.22242647031249999 0.9072265625 0.22242647031249999
6 0.9072265625 0.29319852968750004 0.908203125 0.2919347421875 0.908203125 0.28940716875 0.9052734375 0.285615809375 0.9033203125 0.285615809375 0.90234375 0.28687959531249996 0.90234375 0.2919347421875 0.9033203125 0.29319852968750004 0.9072265625 0.29319852968750004
6 0.9061572218749999 0.3548294421875 0.9071337843749999 0.35356565624999997 0.9071337843749999 0.35103808281250004 0.9061572218749999 0.3497742953125 0.9042040968749999 0.3497742953125 0.9032275343749999 0.35103808281250004 0.9032275343749999 0.35356565624999997 0.9042040968749999 0.3548294421875 0.9061572218749999 0.3548294421875
6 0.9072265625 0.41957720624999995 0.908203125 0.41831341875000005 0.908203125 0.413258271875 0.9072265625 0.4119944859375 0.9052734375 0.4119944859375 0.90234375 0.41578584531249996 0.90234375 0.41831341875000005 0.9033203125 0.41957720624999995 0.9072265625 0.41957720624999995
6 0.84375 0.41575035312499997 0.8408203125 0.4119589921875 0.8349609375 0.4119589921875 0.8349609375 0.42206928593750004 0.8408203125 0.42206928593750004 0.84375 0.4182779265625 0.84375 0.41575035312499997
6 0.8439184171875 0.35911450624999997 0.845703125 0.3525965078125 0.845703125 0.350068934375 0.842956009375 0.3452696125 0.8351498156250001 0.3445773671875 0.8327972671874999 0.346238753125 0.8320487328124999 0.35565328125 0.8349609375 0.3563878671875 0.8439184171875 0.35911450624999997
6 0.8408203125 0.29319852968750004 0.841796875 0.2919347421875 0.841796875 0.28687959531249996 0.8408203125 0.285615809375 0.8388671875 0.285615809375 0.8359375 0.28940716875 0.8359375 0.2919347421875 0.8369140625 0.29319852968750004 0.8408203125 0.29319852968750004
6 0.8407133796874999 0.22256491718750002 0.8416899421874999 0.22130113125 0.8416899421874999 0.2187735578125 0.8407133796874999 0.21750977031250002 0.8387602546874999 0.21750977031250002 0.8367538265625001 0.21859124687499998 0.8358305671874999 0.22130113125 0.8368071296874999 0.22256491718750002 0.8407133796874999 0.22256491718750002
6 0.8475541796874999 0.1990073265625 0.8505859375 0.19715073593750002 0.8515625 0.1958869484375 0.8515625 0.193359375 0.849609375 0.1857766546875 0.8486328125 0.18451286718749998 0.8388671875 0.18451286718749998 0.8291015625 0.187040440625 0.828125 0.188304228125 0.828125 0.193359375 0.8310546875 0.19715073593750002 0.8475541796874999 0.1990073265625
6 0.8236009359375001 0.17562083906249998 0.8505859375 0.176930146875 0.8577129203125 0.171882715625 0.857421875 0.145335478125 0.8564453125 0.144071690625 0.8466796875 0.14154411718749998 0.8291015625 0.14154411718749998 0.8230662656250001 0.1426699828125 0.81964436875 0.1421161859375 0.8203125 0.1478630515625 0.8197513093750001 0.161637490625 0.822265625 0.1731387875 0.8236009359375001 0.17562083906249998
6 0.7919122703125 0.1720211625 0.7918053390625001 0.1624681875 0.7859239625 0.1418392890625 0.764751003125 0.14142394062500002 0.7578125 0.165556065625 0.7578125 0.1706112125 0.7600459015625 0.1757592859375 0.7879557046875 0.176589978125 0.7919122703125 0.1720211625
6 0.787109375 0.1958869484375 0.787109375 0.1908318015625 0.7841796875 0.18451286718749998 0.7724609375 0.18451286718749998 0.7628261859375 0.1865524078125 0.762612321875 0.1961053890625 0.7646484375 0.19715073593750002 0.7862447593749999 0.198459021875 0.787109375 0.1958869484375
6 0.7802734375 0.22495404375 0.78125 0.22369025781250002 0.78125 0.21610753593749998 0.7802734375 0.21484375 0.7685546875 0.21484375 0.767578125 0.21610753593749998 0.767578125 0.22369025781250002 0.7685546875 0.22495404375 0.7802734375 0.22495404375
6 0.7783203125 0.295726103125 0.78125 0.2919347421875 0.78125 0.28687959531249996 0.7802734375 0.285615809375 0.7744140625 0.2830882359375 0.7685546875 0.2830882359375 0.767578125 0.284352021875 0.767578125 0.2919347421875 0.7705078125 0.295726103125 0.7783203125 0.295726103125
6 0.7783203125 0.3563878671875 0.78125 0.3525965078125 0.78125 0.350068934375 0.7783203125 0.3462775734375 0.7705078125 0.3462775734375 0.767578125 0.350068934375 0.767578125 0.3525965078125 0.7705078125 0.3563878671875 0.7783203125 0.3563878671875
6 0.7707216765625 0.38883097499999997 0.7716982406249999 0.3875671875 0.7716982406249999 0.3850396140625 0.7707216765625 0.383775828125 0.7687685515625 0.383775828125 0.7677919906249999 0.3850396140625 0.7677919906249999 0.3875671875 0.7687685515625 0.38883097499999997 0.7707216765625 0.38883097499999997
6 0.7841796875 0.424632353125 0.7919921875 0.42210477968750004 0.79296875 0.4208409921875 0.79296875 0.413258271875 0.7900390625 0.4094669125 0.7568359375 0.4094669125 0.755859375 0.4107306984375 0.755859375 0.4208409921875 0.7587890625 0.424632353125 0.7841796875 0.424632353125
6 0.7666015625 0.477711396875 0.7841796875 0.477711396875 0.7939453125 0.47265625 0.796875 0.4688648890625 0.796875 0.46128216875000005 0.7919921875 0.4549632359375 0.7666015625 0.4524356625 0.7568359375 0.4549632359375 0.751953125 0.46128216875000005 0.751953125 0.46633731718749993 0.7548828125 0.4701286765625 0.7666015625 0.477711396875
6 0.7099609375 0.467601103125 0.7109375 0.46633731718749993 0.7109375 0.4638097421875 0.7099609375 0.46254595624999995 0.7060546875 0.46254595624999995 0.705078125 0.4638097421875 0.705078125 0.46633731718749993 0.7060546875 0.467601103125 0.7099609375 0.467601103125
6 0.7275390625 0.42210477968750004 0.728515625 0.4208409921875 0.728515625 0.413258271875 0.725786909375 0.40835334218749997 0.6884765625 0.4094669125 0.6875 0.4107306984375 0.6875 0.41831341875000005 0.6904296875 0.42210477968750004 0.7275390625 0.42210477968750004
6 0.71484375 0.3525965078125 0.71484375 0.350068934375 0.7119140625 0.3462775734375 0.7018336749999999 0.3455469140625 0.7007643328125 0.3512233265625 0.702154471875 0.3573150765625 0.7119140625 0.3563878671875 0.71484375 0.3525965078125
6 0.7041015625 0.295726103125 0.7119140625 0.295726103125 0.71484375 0.2919347421875 0.71484375 0.28687959531249996 0.7138671875 0.285615809375 0.7080078125 0.2830882359375 0.7041015625 0.2830882359375 0.7020475390625001 0.2837466375 0.701171875 0.28687959531249996 0.701171875 0.2919347421875 0.7041015625 0.295726103125
6 0.71875 0.22369025781250002 0.71875 0.2186351109375 0.716796875 0.21357996406250002 0.7158203125 0.2123161765625 0.7021484375 0.2123161765625 0.701171875 0.21357996406250002 0.69921875 0.2186351109375 0.69921875 0.2211626828125 0.702903015625 0.22575521875 0.71875 0.22369025781250002
6 0.718729259375 0.184823728125 0.7099609375 0.18451286718749998 0.69648696875 0.185515971875 0.6962730953125 0.1970072359375 0.717980725 0.1990839703125 0.7202263390625 0.1974225875 0.718729259375 0.184823728125
6 0.7192639296875 0.183031628125 0.7216796875 0.18198529375 0.723969034375 0.1772167609375 0.721937284375 0.16752533281249998 0.7283533296875 0.1485578234375 0.7296365375 0.137343459375 0.7138671875 0.133961396875 0.6962890625 0.133961396875 0.687290628125 0.13692811093749999 0.6875 0.14028033125 0.693359375 0.178193934375 0.6982421875 0.18198529375 0.7192639296875 0.183031628125
6 0.6455078125 0.18198529375 0.6669921875 0.176930146875 0.671875 0.1706112125 0.671875 0.1428079046875 0.6689453125 0.13901654375 0.6337890625 0.13901654375 0.6201171875 0.14154411718749998 0.609375 0.1478630515625 0.603515625 0.16302849218749998 0.603515625 0.1731387875 0.6083984375 0.1794577203125 0.6455078125 0.18198529375
6 0.6474609375 0.199678309375 0.650390625 0.1958869484375 0.650390625 0.188304228125 0.649828415625 0.18469300625 0.6259765625 0.18451286718749998 0.625 0.1857766546875 0.623046875 0.1908318015625 0.623046875 0.193359375 0.6259765625 0.199678309375 0.6474609375 0.199678309375
6 0.6435546875 0.22495404375 0.646484375 0.2211626828125 0.646484375 0.2186351109375 0.6435546875 0.21484375 0.6298828125 0.21484375 0.62890625 0.21610753593749998 0.62890625 0.22369025781250002 0.6298828125 0.22495404375 0.6435546875 0.22495404375
6 0.6435546875 0.295726103125 0.646484375 0.2919347421875 0.646484375 0.28940716875 0.6435546875 0.285615809375 0.6337890625 0.2830882359375 0.6298828125 0.2830882359375 0.62890625 0.284352021875 0.62890625 0.2944623171875 0.6298828125 0.295726103125 0.6435546875 0.295726103125
6 0.6416015625 0.3563878671875 0.64453125 0.3525965078125 0.64453125 0.350068934375 0.6416015625 0.3462775734375 0.6318359375 0.3462775734375 0.630859375 0.34754135937499997 0.630859375 0.35512408125 0.6318359375 0.3563878671875 0.6416015625 0.3563878671875
6 0.6552734375 0.42210477968750004 0.658203125 0.41831341875000005 0.658203125 0.413258271875 0.6552734375 0.4094669125 0.6181640625 0.4094669125 0.6168376796875 0.4101576515625 0.616196078125 0.42054132343750006 0.6181640625 0.42210477968750004 0.6552734375 0.42210477968750004
6 0.6376953125 0.467601103125 0.638671875 0.46633731718749993 0.638671875 0.4638097421875 0.6376953125 0.46254595624999995 0.6357421875 0.46254595624999995 0.634765625 0.4638097421875 0.634765625 0.46633731718749993 0.6357421875 0.467601103125 0.6376953125 0.467601103125
6 0.575384784375 0.45935522031250003 0.576171875 0.456227021875 0.576171875 0.4486443015625 0.5751953125 0.4473805140625 0.5693359375 0.44485294062499997 0.5556640625 0.4473805140625 0.5546875 0.4486443015625 0.5546875 0.4536994484375 0.5578475875 0.45949366718749995 0.575384784375 0.45935522031250003
6 0.5771484375 0.4119944859375 0.58203125 0.408203125 0.5830840375 0.4006754234375 0.5806245484375 0.397767996875 0.551538471875 0.398044890625 0.54800964375 0.3998447328125 0.54800964375 0.40538269062500004 0.5518592703125 0.41008995312499996 0.5771484375 0.4119944859375
6 0.5757055890625 0.381369009375 0.576171875 0.37534466875 0.576171875 0.370289521875 0.5751953125 0.3690257359375 0.5693359375 0.3664981625 0.5556640625 0.3690257359375 0.5546875 0.370289521875 0.5546875 0.37534466875 0.559237725 0.3794307265625 0.5757055890625 0.381369009375
6 0.5673828125 0.3462775734375 0.5810522953125 0.3471879765625 0.58203125 0.3424862125 0.5834048421875 0.335419809375 0.5791015625 0.33363970625 0.5517578125 0.33363970625 0.547047234375 0.33597361875 0.548828125 0.3424862125 0.5496136546875 0.345941934375 0.5673828125 0.3462775734375
6 0.5732421875 0.315946690625 0.5754917078124999 0.31594241875 0.576171875 0.31215533125 0.576171875 0.3071001828125 0.5732421875 0.3033088234375 0.568968728125 0.3023744203125 0.5576171875 0.3033088234375 0.5532494156250001 0.3055587515625 0.5546875 0.31215533125 0.5595703125 0.315946690625 0.5732421875 0.315946690625
6 0.5673828125 0.285615809375 0.5791015625 0.285615809375 0.58203125 0.2818244484375 0.58276323125 0.274823078125 0.58115921875 0.27260789218750003 0.5498046875 0.272977940625 0.547795778125 0.2735770359375 0.548828125 0.2818244484375 0.5498046875 0.2830882359375 0.5673828125 0.285615809375
6 0.57517091875 0.254516621875 0.576171875 0.251493565625 0.576171875 0.24391084531249999 0.5751953125 0.242647059375 0.5673828125 0.2401194859375 0.5556640625 0.242647059375 0.5546875 0.24391084531249999 0.5546875 0.24896599218749998 0.55752678125 0.2542397234375 0.57517091875 0.254516621875
6 0.5576171875 0.21484375 0.5791015625 0.21484375 0.5819077546875 0.21444347343749998 0.58203125 0.2110523890625 0.58265630625 0.20392134843749998 0.5810546875 0.20220588281250002 0.547795778125 0.20309065624999997 0.54800964375 0.207659471875 0.548828125 0.2110523890625 0.5498046875 0.2123161765625 0.5576171875 0.21484375
6 0.5849609375 0.156709559375 0.5889654125 0.156182071875 0.589500084375 0.14524460781249998 0.5810546875 0.14154411718749998 0.5304060890625 0.1441118765625 0.5306804875 0.1542369359375 0.5341796875 0.156709559375 0.5644999109375 0.1577007734375 0.5849609375 0.156709559375
6 0.5224609375 0.1693474265625 0.52734375 0.16302849218749998 0.52734375 0.150390625 0.5234375 0.14028033125 0.5205078125 0.1364889703125 0.5126953125 0.133961396875 0.5009765625 0.1364889703125 0.494140625 0.1478630515625 0.4921875 0.1529181984375 0.4921875 0.16302849218749998 0.4970703125 0.1693474265625 0.5224609375 0.1693474265625
6 0.5146484375 0.22748161718749998 0.517578125 0.21357996406250002 0.5146484375 0.20978860312499997 0.5087890625 0.20978860312499997 0.505859375 0.21357996406250002 0.505859375 0.22369025781250002 0.5087890625 0.22748161718749998 0.5146484375 0.22748161718749998
6 0.5087890625 0.295726103125 0.5126953125 0.295726103125 0.515625 0.2919347421875 0.515625 0.284352021875 0.5126953125 0.2805606625 0.5087890625 0.2805606625 0.505243740625 0.2839430609375 0.505859375 0.2919347421875 0.5068901234375 0.29566681875 0.5087890625 0.295726103125
6 0.5146484375 0.3563878671875 0.515625 0.35512408125 0.515625 0.3450137875 0.5146484375 0.34375 0.5068359375 0.34375 0.505859375 0.3450137875 0.505859375 0.3525965078125 0.505861134375 0.3576851265625 0.5146484375 0.3563878671875
6 0.5205078125 0.42210477968750004 0.5234375 0.41831341875000005 0.5234375 0.4107306984375 0.5205078125 0.4069393375 0.5107421875 0.4044117640625 0.4990234375 0.4094669125 0.498046875 0.4107306984375 0.498046875 0.41578584531249996 0.5029296875 0.42210477968750004 0.5205078125 0.42210477968750004
6 0.1875 0.236328125 0.1845703125 0.2325367640625 0.1728515625 0.2325367640625 0.169921875 0.236328125 0.1745628890625 0.24860364218750003 0.1875 0.24643841875 0.1875 0.236328125
6 0.1083984375 0.2805606625 0.126953125 0.2590762875 0.126953125 0.2186351109375 0.1220703125 0.20726102968750001 0.1162109375 0.20473345625 0.0751953125 0.20473345625 0.068359375 0.2110523890625 0.064453125 0.22621783125 0.064453125 0.2590762875 0.0869140625 0.2805606625 0.0927734375 0.2830882359375 0.1083984375 0.2805606625
6 0.1259765625 0.18451286718749998 0.130859375 0.178193934375 0.130859375 0.16302849218749998 0.126953125 0.14028033125 0.1162109375 0.11879595624999999 0.1103515625 0.1162683828125 0.0830078125 0.1162683828125 0.07421875 0.12511488906249998 0.0625 0.145335478125 0.061547359375 0.17527418749999998 0.0634765625 0.18198529375 0.0693359375 0.18451286718749998 0.1259765625 0.18451286718749998
6 0.1650390625 0.187040440625 0.2119140625 0.18451286718749998 0.216796875 0.18072150781250002 0.23046875 0.1301700359375 0.23046875 0.1225873171875 0.2275390625 0.11879595624999999 0.1376953125 0.1162683828125 0.1328125 0.1225873171875 0.1328125 0.14028033125 0.1416015625 0.1794577203125 0.1650390625 0.187040440625
6 0.3359375 0.16302849218749998 0.3359375 0.155445771875 0.3330078125 0.1516544125 0.3134765625 0.1364889703125 0.3017578125 0.1314338234375 0.2841796875 0.1364889703125 0.262711796875 0.15397941875 0.262192396875 0.1624973328125 0.26600128437500004 0.1676529078125 0.3317912390625 0.16854952343750002 0.3359375 0.16302849218749998
6 0.466796875 0.155445771875 0.4631732140625 0.127304921875 0.4091796875 0.123851103125 0.39322811562500004 0.1286498515625 0.390625 0.1529181984375 0.3975564015625 0.174377571875 0.45797927187500004 0.17617083125 0.466796875 0.155445771875
6 0.4189453125 0.2578125 0.4521484375 0.2552849265625 0.45607481562499996 0.25147092656250003 0.458984375 0.2211626828125 0.457459871875 0.2111229328125 0.4423828125 0.20978860312499997 0.36968223125 0.21000215625 0.3686434453125 0.214933578125 0.368470315625 0.250798453125 0.3701171875 0.2578125 0.4189453125 0.2578125
6 0.47217604375000005 0.32737042031249997 0.47650432968749995 0.3197491390625 0.47338795781250004 0.3038340953125 0.4839489859375 0.30136838906249996 0.48706535625 0.2903847671875 0.485853415625 0.28029777031249997 0.47494615625 0.278056215625 0.427681259375 0.2778320640625 0.40984872968749997 0.2778320640625 0.3688165734375 0.27895284062500003 0.3693359734375 0.32624964218749997 0.3733180015625 0.328491196875 0.47217604375000005 0.32737042031249997
6 0.4119263015625 0.38803953125 0.4150426734375 0.3611408734375 0.45797927187500004 0.360468409375 0.4586717875 0.3481398578125 0.45261218750000004 0.3398461046875 0.41486954374999996 0.3385011703125 0.3686580046875 0.3415126046875 0.3688165734375 0.387815378125 0.39894144531250003 0.39297095312499997 0.4119263015625 0.38803953125
6 0.45953744375000005 0.46026071562500004 0.47494615625 0.45443266875 0.4745998734375 0.4282064765625 0.48083261562499996 0.4246199921875 0.48083261562499996 0.40803248437499995 0.3684415546875 0.4053781515625 0.368470315625 0.4811071734375 0.4586717875 0.4811071734375 0.45953744375000005 0.46026071562500004
6 0.2878142734375 0.4820037984375 0.2893724453125 0.4542085171875 0.361048859375 0.45398435625 0.362433915625 0.44501813749999997 0.3601832015625 0.4347069890625 0.3449476296875 0.43179296875000006 0.3449476296875 0.41632623750000003 0.3430432015625 0.405566778125 0.23229436875 0.40509803906249997 0.23206594531250002 0.4795380921875 0.2592475875 0.4835728796875 0.2878142734375 0.4820037984375
6 0.30235730156249996 0.3616050046875 0.3402730875 0.3611566734375 0.3409656296875 0.3456899515625 0.334040371875 0.3389652875 0.3155152875 0.3394135921875 0.273963759375 0.3394135921875 0.23229436875 0.34179271718750004 0.232412215625 0.3882794828125 0.3016647875 0.3914176625 0.30235730156249996 0.3616050046875
6 0.2833128453125 0.2768929828125 0.2691160734375 0.27734129687500003 0.23229436875 0.2782072828125 0.23293155468750001 0.328220796875 0.3343866296875 0.32777626875 0.3343866296875 0.30244671093750003 0.3397536875 0.2959461984375 0.3397536875 0.28182440625 0.33075085937500004 0.2766688234375 0.2833128453125 0.2768929828125
6 0.2698086015625 0.2294391734375 0.338195515625 0.2292150140625 0.338714915625 0.2101617984375 0.3224405453125 0.20881686875 0.271539915625 0.2054545375 0.23229436875 0.2092997203125 0.2322390734375 0.2545445796875 0.2685966734375 0.25790691250000003 0.2698086015625 0.2294391734375
6 0.703450990625 0.11686300937500001 0.7011872125 0.122547246875 0.7011872125 0.1289420265625 0.703656784375 0.13293876093749998 0.8347441515625 0.13293876093749998 0.8394089015624999 0.13009663437500002 0.8396833046875001 0.123790678125 0.835773140625 0.11490904531249999 0.8229450828125 0.1150866859375 0.82088710625 0.102297128125 0.7915638203124999 0.1023859453125 0.7594593765625001 0.10132015000000001 0.7182847328124999 0.102463928125 0.71977760625 0.11570839375 0.716896440625 0.1141985234375 0.703450990625 0.11686300937500001
6 0.8425544578125 0.2657414546875 0.8441322421875 0.25996839375 0.8441322421875 0.2512643953125 0.8266247343750001 0.24948806874999999 0.749755475 0.2487775390625 0.7444047421875 0.250997946875 0.7206008015625 0.25073149843750003 0.71593605 0.24717884531249998 0.7094877203125 0.24788937500000002 0.7031765921875001 0.250997946875 0.6936295015625 0.252297446875 0.6962780640624999 0.266540803125 0.836997915625 0.2677842328125 0.8425544578125 0.2657414546875
6 0.7271161078125 0.32920283906250003 0.7356910140624999 0.33071272343749997 0.743099734375 0.329824559375 0.7749514734375 0.3300910015625 0.7823601953125 0.3296469203125 0.875196365625 0.329320371875 0.8778717328125 0.3252348234375 0.8782833312499999 0.31200119375 0.8503971984375 0.3107577703125 0.8179444890625 0.31146829375 0.766899265625 0.3091590703125 0.7426761796875 0.3077380078125 0.7365022484375 0.3077380078125 0.7282703390624999 0.30995841562500004 0.6876595890625 0.311201853125 0.682857640625 0.30853736249999997 0.67592911875 0.308892621875 0.6681774015624999 0.312534096875 0.6601372203125 0.3135627078125 0.6610379390625 0.325916634375 0.6646050984375 0.328936396875 0.7271161078125 0.32920283906250003
5 0.941709090625 0.07808529374999999 0.057499999999999996 0.07808529374999999 0.057499999999999996 0.49092647031250003 0.941709090625 0.49092647031250003 0.941709090625 0.07808529374999999
3 0.50465 0.9023558828124999 0.4937772734375 0.9023558828124999 0.4937772734375 0.9199735296875 0.50465 0.9199735296875 0.50465 0.9023558828124999