5 0.975215996875 0.0931741234375 0.106477759375 0.0931741234375 0.106477759375 0.34194075 0.975215996875 0.34194075 0.975215996875 0.0931741234375
6 0.1212880359375 0.127882625 0.12648173125 0.12982596562499998 0.12709275312499999 0.1183818453125 0.1124282046875 0.117896009375 0.1130392375 0.12939411875 0.11930221249999999 0.13047375 0.1212880359375 0.127882625
6 0.12419039531250001 0.221594834375 0.12419039531250001 0.21490111875 0.12189905937500001 0.2097188640625 0.11716363125 0.20966488125 0.1176219078125 0.22353818906249998 0.12174630312500001 0.22397002968750002 0.12419039531250001 0.221594834375
6 0.17505804687499998 0.221594834375 0.17505804687499998 0.2140373984375 0.1718501859375 0.20950293593749997 0.1665037265625 0.20944895468750002 0.1666564828125 0.2213789078125 0.172613965625 0.22504966249999997 0.17505804687499998 0.221594834375
6 0.1811682765625 0.1488275234375 0.18162654218750002 0.150123078125 0.198124159375 0.149691225 0.198124159375 0.1375993265625 0.1576438953125 0.137815253125 0.158102171875 0.1341444984375 0.1550470578125 0.133928571875 0.1509226453125 0.137815253125 0.141604546875 0.1379771984375 0.1426738359375 0.14342935625 0.14404863750000002 0.14947529843750001 0.1811682765625 0.1488275234375
6 0.2190516921875 0.14278156875 0.216149334375 0.1445089890625 0.21706586875 0.1591920015625 0.2210375171875 0.160055709375 0.22424538593749999 0.1637264640625 0.21889893593749998 0.166101665625 0.21752413593750003 0.17387503437500001 0.21859342499999998 0.17840948437499998 0.2237871203125 0.1794891171875 0.23279970625000002 0.1764661421875 0.232188684375 0.168045 0.23050837031250002 0.161567196875 0.234021753125 0.160055709375 0.234021753125 0.14342935625 0.23738237812500002 0.140406375 0.2393682015625 0.1399745203125 0.24104851562500001 0.1332807921875 0.2395209578125 0.12421186718749999 0.21141390625 0.12372603281250001 0.2118721828125 0.1399745203125 0.2149272984375 0.1399745203125 0.2190516921875 0.14278156875
6 0.23050837031250002 0.223106321875 0.2309666375 0.2127418375 0.226842234375 0.2105825703125 0.2210375171875 0.211608221875 0.21920444843750003 0.2187877875 0.224856409375 0.22483374375 0.23050837031250002 0.223106321875
6 0.31085787656249997 0.151634571875 0.31666259375 0.14904344375 0.3165098375 0.1369515453125 0.305053159375 0.13824710625 0.30612244843749997 0.1341444984375 0.30352560156249997 0.1328489375 0.299401196875 0.1365196984375 0.28641696250000004 0.1366816375 0.28626420625 0.1449408359375 0.29176341250000004 0.1518504921875 0.31085787656249997 0.151634571875
6 0.30383111406249996 0.22461780937500003 0.30596969375 0.221594834375 0.30596969375 0.21576481250000001 0.3058169375 0.20950293593749997 0.297720884375 0.20944895468750002 0.297873640625 0.220731128125 0.30016497656249996 0.22483373593749997 0.30383111406249996 0.22461780937500003
6 0.43336795781250004 0.33063784687500003 0.4396309609375 0.33322896874999997 0.43993645312499996 0.3289104328125 0.447115971875 0.330853775 0.448032525 0.314443340625 0.4674324828125 0.3140114875 0.4697238171875 0.31638669531249997 0.4735427109375 0.31638669531249997 0.47613955781249995 0.3127159265625 0.491415128125 0.3125 0.49080412500000004 0.3001921875 0.45964194062499997 0.300624028125 0.4591836734375 0.2986806875 0.4549065328125 0.297601053125 0.4512403765625 0.29997624843750004 0.4165648296875 0.2997603203125 0.41534278437500005 0.298248834375 0.41076011250000005 0.298248834375 0.4067884640625 0.3001921875 0.3632530859375 0.30035412031250003 0.3632530859375 0.3265352390625 0.36523891875 0.330853775 0.43336795781250004 0.33063784687500003
6 0.3640443 0.2933462765625 0.4076194109375 0.2928338375 0.41124462812499996 0.2913990046875 0.41109961874999995 0.277563125 0.4915794390625 0.2772556609375 0.49295702031250005 0.26987652500000003 0.49237698593749996 0.264239684375 0.4817188484375 0.264137203125 0.48113881249999996 0.2612675328125 0.4789636828125 0.260345140625 0.47512096093749995 0.26075509375 0.4735258578125 0.2638297328125 0.4702631609375 0.26352226875 0.4668554578125 0.26075509375 0.4625777015625 0.26096006875 0.46156264062499996 0.2631123234375 0.45975003281250004 0.2631123234375 0.45989504062500003 0.25901280312499997 0.460112553125 0.24425452499999997 0.46431780624999996 0.24343462031250002 0.4641002921875 0.2305211328125 0.4575023984375 0.23041864531249998 0.4437990765625 0.2303161578125 0.4187850796875 0.23041864531249998 0.41733499218750003 0.229496253125 0.4132042046875 0.2289363453125 0.409843578125 0.23001597812500002 0.363405840625 0.2297460703125 0.3633917625 0.2345181671875 0.3640443 0.27110638125 0.3640443 0.2933462765625
6 0.43067579062499994 0.2245768296875 0.4324884 0.216787746875 0.4313283296875 0.210330996875 0.42777561718749996 0.20981855781249997 0.4240053921875 0.2135849921875 0.423787878125 0.219247453125 0.42465793124999995 0.2245768296875 0.43067579062499994 0.2245768296875
6 0.418060040625 0.16359646875 0.42241029531249996 0.17056565937499998 0.42748559999999997 0.17056565937499998 0.42864566875000004 0.1675935015625 0.4361861203125 0.1668760859375 0.437926225 0.1517078609375 0.4472792859375 0.15058049375 0.4489468859375 0.1373595421875 0.42262780937500005 0.137052078125 0.42364287031250003 0.1333625109375 0.42154024375 0.132542609375 0.4171899828125 0.13766700781250002 0.40798193125 0.1376413828125 0.407401896875 0.15201532812500002 0.41798753125 0.15488498906249998 0.418060040625 0.16359646875
6 0.5153977765625 0.1512068640625 0.5198394421875 0.1498116453125 0.520661971875 0.1367896015625 0.501743765625 0.1376616125 0.49944067968750006 0.143533159375 0.5005922218750001 0.149346571875 0.5153977765625 0.1512068640625
6 0.51654931875 0.2221305140625 0.51654931875 0.21422425781249999 0.510462590625 0.2093410046875 0.5035533328125 0.21067807656249998 0.5024018 0.2218979625 0.5093110484375 0.2260836203125 0.51654931875 0.2221305140625
6 0.521649009375 0.2553832203125 0.51589129375 0.255150684375 0.512765678125 0.252592796875 0.5094755546874999 0.25282531874999997 0.50585641875 0.255150684375 0.4981246296875 0.2553250859375 0.500263209375 0.26770766875 0.521155490625 0.2684052640625 0.521649009375 0.2553832203125
6 0.5129301828124999 0.32072599375 0.520661971875 0.32188867656250003 0.521319996875 0.30909915312499997 0.51556228125 0.3079364703125 0.510956109375 0.30561110625 0.5078304921875 0.3079364703125 0.49878265468749994 0.308575946875 0.4982891453125 0.3160752625 0.501085740625 0.322353734375 0.5129301828124999 0.32072599375
6 0.550766609375 0.3228188078125 0.5532342015625 0.31863315000000003 0.553069684375 0.310494371875 0.544021846875 0.309971165625 0.544021846875 0.31491257968749997 0.5456669078124999 0.32188867656250003 0.550766609375 0.3228188078125
6 0.552576165625 0.2686378015625 0.5532342015625 0.26049902343750003 0.5512601171875 0.2549181546875 0.5466539453125 0.254162403125 0.5453378953125 0.2632894609375 0.5473119703125 0.2693354109375 0.552576165625 0.2686378015625
6 0.552576165625 0.21608455000000001 0.552740671875 0.20957352812500002 0.5471474625 0.20957352812500002 0.544021846875 0.213235978125 0.5484635124999999 0.22329318125 0.552576165625 0.22282810937500003 0.552576165625 0.21608455000000001
6 0.5315193796875 0.1705073953125 0.5374416 0.1705073953125 0.5397446859375 0.1660892 0.5685332625 0.1660892 0.570178325 0.1549274484375 0.5662301765625 0.1528346203125 0.5695203 0.150974328125 0.56968480625 0.1370221375 0.5446798703125 0.13771975 0.5441863625 0.1337666375 0.5395801812500001 0.1360920015625 0.5302033296875 0.135568784375 0.5305323421875 0.15306715625 0.5290517859375 0.15934565 0.5315193796875 0.1705073953125
6 0.5770875828124999 0.1321388703125 0.6201881953124999 0.131208725 0.6198591828125 0.1188842890625 0.6141014671875 0.11818668437499999 0.6139369609374999 0.101211515625 0.605547146875 0.100513909375 0.5813647421875 0.10138591718750001 0.5839968515625 0.11772160625000001 0.57577154375 0.1153962421875 0.5770875828124999 0.1321388703125
6 0.6011054812500001 0.2223630359375 0.6025860375 0.213061575 0.595841284375 0.2112012828125 0.5928801734375 0.21184075937500002 0.5928801734375 0.22003767187499998 0.596005790625 0.2246884015625 0.6011054812500001 0.2223630359375
6 0.6208462203125 0.2584062015625 0.618707640625 0.24910474218749998 0.5833388171875 0.2465468328125 0.575278015625 0.2490466 0.5775811015625 0.26049902343750003 0.5981443703125 0.2611966328125 0.6208462203125 0.2584062015625
6 0.60143449375 0.3302599765625 0.6020925187499999 0.3228188078125 0.600940975 0.316772871875 0.5976508515625001 0.3149125671875 0.5927156671875 0.315784578125 0.5927156671875 0.322353734375 0.596170296875 0.331190121875 0.60143449375 0.3302599765625
6 0.64510730625 0.3325600734375 0.6510581328125 0.3321657640625 0.651523040625 0.32099390156249996 0.6459441359375 0.321388203125 0.6463160640625001 0.3187595296875 0.6435266109375 0.318365228125 0.640737159375 0.3212567734375 0.6310456015625 0.32090038125000003 0.63301968125 0.32795988593750003 0.634879315625 0.33137716250000004 0.64510730625 0.3325600734375
6 0.657380890625 0.3045646921875 0.6572879078125 0.3004902484375 0.6498493703125 0.3004902484375 0.6263249890625 0.3009831234375 0.6280916421875 0.31258214687499997 0.6558002015625 0.31310788125 0.657380890625 0.3045646921875
6 0.6500353328124999 0.2845867734375 0.6518019859375 0.27867225625 0.6518019859375 0.27328347656249996 0.6464090453125 0.2731520421875 0.646966940625 0.2699976359375 0.64380555625 0.269866203125 0.6411090859375 0.27328347656249996 0.63190389375 0.2733820515625 0.63311265625 0.28182666562500003 0.637110871875 0.2849810734375 0.6500353328124999 0.2845867734375
6 0.64129505 0.2514654859375 0.64259679375 0.2496254140625 0.6561721281249999 0.251991225 0.65673001875 0.24502523593749997 0.6576598359375 0.24003075625 0.654870384375 0.238584984375 0.6498493703125 0.239899321875 0.6480827171875 0.23753351875 0.6458511546875 0.23937358749999998 0.62586008125 0.23947216249999997 0.6276267343749999 0.249756846875 0.6370178890625 0.2514654859375 0.64129505 0.2514654859375
6 0.6379477062500001 0.22149860625 0.6394354156250001 0.22333867812500002 0.6434336296875001 0.22320724531249997 0.6452002828125 0.2207100046875 0.64510730625 0.215584090625 0.642968721875 0.2124296828125 0.64129505 0.2105896171875 0.6373898171875 0.21003101875 0.6385985843750001 0.2167669953125 0.6379477062500001 0.21847563593750002 0.6379477062500001 0.22149860625
6 0.6283705937499999 0.1593304765625 0.635995090625 0.1593304765625 0.6368319265625 0.163010628125 0.6315319671874999 0.1635363546875 0.6320898625 0.16905656875 0.63432141875 0.17602255312499998 0.6502212968750001 0.17470821718750001 0.6516160234374999 0.162747753125 0.6480827171875 0.162747753125 0.6480827171875 0.1590676171875 0.6540335484375001 0.15722753750000001 0.655056346875 0.1463185421875 0.6523598765624999 0.1463185421875 0.6518949671875001 0.1443470375 0.6534756578125 0.1431641390625 0.6568229999999999 0.1397468578125 0.656265109375 0.13409521093750001 0.6578457984375 0.1306779390625 0.6559861640625 0.13002077031249998 0.64966340625 0.1301522 0.6479897343750001 0.1275235265625 0.6453862453125 0.127260659375 0.6423178546874999 0.1287064328125 0.6317179312500001 0.12949503281250002 0.6257671 0.126702065625 0.626417971875 0.14066689375000002 0.6284635703125 0.14579280781249998 0.6283705937499999 0.1593304765625
6 0.6666790703125 0.1864058140625 0.6691895703124999 0.202966465625 0.702012125 0.202703590625 0.706196303125 0.19928631562500002 0.7068471749999999 0.1889030546875 0.7045226312499999 0.185485778125 0.692063078125 0.1836457078125 0.69373675 0.1687937015625 0.6786737078125 0.16862940937499998 0.6790456359375 0.183777140625 0.6716070968750001 0.1836457078125 0.6666790703125 0.1864058140625
6 0.6928069328124999 0.2165041265625 0.6908543218750001 0.211115346875 0.686484175 0.21006387656249997 0.6793245812500001 0.21003101875 0.68053334375 0.22517874999999998 0.6889946874999999 0.225047315625 0.6928069328124999 0.2165041265625
6 0.7450626703125 0.221498615625 0.745527578125 0.212166815625 0.7408784921875 0.2084866734375 0.73297504375 0.21055675312500002 0.733811884375 0.22347012031250002 0.74143638125 0.22623021875 0.7450626703125 0.221498615625
6 0.7196786546875 0.1828571046875 0.719399715625 0.20152068750000002 0.755476625 0.20217785625 0.7578011671875 0.1925831984375 0.7578011671875 0.18758872499999998 0.748038084375 0.186800115625 0.7452486328125 0.1835142734375 0.7466433593749999 0.1686622671875 0.73297504375 0.1684979765625 0.734090825 0.1856172203125 0.7266522859375 0.1862743890625 0.7196786546875 0.1828571046875
6 0.8041990671875 0.115300203125 0.8232603234375 0.115431628125 0.8247480203125 0.102945428125 0.8166586078125 0.10123679062499999 0.81768141875 0.0991338515625 0.8157287906249999 0.0987395546875 0.8147059921875 0.0993967234375 0.8136831921875001 0.10031675468750001 0.8101498859375 0.1021568265625 0.7746308625 0.10281399531249999 0.7754676984375 0.09965958750000001 0.7748168265625 0.0991338515625 0.7734221 0.0991338515625 0.7665414625 0.10123679062499999 0.739483765625 0.10228826093750001 0.7074050656249999 0.10186110156249999 0.7077769921875 0.1138544234375 0.7095436453125 0.1166145390625 0.8041990671875 0.115300203125
6 0.7927623015624999 0.2212357390625 0.7952728078125 0.22491588281250002 0.7988990968749999 0.22412728125 0.7984341875000001 0.21808133125 0.7986201515625 0.212561125 0.794435971875 0.209669575 0.789414959375 0.209801009375 0.7850448171875 0.21032674375 0.784858853125 0.2238644125 0.79006583125 0.22491588281250002 0.7927623015624999 0.2212357390625
6 0.775095771875 0.1848286140625 0.77239930625 0.18627438125 0.7744448984375001 0.2027035984375 0.8089411234374999 0.20204643125000002 0.810800759375 0.19100599375 0.8102428796875 0.18850875312499998 0.8005727671875 0.18798301875 0.7999218953125 0.1852229125 0.7989920781250001 0.18259423749999998 0.8002008406250001 0.168530834375 0.7902517953125 0.167873665625 0.7843939453125001 0.17046948125 0.786067615625 0.18719441718750002 0.7807676578125 0.1875887171875 0.775095771875 0.1848286140625
6 0.8652880578125 0.3322971984375 0.866217875 0.3221768046875 0.8459478562499999 0.3200738734375 0.8206568234375 0.32148677812500004 0.8204708593750001 0.333611534375 0.8397180796875 0.3326914984375 0.8652880578125 0.3322971984375
6 0.8648231484375 0.311267809375 0.8665898015625 0.30706193125 0.8659389296875 0.29970165312499997 0.8459478562499999 0.29799300781250004 0.8204708593750001 0.29953735312499996 0.8201919140625 0.3060104625 0.8218655859374999 0.31192497812500003 0.8648231484375 0.311267809375
6 0.844088221875 0.22307581875000002 0.8463197828125001 0.2238644125 0.8505039609375 0.2212357390625 0.8503179968750001 0.21387546093749998 0.8479934546875001 0.21045817812499998 0.8433443671875 0.21177251406250003 0.840647896875 0.2094067078125 0.8367426640625 0.21177251406250003 0.8367426640625 0.21926423437499998 0.838974225 0.22412728125 0.844088221875 0.22307581875000002
6 0.8246550375 0.1854857828125 0.8246550375 0.1924517640625 0.8259567828125001 0.2032293296875 0.8605459890624999 0.20125782343749998 0.8635214046874999 0.189165921875 0.8522706140625 0.1886401875 0.85199166875 0.1864058140625 0.8501320343750001 0.182725671875 0.850689925 0.1689251359375 0.850689925 0.165507859375 0.8484583625000001 0.165507859375 0.8460408375 0.16800510156249998 0.8367426640625 0.1688922765625 0.837021609375 0.1870629828125 0.8275374718749999 0.183908575 0.8246550375 0.1854857828125
6 0.9318629828124999 0.1011053578125 0.909733328125 0.10107249843749999 0.9122438359375 0.1134601234375 0.9282366937500001 0.11372299062499999 0.9318629828124999 0.1011053578125
6 0.9231226984375 0.22320724531249997 0.9260051328125 0.2213671734375 0.9263770593749999 0.2130868515625 0.925168296875 0.21045817812499998 0.9140104890625 0.21016245156250002 0.913359615625 0.2175556 0.9135455796875 0.2225500765625 0.9231226984375 0.22320724531249997
6 0.9101052546874999 0.277489353125 0.9280507312499999 0.27656931875 0.9294454562500001 0.2621116140625 0.9630118640625 0.2604029765625 0.9641276453125001 0.246996740625 0.9052702046875 0.24660243906249998 0.9007141000000001 0.244105203125 0.8975527203125001 0.24633957187500002 0.8755160484375001 0.24696388281249998 0.8760739390625 0.259482940625 0.9100122734375 0.2609287109375 0.9101052546874999 0.277489353125
6 0.9066649312499999 0.3203367328125 0.9318629828124999 0.3237540171875 0.94153309375 0.3204681671875 0.9441365718749999 0.308244834375 0.9036895203125 0.3067990640625 0.8969948296875 0.31110351718749996 0.8971807999999999 0.3183652328125 0.9022947953125 0.3217825109375 0.9066649312499999 0.3203367328125
6 0.778248709375 0.43207925625000004 0.782914690625 0.441972628125 0.78310911875 0.46011047656250004 0.763084221875 0.46258381875000004 0.7654172171875 0.48237056093749997 0.7399486734375 0.483195009375 0.7383933546875 0.514798834375 0.763473053125 0.5169973609375 0.763084221875 0.5343107625 0.7358659296875001 0.5362344734375 0.7368380125 0.5628916125 0.8952873718750001 0.5560212156250001 0.8952873718750001 0.535684840625 0.8684578890625 0.535410025 0.8707908859375 0.5117758609374999 0.8958705968749999 0.5115010437499999 0.897814759375 0.489515775 0.8663193093749999 0.4851187375 0.868846721875 0.4620341875 0.8495995015625001 0.4590112125 0.850571584375 0.43949929374999996 0.90772999375 0.4433467078125 0.9110350734375 0.43290370468750006 0.8913990437500001 0.4268577546875 0.8917878531250001 0.4133917859375 0.9135624859375 0.40844509218749997 0.9127848437500001 0.3974524609375 0.8774010421874999 0.3999258 0.87117971875 0.3826124 0.8641807531250001 0.3738182921875 0.8420172640624999 0.3738182921875 0.8427949296874999 0.3611767625 0.82277004375 0.3587034203125 0.8054669875 0.3718945796875 0.7978847499999999 0.369696053125 0.78563651875 0.3872842703125 0.7611400578125 0.3998570953125 0.769694378125 0.41613994062500004 0.7796096125 0.417239203125 0.778248709375 0.43207925625000004
6 0.20573142031249997 0.5043833125 0.21000857968750003 0.4656892375 0.1941830625 0.4487605796875 0.1599657828125 0.455411125 0.13387510625000001 0.47400241875000004 0.12617621875 0.48805924999999994 0.12574850312500002 0.5098246671875 0.20573142031249997 0.5043833125
6 0.597519246875 0.9282043906249999 0.5846877671875 0.911880290625 0.27673225 0.9197400234374999 0.20188195000000003 0.911880290625 0.17664670625 0.919135465625 0.1065012828125 0.9220072546875 0.11077844375000001 0.9421100359375 0.591531275 0.9451330109375 0.597519246875 0.9282043906249999