2 0.374006084375 0.11695410312500001 0.3629946640625 0.0986442890625 0.341689984375 0.08317767968749999 0.3185457203125 0.07537268124999999 0.314705796875 0.0728698640625 0.3013556109375 0.07379922343749999 0.27538676406249996 0.0779149421875 0.2620365890625 0.0870757421875 0.24996657187500002 0.095971009375 0.24082260937500002 0.107521578125 0.2377136546875 0.1125666546875 0.2402739671875 0.11442536875 0.2386280546875 0.1290295390625 0.2406397234375 0.1403145828125 0.25673309375 0.1574412953125 0.29716558437499996 0.1576191203125 0.3553345484375 0.15605508125 0.372569803125 0.1388506515625 0.374006084375 0.11695410312500001
6 0.4837184 0.1110531390625 0.512046559375 0.10904386875000001 0.5177447468749999 0.12405428437499999 0.517093528125 0.126418128125 0.507976409375 0.12700909062500002 0.45490183125000005 0.1287819734375 0.44383106562499997 0.1309094328125 0.447412771875 0.151172978125 0.45148291093750004 0.1543641765625 0.491207446875 0.156964396875 0.4984923515625 0.170051446875 0.5087490984375 0.1707606046875 0.5760626640625001 0.17206071875 0.5848541593750001 0.17253349375 0.6254875015625 0.16946048281249998 0.6245106375 0.15586837343749999 0.666188865625 0.15551380312500002 0.672863871875 0.153859109375 0.672863871875 0.1401488078125 0.6788876796875 0.13530292500000002 0.67807365 0.1270294703125 0.6683053125 0.12431104687500001 0.6005782375 0.12667489062499998 0.6043227890625 0.113200975 0.602694728125 0.1087096703125 0.6430704734375 0.10752774843749999 0.6427448515624999 0.0938798359375 0.64860585 0.0912796046875 0.6536528171875 0.0898612984375 0.654792490625 0.078755615625 0.61669598125 0.0786374265625 0.530571871875 0.07674634999999999 0.47082224687499996 0.07911019375 0.4663613984375 0.0793983 0.46881199218749997 0.09027871875 0.47704337187499996 0.0948608015625 0.48013668125000003 0.1079801390625 0.4837184 0.1110531390625
2 0.7807050765625 0.15297628125 0.7832554875 0.153670603125 0.87071316875 0.1533620171875 0.8708194390624999 0.12581486718749998 0.8703943734375 0.1095143796875 0.8426587031249999 0.109360084375 0.836495221875 0.106814240625 0.8304380109375 0.10488556874999999 0.8274625328124999 0.1021854296875 0.8266123999999999 0.09254207343750001 0.8268249265625001 0.0887618796875 0.8201301093750001 0.08508973125 0.813966628125 0.0816181234375 0.8052527359375 0.080152334375 0.7989829921875 0.08146383125 0.792500709375 0.08385538125 0.788462565625 0.08832989999999999 0.786018425 0.09249582656250001 0.7865497609375 0.1005962453125 0.791756846875 0.1041449984375 0.79558245 0.1096995703125 0.7981328609375 0.1114723125 0.7908004375 0.11764405625 0.7843181593749999 0.12435583125 0.780917609375 0.126130209375 0.7807050765625 0.15297628125
6 0.7351531453125 0.192267840625 0.7401606359375 0.199655715625 0.7643904453125 0.20411187968750003 0.881189090625 0.199772978125 0.885388940625 0.19015702031249998 0.8894272531249999 0.18769440312500002 0.8850658671874999 0.175850359375 0.881996753125 0.1725668671875 0.75503259375 0.1726841296875 0.7421100375 0.1744431484375 0.7374255984375 0.1788993203125 0.7382332609375 0.1815964765625 0.680217721875 0.178782053125 0.656634059375 0.1820655578125 0.6566485828124999 0.1821828171875 0.6585869609375 0.18910161875 0.670378803125 0.1927369171875 0.70510818125 0.1929714515625 0.7351531453125 0.192267840625
6 0.518900578125 0.18565178124999998 0.49893051875000005 0.178402915625 0.4529467078125 0.1818365890625 0.4392829359375 0.1818365890625 0.22723202343749999 0.18259963125 0.223027790625 0.18679634218750002 0.22880860468750003 0.1936636890625 0.36019083749999997 0.1955712859375 0.4936752140625 0.1978604 0.51417081875 0.19480824218749998 0.518900578125 0.18565178124999998
6 0.736150825 0.2502078828125 0.7253391828125 0.2469164046875 0.4187780765625 0.2471695859375 0.22781130468750002 0.24641001562499998 0.22571874531249997 0.248941925 0.2263966828125 0.24919300625 0.23003143593750003 0.2636270125 0.280950575 0.2653993328125 0.7392896765625 0.26210785468750003 0.736150825 0.2502078828125
4 0.2276422578125 0.368345871875 0.23312042187499998 0.3729508 0.5424919703125 0.3733694296875 0.6463383281249999 0.3712762859375 0.6483566578125 0.3645782 0.6446084125 0.34678641875 0.7477442437499999 0.34804230468749997 0.851236596875 0.34636778281249997 0.8939085296875 0.3459491546875 0.895350153125 0.3333902453125 0.733023790625 0.330250515625 0.5767618921875 0.3331809375 0.386417915625 0.3323436734375 0.2859506328125 0.33129709531249996 0.2819141140625 0.3354833953125 0.281372296875 0.335821296875 0.2855953703125 0.3580894265625 0.26541269375 0.3574614984375 0.22735394531250003 0.3610198421875 0.2276422578125 0.368345871875
6 0.382307121875 0.42283720156250004 0.3806073734375 0.4109601953125 0.35149906406250003 0.41003471874999997 0.2966819859375 0.40895498906250005 0.2257172359375 0.41203992500000003 0.22802242968750003 0.41202595625000005 0.23039155781249998 0.42376268437500003 0.29115779062499997 0.4271561109375 0.34746215625 0.42437966875 0.382307121875 0.42283720156250004
6 0.40098902187499996 0.5510992765625 0.3979807921875 0.5399813484375 0.3252367875 0.53640773125 0.3175795140625 0.523304475 0.27054201875 0.5199293843749999 0.2628847640625 0.5064290546875 0.2418272796875 0.5030539640625 0.227333178125 0.5080173234375 0.227059696875 0.5088114640625 0.2279719359375 0.5082221031249999 0.22870053281249997 0.5518934109375 0.25221928125000004 0.5530846125 0.382939728125 0.5546728937500001 0.40098902187499996 0.5510992765625
6 0.383020290625 0.58941615 0.5843133453125 0.5869369390625 0.7027538390625 0.5869369390625 0.77459931875 0.5877633453125 0.8187099640625 0.5863171390625 0.8184253312499999 0.5716485 0.709998575 0.5687560953124999 0.545659790625 0.5712353 0.414553421875 0.5710287000000001 0.23927445937499997 0.5710287000000001 0.22792163593749998 0.575367309375 0.23219040937500002 0.5896227640625 0.2492654859375 0.5896227640625 0.309312871875 0.5863171390625 0.383020290625 0.58941615
6 0.6422881734375 0.46215600468750007 0.6605657609375 0.50116695625 0.6733601 0.502759234375 0.7234407140625 0.5078014750000001 0.8572327874999999 0.50567841875 0.871123790625 0.4947978078125 0.8700271 0.48046726250000005 0.858695040625 0.4634829015625 0.849556259375 0.45419457812499997 0.83018195625 0.4515407734375 0.82945088125 0.4324333578125 0.889401403125 0.43508717187499996 0.9303432359375 0.42102200625 0.9336332546874999 0.40403763125000003 0.862350571875 0.4000569234375 0.8130009843750001 0.39846465000000003 0.78083241875 0.37988799375000004 0.7475671640625 0.3687420078125 0.72599958125 0.361311346875 0.7113775015625 0.367149728125 0.7263651203125 0.3833379421875 0.7249029171875 0.3950146921875 0.6952348671874999 0.426796646875 0.6974865234375 0.4263296171875 0.69576358125 0.42686566875 0.696755396875 0.44225244999999996 0.6846921859374999 0.44649853281249996 0.6854232859375 0.45445995781250004 0.6638557046875 0.45366381093749997 0.6422881734375 0.46215600468750007
6 0.3962921265625 0.8854451437499999 0.2355576984375 0.88630631875 0.228143746875 0.888459246875 0.230812790625 0.8970709546875 0.232295584375 0.8979321296875 0.2328715953125 0.8978560968749999 0.3796848625 0.8975015531249999 0.4520450109375 0.8951333203124999 0.4505622171875 0.8871674875 0.3962921265625 0.8854451437499999