6 0.3608790109375 0.291473553125 0.35830213125 0.283351859375 0.2866180328125 0.28384910625000004 0.284084425 0.28411327656249996 0.2824013046875 0.292965290625 0.2845096609375 0.29545152343750003 0.357833609375 0.29462277812500004 0.3608790109375 0.291473553125
6 0.34471495 0.3213083375 0.2827669140625 0.32214141406249996 0.2824013046875 0.3352312359375 0.35947344531250003 0.333739496875 0.3604104890625 0.3226343296875 0.34471495 0.3213083375
6 0.2822399109375 0.35122175625 0.2824013046875 0.364237290625 0.36158180156249997 0.362579796875 0.3580678796875 0.3508116203125 0.2822399109375 0.35122175625
6 0.3599419671875 0.3792936 0.3571308359375 0.375149878125 0.281976409375 0.3762010234375 0.28146425937499997 0.3879125390625 0.3571308359375 0.3869180375 0.3604104890625 0.3845975640625 0.3599419671875 0.3792936
6 0.356193775 0.39865938437500004 0.2889606578125 0.39865938437500004 0.2814494046875 0.400061815625 0.2824013046875 0.4107590515625 0.35947344531250003 0.40993030468749997 0.35830213125 0.40081412812500006 0.356193775 0.39865938437500004
6 0.3592391921875 0.422500396875 0.2814494046875 0.42392260937500004 0.2824013046875 0.4341028140625 0.3519770625 0.4339370609375 0.3604104890625 0.4339370609375 0.3592391921875 0.422500396875
6 0.359004921875 0.44650715312499994 0.2891948953125 0.44667290781249996 0.2822399109375 0.4481562265625 0.282635571875 0.45761232031250004 0.35759935781249996 0.45810957031250005 0.36158180156249997 0.454131603125 0.359004921875 0.44650715312499994
6 0.2819327984375 0.46689426406249995 0.2816985296875 0.4773364265625 0.35877065468749997 0.4773364265625 0.35759935781249996 0.46589976406250005 0.2819327984375 0.46689426406249995
6 0.3604104890625 0.48642580156250004 0.34166956718749997 0.48642580156250004 0.2814494046875 0.4861843640625 0.2819327984375 0.49653646875 0.2861494953125 0.4975309796875 0.359004921875 0.497199471875 0.3604104890625 0.48642580156250004
6 0.3592391921875 0.504770271875 0.281185903125 0.5066897328125 0.28146425937499997 0.5167041859375 0.318243378125 0.5180301828125 0.3606447578125 0.5172014359375 0.3592391921875 0.504770271875
6 0.34799461875 0.5244675640625001 0.2828698265625 0.5261250578125 0.2831041109375 0.538556209375 0.3599419671875 0.5364014890625 0.3599419671875 0.5256278187500001 0.34799461875 0.5244675640625001
6 0.2861494953125 0.5449935921875 0.2819327984375 0.5463196 0.2824013046875 0.5572590125 0.3611132796875 0.556596009375 0.3580678796875 0.544496353125 0.2861494953125 0.5449935921875
6 0.2845096609375 0.5648566374999999 0.281976409375 0.5654096531249999 0.2819327984375 0.5762933015625 0.35877065468749997 0.5752988234374999 0.35877065468749997 0.5643593874999999 0.2845096609375 0.5648566374999999
6 0.281185903125 0.585728609375 0.28123000781249996 0.5969850828125 0.3601762359375 0.5963220890625001 0.35759935781249996 0.5842224218750001 0.281185903125 0.585728609375
6 0.281185903125 0.6043698531249999 0.28123000781249996 0.6168212984375 0.3592391921875 0.6171528000000001 0.3592391921875 0.6032299015625 0.281185903125 0.6043698531249999
6 0.35759935781249996 0.6247504296875 0.2913032671875 0.6234244328125 0.28171290625 0.625061634375 0.2828698265625 0.6355240953125 0.35385116562499996 0.635358346875 0.3604104890625 0.6341981046875 0.35759935781249996 0.6247504296875
6 0.3098099359375 0.7813610703125 0.3098099359375 0.7874937625 0.28146425937499997 0.7876595171874999 0.2809957375 0.7989304265625 0.30043946718750003 0.8019139046875001 0.3009079890625 0.8188202859375 0.33862415 0.8193175374999999 0.34166956718749997 0.81533956875 0.340263984375 0.8014166656249999 0.3606447578125 0.797604440625 0.3627531140625 0.7869965125 0.330190725 0.783515790625 0.338155628125 0.771416128125 0.343075115625 0.746719559375 0.33862415 0.740752603125 0.3608790109375 0.737769121875 0.36228459218750003 0.7261667078125 0.3065302828125 0.725172215625 0.28039539687500004 0.727774890625 0.2816985296875 0.7397581140625 0.3009079890625 0.7430730890625 0.3002052140625 0.7687641515625 0.3098099359375 0.7813610703125
6 0.264989240625 0.2672115828125 0.3790934546875 0.2672115828125 0.3823361890625 0.2563133625 0.375850690625 0.2533020171875 0.3719999484375 0.23896225000000001 0.35092205625 0.23752827187499997 0.3318709140625 0.2363810875 0.31829190937499996 0.2363810875 0.2672048921875 0.237575759375 0.27147473906249997 0.252298228125 0.2651919171875 0.25602656874999996 0.26215184687500004 0.2634832484375 0.264989240625 0.2672115828125
6 0.601228828125 0.25723823281249997 0.6026841640625 0.246323415625 0.5025574359375 0.2452937140625 0.49866129218750005 0.24854770624999997 0.5069234015624999 0.260327328125 0.5619349015624999 0.2609451515625 0.5962807140625 0.2586798078125 0.601228828125 0.25723823281249997
6 0.577943546875 0.3056341234375 0.5858023328125 0.2967786984375 0.582600628125 0.2833926046875 0.64139598125 0.2864816984375 0.6937967515625 0.2844223 0.6926324921875 0.2730956046875 0.6812808859375 0.2708302671875 0.6760882921875 0.2702619234375 0.5866524140625 0.27015767031250004 0.5705922812499999 0.27015767031250004 0.4565645921875 0.2704704171875 0.40731766093750005 0.2728671921875 0.407669859375 0.2990440359375 0.41349117968750004 0.305428178125 0.4219320953125 0.3060460015625 0.577943546875 0.3056341234375
6 0.5553270078125 0.3425601375 0.6264163859375 0.3427686421875 0.6261216953125001 0.33276073125 0.6219961484375001 0.321918834375 0.6897110140625 0.3235868125 0.6920684578125 0.3106599375 0.6723247921875 0.308887703125 0.5828942046875001 0.30910878125 0.5133984093749999 0.3092019109375 0.45996035781250005 0.3092019109375 0.40855359375000005 0.3111828015625 0.40916490781250003 0.34132601875 0.4188894 0.34537486875 0.4415798921875 0.3419346453125 0.5553270078125 0.3425601375
6 0.561455925 0.361596753125 0.560052625 0.3525186859375 0.5133414625 0.3509583890625 0.45279739062499996 0.35124208281249997 0.4068881609375 0.3506747 0.409293903125 0.36173860156250004 0.4419716328125 0.363582578125 0.49549900156250004 0.364149959375 0.5584487874999999 0.36173860156250004 0.561455925 0.361596753125
6 0.5973413015625 0.3935118359375 0.5945346484375 0.3810295 0.664920528125 0.3800365765625 0.6655219781249999 0.3708166640625 0.6344480578125 0.368688990625 0.5324052328125 0.3681216140625 0.4351738796875 0.368688990625 0.40690662812499995 0.368830834375 0.407954940625 0.37139979218749997 0.40769006562500004 0.39180969375 0.4108976984375 0.39365367500000004 0.555040684375 0.3940792125 0.5973413015625 0.3935118359375
6 0.6133979640625 0.39973005625 0.602572178125 0.3974605375 0.569693965625 0.3963257828125 0.48148407656250003 0.395758396875 0.41632905156250005 0.396183934375 0.40815789062499996 0.397881503125 0.40750805625000003 0.40795706249999997 0.468453059375 0.41079395781250005 0.6101903156249999 0.4098010328125 0.6133979640625 0.39973005625
6 0.4450598109375 0.44035344062500004 0.44654522031250005 0.4270190546875 0.50651889375 0.42951514687500003 0.6052497812500001 0.4289896546875 0.647077559375 0.42721611406250004 0.6681467078125001 0.426957203125 0.6679958484374999 0.41777926406250004 0.6320974671874999 0.4158583 0.5281731609375 0.41617845937500003 0.41784172656249996 0.4163919015625 0.40725588906250004 0.41750349375000007 0.40730758749999996 0.4401328765625 0.41460877968750004 0.4421926640625 0.4212003125 0.44212697968750003 0.4450598109375 0.44035344062500004
6 0.5324752265625 0.45500736249999996 0.5314193796875 0.443481575 0.48073931718749996 0.4445487734375 0.410450884375 0.4446554984375 0.408490046875 0.44668317812499997 0.40984754843750004 0.45564768125 0.4228192359375 0.457888809375 0.49159933125000005 0.45746192968750005 0.5324752265625 0.45500736249999996
6 0.490694334375 0.474413175 0.4894876703125 0.4637411546875 0.445595096875 0.46363443125000003 0.41165755937500004 0.4637411546875 0.4075850484375 0.46448820468749996 0.40879171718749996 0.4739862953125 0.42885257968749996 0.47676103281250004 0.4719909734375 0.47708118125 0.490694334375 0.474413175
6 0.46716429843749996 0.48633131875 0.45539928593749995 0.483236425 0.41407089218750004 0.483343140625 0.40837431718749995 0.48431377500000006 0.40894255 0.4966831765625 0.441220934375 0.4967898921875 0.46716429843749996 0.494228609375 0.46716429843749996 0.48633131875
6 0.5517819078125 0.5170494703124999 0.5977861546875001 0.5145949109375 0.5970319843749999 0.5050968046875 0.586473625 0.5027489609375 0.49521933437500004 0.5043497625 0.429757578125 0.5029624 0.4095619390625 0.5041178828125 0.40788671875000004 0.5141680234375 0.4249309015625 0.5151285140625 0.5282518828125 0.516729321875 0.5517819078125 0.5170494703124999
6 0.5983895078125 0.533360403125 0.5958253 0.5245026234375 0.5884344593749999 0.5230085390625 0.4931076609375 0.5226883765625 0.4118083875 0.5224749359375 0.40939227968749997 0.523201840625 0.4072833828125 0.5337872906250001 0.41814339843750004 0.534854496875 0.5483127343749999 0.5364552984375 0.5983895078125 0.533360403125
6 0.5121126984375 0.5643469249999999 0.45012010625 0.5623192375 0.412110053125 0.5629595640625 0.408034996875 0.564130328125 0.4081883796875 0.572777825 0.4271934125 0.5746987906250001 0.5121126984375 0.5734181453125 0.5121126984375 0.5643469249999999
6 0.5855686375 0.555186246875 0.606081984375 0.5536921687499999 0.6039703109375 0.544727665625 0.5935628109375 0.542913421875 0.541525225 0.5422730984374999 0.4365450875 0.5434470250000001 0.4214617328125 0.543020140625 0.40973160000000003 0.5437260968750001 0.408037546875 0.552518246875 0.41980256562499996 0.5547593671875 0.5382068890625 0.556573615625 0.5855686375 0.555186246875
6 0.5190510453125 0.583646021875 0.50743685 0.5818317734375 0.4078653359375 0.5827341875000001 0.4081883796875 0.5941046015625 0.4290034078125 0.5955986953125 0.5193527015625 0.593357559375 0.5190510453125 0.583646021875
6 0.5277993890625 0.614026753125 0.559474425 0.6129595546875 0.5570610984375 0.602714409375 0.5484635718749999 0.60132704375 0.45615344531249996 0.6020740859375 0.40973160000000003 0.6012180203125 0.4072833828125 0.6086907453125 0.40954588281250004 0.6137066046874999 0.43745009531249995 0.61616115625 0.5277993890625 0.614026753125
6 0.49265516875 0.6230807078125 0.4837559859375 0.621266465625 0.4122608859375 0.621266465625 0.40888329843750004 0.6228225015625 0.408640884375 0.6321519265625 0.42870174062500005 0.6325788140624999 0.49521933437500004 0.63225865 0.49265516875 0.6230807078125
6 0.6192907609375 0.6529451078124999 0.6182349140625 0.6430201296875 0.6125032515625 0.6418462 0.5858057078125001 0.6407790015625 0.5073722640625 0.6407790015625 0.4346705 0.6405655625 0.408034996875 0.6428666578125 0.4107525515625 0.6529451078124999 0.4235734 0.6540123140625 0.6075903234375 0.6532652718749999 0.6192907609375 0.6529451078124999
6 0.534111675 0.7027689359375 0.5240486640625 0.6958680687500001 0.5220360656249999 0.6954299203125001 0.492311515625 0.6955394609375001 0.44648614999999997 0.6955394609375001 0.418774196875 0.6955394609375001 0.40715682031249995 0.6982740796875 0.4102593453125 0.709888884375 0.41614232968750003 0.7113128703125 0.533182775 0.7086839640625 0.534111675 0.7027689359375
6 0.560097325 0.7441868046875 0.5578655 0.7297493328125 0.631196875 0.731102846875 0.688267828125 0.7288469953125001 0.6924125953125 0.7162142140625 0.6713697015625 0.713732778125 0.510678396875 0.7135072015625 0.4067240390625 0.7165013499999999 0.40737682187499996 0.7446379578125 0.41343466093750003 0.7477961546875 0.5572278374999999 0.74914966875 0.560097325 0.7441868046875
6 0.5974006640625 0.8264889203125 0.6254579 0.8231051468749999 0.62450141875 0.8064118234375 0.6828476515624999 0.8057350624999999 0.6930502781250001 0.8043815562500001 0.6920937546875 0.7552039781250001 0.6809346453125 0.7506922671875 0.5518077046875 0.7522713578125 0.42491258906249996 0.7513690203125 0.4074412953125 0.752527975 0.4057826578125 0.7845665609375 0.40705802343749997 0.8228795546875001 0.42204310156249997 0.8242330765625001 0.5974006640625 0.8264889203125
6 0.5470252328125 0.8424689578125 0.5441557453125 0.8311897078125 0.5046205796875001 0.8307385390625001 0.41056515156250006 0.83096413125 0.40779992343749993 0.8326999 0.40737682187499996 0.8440480578124999 0.4229996046875 0.8444992421874999 0.5100407140625001 0.8442736500000001 0.5470252328125 0.8424689578125
6 0.8050590390625001 0.7754452328125 0.8060759296875 0.7626742937500001 0.7882802859375 0.7610554421875 0.709216790625 0.7612353140625 0.7109164 0.762276790625 0.7109963734375 0.7698691921874999 0.7163350546875 0.7754452328125 0.77124731875 0.7759848484375 0.8050590390625001 0.7754452328125
6 0.8037879171875 0.6719842640625 0.8045505765625001 0.658853575 0.7890429625000001 0.6566951078125001 0.7103444890625 0.6578916453125 0.7132843671875 0.6687465609375 0.7209110765625 0.6719842640625 0.7865007187499999 0.6716245203125 0.8037879171875 0.6719842640625
6 0.8055674843749999 0.623987446875 0.7940091921875 0.6206218828125001 0.7525922453125 0.6207328859375 0.7107888953125 0.6231781203125 0.7112505875 0.630103103125 0.7196399546875 0.6351395281250001 0.8040421312499999 0.6349596562500001 0.8055674843749999 0.623987446875
6 0.8049183531249999 0.6025321171875 0.7918971046875 0.6012001140625001 0.7501663828125 0.6012001140625001 0.711887071875 0.603753115625 0.70869985625 0.604480609375 0.7142403046875 0.6154081203125 0.7966035687499999 0.61463111875 0.8042908046875 0.61452011875 0.8049183531249999 0.6025321171875
6 0.8058596343750001 0.5870100734375 0.8052321062500001 0.5834580703125 0.7918971046875 0.58134906875 0.7534609062500001 0.5815710671875001 0.7139265421875 0.5833470703125 0.710993890625 0.584381653125 0.7107888953125 0.5935590734375 0.74906820625 0.5957790734375 0.8039770515625 0.595113071875 0.8058596343750001 0.5870100734375
6 0.8061734078124999 0.565844984375 0.8052321062500001 0.5630699828125 0.791269578125 0.5619599828124999 0.7467149625 0.561737984375 0.7142403046875 0.563846984375 0.7098476046875 0.5637359843749999 0.71471095625 0.5743919859375 0.731654265625 0.5759459921875 0.803663278125 0.5749469875 0.8061734078124999 0.565844984375
6 0.8074284625000001 0.5485469375 0.8057027671875 0.5437739406250001 0.792367765625 0.5422199359375 0.7540884453125 0.5423309390625 0.7165935484375 0.5439959359375 0.7094057140625 0.5441837421875 0.7154953703125 0.5546519390625 0.7496957328125 0.5557619390624999 0.8025651312500001 0.5556509390625 0.8074284625000001 0.5485469375
6 0.8047614671875 0.5349298578125 0.8069578015625 0.524162853125 0.79315218125 0.5221648515624999 0.751578325 0.5223868515625 0.7142403046875 0.52360785 0.7101115703125 0.5247089765624999 0.711416421875 0.531932853125 0.7209862499999999 0.5353738546875 0.7978586453125 0.53515185625 0.8047614671875 0.5349298578125
6 0.8047614671875 0.510620846875 0.8049183531249999 0.50429384375 0.7922108578125 0.50218484375 0.7534609062500001 0.50285084375 0.7136127890624999 0.50429384375 0.7090527859375 0.5052342125 0.7153384828125 0.5150608484375 0.7484406781249999 0.5156158484375 0.8030357499999999 0.515504853125 0.8047614671875 0.510620846875
6 0.768279384375 0.2670731796875 0.7887392 0.2649668796875 0.7902271921875 0.2396913171875 0.76958138125 0.236136934375 0.7608394515625 0.23771665937500003 0.7302111390625 0.238237809375 0.7279177546875 0.243377334375 0.7279177546875 0.26588838593749997 0.768279384375 0.2670731796875
6 0.8045490718750001 0.283035303125 0.8006430953124999 0.2781644890625 0.7109106093750001 0.2790353359375 0.7124798875 0.2959363796875 0.8036190796874999 0.2942250078125 0.8045490718750001 0.283035303125
6 0.8054790640625 0.321494171875 0.7958071421875 0.3176765109375 0.7081201703125 0.3185168125 0.7124798875 0.33294717500000004 0.804735053125 0.33070922343750003 0.8054790640625 0.321494171875
6 0.805293053125 0.35044280781250003 0.789483196875 0.34846815468750003 0.7141538749999999 0.34846815468750003 0.7090503171875 0.34977298125 0.7117359046875 0.3621590890625 0.8039910718750001 0.3616325125 0.805293053125 0.35044280781250003
6 0.8062230453125 0.3741979984375 0.7924591671875 0.36972212031249996 0.7621414484375 0.37090690937500004 0.7083527078125 0.3737908796875 0.710991909375 0.386309209375 0.804735053125 0.3876256453125 0.8062230453125 0.3741979984375
6 0.8064090546875 0.3984204296875 0.792831171875 0.395787559375 0.757119484375 0.39565590781250004 0.7088177796874999 0.397315259375 0.7085739249999999 0.40868861875 0.8056650453125 0.40776711875 0.8064090546875 0.3984204296875
6 0.8056650453125 0.42154929062499996 0.7939471593749999 0.41865314062500003 0.7573054953125 0.41799491250000004 0.7081201703125 0.42083963906250005 0.7111779046875 0.4343187140625 0.805107071875 0.43287063750000004 0.8056650453125 0.42154929062499996
6 0.8071530375 0.44642992968749995 0.792087175 0.44340212343749996 0.7569334890625 0.4432704828125 0.7476335734374999 0.44458691874999995 0.7109106093750001 0.44600908125 0.7135958890625 0.4581462125 0.8045490718750001 0.45788291875000003 0.8071530375 0.44642992968749995
6 0.8101602171875 0.48189264375 0.7093923828124999 0.48189264375 0.7093923828124999 0.4961484171875 0.8101602171875 0.4961484171875 0.8101602171875 0.48189264375
6 0.8081408703124999 0.4662082984375 0.71543833125 0.4662082984375 0.71543833125 0.47333832343750004 0.8081408703124999 0.47333832343750004 0.8081408703124999 0.4662082984375
6 0.3466354296875 0.6800705734375 0.296254534375 0.6800705734375 0.296254534375 0.694326346875 0.3466354296875 0.694326346875 0.3466354296875 0.6800705734375
6 0.3466354296875 0.64157185625 0.296254534375 0.64157185625 0.296254534375 0.6529790421875 0.3466354296875 0.6529790421875 0.3466354296875 0.64157185625
6 0.3486487296875 0.6586847734375 0.2922218859375 0.6586847734375 0.2922218859375 0.6729405468749999 0.3486487296875 0.6729405468749999 0.3486487296875 0.6586847734375
7 0.4131408703125 0.21528443125000002 0.2418409921875 0.21528443125000002 0.2418409921875 0.2309687765625 0.4131408703125 0.2309687765625 0.4131408703125 0.21528443125000002
4 0.8363563078125 0.17251211875 0.23579201875 0.16538351874999999 0.2297460703125 0.20815511875 0.6972994765625 0.20958083906249997 0.6993147921875 0.18819503906249999 0.8383716250000001 0.191046478125 0.8363563078125 0.17251211875
6 0.1652559453125 0.191046478125 0.20354695781249998 0.191046478125 0.211608221875 0.1710863984375 0.17734784374999998 0.16966067812500002 0.1652559453125 0.191046478125
5 0.23377670312499998 0.2366695171875 0.24183796875 0.8511548328125 0.824264409375 0.8511548328125 0.8162031437499999 0.2323923578125 0.23377670312499998 0.2366695171875