4 0.1568984453125 0.870130125 0.167451 0.873446475 0.1895332015625 0.8720646593750001 0.4644971875 0.87289375 0.5088754109375 0.8731701171875 0.510243321875 0.8583846890625001 0.5981191640625 0.8567265125000001 0.6548526703124999 0.8583846890625001 0.688407796875 0.8607337812500001 0.84308440625 0.8614246906249999 0.877694325 0.8599046859374999 0.8780851453125 0.8140016578125 0.835874925 0.8101325734374999 0.706508453125 0.8095798468750001 0.5303123515625 0.8069544000000001 0.3861905671875 0.8070925796875 0.23193031249999999 0.8054344 0.216097065625 0.809695259375 0.21571915156250002 0.8243143187499999 0.179566890625 0.8236234140625 0.1565076109375 0.8250052296874999 0.1568984453125 0.870130125
3 0.5183719359375 0.8828702749999999 0.5121192671875 0.8854813859374999 0.5116309421875 0.8941451593749999 0.5220016953125 0.8932285 0.524075846875 0.8880035515625 0.5183719359375 0.8828702749999999
7 0.27537782499999996 0.7784834109375 0.259505903125 0.7765483796875 0.16664611875 0.778999415625 0.15864791250000002 0.7812957484374999 0.15898380625 0.7926736203125 0.198207509375 0.79512465625 0.2757426828125 0.79189960625 0.27537782499999996 0.7784834109375
4 0.159634790625 0.7146088625 0.15858138593749999 0.7613945828124999 0.1663765390625 0.763927146875 0.294470203125 0.7666086671875 0.29468089062499997 0.7515623078125 0.3488933328125 0.751264371875 0.6729527265625 0.75252474375 0.87716596875 0.754460771875 0.8805123296874999 0.743059728125 0.882946096875 0.6735778078125 0.88233764375 0.6229278078125 0.857696090625 0.6197010921875 0.5116944718750001 0.6153988078125 0.233608225 0.6145383546875001 0.22083112031250002 0.6158290375 0.2170974421875 0.61910228125 0.218625284375 0.631865484375 0.17986009218750001 0.6320144625 0.15921341875 0.63380214375 0.159634790625 0.7146088625
7 0.5789744859375 0.6046874921875001 0.5807136296875 0.5906329328125001 0.554874696875 0.5883490625000001 0.4087853953125 0.5862408828125 0.254200428125 0.5862408828125 0.16310071875 0.588524746875 0.161472184375 0.5921945328125 0.16231316406250001 0.602403621875 0.3792110796875 0.603809084375 0.4290801453125 0.6057415796875001 0.5789744859375 0.6046874921875001
7 0.69158778125 0.5329988125 0.69553873125 0.5218238453125 0.6884270421875 0.519775109375 0.5583095359375 0.5156776125 0.378619690625 0.5160501171874999 0.194501815625 0.51381511875 0.1615014265625 0.5167831953124999 0.16200665625 0.5289013265625 0.1822881234375 0.531695065625 0.35428558125 0.5318813203125 0.69158778125 0.5329988125
4 0.16286045625 0.571315453125 0.168937946875 0.5749517609375 0.2236353671875 0.575833278125 0.344806128125 0.574621178125 0.47794774531249995 0.5755027171875 0.633484121875 0.5763842343750001 0.7066960484375 0.5786982468749999 0.7653610125 0.5785880531250001 0.7631793453125 0.5616186546875 0.8337808015625001 0.5639326671875 0.8464032640625 0.5644836234375 0.853727409375 0.5667976296874999 0.8807745406249999 0.565254953125 0.8792162046875 0.551370890625 0.7866513421875 0.54784478125 0.6587270562499999 0.5460817234374999 0.49933398906250004 0.5460817234374999 0.4497878796875 0.5443186671875 0.34722504375 0.5434371421875 0.2382361828125 0.5426658046874999 0.21965029687499998 0.5449265875 0.219583709375 0.5613982656250001 0.19636457031250001 0.558753684375 0.16239295781250002 0.55941483125 0.16286045625 0.571315453125
7 0.3589506953125 0.46171521406249993 0.18314401875 0.46125077187499997 0.1594987875 0.46125077187499997 0.16354719375 0.47273559374999996 0.1767948359375 0.4759579609375 0.3589506953125 0.47704165 0.3648620046875 0.46837214843749997 0.3589506953125 0.46171521406249993
4 0.597997903125 0.508313775 0.7322742109375 0.5069204609375 0.834825834375 0.509552275 0.8613172562500001 0.5081589625 0.8610983125 0.4954643390625 0.744842584375 0.49236808906249996 0.6454450234375 0.4902007109375 0.40161141093749997 0.489117021875 0.28329308124999997 0.48633039531250005 0.21990325781250003 0.486640025 0.21895677500000002 0.48962453437500003 0.2208012359375 0.5025857109375 0.361140075 0.5052175250000001 0.56809309375 0.5056819609375001 0.597997903125 0.508313775
7 0.2553790265625 0.4189807109375 0.21557908124999997 0.41573345 0.1626825890625 0.4177780234375 0.1670392453125 0.4279855171875 0.1970397984375 0.42968462343749997 0.254698675 0.429804890625 0.25690978124999997 0.42511441093749996 0.2553790265625 0.4189807109375
4 0.1648937015625 0.4347359203125 0.1648937015625 0.4447182234375 0.17628940312500002 0.44760466250000003 0.3473951171875 0.4470033171875 0.47557838593749996 0.4484465453125 0.6393894328124999 0.45049111093749994 0.775896246875 0.45229514687499994 0.779127871875 0.440629084375 0.7757261578125 0.434375103125 0.8003885203125 0.43714129531249996 0.8843044421874999 0.4347359203125 0.885154871875 0.42499414687500003 0.8428036765625 0.42102527656250005 0.6549037156249999 0.41934151249999996 0.53563276875 0.41729694687499996 0.3771795296875 0.41657533593749996 0.2720283625 0.41813882500000005 0.2695840796875 0.41932871875 0.2679653203125 0.43028596874999997 0.2657542140625 0.43509671718750004 0.198570565625 0.434134575 0.1648937015625 0.4347359203125
4 0.163073715625 0.343720809375 0.1643287515625 0.400739534375 0.215785453125 0.40340187656250004 0.46993127812499996 0.4056205109375 0.5111905796875 0.4038456 0.5089942546875 0.3889808 0.804107475 0.39230874375 0.886885090625 0.39230874375 0.8897089781249999 0.3279685625 0.8771585671875 0.3257499359375 0.670704203125 0.322200134375 0.6397120593750001 0.32464062656250003 0.43043393906249994 0.322200134375 0.3692506703125 0.3199815078125 0.2353000671875 0.3188721953125 0.21885174843750002 0.3229092 0.2220606578125 0.33795238437499997 0.1859782328125 0.3359556203125 0.1657841796875 0.33861797031249996 0.163073715625 0.343720809375
4 0.165883459375 0.2598527328125 0.16433306406249998 0.30370450312499997 0.181387365625 0.30765116406250004 0.49208546249999996 0.3126941203125 0.511310290625 0.3091859765625 0.5122405109375 0.2942763984375 0.6231782734375 0.294495634375 0.6735049156249999 0.29712674687499996 0.8787148953124999 0.29888081093749996 0.8892575296875 0.2942763984375 0.8895676171875 0.2508631234375 0.840575284375 0.2458201796875 0.5710946 0.24209277031249998 0.5335751640625 0.2440661 0.4813826328125 0.24165425468750001 0.2437377796875 0.240996471875 0.22046862968749997 0.2444016140625 0.220457175 0.2594142171875 0.19813160000000002 0.257660153125 0.17890675 0.2567831203125 0.165883459375 0.2598527328125
5 0.1700146109375 0.1939668484375 0.1704077109375 0.23144638906249998 0.884161190625 0.2387901515625 0.884340234375 0.201240453125 0.1700146109375 0.1939668484375
6 0.26625567499999997 0.1987081234375 0.2130741875 0.1976951859375 0.2032476890625 0.19895090625 0.20788137031249998 0.21010361249999998 0.24924475156249998 0.21073669687500002 0.2680463046875 0.21023022500000002 0.26625567499999997 0.1987081234375
6 0.254079434375 0.216054584375 0.21130419374999998 0.2168935125 0.21235794062500002 0.22770330625000001 0.25604910625 0.2292227125 0.25819787031249997 0.21871353125 0.254079434375 0.216054584375
6 0.4084495859375 0.2008606015625 0.38409712812499996 0.1983282703125 0.37890650625 0.19772772968750002 0.35203771875 0.19742853124999998 0.33915247656249997 0.1989613515625 0.34541966562500004 0.21073669687500002 0.36941401093750004 0.21200286250000003 0.40755427187500004 0.21073669687500002 0.4084495859375 0.2008606015625
6 0.3916004015625 0.2172504828125 0.3744636296875 0.21672688281250002 0.354592225 0.2178089828125 0.3561632359375 0.227722453125 0.38821537031250003 0.228994053125 0.39265823125 0.2267500578125 0.3916004015625 0.2172504828125
6 0.5106296421875001 0.20131812343750002 0.48450134843750003 0.19959772656250002 0.4827030328125 0.198700128125 0.47730812812499995 0.198700128125 0.4757202203125 0.20089985625 0.47878908593749997 0.21156569687500001 0.49730103124999997 0.2121640953125 0.5125337437499999 0.21104209687500003 0.5106296421875001 0.20131812343750002
6 0.5101007265625 0.21919528124999998 0.503436421875 0.21814808125 0.47357846718749996 0.2185661078125 0.475086684375 0.22921845 0.5087255546875 0.230041246875 0.5127452859375 0.2280964546875 0.5101007265625 0.21919528124999998
6 0.6549994156250001 0.20281411875000002 0.6161771984375 0.20034572343749998 0.6090897640625 0.20034572343749998 0.60570471875 0.20244011875 0.5866638515625 0.20221572031249999 0.5848306046875 0.20300298125 0.5866557171875 0.21283729375 0.652777971875 0.2138096953125 0.656268803125 0.210967296875 0.6549994156250001 0.20281411875000002
6 0.6368048015625 0.22151406875 0.6331024125 0.21867168593750003 0.602319671875 0.2202424734375 0.601684978125 0.2208408703125 0.60221389375 0.22914365781249998 0.6159656265625 0.231462446875 0.639237803125 0.23101365000000001 0.6368048015625 0.22151406875
6 0.8556387750000001 0.2047589171875 0.829616253125 0.20281411875000002 0.7588476859375 0.20199132187500002 0.740018384375 0.204160515625 0.7354671875000001 0.20519023125000002 0.7365524296875 0.21425849062500002 0.7892275609375 0.2158292859375 0.85415783125 0.2160536890625 0.8556387750000001 0.2047589171875
6 0.8126910390625 0.22345886250000002 0.8081423921875001 0.2217384703125 0.7755655515625001 0.22294060781249997 0.775667128125 0.23086404531250002 0.78307190625 0.2346788390625 0.8132199531250001 0.23415524062499998 0.8126910390625 0.22345886250000002
4 0.16831956406249998 0.170236465625 0.169288853125 0.1786569828125 0.17247365312500001 0.181398546875 0.31592823281250004 0.182965165625 0.404198525 0.1857067296875 0.47225143437500006 0.1868816890625 0.6459709859375 0.1858046390625 0.6894510640625 0.1866858578125 0.689174115625 0.1718030703125 0.787135675 0.17111767656250002 0.8671908359374999 0.17307593906250002 0.8869920171875 0.17288011406249998 0.8857457890625 0.1604451453125 0.8021100999999999 0.1563327921875 0.6388581984374999 0.155451578125 0.49746860000000004 0.1531016609375 0.35237549375 0.1520246203125 0.23576595 0.153689140625 0.2257988765625 0.1539023171875 0.2259229515625 0.1668095046875 0.189920834375 0.1697468984375 0.1701196671875 0.1678865453125 0.16831956406249998 0.170236465625
7 0.2733820921875 0.137418403125 0.3426701453125 0.13888354375 0.3442488328125 0.141046371875 0.3543129140625 0.1408370671875 0.3552009359375 0.13818585781249998 0.42919065468750006 0.1387440046875 0.45911497656250005 0.141953365625 0.48240050312499994 0.14027891718750002 0.529329565625 0.1406975296875 0.5321909296875 0.1381160890625 0.5322895875 0.1281391734375 0.4910465890625 0.1256972703125 0.3936029171875 0.1256972703125 0.2923862578125 0.1256972703125 0.285380853125 0.123673978125 0.166777378125 0.1245809703125 0.168283528125 0.1269639765625 0.1683311390625 0.135604415625 0.183525925 0.13797655 0.254635275 0.1376974765625 0.2733820921875 0.137418403125
7 0.2624234671875 0.0711182125 0.259964028125 0.06577672500000001 0.18178910937499998 0.0640376359375 0.1695639390625 0.06483959375000001 0.1687892328125 0.0748448328125 0.1782756296875 0.07658391875000001 0.260491065625 0.07732924531249999 0.2624234671875 0.0711182125
4 0.16895215937500002 0.09186305624999999 0.169654853125 0.10726641562499999 0.18247905625 0.11024771250000001 0.3980310453125 0.1116141375 0.3967720140625 0.09695610625 0.42304865625000004 0.0981983125 0.5689085890625 0.098446746875 0.6456831937499999 0.10006161875 0.8579532406249999 0.1020491453125 0.87938545 0.1030429109375 0.8915069671875001 0.0973287625 0.8892232078125 0.0712424328125 0.7753864578125 0.0681369171875 0.7446434921875 0.067888475 0.5945758359375 0.0652798484375 0.45733134375000006 0.06664626875 0.3269552390625 0.0652798484375 0.2725733015625 0.0632923125 0.265572859375 0.0660251671875 0.26487015468749997 0.080062096875 0.262937740625 0.08192540468750001 0.1694791859375 0.08229806875 0.16895215937500002 0.09186305624999999