2 0.8332699281249999 0.04839675 0.41279287499999995 0.04839675 0.41279287499999995 0.275168875 0.8332699281249999 0.275168875 0.8332699281249999 0.04839675
2 0.591527778125 0.3008230015625 0.1717210140625 0.3008230015625 0.1717210140625 0.524888840625 0.591527778125 0.524888840625 0.591527778125 0.3008230015625
2 0.832252415625 0.549955109375 0.40441425156250005 0.549955109375 0.40441425156250005 0.752695596875 0.832252415625 0.752695596875 0.832252415625 0.549955109375
4 0.855114734375 0.8531338171874999 0.146624396875 0.8531338171874999 0.146624396875 0.9500128265625 0.855114734375 0.9500128265625 0.855114734375 0.8531338171874999
4 0.8614954484374999 0.8275871078125 0.85936844375 0.7657927203125 0.3957167734375 0.769183890625 0.3935899390625 0.737156315625 0.3898679640625 0.657714371875 0.1442176484375 0.659221525 0.136386846875 0.8386350609375001 0.2638526109375 0.84115169375 0.28193070468750003 0.8415284968750001 0.285120984375 0.8290942625 0.8614954484374999 0.8275871078125
4 0.272359978125 0.6227342375 0.2718281984375 0.609923159375 0.33935551875000003 0.6114303921875 0.3930582453125 0.6065320078124999 0.39199479843749996 0.5368249656249999 0.1503505546875 0.5341390703125 0.1442176484375 0.5413464875 0.14262250781250002 0.62235739375 0.272359978125 0.6227342375
6 0.16548611093750001 0.6369538265625 0.155939009375 0.6369538265625 0.155939009375 0.644149209375 0.16548611093750001 0.644149209375 0.16548611093750001 0.6369538265625
4 0.8572403375000001 0.46559427031249995 0.6139432359375 0.46559427031249995 0.6139432359375 0.5364493375 0.8572403375000001 0.5364493375 0.8572403375000001 0.46559427031249995
4 0.39730978281249996 0.1749380078125 0.1475573671875 0.1749380078125 0.1475573671875 0.283018384375 0.39730978281249996 0.283018384375 0.39730978281249996 0.1749380078125
4 0.315428475 0.16216110625 0.3212772828125 0.14746615000000002 0.3930582453125 0.14784289374999998 0.3978436078125 0.1455821734375 0.3978436078125 0.03668843125 0.144765071875 0.035872903125 0.1431542875 0.0860485859375 0.14740789999999998 0.161407559375 0.315428475 0.16216110625
4 0.7982218828125001 0.440458109375 0.8583050546875001 0.43744380156249996 0.85564646875 0.2863490203125 0.6083601703125 0.28698323281250004 0.6126547390625 0.454022775 0.80194385625 0.454022775 0.7982218828125001 0.440458109375