4 0.4915540546875 0.08104638125 0.0657796171875 0.0846010265625 0.066441440625 0.2150537640625 0.18468468437500002 0.2150537640625 0.18468468437500002 0.20020863437499997 0.4926801796875 0.19699887656249998 0.4915540546875 0.08104638125
4 0.4903291671875 0.2150537640625 0.0871760140625 0.21866474062500002 0.0843606984375 0.23350987031249998 0.06690574375 0.23230621093749998 0.0657796171875 0.33020381875 0.400802140625 0.331407478125 0.4030543921875 0.315759909375 0.4903291671875 0.3161611296875 0.4903291671875 0.2150537640625
4 0.08773907656249999 0.3498635859375 0.064090428125 0.3514684640625 0.064653490625 0.41646605625 0.48751385156250004 0.4144599578125 0.49089222968749996 0.33220991875 0.088865203125 0.33341357656250004 0.08773907656249999 0.3498635859375
4 0.0657796171875 0.435724603125 0.0624012390625 0.5023270734375 0.0652165546875 0.49991975625 0.488639978125 0.4991173171875 0.49089222968749996 0.4152623984375 0.089428265625 0.4180709359375 0.0657796171875 0.435724603125
4 0.489203040625 0.4995185359375 0.0860498875 0.5027282937499999 0.089428265625 0.519579521875 0.064090428125 0.5179746421875 0.0624012390625 0.5657197875 0.21330214062500003 0.5657197875 0.21161295 0.5500722203125 0.49089222968749996 0.551275878125 0.489203040625 0.4995185359375
4 0.49089222968749996 0.56812710625 0.0911174546875 0.569731984375 0.0860498875 0.5869844328125 0.06690574375 0.587385653125 0.0624012390625 0.6664259343750001 0.061838174999999995 0.6672283734375 0.36701835625 0.6668271546875 0.36701835625 0.651982025 0.49089222968749996 0.650377146875 0.49089222968749996 0.56812710625
4 0.49201835625 0.6672283734375 0.08661295 0.6692344734375 0.085486825 0.68568448125 0.064090428125 0.686888140625 0.0629643015625 0.750280853125 0.114203040625 0.7498796343749999 0.11758141875000001 0.734633284375 0.4852616 0.7338308453125 0.49201835625 0.6672283734375
4 0.08492376093750001 0.7703418390625 0.064090428125 0.7703418390625 0.06127511249999999 0.86663456875 0.488639978125 0.8658321296875 0.488639978125 0.7518857328124999 0.08773907656249999 0.7534906109375 0.08492376093750001 0.7703418390625
4 0.4880769140625 0.867838228125 0.08661295 0.870646765625 0.08661295 0.8883004328125 0.064090428125 0.8891028734375 0.064090428125 0.9348419203124999 0.270171509375 0.9376504578124999 0.2724237609375 0.9207992296875 0.4880769140625 0.91879313125 0.4880769140625 0.867838228125
6 0.51735619375 0.9352431390625 0.627153490625 0.9344407 0.6254643015625 0.9199967906250001 0.5145408781249999 0.9216016687499999 0.51735619375 0.9352431390625
4 0.9371087843750001 0.7843845296875 0.5333925671874999 0.7875942859375 0.53508175625 0.8052479531250001 0.5119961703125 0.8056491734375 0.5134147515625 0.91879313125 0.9078295046875 0.9167870328125 0.9050141890625 0.901540684375 0.9393610359375 0.90073824375 0.9371087843750001 0.7843845296875
4 0.9376718468749999 0.66762959375 0.5362078828125 0.6716417906250001 0.5356448203124999 0.684882040625 0.5108700453125 0.6852832609374999 0.513122296875 0.7831808703124999 0.7839556296875 0.7831808703124999 0.78508175625 0.7687369609375 0.9387979734374999 0.7675333015625 0.9376718468749999 0.66762959375
3 0.9275367109375001 0.9512919265625 0.951185359375 0.9504894875 0.9494961703125 0.9412614343750001 0.9286628374999999 0.940860215625 0.9275367109375001 0.9512919265625
4 0.9387979734374999 0.6038356609375 0.5367709453125 0.603434440625 0.5373340093750001 0.6222917671875 0.5125592343750001 0.6206868890624999 0.5142484234375 0.66762959375 0.713009684375 0.6668271546875 0.713009684375 0.651982025 0.9427394140625 0.6487722671875 0.9387979734374999 0.6038356609375
4 0.9365457203125 0.4353233828125 0.5373340093750001 0.4353233828125 0.5367709453125 0.45377948906250004 0.51537455 0.45297705 0.513122296875 0.5990210234375 0.868415090625 0.5994222437500001 0.87179346875 0.584978334375 0.9416132890625001 0.583774675 0.9365457203125 0.4353233828125
4 0.9399241 0.4160648375 0.9365457203125 0.40041726874999994 0.5395862609375001 0.40362702656250005 0.5328295046875 0.4168672765625 0.513122296875 0.4192745953125 0.5142484234375 0.433317284375 0.7293385140625 0.432916065625 0.72877545 0.42007703437500005 0.7299015765625 0.41646605625 0.9399241 0.4160648375
4 0.9387979734374999 0.3659123734375 0.537897071875 0.3683196921875 0.538460134375 0.386374578125 0.5119961703125 0.3867757984375 0.5148114859375 0.3988123890625 0.700622296875 0.3988123890625 0.6994961703125 0.385973359375 0.938234909375 0.3811587234375 0.9387979734374999 0.3659123734375
4 0.9393610359375 0.1147488359375 0.5395862609375001 0.117557375 0.5339556296875 0.135211040625 0.516500675 0.135211040625 0.513122296875 0.3655111546875 0.669090765625 0.3647087140625 0.67246914375 0.350666025 0.9399241 0.3474562671875 0.9393610359375 0.1147488359375
4 0.9387979734374999 0.08225004062499999 0.5390231984375 0.0842561390625 0.5333925671874999 0.0978976078125 0.5148114859375 0.0995024875 0.5159376124999999 0.1131439578125 0.7327168921875 0.116353715625 0.73496914375 0.0987000484375 0.9404871625 0.09669395 0.9387979734374999 0.08225004062499999