2 0.5206449265625 0.896378778125 0.8323756078125 0.896378778125 0.8323756078125 0.5932032125 0.5173635515624999 0.5916563984375001 0.5206449265625 0.896378778125
4 0.500603596875 0.58160210625 0.147308825 0.5800552921875 0.146215034375 0.96521200625 0.853157653125 0.9628917843749999 0.8543708875 0.9211278046875 0.5071663484375 0.91726076875 0.500603596875 0.58160210625
4 0.8539716531250001 0.42981215468749995 0.1497673859375 0.43197991093750004 0.14500114375 0.566907371875 0.667332478125 0.5684541859375 0.6636518687499999 0.554330690625 0.8550654453125001 0.5558775046875 0.8539716531250001 0.42981215468749995
4 0.8509915046875 0.36164047187500004 0.14527672656249999 0.3609039328125 0.1466424328125 0.42829721718749997 0.3890871453125 0.42977029531250005 0.3901287953125 0.4154077921875 0.8509915046875 0.41577606093749997 0.8509915046875 0.36164047187500004
6 0.148922503125 0.349855853125 0.2431918875 0.349487584375 0.2431918875 0.3373346953125 0.149964153125 0.337702965625 0.148922503125 0.349855853125
6 0.31610743281250003 0.22390774531250002 0.150484978125 0.22390774531250002 0.150484978125 0.2331144796875 0.1510058046875 0.23421928749999998 0.308295053125 0.23495582499999998 0.31610743281250003 0.22390774531250002
7 0.392565284375 0.2650625828125 0.6055999062499999 0.266403540625 0.6055999062499999 0.24628917968750003 0.39193313281250003 0.2485241078125 0.392565284375 0.2650625828125
6 0.45072310312499997 0.28204804375000003 0.45514815468750003 0.2945636453125 0.5480742359375 0.2932226890625 0.5493385375 0.2833890015625 0.45072310312499997 0.28204804375000003
6 0.6393085578125 0.324064709375 0.8542396312499999 0.324064709375 0.85550393125 0.3097611640625 0.6456300609375 0.3097611640625 0.6393085578125 0.324064709375
2 0.055809128124999996 0.051746384374999996 0.054544828125 0.193991840625 0.862457584375 0.193991840625 0.9504010578125 0.1925469140625 0.9510332078125 0.051746384374999996 0.055809128124999996 0.051746384374999996
2 0.1327898546875 0.22299957343750001 0.055833332812500004 0.22299957343750001 0.055833332812500004 0.9666929968750001 0.1327898546875 0.9666929968750001 0.1327898546875 0.22299957343750001
2 0.94312198125 0.2227348421875 0.8661654593750001 0.2227348421875 0.8661654593750001 0.9666929968750001 0.94312198125 0.9666929968750001 0.94312198125 0.2227348421875