2 0.6181391265625 0.247803790625 0.6431664328125 0.2450622046875 0.6484606265624999 0.21174326250000003 0.628968234375 0.1581386984375 0.6477386640625 0.1442593953125 0.644128984375 0.10438611718749999 0.6056254734375 0.08759387187499999 0.41936484687500003 0.0857090265625 0.366422540625 0.09513325 0.3562501765625 0.09742595468750001 0.3536605921875 0.13548111093749998 0.352698009375 0.1541581921875 0.3780211 0.24997391875 0.6181391265625 0.247803790625
2 0.9520840484375 0.48881304375 0.9508563531249999 0.47694951718749995 0.934787559375 0.41138199843749995 0.8505710375 0.38027540000000004 0.758976284375 0.382904403125 0.7234740609375 0.39685836406249997 0.6604221031249999 0.40211636874999995 0.6532866687500001 0.4040265578125 0.6579766968749999 0.49215486249999996 0.65827059375 0.5235457609374999 0.9441244703124999 0.52208085 0.9520840484375 0.48881304375
2 0.28228922343749996 0.7791900968750001 0.28213211718750003 0.9421106703125 0.483777271875 0.9407201562499999 0.4847537046875 0.779326496875 0.28228922343749996 0.7791900968750001
2 0.51165871875 0.68331235625 0.509440690625 0.8415322625 0.937748009375 0.8403604687499999 0.9406192953125 0.6865410859375001 0.51165871875 0.68331235625
4 0.139804403125 0.1917534453125 0.293805565625 0.1923043921875 0.29875770468749996 0.17610635 0.3373546328125 0.1751146328125 0.34014043437499997 0.1326046484375 0.339985696875 0.0936115359375 0.2640013125 0.094823634375 0.1906895890625 0.092950390625 0.0936586359375 0.092068865625 0.0661123640625 0.0958153515625 0.05955144531249999 0.09787876875 0.0633557734375 0.12541744375 0.055618056250000006 0.12475629375 0.0574751109375 0.193406303125 0.139804403125 0.1917534453125
4 0.055050924999999994 0.2880036453125 0.055050924999999994 0.30635992968750003 0.06665749062500001 0.30944527499999996 0.10952443281249999 0.30900450468749996 0.12097625000000001 0.2936879859375 0.2123333859375 0.2949000828125 0.33776408125 0.2921891640625 0.33900213125 0.2776439796875 0.33993066562499996 0.22127476562499998 0.33838311718749997 0.1977625859375 0.32383619375 0.195338390625 0.2984565 0.1939059125 0.196026434375 0.19311155156249998 0.08493390468749999 0.1952651546875 0.0786302609375 0.1960259046875 0.078699196875 0.1972321953125 0.0805853765625 0.2122506578125 0.06124109531250001 0.2122506578125 0.0567532203125 0.21599714374999998 0.055050924999999994 0.2880036453125
4 0.0553536484375 0.394949909375 0.052465953125 0.4284264484375 0.055075806250000005 0.47561467031250004 0.078177403125 0.4771870171875 0.218655528125 0.47936411718749994 0.24872380624999998 0.47882405937500006 0.26030291875 0.4606734109375 0.31892160468749997 0.46318436875 0.336856090625 0.46009947812499996 0.3384809078125 0.4215242328125 0.3381098515625 0.329602784375 0.3370040796875 0.31682105156249996 0.3333406625 0.31392271875 0.22618530468750003 0.3132705953125 0.22231835156250002 0.3107345546875 0.20397314375 0.310347984375 0.20285376406250002 0.3128115671875 0.1072247140625 0.31179714999999997 0.1012207640625 0.3104204453125 0.091553375 0.31259419374999997 0.0781210265625 0.31526064374999996 0.078901734375 0.328548378125 0.06820025625000001 0.329153125 0.055460409375 0.3297578765625 0.0553536484375 0.394949909375
7 0.1323148375 0.478870409375 0.1212641171875 0.4798622390625 0.0806691921875 0.48058958125 0.0785333390625 0.48938380625000005 0.07904780781250001 0.49197935625 0.09570194374999999 0.49455996718749995 0.1631453984375 0.493417246875 0.1632382578125 0.4825071171875 0.1323148375 0.478870409375
4 0.1486221453125 0.496852759375 0.052856471875 0.49731349375 0.052116965625 0.5263108203125 0.052486715625 0.5424265312500001 0.0844702359375 0.543808734375 0.11691594999999999 0.543677096875 0.116638628125 0.5268931984375 0.204169159375 0.5289994124999999 0.28431289843749996 0.5303310546875 0.3353947078125 0.5268268390624999 0.3374631515625 0.49337216093749997 0.33722446562499997 0.48156963125 0.1987417671875 0.48176430937500003 0.1663088453125 0.482543025 0.1664769109375 0.482776628125 0.1670529703125 0.4952730984375 0.1598428140625 0.4940225359375 0.15254021874999998 0.494219990625 0.1486221453125 0.496852759375
4 0.054581217187499996 0.590167603125 0.0526719546875 0.60667756875 0.061090068750000004 0.6108177625 0.1428412203125 0.611435703125 0.2542979015625 0.611188525 0.335188246875 0.6123494875 0.33610303125 0.594204640625 0.3381939375 0.5633669140625 0.33610303125 0.54801358125 0.31088137968749996 0.545222065625 0.2603073796875 0.54801358125 0.1459256140625 0.546617825 0.109588209375 0.5453151171874999 0.08114485 0.5451049484375 0.0779960328125 0.5464029874999999 0.075761625 0.54826831875 0.07696171093750001 0.5636897296875001 0.069671803125 0.5643694625 0.0563069625 0.5657907265625 0.054581217187499996 0.590167603125
7 0.16612083125 0.625052146875 0.062470012500000005 0.6251837015625 0.0536014875 0.6264992671875 0.059668115625 0.6391608203125 0.1339724671875 0.643075390625 0.182564565625 0.6407073734375001 0.1829340734375 0.6263677109375 0.16612083125 0.625052146875
4 0.2871078984375 0.7753392578125 0.34110425 0.777327915625 0.47177943281249995 0.7768307531249999 0.472826775 0.764650215625 0.46142237656249996 0.7639873328125 0.463284328125 0.7438521609375 0.47945994374999995 0.7443493296875 0.48182722499999997 0.731106353125 0.4724011359375 0.7300291609375 0.47147016875 0.7140370296875 0.442581678125 0.7128496484375 0.4435126453125 0.69387453125 0.477493109375 0.6945374203125 0.4794572546875 0.6866829984375 0.46910018124999997 0.677651171875 0.432559546875 0.6773197265625 0.35831455 0.6774025875 0.30514226093749997 0.6799712734375001 0.2879192875 0.680302715625 0.2835369171875 0.681646553125 0.282236690625 0.7086562875 0.2830349015625 0.7648988 0.28140570625 0.7691246984375 0.2871078984375 0.7753392578125
4 0.6902962500000001 0.9293118546875 0.6864787921875 0.9148625484374999 0.6505141328125 0.9130027390625 0.64790215 0.8986964984375 0.629417559375 0.8964074999999999 0.630422134375 0.8793830765624999 0.6957211156249999 0.8769510109375 0.69793121875 0.8639840140624999 0.683866809375 0.863554828125 0.6862778656249999 0.84738878125 0.595060225 0.844813653125 0.5408118328125 0.8462442765624999 0.5073922843750001 0.8500735140625 0.5076880593750001 0.8878087734375001 0.5084637453124999 0.9444764703124999 0.530564934375 0.9479099640624999 0.6696015281250001 0.9447625937499999 0.6694005749999999 0.9313147203125001 0.6902962500000001 0.9293118546875
6 0.7459713156250001 0.9417402296875 0.7901167906250001 0.941373303125 0.7969876796875 0.9265740171875001 0.7751726156250001 0.9247393921875 0.7390598500000001 0.925341090625 0.735493203125 0.9246170765624999 0.736180290625 0.9341571156249999 0.7459713156250001 0.9417402296875
4 0.823652921875 0.91103596875 0.8292674124999999 0.895267046875 0.9290813265625 0.8950449578124999 0.9290813265625 0.8808307140625 0.9219072390624999 0.8619524249999999 0.8482944203124999 0.8610640390625001 0.8417441453125001 0.8475160921875 0.7372514625 0.8464056046874999 0.7359684468750001 0.8504449093750001 0.73413226875 0.8946007578125 0.737875296875 0.9099254765625 0.768755225 0.9125906515625 0.823652921875 0.91103596875
2 0.923365759375 0.9404934296875 0.925144740625 0.9337377078125 0.9377161875000001 0.9363555515625 0.93985094375 0.9316265453125 0.924551746875 0.923688578125 0.909608340625 0.9226752203125 0.906168978125 0.9263064203125 0.9058125406249999 0.925490975 0.901780840625 0.9319643328125 0.9046272 0.9377066921875 0.9138778859375 0.94108455 0.923365759375 0.9404934296875
3 0.06167754843749999 0.9611941359375 0.0646444390625 0.9603082328125 0.06435732499999999 0.9554016828125 0.0627303109375 0.9510403078125 0.047991521875 0.9504951343749999 0.0439718546875 0.9508358687499999 0.040215715624999995 0.953901834375 0.041196368750000004 0.9597630671875 0.047512992187500006 0.961807459375 0.06167754843749999 0.9611941359375
4 0.659004790625 0.5918119640625 0.661619525 0.59377719375 0.8417157609375 0.5949149578124999 0.9292048953125001 0.5935703218749999 0.934434384375 0.5771244734375001 0.9451838968749999 0.5758832859374999 0.9463459999999999 0.547542628125 0.94561968125 0.5292349828125 0.8912911234375 0.5292349828125 0.7757119328125001 0.527166321875 0.72792020625 0.530372746875 0.7009011843749999 0.5267525921875 0.6904422078125 0.5282006531250001 0.6803954765625 0.5324466265625001 0.6829732734375 0.546404865625 0.660312153125 0.5472323296875 0.6565353046875 0.5493009890625 0.659004790625 0.5918119640625
4 0.6604558515625001 0.393297053125 0.6736734171875 0.394267303125 0.72286455625 0.3935881296875 0.72954146875 0.3871844984375 0.738534875 0.376511784375 0.8593023296875 0.376511784375 0.944096625 0.3754445203125 0.9475032046875 0.36321940625 0.9233845671875001 0.3598235421875 0.8852307671874999 0.35933842031249996 0.867391525 0.36166701093750003 0.7826355890625 0.36215213125 0.7714619828125 0.35933842031249996 0.743964234375 0.361375934375 0.682236859375 0.361472959375 0.6810524390625 0.36441343125 0.6852558265625001 0.380198721875 0.6653613390625 0.3802957546875 0.65595915625 0.380489796875 0.6604558515625001 0.393297053125
4 0.65696204375 0.3471188984375 0.6592785203125 0.35623921406250003 0.670724671875 0.3597321015625 0.7627025640625 0.35885887968749997 0.7772827796875 0.35798565781249997 0.78613991875 0.34265575937500004 0.8803173843750001 0.3429468328125 0.9409718421875001 0.3444022046875 0.9468311859374999 0.335961059375 0.9458773296875 0.32625858750000003 0.9273454828125001 0.327422884375 0.9169894546874999 0.328781228125 0.781984525 0.326840734375 0.766593275 0.328781228125 0.6926579421875 0.326840734375 0.6835282859375 0.32887825625 0.679777246875 0.33082821562500003 0.6840784875 0.34246170781249996 0.667863125 0.3433349296875 0.6660917000000001 0.34614865156249996 0.65696204375 0.3471188984375
4 0.6597719203125 0.3272083625 0.7155355609375 0.32608673125 0.7727169218750001 0.3264232265625 0.79728545625 0.3253015921875 0.8062643625 0.3079163 0.8688298812499999 0.3110568671875 0.9446441234374999 0.31049605156250004 0.947479584375 0.30399058437500004 0.9490548328124999 0.27874740625 0.8880928796875001 0.2753825109375 0.77000103125 0.2770649578125 0.6965850640625 0.2761676515625 0.6850857828125 0.2769527953125 0.6813011578125 0.27916824687499997 0.6840306703125 0.29475679062500004 0.662292321875 0.29677572812499997 0.6602444953125 0.30597311718750003 0.6597719203125 0.3272083625
4 0.8230726734375 0.25793969687499996 0.9038753343750001 0.260103459375 0.9313252140625 0.257785140625 0.9444573359374999 0.256548703125 0.946519409375 0.24395249687499998 0.822210409375 0.2449749046875 0.8100550656250001 0.2428884171875 0.6832995093750001 0.24458851718750002 0.6808434250000001 0.245943840625 0.687255721875 0.260953509375 0.7041864046875 0.26164900625 0.734032134375 0.2587897453125 0.8230726734375 0.25793969687499996
4 0.82281171875 0.2427210046875 0.8461942265625 0.2395644640625 0.8567860546875 0.23028051718749998 0.8524618203125 0.226436346875 0.7850089296875 0.2281074609375 0.722728340625 0.2282931375 0.6806572 0.227983671875 0.6786124203125 0.2298601265625 0.6875152875 0.240175784375 0.709795565625 0.24263220937500002 0.7647056828125 0.2422228046875 0.82281171875 0.2427210046875
4 0.8475300390625 0.2005693515625 0.8498955640625001 0.195837178125 0.84854383125 0.194072634375 0.7686795484375 0.1922278921875 0.7021726296875 0.1947142859375 0.6804324203125 0.1943132546875 0.6851634453125001 0.20369739843749998 0.689154575 0.20811615625000002 0.753340928125 0.2081087484375 0.8224105203125 0.208349365625 0.8415599203124999 0.20762750937500002 0.8475300390625 0.2005693515625
4 0.661135828125 0.176917759375 0.6608479546875 0.19044669218750002 0.6634388984374999 0.191984071875 0.7092123953125 0.19249653125 0.7175610078125 0.1828622859375 0.7205838 0.17548287499999998 0.842094278125 0.1760978234375 0.9426433796874999 0.1739454953125 0.947537371875 0.1734330375 0.9502722703125001 0.1623639109375 0.8639071812499999 0.161748959375 0.8443311 0.1590841734375 0.8371340093749999 0.16000659687500002 0.7953908859375 0.16205643281249998 0.7253415890625 0.15846921875 0.7184323890625001 0.16031407343749998 0.6841742359375 0.160724040625 0.6834332859375001 0.1623390328125 0.683158934375 0.1732280515625 0.6866135250000001 0.176917759375 0.6643025453125 0.1749704140625 0.661135828125 0.176917759375
4 0.8120869015625001 0.15815959531249998 0.818852175 0.1456555890625 0.8161172765625 0.14370823906250002 0.7422751203125 0.1440157171875 0.7307597796875 0.14217086406249999 0.6946303921875 0.14247833906250001 0.6826832125 0.1436057515625 0.681814203125 0.14526420625 0.68844089375 0.154674871875 0.7071533249999999 0.158979534375 0.756093540625 0.157852121875 0.8120869015625001 0.15815959531249998
4 0.6664247 0.1125947109375 0.6613867296875 0.1157719609375 0.6621064421875 0.140574996875 0.6890235609375 0.1419073890625 0.7710703828125001 0.1422148671875 0.78503275 0.1270460671875 0.9102079859375 0.1246887515625 0.9477790718750001 0.1252012125 0.9495063859374999 0.11115982656250001 0.948786675 0.094966109375 0.8688989656249999 0.0914813828125 0.77292218125 0.0920061859375 0.6847032109375 0.0932360875 0.6805189359375 0.097270103125 0.6949251765625 0.110339890625 0.683697709375 0.11126231718749999 0.67434149375 0.110339890625 0.6664247 0.1125947109375
7 0.7544499 0.055737257812499996 0.756610371875 0.042348028125 0.7390065203125 0.0384167234375 0.6842745421875 0.03927135625 0.6777931234375 0.04206315 0.6610694609375 0.043430564062499996 0.661727990625 0.044067623437499995 0.662936465625 0.054483792187500005 0.6819006187500001 0.058244170312499996 0.7353257125 0.058870903125 0.7544499 0.055737257812499996
7 0.07295884375 0.03771328125 0.0636301609375 0.0409447 0.056570615625 0.0479461078125 0.0610047265625 0.05478645 0.083296028125 0.0578198875 0.10775226874999999 0.0563837109375 0.10699590156250001 0.0414832734375 0.07295884375 0.03771328125
4 0.37956950156249997 0.3506702203125 0.434628296875 0.351722203125 0.5163565296875 0.3516520734375 0.5848218125 0.35214299531250004 0.5967884734375 0.3514416734375 0.597379434375 0.3341190234375 0.643329765625 0.33418915625 0.6425669609375 0.3025628421875 0.6437989484375 0.26365453125 0.642616996875 0.2550984046875 0.5885431624999999 0.2521528546875 0.5016114093749999 0.2554490671875 0.44849551249999997 0.2536957609375 0.369170903125 0.2527139109375 0.361083975 0.2576401875 0.35989123749999996 0.2804072546875 0.36046455 0.33306436875 0.36085541875 0.34835585625 0.37956950156249997 0.3506702203125
4 0.359103740625 0.3971400078125 0.3585800515625 0.4327142890625 0.3711485171875 0.435473628125 0.4404845359375 0.435473628125 0.5246696578125001 0.43510074374999996 0.5860086921875001 0.43480243749999997 0.6380387484375001 0.43472785937499997 0.63731865 0.41958878125 0.6434981453125 0.4166802921875 0.642765434375 0.3872224765625 0.6424512265625 0.353294740625 0.632920140625 0.3509828609375 0.6248553890624999 0.3532201625 0.6108205953125 0.355233734375 0.4990259109375 0.3543388140625 0.4465496953125 0.3532201625 0.43955311249999995 0.35253704531249996 0.3953417546875 0.3529199078125 0.3866713640625 0.35244133125 0.38371402187500003 0.3540206328125 0.3811638859375 0.35539017500000003 0.383603075 0.3705326203125 0.365702175 0.3724820484375 0.361303215625 0.3732278140625 0.359103740625 0.3971400078125
4 0.36018543125 0.485160840625 0.3964048484375 0.48573760000000005 0.4762495765625 0.48672634375 0.547229603125 0.48631436875 0.6424205109375001 0.48524323281250004 0.6406847499999999 0.4686818828125 0.6418419234375 0.4536860328125 0.6401061640625 0.43822730937500004 0.619624265625 0.436414621875 0.5535498515625 0.4362498296875 0.5354172562499999 0.4353878046875 0.5295401015625 0.43505866718749997 0.526106259375 0.4376447484375 0.4946814625 0.43660366875 0.46922448437500003 0.439801009375 0.43752748593749996 0.43886061718749997 0.4260373171875 0.43650963281250005 0.388140859375 0.436274534375 0.38305613125 0.436791746875 0.3822947484375 0.4402608 0.383328834375 0.4523030078125 0.3690956421875 0.45205582499999997 0.361226884375 0.453291746875 0.36018543125 0.485160840625
7 0.4757096203125 0.4905917015625 0.44299199843750003 0.48733524843750003 0.400072125 0.4870847515625 0.380722996875 0.4864585109375 0.3822181578125 0.49672885625 0.383766315625 0.5025383390625 0.420828465625 0.5029912624999999 0.4735988015625 0.50255289375 0.477820425 0.50011055625 0.4757096203125 0.4905917015625
4 0.5224360046875 0.5029286390625 0.5243709156249999 0.5006115484375 0.53119448125 0.50156891875 0.5585755156250001 0.502302396875 0.58828923125 0.5028213375 0.639905515625 0.5017593546875 0.6396569359375001 0.490475771875 0.589195415625 0.4900775265625 0.5280245406249999 0.489236790625 0.4848345015625 0.49117032343749994 0.4838698953125 0.4914148734375 0.48303414062499994 0.5020519015625 0.5112662796875 0.5031791343750001 0.5171589796875 0.5053709765625001 0.5224360046875 0.5029286390625
4 0.4637691109375 0.519882915625 0.47723946875 0.518667115625 0.476860009375 0.5071844609375 0.44536595468750007 0.5035370328125001 0.428101146875 0.5054282890625 0.4021090640625 0.5035370328125001 0.3933817890625 0.504077390625 0.38503396562500003 0.506509009375 0.37923755 0.5082442234375 0.3857928546875 0.5213689125000001 0.3962276328125 0.5225847124999999 0.40229877968750005 0.5193425671874999 0.4637691109375 0.519882915625
4 0.45595218906249996 0.5294531578125 0.4634294671875 0.5345352703125 0.4895999578125 0.536713303125 0.542450765625 0.5353822781249999 0.550437875 0.5186839546875001 0.5818764609375 0.5165059125 0.5859549656249999 0.5129968453125 0.58340590625 0.509003771875 0.528515821875 0.505736703125 0.5033470343750001 0.504436046875 0.4953087296875 0.504436046875 0.48973549531250005 0.50642021875 0.482103775 0.507608571875 0.4848283953125 0.517586390625 0.488496509375 0.521435896875 0.45901107812499997 0.5235240453125 0.45595218906249996 0.5294531578125
7 0.44881478750000003 0.5361942640625 0.427832925 0.5375303484375 0.3913279078125 0.5380162 0.3822869515625 0.5393522796875 0.381945784375 0.5472473234375 0.38586922343749996 0.5528345906250001 0.38665190781250003 0.5527923875 0.4544440734375 0.5534418999999999 0.49913711093749996 0.5524701999999999 0.49794303281249996 0.5393522796875 0.44881478750000003 0.5361942640625
4 0.4592786109375 0.5542253046875001 0.45099292343749997 0.5551617671875 0.4069297265625 0.5538507218750001 0.3618281375 0.5565664625 0.356567375 0.5614360765625 0.3568304125 0.580511475 0.3658464921875 0.5855210984375 0.4136336515625 0.5874291140625 0.438867059375 0.5864751015625 0.44132342343750003 0.5694619953125 0.587597859375 0.5734370234374999 0.639627825 0.57121100625 0.6418608453125 0.5618299421875 0.6391812031249999 0.5406828046875 0.6186371765625001 0.5362307765625001 0.5348980203125 0.5379797921875 0.517888234375 0.5380487390625001 0.5173196156250001 0.54089735625 0.519578246875 0.551377040625 0.5142901390625 0.5536848234375 0.4900540234375 0.5556300000000001 0.4592786109375 0.5542253046875001
6 0.36042770156250004 0.5967761781250001 0.354517240625 0.5977113921874999 0.3601311125 0.6124395812500001 0.3944128546875 0.615129775 0.42872636562500005 0.613843846875 0.430039809375 0.59712688125 0.36042770156250004 0.5967761781250001
6 0.7522775968750001 0.61291763125 0.75424420625 0.6028530359375 0.713805996875 0.6004025296875 0.699179415625 0.60145274375 0.6695575203125 0.600577565625 0.6616999125 0.6035154453125 0.6638057890625 0.6131801875 0.68113645 0.614317928125 0.739986346875 0.61370529375 0.7522775968750001 0.61291763125
4 0.047297296875 0.9468785109375 0.2364864859375 0.9500882687500001 0.25900900937500004 0.9244102062499999 0.25675675625 0.6692344734375 0.04954955 0.66762959375 0.047297296875 0.9468785109375