2 0.253134796875 0.0219995109375 0.14106583125 0.0219995109375 0.14106583125 0.095331215625 0.253134796875 0.095331215625 0.253134796875 0.0219995109375
2 0.37460815 0.18675140625 0.263322884375 0.18675140625 0.263322884375 0.305548765625 0.37460815 0.305548765625 0.37460815 0.18675140625
2 0.7366771156249999 0.17941823437499999 0.50548589375 0.17941823437499999 0.50548589375 0.352969934375 0.7366771156249999 0.352969934375 0.7366771156249999 0.17941823437499999
2 0.979623825 0.351992178125 0.747648903125 0.351992178125 0.747648903125 0.43216817343749997 0.979623825 0.43216817343749997 0.979623825 0.351992178125
2 0.13087774218749998 0.33048154531249996 0.020376175 0.33048154531249996 0.020376175 0.41505744375000003 0.13087774218749998 0.41505744375000003 0.13087774218749998 0.33048154531249996
2 0.3714733546875 0.5431434859375 0.263322884375 0.5431434859375 0.263322884375 0.6472745046874999 0.3714733546875 0.6472745046874999 0.3714733546875 0.5431434859375
2 0.4937304078125 0.5436323640625 0.383228840625 0.5436323640625 0.383228840625 0.6477633828125 0.4937304078125 0.6477633828125 0.4937304078125 0.5436323640625
0 0.9741379312499999 0.5881202640625001 0.6261755484375 0.5881202640625001 0.6261755484375 0.9513566359375 0.9741379312499999 0.9513566359375 0.9741379312499999 0.5881202640625001
0 0.6159874609375 0.7152297734374999 0.2594043890625 0.7152297734374999 0.2594043890625 0.950954534375 0.6159874609375 0.950954534375 0.6159874609375 0.7152297734374999
2 0.046238243750000005 0.07382058124999999 0.021159875 0.07382058124999999 0.021159875 0.09288682499999999 0.046238243750000005 0.09288682499999999 0.046238243750000005 0.07382058124999999
2 0.0454545453125 0.1735516984375 0.021159875 0.1735516984375 0.021159875 0.1926179421875 0.0454545453125 0.1926179421875 0.0454545453125 0.1735516984375
2 0.046238243750000005 0.261060865625 0.0219435734375 0.261060865625 0.0219435734375 0.28061598593750003 0.046238243750000005 0.28061598593750003 0.046238243750000005 0.261060865625
2 0.043887146875 0.45661207499999995 0.021159875 0.45661207499999995 0.021159875 0.476167196875 0.043887146875 0.476167196875 0.043887146875 0.45661207499999995
2 0.04702194375 0.5504766562500001 0.0219435734375 0.5504766562500001 0.0219435734375 0.568076265625 0.04702194375 0.568076265625 0.04702194375 0.5504766562500001
2 0.046238243750000005 0.64336348125 0.0219435734375 0.64336348125 0.0219435734375 0.6624297234375 0.046238243750000005 0.6624297234375 0.046238243750000005 0.64336348125
7 0.23795368749999998 0.7197265625 0.23638820312500003 0.71875 0.23325723437499998 0.71875 0.2301262640625 0.716796875 0.19881656875 0.716796875 0.1956855984375 0.71484375 0.189423659375 0.71484375 0.186292690625 0.716796875 0.1737688125 0.716796875 0.1706378421875 0.71484375 0.16124493281250002 0.71484375 0.1581139640625 0.716796875 0.12680426875 0.716796875 0.12054232812500001 0.712890625 0.11428039062499999 0.712890625 0.10801845000000002 0.716796875 0.1017565109375 0.716796875 0.0986255421875 0.71484375 0.079839725 0.71484375 0.0767087546875 0.712890625 0.0735777859375 0.712890625 0.0641848765625 0.716796875 0.0422680890625 0.716796875 0.0391371203125 0.71875 0.03600615 0.71875 0.034440665625 0.7197265625 0.034440665625 0.7275390625 0.037571634375 0.7294921875 0.037571634375 0.7353515625 0.034440665625 0.7373046875 0.034440665625 0.7470703125 0.0422680890625 0.751953125 0.045399059375 0.751953125 0.048530028125 0.75390625 0.1111494203125 0.75390625 0.1127149046875 0.7529296875 0.11428039062499999 0.751953125 0.23325723437499998 0.751953125 0.23795368749999998 0.7490234375 0.23795368749999998 0.7197265625
7 0.42737734843749997 0.53125 0.43050831718750004 0.533203125 0.471210921875 0.533203125 0.47434189218749995 0.53125 0.4993896484375 0.53125 0.5025206171875001 0.533203125 0.53069934375 0.533203125 0.5338303140625 0.53125 0.5933187359375001 0.53125 0.5964497046874999 0.533203125 0.6089735843749999 0.533203125 0.612104553125 0.53125 0.6622000671875 0.53125 0.6653310359375 0.533203125 0.680985884375 0.533203125 0.684116853125 0.53125 0.7091646109374999 0.53125 0.7107300953125 0.5302734375 0.7107300953125 0.5283203125 0.713861065625 0.5263671875 0.713861065625 0.5166015625 0.7122955796875 0.515625 0.7091646109374999 0.515625 0.7060336406250001 0.513671875 0.702902671875 0.513671875 0.6997717015625 0.51171875 0.6935097625 0.51171875 0.69037879375 0.509765625 0.6778549140625 0.509765625 0.66846200625 0.513671875 0.6590690968749999 0.513671875 0.6559381281250001 0.515625 0.634021340625 0.515625 0.6308903703125 0.513671875 0.62462843125 0.513671875 0.6214974625 0.515625 0.6089735843749999 0.515625 0.6058426140625001 0.513671875 0.587056796875 0.513671875 0.5839258265625 0.515625 0.47434189218749995 0.515625 0.471210921875 0.517578125 0.46494898281249997 0.517578125 0.4618180140625 0.515625 0.43363928749999997 0.515625 0.43050831718750004 0.513671875 0.424246378125 0.513671875 0.421115409375 0.515625 0.38980571249999996 0.515625 0.38667474375 0.513671875 0.3835437734375 0.513671875 0.3804128046875 0.515625 0.3616269859375 0.515625 0.3584960171875 0.513671875 0.352234078125 0.513671875 0.3491031078125 0.515625 0.3459721390625 0.515625 0.34284116875000004 0.513671875 0.3365792296875 0.513671875 0.3334482609375 0.515625 0.280221778125 0.515625 0.2770908078125 0.513671875 0.27082886875 0.513671875 0.26769790000000004 0.515625 0.261435959375 0.515625 0.258304990625 0.513671875 0.2520430515625 0.513671875 0.24891208125 0.515625 0.2144714171875 0.515625 0.21134044687500003 0.517578125 0.2019475375 0.517578125 0.19881656875 0.515625 0.167506871875 0.515625 0.16281041875 0.5185546875 0.16281041875 0.5244140625 0.1659413875 0.5263671875 0.1659413875 0.5283203125 0.167506871875 0.529296875 0.1737688125 0.529296875 0.17689978125 0.53125 0.189423659375 0.53125 0.1956855984375 0.53515625 0.2082094765625 0.53515625 0.2144714171875 0.53125 0.223864325 0.53125 0.22699529531249998 0.533203125 0.23638820312500003 0.533203125 0.2395191734375 0.53125 0.2864837171875 0.53125 0.2896146859375 0.533203125 0.295876625 0.533203125 0.2990075953125 0.53515625 0.3115314734375 0.53515625 0.3130969578125 0.5341796875 0.31466244374999996 0.533203125 0.34284116875000004 0.533203125 0.3459721390625 0.53125 0.42737734843749997 0.53125
7 0.8281414546875 0.486328125 0.8312724250000001 0.48828125 0.9596421765625 0.48828125 0.9643386312500001 0.4853515625 0.9643386312500001 0.4736328125 0.9612076625 0.4716796875 0.965904115625 0.46875 0.9721660546875001 0.46875 0.973731540625 0.4677734375 0.973731540625 0.4560546875 0.9721660546875001 0.455078125 0.9596421765625 0.455078125 0.9565112078125001 0.453125 0.9533802375 0.453125 0.95024926875 0.455078125 0.937725390625 0.455078125 0.9345944203125001 0.453125 0.9220705421875 0.453125 0.918939571875 0.455078125 0.90641569375 0.455078125 0.903284725 0.453125 0.9001537546874999 0.455078125 0.8970227859375 0.455078125 0.8938918156250001 0.453125 0.825010484375 0.453125 0.8156175765624999 0.44921875 0.81248660625 0.44921875 0.8093556375000001 0.451171875 0.8030936984375 0.451171875 0.799962728125 0.453125 0.7686530328125001 0.453125 0.7655220625 0.455078125 0.752998184375 0.455078125 0.7514327 0.4560546875 0.7514327 0.4599609375 0.75456366875 0.4619140625 0.75456366875 0.4658203125 0.7561291546875 0.466796875 0.7592601234374999 0.466796875 0.7670875484375 0.4716796875 0.7608256078125 0.4775390625 0.763956578125 0.4794921875 0.763956578125 0.4853515625 0.7717840015624999 0.490234375 0.78743885 0.490234375 0.7890043343750001 0.4892578125 0.7905698203125 0.48828125 0.81248660625 0.48828125 0.8156175765624999 0.486328125 0.8281414546875 0.486328125
7 0.7248194578125 0.166015625 0.7263849437500001 0.1650390625 0.7263849437500001 0.1630859375 0.7295159124999999 0.1611328125 0.7295159124999999 0.1513671875 0.7248194578125 0.1484375 0.7216884890624999 0.1484375 0.71855751875 0.146484375 0.7122955796875 0.146484375 0.7107300953125 0.1455078125 0.71855751875 0.140625 0.7216884890624999 0.142578125 0.7263849437500001 0.1396484375 0.7263849437500001 0.1357421875 0.7295159124999999 0.1337890625 0.7295159124999999 0.1279296875 0.7232539734375 0.1240234375 0.7232539734375 0.1181640625 0.71855751875 0.115234375 0.71542655 0.115234375 0.7122955796875 0.11328125 0.5588780703125 0.11328125 0.5557471015625 0.115234375 0.55261613125 0.115234375 0.5479196765625 0.1181640625 0.5479196765625 0.1201171875 0.5447887078125 0.1220703125 0.5447887078125 0.1240234375 0.543223221875 0.125 0.5416577375 0.1240234375 0.5416577375 0.1181640625 0.5369612828125 0.115234375 0.53069934375 0.115234375 0.527568375 0.11328125 0.47434189218749995 0.11328125 0.471210921875 0.111328125 0.468079953125 0.111328125 0.45868704375 0.10546875 0.44616316562499997 0.10546875 0.44303219531250004 0.107421875 0.4399012265625 0.107421875 0.438335740625 0.1083984375 0.438335740625 0.1103515625 0.43677025625 0.111328125 0.43363928749999997 0.111328125 0.43050831718750004 0.11328125 0.4054605609375 0.11328125 0.40232959062500007 0.115234375 0.399198621875 0.115234375 0.3913711984375 0.1201171875 0.3913711984375 0.1298828125 0.399198621875 0.134765625 0.41172250000000005 0.134765625 0.4179844390625 0.138671875 0.424246378125 0.138671875 0.42737734843749997 0.140625 0.43050831718750004 0.140625 0.43207380312500004 0.1416015625 0.43207380312500004 0.1435546875 0.43050831718750004 0.14453125 0.424246378125 0.14453125 0.421115409375 0.146484375 0.4148534703125 0.146484375 0.41172250000000005 0.1484375 0.40232959062500007 0.1484375 0.39450216718750003 0.1533203125 0.39450216718750003 0.1630859375 0.40232959062500007 0.16796875 0.41172250000000005 0.16796875 0.4148534703125 0.166015625 0.421115409375 0.166015625 0.424246378125 0.16796875 0.5463541921874999 0.16796875 0.5494851625 0.166015625 0.562009040625 0.166015625 0.5651400093750001 0.16796875 0.57453291875 0.16796875 0.5776638875 0.169921875 0.5964497046874999 0.169921875 0.599580675 0.16796875 0.62462843125 0.16796875 0.6308903703125 0.1640625 0.64654521875 0.1640625 0.6559381281250001 0.16796875 0.6778549140625 0.16796875 0.680985884375 0.169921875 0.68255136875 0.1689453125 0.684116853125 0.16796875 0.7122955796875 0.16796875 0.71542655 0.166015625 0.7248194578125 0.166015625
7 0.973731540625 0.1416015625 0.973731540625 0.1376953125 0.9721660546875001 0.13671875 0.965904115625 0.13671875 0.9627731468749999 0.134765625 0.9565112078125001 0.134765625 0.9549457218749999 0.1337890625 0.9549457218749999 0.1318359375 0.9643386312500001 0.1259765625 0.9643386312500001 0.1220703125 0.9674696015625001 0.1201171875 0.9674696015625001 0.1181640625 0.9643386312500001 0.1162109375 0.9643386312500001 0.1142578125 0.9627731468749999 0.11328125 0.9158086031250001 0.11328125 0.9126776328125 0.111328125 0.9001537546874999 0.111328125 0.8970227859375 0.109375 0.8782369671874999 0.109375 0.871975028125 0.11328125 0.8563201812499999 0.11328125 0.8531892109375001 0.111328125 0.846927271875 0.111328125 0.843796303125 0.109375 0.8281414546875 0.109375 0.825010484375 0.111328125 0.8156175765624999 0.111328125 0.81248660625 0.109375 0.7937007890625 0.109375 0.78430788125 0.11328125 0.7655220625 0.11328125 0.7608256078125 0.1162109375 0.763956578125 0.1181640625 0.763956578125 0.1220703125 0.774914971875 0.12890625 0.778045940625 0.12890625 0.7811769109375 0.130859375 0.78430788125 0.12890625 0.78743885 0.12890625 0.7952662734375 0.1337890625 0.7937007890625 0.134765625 0.774914971875 0.134765625 0.7717840015624999 0.13671875 0.7561291546875 0.13671875 0.7514327 0.1396484375 0.7514327 0.1455078125 0.7592601234374999 0.150390625 0.7655220625 0.150390625 0.7686530328125001 0.15234375 0.8156175765624999 0.15234375 0.8187485453125 0.150390625 0.825010484375 0.150390625 0.8281414546875 0.1484375 0.8312724250000001 0.150390625 0.8375343624999999 0.150390625 0.8406653328125 0.15234375 0.90641569375 0.15234375 0.9095466640625001 0.150390625 0.9252015124999999 0.150390625 0.92833248125 0.15234375 0.965904115625 0.15234375 0.9674696015625001 0.1513671875 0.973731540625 0.1494140625 0.973731540625 0.1455078125 0.976862509375 0.1435546875 0.973731540625 0.1416015625
7 0.8985882703125 0.0654296875 0.8985882703125 0.0615234375 0.8891953609375 0.0556640625 0.8891953609375 0.0537109375 0.8876298765625 0.052734375 0.8844989078125 0.052734375 0.879802453125 0.0556640625 0.879802453125 0.0576171875 0.8782369671874999 0.05859375 0.8751059984375 0.05859375 0.871975028125 0.056640625 0.7937007890625 0.056640625 0.7905698203125 0.052734375 0.78430788125 0.052734375 0.778045940625 0.060546875 0.774914971875 0.060546875 0.7717840015624999 0.05859375 0.76239109375 0.05859375 0.7592601234374999 0.060546875 0.7373433359375 0.060546875 0.7342123671875 0.05859375 0.7216884890624999 0.05859375 0.71855751875 0.060546875 0.71542655 0.060546875 0.7107300953125 0.0634765625 0.7107300953125 0.0654296875 0.70446815625 0.0712890625 0.70446815625 0.0771484375 0.7013371859374999 0.0791015625 0.7013371859374999 0.0849609375 0.70446815625 0.0869140625 0.70446815625 0.0927734375 0.7075991265625 0.0947265625 0.7075991265625 0.0966796875 0.71855751875 0.103515625 0.7342123671875 0.103515625 0.7357778515625 0.1025390625 0.7357778515625 0.1005859375 0.7389088218750001 0.0986328125 0.7389088218750001 0.0927734375 0.7342123671875 0.08984375 0.727950428125 0.08984375 0.7263849437500001 0.0888671875 0.7263849437500001 0.0791015625 0.727950428125 0.078125 0.74047430625 0.078125 0.7561291546875 0.087890625 0.7592601234374999 0.087890625 0.76239109375 0.08984375 0.7686530328125001 0.08984375 0.7717840015624999 0.091796875 0.774914971875 0.091796875 0.785873365625 0.0986328125 0.785873365625 0.1005859375 0.7905698203125 0.103515625 0.7937007890625 0.103515625 0.7952662734375 0.1025390625 0.7952662734375 0.0966796875 0.799962728125 0.09375 0.8062246671875 0.09375 0.8093556375000001 0.091796875 0.81248660625 0.091796875 0.8156175765624999 0.09375 0.83440339375 0.09375 0.846927271875 0.0859375 0.8516237265625 0.0888671875 0.8516237265625 0.0966796875 0.8625821203124999 0.103515625 0.868844059375 0.103515625 0.8782369671874999 0.099609375 0.8813679375 0.099609375 0.8876298765625 0.103515625 0.8938918156250001 0.103515625 0.8954573 0.1025390625 0.8954573 0.0927734375 0.8923263312499999 0.0908203125 0.8923263312499999 0.0673828125 0.8985882703125 0.0654296875
7 0.8657130890625 0.046875 0.8531892109375001 0.046875 0.8500582421875 0.048828125 0.8030936984375 0.048828125 0.8015282125000001 0.0498046875 0.8015282125000001 0.0537109375 0.8030936984375 0.0546875 0.871975028125 0.0546875 0.8735405140625 0.0537109375 0.8735405140625 0.0498046875 0.871975028125 0.048828125 0.868844059375 0.048828125 0.8657130890625 0.046875
7 0.3600615015625 0.1513671875 0.36319247187500003 0.1494140625 0.3600615015625 0.1474609375 0.3600615015625 0.1455078125 0.36319247187500003 0.1435546875 0.36319247187500003 0.1416015625 0.3600615015625 0.1396484375 0.3600615015625 0.1357421875 0.36945441093750003 0.1298828125 0.36945441093750003 0.1240234375 0.37258538125 0.1220703125 0.37258538125 0.1162109375 0.3678889265625 0.11328125 0.352234078125 0.11328125 0.3491031078125 0.111328125 0.31779341250000004 0.111328125 0.3084005046875 0.107421875 0.26769790000000004 0.107421875 0.261435959375 0.111328125 0.24891208125 0.111328125 0.2457811125 0.109375 0.22699529531249998 0.109375 0.223864325 0.107421875 0.2144714171875 0.107421875 0.21134044687500003 0.10546875 0.2050785078125 0.10546875 0.2019475375 0.107421875 0.18003075156249998 0.107421875 0.1737688125 0.111328125 0.16124493281250002 0.111328125 0.1581139640625 0.11328125 0.1455900859375 0.11328125 0.1440246 0.1142578125 0.1440246 0.1201171875 0.14715557031249998 0.1220703125 0.14715557031249998 0.1240234375 0.153417509375 0.1298828125 0.153417509375 0.1318359375 0.15967944843749998 0.1337890625 0.15967944843749998 0.1357421875 0.15654847968750002 0.1376953125 0.15654847968750002 0.1474609375 0.16281041875 0.1513671875 0.16281041875 0.1552734375 0.15967944843749998 0.1572265625 0.15967944843749998 0.1630859375 0.153417509375 0.1650390625 0.153417509375 0.1708984375 0.1581139640625 0.173828125 0.1706378421875 0.173828125 0.1737688125 0.17578125 0.21134044687500003 0.17578125 0.2144714171875 0.173828125 0.2301262640625 0.173828125 0.23325723437499998 0.17578125 0.283352746875 0.17578125 0.2864837171875 0.173828125 0.3021385640625 0.173828125 0.305269534375 0.17578125 0.3584960171875 0.17578125 0.3600615015625 0.1748046875 0.36319247187500003 0.1728515625 0.36319247187500003 0.1572265625 0.3600615015625 0.1552734375 0.3600615015625 0.1513671875
7 0.1017565109375 0.244140625 0.0767087546875 0.244140625 0.0735777859375 0.24609375 0.0547919671875 0.24609375 0.05166099843750001 0.244140625 0.045399059375 0.244140625 0.0422680890625 0.24609375 0.026613240625 0.24609375 0.0219167875 0.2490234375 0.0219167875 0.2529296875 0.023482271875 0.25390625 0.10801845000000002 0.25390625 0.1095839359375 0.2529296875 0.1095839359375 0.2470703125 0.10801845000000002 0.24609375 0.10488748125 0.24609375 0.1017565109375 0.244140625
7 0.11584587500000001 0.1611328125 0.11428039062499999 0.16015625 0.10801845000000002 0.16015625 0.10488748125 0.158203125 0.0986255421875 0.158203125 0.095494571875 0.15625 0.092363603125 0.158203125 0.079839725 0.158203125 0.0767087546875 0.16015625 0.023482271875 0.16015625 0.0219167875 0.1611328125 0.0219167875 0.1650390625 0.026613240625 0.16796875 0.029744210937499998 0.16796875 0.03287518125 0.169921875 0.10488748125 0.169921875 0.10645296562499999 0.1689453125 0.10801845000000002 0.16796875 0.11428039062499999 0.16796875 0.11584587500000001 0.1669921875 0.11584587500000001 0.1611328125
7 0.10645296562499999 0.0498046875 0.1017565109375 0.046875 0.0892326328125 0.046875 0.0861016640625 0.044921875 0.0767087546875 0.044921875 0.0735777859375 0.046875 0.026613240625 0.046875 0.0219167875 0.0498046875 0.0219167875 0.0537109375 0.025047756249999997 0.0556640625 0.025047756249999997 0.0595703125 0.0219167875 0.0615234375 0.0219167875 0.0654296875 0.023482271875 0.06640625 0.026613240625 0.06640625 0.029744210937499998 0.068359375 0.10488748125 0.068359375 0.10645296562499999 0.0673828125 0.1095839359375 0.0654296875 0.1095839359375 0.0615234375 0.10645296562499999 0.0595703125 0.10645296562499999 0.0498046875
7 0.10801845000000002 0.0234375 0.10488748125 0.021484375 0.1017565109375 0.021484375 0.0986255421875 0.0234375 0.095494571875 0.0234375 0.092363603125 0.021484375 0.05166099843750001 0.021484375 0.048530028125 0.0234375 0.023482271875 0.0234375 0.0219167875 0.0244140625 0.0219167875 0.0341796875 0.023482271875 0.03515625 0.026613240625 0.03515625 0.029744210937499998 0.037109375 0.1299352375 0.037109375 0.131500721875 0.0361328125 0.1377626609375 0.0322265625 0.1377626609375 0.0263671875 0.1330662078125 0.0234375 0.10801845000000002 0.0234375
7 0.671592975 0.041015625 0.6872478234375 0.041015625 0.69037879375 0.0390625 0.8751059984375 0.0390625 0.8782369671874999 0.041015625 0.890760846875 0.041015625 0.8938918156250001 0.0390625 0.8970227859375 0.041015625 0.9252015124999999 0.041015625 0.9330289359374999 0.0361328125 0.9330289359374999 0.0302734375 0.9298979656249999 0.0283203125 0.9298979656249999 0.0263671875 0.92833248125 0.025390625 0.918939571875 0.025390625 0.9158086031250001 0.0234375 0.799962728125 0.0234375 0.7968317593750001 0.025390625 0.7342123671875 0.025390625 0.7310813984375 0.02734375 0.727950428125 0.02734375 0.7248194578125 0.025390625 0.7122955796875 0.025390625 0.7091646109374999 0.0234375 0.7060336406250001 0.025390625 0.684116853125 0.025390625 0.680985884375 0.0234375 0.6747239453125 0.0234375 0.671592975 0.025390625 0.6653310359375 0.025390625 0.6622000671875 0.0234375 0.6559381281250001 0.0234375 0.6528071578125 0.025390625 0.6402832796875 0.025390625 0.637152309375 0.0234375 0.5682709796875 0.0234375 0.5651400093750001 0.025390625 0.562009040625 0.0234375 0.5588780703125 0.0234375 0.5557471015625 0.025390625 0.53069934375 0.025390625 0.527568375 0.0234375 0.4618180140625 0.0234375 0.45868704375 0.025390625 0.42737734843749997 0.025390625 0.424246378125 0.0234375 0.421115409375 0.0234375 0.4179844390625 0.025390625 0.4148534703125 0.0234375 0.33971019999999996 0.0234375 0.3365792296875 0.025390625 0.2990075953125 0.025390625 0.295876625 0.0234375 0.27082886875 0.0234375 0.26769790000000004 0.025390625 0.2645669296875 0.025390625 0.26300144531249997 0.0263671875 0.26300144531249997 0.0361328125 0.2661324140625 0.0380859375 0.2661324140625 0.0400390625 0.26769790000000004 0.041015625 0.5776638875 0.041015625 0.5807948578125 0.04296875 0.5839258265625 0.04296875 0.5854913125000001 0.0419921875 0.587056796875 0.041015625 0.6653310359375 0.041015625 0.66846200625 0.0390625 0.671592975 0.041015625
7 0.3381447140625 0.0556640625 0.3381447140625 0.0595703125 0.34284116875000004 0.0625 0.3616269859375 0.0625 0.36319247187500003 0.0615234375 0.36319247187500003 0.0537109375 0.3616269859375 0.052734375 0.34284116875000004 0.052734375 0.3381447140625 0.0556640625
7 0.3318827765625 0.0556640625 0.327186321875 0.052734375 0.2896146859375 0.052734375 0.2864837171875 0.05078125 0.2770908078125 0.05078125 0.2739598390625 0.052734375 0.26769790000000004 0.052734375 0.26300144531249997 0.0556640625 0.26300144531249997 0.0576171875 0.2661324140625 0.0595703125 0.2661324140625 0.0615234375 0.27082886875 0.064453125 0.2739598390625 0.064453125 0.2755253234375 0.0634765625 0.2770908078125 0.0625 0.330317290625 0.0625 0.3318827765625 0.0615234375 0.3318827765625 0.0556640625
6 0.377281834375 0.091796875 0.38667474375 0.091796875 0.38980571249999996 0.08984375 0.40232959062500007 0.08984375 0.4054605609375 0.091796875 0.4179844390625 0.091796875 0.421115409375 0.08984375 0.43363928749999997 0.08984375 0.438335740625 0.0869140625 0.438335740625 0.0791015625 0.4399012265625 0.078125 0.4492941359375 0.078125 0.4524251046875 0.076171875 0.468079953125 0.076171875 0.4696454375 0.0751953125 0.4696454375 0.0712890625 0.4727764078125 0.0693359375 0.468079953125 0.06640625 0.45868704375 0.06640625 0.45555607499999995 0.064453125 0.4524251046875 0.06640625 0.374150865625 0.06640625 0.3710198953125 0.064453125 0.36475795624999996 0.064453125 0.3616269859375 0.0625 0.3491031078125 0.0625 0.3475376234375 0.0615234375 0.34796238281249997 0.0659985328125 0.351880878125 0.0703984359375 0.34874608125 0.0684429234375 0.346394984375 0.0669762890625 0.3393416921875 0.0655096546875 0.3134796234375 0.0659985328125 0.3017241375 0.0679540453125 0.31034482812499997 0.0664874109375 0.2985893421875 0.0679540453125 0.2923197484375 0.0674651671875 0.2884012546875 0.0664874109375 0.283352746875 0.0625 0.28683385625 0.0664874109375 0.27899686562500003 0.0674651671875 0.273510971875 0.0655096546875 0.26769790000000004 0.0625 0.2609717875 0.0669762890625 0.26300144531249997 0.067862571875 0.26300144531249997 0.0751953125 0.259870475 0.0771484375 0.259870475 0.0869140625 0.26769790000000004 0.091796875 0.2739598390625 0.091796875 0.2770908078125 0.09375 0.31466244374999996 0.09375 0.31779341250000004 0.091796875 0.3209243828125 0.091796875 0.3240553515625 0.09375 0.3459721390625 0.09375 0.3475376234375 0.0927734375 0.3491031078125 0.091796875 0.36475795624999996 0.091796875 0.3678889265625 0.08984375 0.374150865625 0.08984375 0.377281834375 0.091796875
4 0.0986255421875 0.1484375 0.1017565109375 0.146484375 0.12054232812500001 0.146484375 0.1252387828125 0.1435546875 0.1252387828125 0.1396484375 0.11897684374999999 0.1357421875 0.11897684374999999 0.1259765625 0.11584587500000001 0.1240234375 0.11584587500000001 0.1201171875 0.1252387828125 0.1142578125 0.1252387828125 0.1123046875 0.128369753125 0.1103515625 0.128369753125 0.1064453125 0.1252387828125 0.1044921875 0.1252387828125 0.1005859375 0.11897684374999999 0.0986328125 0.11897684374999999 0.0947265625 0.1252387828125 0.0908203125 0.1221078140625 0.0888671875 0.1221078140625 0.0849609375 0.128369753125 0.0830078125 0.128369753125 0.0751953125 0.12680426875 0.07421875 0.1236732984375 0.07421875 0.12054232812500001 0.072265625 0.05166099843750001 0.072265625 0.04696454375 0.0751953125 0.04696454375 0.0966796875 0.045399059375 0.09765625 0.03287518125 0.09765625 0.029744210937499998 0.099609375 0.026613240625 0.099609375 0.0219167875 0.1025390625 0.0219167875 0.1513671875 0.023482271875 0.15234375 0.05166099843750001 0.15234375 0.053226482812499996 0.1513671875 0.0547919671875 0.150390625 0.06105390625 0.150390625 0.0641848765625 0.1484375 0.0986255421875 0.1484375
4 0.128369753125 0.2138671875 0.1236732984375 0.2109375 0.12054232812500001 0.2109375 0.11897684374999999 0.2099609375 0.11897684374999999 0.2060546875 0.11584587500000001 0.2041015625 0.11584587500000001 0.2021484375 0.11897684374999999 0.2001953125 0.11897684374999999 0.1962890625 0.1236732984375 0.193359375 0.12680426875 0.193359375 0.128369753125 0.1923828125 0.128369753125 0.1884765625 0.1221078140625 0.1845703125 0.1221078140625 0.1748046875 0.12054232812500001 0.173828125 0.117411359375 0.173828125 0.11428039062499999 0.171875 0.1111494203125 0.173828125 0.10801845000000002 0.173828125 0.10488748125 0.171875 0.0892326328125 0.171875 0.0861016640625 0.173828125 0.08297069375 0.171875 0.0767087546875 0.171875 0.0735777859375 0.173828125 0.05166099843750001 0.173828125 0.0500955140625 0.1748046875 0.0500955140625 0.1787109375 0.04696454375 0.1806640625 0.04696454375 0.1826171875 0.0500955140625 0.1845703125 0.04696454375 0.1865234375 0.04696454375 0.1982421875 0.045399059375 0.19921875 0.0391371203125 0.19921875 0.03600615 0.201171875 0.023482271875 0.201171875 0.0219167875 0.2021484375 0.0219167875 0.2353515625 0.026613240625 0.23828125 0.045399059375 0.23828125 0.048530028125 0.240234375 0.05166099843750001 0.23828125 0.0641848765625 0.23828125 0.0673158453125 0.240234375 0.11428039062499999 0.240234375 0.11584587500000001 0.2392578125 0.117411359375 0.23828125 0.12680426875 0.23828125 0.128369753125 0.2373046875 0.128369753125 0.2138671875
4 0.1252387828125 0.3037109375 0.128369753125 0.3017578125 0.128369753125 0.2880859375 0.11584587500000001 0.2841796875 0.11584587500000001 0.2724609375 0.1127149046875 0.2705078125 0.1127149046875 0.2685546875 0.1033219953125 0.2626953125 0.1033219953125 0.2607421875 0.1017565109375 0.259765625 0.0547919671875 0.259765625 0.05166099843750001 0.26171875 0.048530028125 0.26171875 0.04696454375 0.2626953125 0.04696454375 0.2685546875 0.0500955140625 0.2705078125 0.0500955140625 0.2724609375 0.04696454375 0.2744140625 0.04696454375 0.2802734375 0.0422680890625 0.283203125 0.0391371203125 0.283203125 0.03600615 0.28515625 0.026613240625 0.28515625 0.0219167875 0.2880859375 0.0219167875 0.3232421875 0.026613240625 0.326171875 0.10488748125 0.326171875 0.10645296562499999 0.3251953125 0.117411359375 0.318359375 0.1236732984375 0.318359375 0.1252387828125 0.3173828125 0.1252387828125 0.3037109375
4 0.1111494203125 0.5234375 0.11428039062499999 0.521484375 0.1236732984375 0.521484375 0.128369753125 0.5185546875 0.128369753125 0.5048828125 0.131500721875 0.5029296875 0.131500721875 0.4931640625 0.128369753125 0.4912109375 0.128369753125 0.4892578125 0.11584587500000001 0.4814453125 0.11584587500000001 0.4794921875 0.12054232812500001 0.4765625 0.1236732984375 0.4765625 0.128369753125 0.4736328125 0.128369753125 0.4716796875 0.11584587500000001 0.4658203125 0.11584587500000001 0.4619140625 0.1127149046875 0.4599609375 0.1127149046875 0.4580078125 0.10801845000000002 0.455078125 0.095494571875 0.455078125 0.092363603125 0.453125 0.05792293750000001 0.453125 0.0547919671875 0.455078125 0.05166099843750001 0.455078125 0.0500955140625 0.4560546875 0.0500955140625 0.4814453125 0.045399059375 0.484375 0.03600615 0.484375 0.03287518125 0.486328125 0.026613240625 0.486328125 0.025047756249999997 0.4873046875 0.025047756249999997 0.5068359375 0.0219167875 0.5087890625 0.0219167875 0.5126953125 0.025047756249999997 0.5146484375 0.0219167875 0.5166015625 0.0219167875 0.5205078125 0.025047756249999997 0.5224609375 0.025047756249999997 0.5263671875 0.026613240625 0.52734375 0.079839725 0.52734375 0.081405209375 0.5263671875 0.08297069375 0.525390625 0.0892326328125 0.525390625 0.092363603125 0.5234375 0.1111494203125 0.5234375
4 0.1127149046875 0.6103515625 0.11584587500000001 0.6083984375 0.11584587500000001 0.6044921875 0.1221078140625 0.6005859375 0.1221078140625 0.5966796875 0.11584587500000001 0.5927734375 0.11584587500000001 0.5830078125 0.11897684374999999 0.5810546875 0.11897684374999999 0.5634765625 0.1221078140625 0.5615234375 0.1221078140625 0.5576171875 0.1127149046875 0.5517578125 0.1127149046875 0.5498046875 0.1111494203125 0.548828125 0.0547919671875 0.548828125 0.0500955140625 0.5517578125 0.0500955140625 0.5732421875 0.045399059375 0.576171875 0.026613240625 0.576171875 0.0219167875 0.5791015625 0.0219167875 0.6201171875 0.023482271875 0.62109375 0.0861016640625 0.62109375 0.0876671484375 0.6201171875 0.095494571875 0.615234375 0.1111494203125 0.615234375 0.1127149046875 0.6142578125 0.1127149046875 0.6103515625
4 0.11584587500000001 0.6845703125 0.12054232812500001 0.681640625 0.1236732984375 0.681640625 0.1252387828125 0.6806640625 0.1252387828125 0.6748046875 0.1221078140625 0.6728515625 0.1221078140625 0.6689453125 0.11897684374999999 0.6669921875 0.11897684374999999 0.6572265625 0.1221078140625 0.6552734375 0.1221078140625 0.6513671875 0.10801845000000002 0.642578125 0.0547919671875 0.642578125 0.0500955140625 0.6455078125 0.0500955140625 0.6669921875 0.045399059375 0.669921875 0.023482271875 0.669921875 0.0219167875 0.6708984375 0.0219167875 0.6982421875 0.026613240625 0.701171875 0.11428039062499999 0.701171875 0.11584587500000001 0.7001953125 0.11897684374999999 0.6982421875 0.11897684374999999 0.6923828125 0.11584587500000001 0.6904296875 0.11584587500000001 0.6845703125
6 0.2082094765625 0.541015625 0.2050785078125 0.5390625 0.2019475375 0.5390625 0.19881656875 0.541015625 0.1706378421875 0.541015625 0.1659413875 0.5439453125 0.1659413875 0.5478515625 0.1706378421875 0.55078125 0.223864325 0.55078125 0.225429809375 0.5498046875 0.2285607796875 0.5478515625 0.2285607796875 0.5439453125 0.223864325 0.541015625 0.2082094765625 0.541015625
6 0.2144714171875 0.185546875 0.21134044687500003 0.18359375 0.186292690625 0.18359375 0.1831617203125 0.185546875 0.18003075156249998 0.185546875 0.17689978125 0.18359375 0.1706378421875 0.18359375 0.1659413875 0.1865234375 0.1659413875 0.1943359375 0.167506871875 0.1953125 0.223864325 0.1953125 0.225429809375 0.1943359375 0.2285607796875 0.1923828125 0.2285607796875 0.1884765625 0.223864325 0.185546875 0.2144714171875 0.185546875
6 0.41172250000000005 0.177734375 0.410157015625 0.1787109375 0.410157015625 0.1884765625 0.41172250000000005 0.189453125 0.46494898281249997 0.189453125 0.4665144671875 0.1884765625 0.4696454375 0.1865234375 0.4696454375 0.1806640625 0.46494898281249997 0.177734375 0.41172250000000005 0.177734375
6 0.81248660625 0.15625 0.8030936984375 0.15625 0.799962728125 0.158203125 0.774914971875 0.158203125 0.7733494875 0.1591796875 0.7733494875 0.1669921875 0.774914971875 0.16796875 0.8312724250000001 0.16796875 0.832837909375 0.1669921875 0.832837909375 0.1591796875 0.8312724250000001 0.158203125 0.8156175765624999 0.158203125 0.81248660625 0.15625
6 0.7733494875 0.4951171875 0.7733494875 0.5009765625 0.778045940625 0.50390625 0.8312724250000001 0.50390625 0.832837909375 0.5029296875 0.832837909375 0.4951171875 0.8312724250000001 0.494140625 0.774914971875 0.494140625 0.7733494875 0.4951171875
6 0.1017565109375 0.755859375 0.048530028125 0.755859375 0.04696454375 0.7568359375 0.04696454375 0.7626953125 0.048530028125 0.763671875 0.0547919671875 0.763671875 0.05792293750000001 0.765625 0.06105390625 0.765625 0.0641848765625 0.763671875 0.0735777859375 0.763671875 0.0767087546875 0.765625 0.0861016640625 0.765625 0.0892326328125 0.763671875 0.092363603125 0.763671875 0.095494571875 0.765625 0.1017565109375 0.765625 0.1033219953125 0.7646484375 0.1033219953125 0.7626953125 0.10645296562499999 0.7607421875 0.10645296562499999 0.7587890625 0.1017565109375 0.755859375
1 0.11428039062499999 0.43359375 0.1221078140625 0.4287109375 0.1221078140625 0.4267578125 0.11897684374999999 0.4248046875 0.11897684374999999 0.4228515625 0.11428039062499999 0.419921875 0.1111494203125 0.419921875 0.10801845000000002 0.41796875 0.026613240625 0.41796875 0.0219167875 0.4208984375 0.0219167875 0.4404296875 0.023482271875 0.44140625 0.095494571875 0.44140625 0.0970600578125 0.4404296875 0.0986255421875 0.439453125 0.1017565109375 0.439453125 0.1111494203125 0.43359375 0.11428039062499999 0.43359375
1 0.7342123671875 0.353515625 0.7310813984375 0.353515625 0.727950428125 0.35546875 0.6997717015625 0.35546875 0.69664073125 0.353515625 0.612104553125 0.353515625 0.6089735843749999 0.35546875 0.5776638875 0.35546875 0.57453291875 0.353515625 0.540092253125 0.353515625 0.5369612828125 0.35546875 0.5087825578125 0.35546875 0.507217071875 0.3564453125 0.507217071875 0.3603515625 0.515044496875 0.365234375 0.5213064359375 0.365234375 0.5244374046875 0.36328125 0.543223221875 0.36328125 0.5463541921874999 0.365234375 0.5557471015625 0.365234375 0.5588780703125 0.36328125 0.562009040625 0.36328125 0.5651400093750001 0.365234375 0.5714019484375 0.365234375 0.57453291875 0.36328125 0.7122955796875 0.36328125 0.71542655 0.365234375 0.7342123671875 0.365234375 0.7357778515625 0.3642578125 0.7357778515625 0.3623046875 0.7389088218750001 0.3603515625 0.7389088218750001 0.3564453125 0.7342123671875 0.353515625
1 0.965904115625 0.44140625 0.9721660546875001 0.4375 0.975297025 0.4375 0.976862509375 0.4365234375 0.9721660546875001 0.43359375 0.965904115625 0.43359375 0.9627731468749999 0.435546875 0.9596421765625 0.435546875 0.9565112078125001 0.43359375 0.7968317593750001 0.43359375 0.7937007890625 0.431640625 0.7905698203125 0.43359375 0.7498672156249999 0.43359375 0.7451707609375 0.4365234375 0.7483017296875001 0.4384765625 0.7483017296875001 0.4404296875 0.752998184375 0.443359375 0.774914971875 0.443359375 0.778045940625 0.4453125 0.7811769109375 0.4453125 0.78430788125 0.443359375 0.7905698203125 0.443359375 0.7937007890625 0.4453125 0.8375343624999999 0.4453125 0.8406653328125 0.443359375 0.846927271875 0.443359375 0.8500582421875 0.4453125 0.8751059984375 0.4453125 0.8766714828125 0.4443359375 0.8782369671874999 0.443359375 0.9533802375 0.443359375 0.9565112078125001 0.44140625 0.965904115625 0.44140625
1 0.47434189218749995 0.65625 0.47747286093749997 0.658203125 0.48216931562500004 0.6552734375 0.48216931562500004 0.6533203125 0.47747286093749997 0.650390625 0.2645669296875 0.650390625 0.259870475 0.6533203125 0.26300144531249997 0.6552734375 0.26300144531249997 0.6572265625 0.2645669296875 0.658203125 0.3491031078125 0.658203125 0.352234078125 0.66015625 0.3710198953125 0.66015625 0.37258538125 0.6591796875 0.374150865625 0.658203125 0.468079953125 0.658203125 0.471210921875 0.65625 0.47434189218749995 0.65625
4 0.49469319375 0.4970703125 0.49782416406249996 0.4951171875 0.49782416406249996 0.4755859375 0.49469319375 0.4736328125 0.49469319375 0.4677734375 0.49782416406249996 0.4658203125 0.49782416406249996 0.3369140625 0.5009551328125 0.3349609375 0.5009551328125 0.2939453125 0.49782416406249996 0.2919921875 0.49782416406249996 0.2900390625 0.5009551328125 0.2880859375 0.5009551328125 0.2841796875 0.49782416406249996 0.2822265625 0.49782416406249996 0.2783203125 0.5009551328125 0.2763671875 0.5009551328125 0.2744140625 0.49782416406249996 0.2724609375 0.49782416406249996 0.2470703125 0.5009551328125 0.2451171875 0.5009551328125 0.2392578125 0.49782416406249996 0.2373046875 0.49782416406249996 0.2275390625 0.49469319375 0.2255859375 0.49782416406249996 0.2236328125 0.49782416406249996 0.1962890625 0.4899967390625 0.19140625 0.471210921875 0.19140625 0.468079953125 0.189453125 0.45555607499999995 0.189453125 0.4524251046875 0.19140625 0.4399012265625 0.19140625 0.43677025625 0.189453125 0.43363928749999997 0.189453125 0.43050831718750004 0.19140625 0.40232959062500007 0.19140625 0.399198621875 0.193359375 0.38667474375 0.193359375 0.38510925937499996 0.1943359375 0.38510925937499996 0.1962890625 0.3819782890625 0.1982421875 0.3819782890625 0.4951171875 0.38510925937499996 0.4970703125 0.38510925937499996 0.4990234375 0.38667474375 0.5 0.3929366828125 0.5 0.3960676515625 0.501953125 0.4868657703125 0.501953125 0.4884312546875 0.5009765625 0.4899967390625 0.5 0.49312770937500006 0.5 0.49469319375 0.4990234375 0.49469319375 0.4970703125
4 0.612104553125 0.3671875 0.5087825578125 0.3671875 0.507217071875 0.3681640625 0.507217071875 0.3740234375 0.504086103125 0.3759765625 0.504086103125 0.3818359375 0.507217071875 0.3837890625 0.507217071875 0.4052734375 0.504086103125 0.4072265625 0.504086103125 0.4169921875 0.507217071875 0.4189453125 0.507217071875 0.4208984375 0.504086103125 0.4228515625 0.504086103125 0.4443359375 0.507217071875 0.4462890625 0.507217071875 0.4482421875 0.504086103125 0.4501953125 0.504086103125 0.4599609375 0.507217071875 0.4619140625 0.507217071875 0.4775390625 0.504086103125 0.4794921875 0.504086103125 0.4912109375 0.507217071875 0.4931640625 0.507217071875 0.4990234375 0.5087825578125 0.5 0.6152355234375 0.5 0.6168010078124999 0.4990234375 0.6168010078124999 0.3740234375 0.6136700390625001 0.3720703125 0.6136700390625001 0.3681640625 0.612104553125 0.3671875
4 0.7357778515625 0.4931640625 0.7357778515625 0.4912109375 0.7389088218750001 0.4892578125 0.7389088218750001 0.4599609375 0.7357778515625 0.4580078125 0.7357778515625 0.4384765625 0.7389088218750001 0.4365234375 0.7389088218750001 0.3876953125 0.7357778515625 0.3857421875 0.7357778515625 0.3701171875 0.7310813984375 0.3671875 0.727950428125 0.3671875 0.7248194578125 0.369140625 0.7122955796875 0.369140625 0.7091646109374999 0.3671875 0.684116853125 0.3671875 0.680985884375 0.369140625 0.6622000671875 0.369140625 0.6590690968749999 0.3671875 0.6402832796875 0.3671875 0.637152309375 0.369140625 0.6277594015625 0.369140625 0.6261939171875001 0.3701171875 0.6261939171875001 0.4990234375 0.6277594015625 0.5 0.71542655 0.5 0.716992034375 0.4990234375 0.716992034375 0.4970703125 0.7216884890624999 0.494140625 0.7342123671875 0.494140625 0.7357778515625 0.4931640625
4 0.8531892109375001 0.345703125 0.857885665625 0.3427734375 0.857885665625 0.3408203125 0.8610166359375 0.3388671875 0.8610166359375 0.2900390625 0.8641476046875001 0.2880859375 0.8641476046875001 0.2822265625 0.8610166359375 0.2802734375 0.8610166359375 0.2568359375 0.8641476046875001 0.2548828125 0.8641476046875001 0.2333984375 0.8610166359375 0.2314453125 0.8610166359375 0.1982421875 0.8641476046875001 0.1962890625 0.8641476046875001 0.1806640625 0.8610166359375 0.1787109375 0.8610166359375 0.1748046875 0.8563201812499999 0.171875 0.8375343624999999 0.171875 0.83440339375 0.169921875 0.774914971875 0.169921875 0.7717840015624999 0.171875 0.76239109375 0.171875 0.7592601234374999 0.173828125 0.7498672156249999 0.173828125 0.7483017296875001 0.1748046875 0.7483017296875001 0.1826171875 0.7451707609375 0.1845703125 0.7451707609375 0.3310546875 0.7483017296875001 0.3330078125 0.7483017296875001 0.3349609375 0.7451707609375 0.3369140625 0.7483017296875001 0.3388671875 0.7483017296875001 0.3447265625 0.752998184375 0.34765625 0.778045940625 0.34765625 0.7811769109375 0.349609375 0.7905698203125 0.349609375 0.7921353046874999 0.3486328125 0.7937007890625 0.34765625 0.8187485453125 0.34765625 0.821879515625 0.345703125 0.8531892109375001 0.345703125
4 0.9799934796875001 0.1630859375 0.9721660546875001 0.158203125 0.9001537546874999 0.158203125 0.8970227859375 0.16015625 0.871975028125 0.16015625 0.8704095437499999 0.1611328125 0.8704095437499999 0.1669921875 0.8672785749999999 0.1689453125 0.8672785749999999 0.2412109375 0.8641476046875001 0.2431640625 0.8641476046875001 0.2451171875 0.8672785749999999 0.2470703125 0.8672785749999999 0.3408203125 0.8704095437499999 0.3427734375 0.8704095437499999 0.3447265625 0.871975028125 0.345703125 0.9627731468749999 0.345703125 0.9643386312500001 0.3447265625 0.9721660546875001 0.33984375 0.975297025 0.33984375 0.9799934796875001 0.3369140625 0.9799934796875001 0.1630859375
1 0.3115314734375 0.30859375 0.3084005046875 0.306640625 0.2739598390625 0.306640625 0.27082886875 0.30859375 0.26769790000000004 0.30859375 0.26300144531249997 0.3115234375 0.26300144531249997 0.3212890625 0.2645669296875 0.322265625 0.2864837171875 0.322265625 0.2896146859375 0.32421875 0.34284116875000004 0.32421875 0.3444066546875 0.3232421875 0.35066859375 0.3212890625 0.35066859375 0.3115234375 0.3459721390625 0.30859375 0.3115314734375 0.30859375
4 0.25673950625 0.2939453125 0.2536085359375 0.2919921875 0.2536085359375 0.2900390625 0.25673950625 0.2880859375 0.25673950625 0.2861328125 0.2536085359375 0.2841796875 0.2536085359375 0.2822265625 0.25673950625 0.2802734375 0.25673950625 0.2783203125 0.2536085359375 0.2763671875 0.2536085359375 0.2744140625 0.25673950625 0.2724609375 0.25673950625 0.2705078125 0.2536085359375 0.2685546875 0.25673950625 0.2666015625 0.25673950625 0.2490234375 0.2536085359375 0.2470703125 0.2536085359375 0.2412109375 0.25673950625 0.2392578125 0.2536085359375 0.2373046875 0.2536085359375 0.2353515625 0.25673950625 0.2333984375 0.2536085359375 0.2314453125 0.2536085359375 0.2021484375 0.24891208125 0.19921875 0.23638820312500003 0.19921875 0.23325723437499998 0.197265625 0.164375903125 0.197265625 0.16124493281250002 0.19921875 0.1455900859375 0.19921875 0.1440246 0.2001953125 0.1440246 0.2041015625 0.14089363125 0.2060546875 0.14089363125 0.3388671875 0.1377626609375 0.3408203125 0.1377626609375 0.3427734375 0.14089363125 0.3447265625 0.14089363125 0.3525390625 0.1377626609375 0.3544921875 0.1377626609375 0.4111328125 0.14089363125 0.4130859375 0.14089363125 0.4970703125 0.1440246 0.4990234375 0.1440246 0.5009765625 0.1455900859375 0.501953125 0.2457811125 0.501953125 0.247346596875 0.5009765625 0.2536085359375 0.4990234375 0.2536085359375 0.2978515625 0.25673950625 0.2958984375 0.25673950625 0.2939453125
4 0.36475795624999996 0.49609375 0.3678889265625 0.494140625 0.3710198953125 0.494140625 0.37571635 0.4912109375 0.37571635 0.3896484375 0.37258538125 0.3876953125 0.37258538125 0.3798828125 0.37571635 0.3779296875 0.37571635 0.3740234375 0.37258538125 0.3720703125 0.37258538125 0.3681640625 0.37571635 0.3662109375 0.37571635 0.3642578125 0.37258538125 0.3623046875 0.37258538125 0.3603515625 0.37571635 0.3583984375 0.37258538125 0.3564453125 0.37258538125 0.3525390625 0.37571635 0.3505859375 0.37571635 0.3486328125 0.37258538125 0.3466796875 0.37258538125 0.3310546875 0.3678889265625 0.328125 0.3584960171875 0.328125 0.3553650484375 0.326171875 0.295876625 0.326171875 0.29274565625000004 0.32421875 0.2896146859375 0.32421875 0.2864837171875 0.326171875 0.26769790000000004 0.326171875 0.26300144531249997 0.3291015625 0.26300144531249997 0.3994140625 0.259870475 0.4013671875 0.259870475 0.4892578125 0.26300144531249997 0.4912109375 0.26300144531249997 0.4970703125 0.26769790000000004 0.5 0.2864837171875 0.5 0.28804920156249997 0.4990234375 0.2896146859375 0.498046875 0.29274565625000004 0.498046875 0.295876625 0.49609375 0.36475795624999996 0.49609375
4 0.2504775671875 0.6103515625 0.2536085359375 0.6083984375 0.2536085359375 0.5849609375 0.25673950625 0.5830078125 0.2536085359375 0.5810546875 0.2536085359375 0.5791015625 0.25673950625 0.5771484375 0.25673950625 0.5751953125 0.2536085359375 0.5732421875 0.2536085359375 0.5556640625 0.2520430515625 0.5546875 0.164375903125 0.5546875 0.16124493281250002 0.556640625 0.1455900859375 0.556640625 0.1440246 0.5576171875 0.1440246 0.5888671875 0.14089363125 0.5908203125 0.14089363125 0.5927734375 0.1440246 0.5947265625 0.1440246 0.6220703125 0.14089363125 0.6240234375 0.14089363125 0.6943359375 0.1440246 0.6962890625 0.1440246 0.7001953125 0.1455900859375 0.701171875 0.24891208125 0.701171875 0.2504775671875 0.7001953125 0.2536085359375 0.6982421875 0.2536085359375 0.6162109375 0.2504775671875 0.6142578125 0.2504775671875 0.6103515625
4 0.37258538125 0.6982421875 0.37571635 0.6962890625 0.37571635 0.6728515625 0.3710198953125 0.669921875 0.3491031078125 0.669921875 0.3459721390625 0.66796875 0.33971019999999996 0.66796875 0.3350137453125 0.6650390625 0.3350137453125 0.6630859375 0.3334482609375 0.662109375 0.26769790000000004 0.662109375 0.26300144531249997 0.6650390625 0.26300144531249997 0.6982421875 0.26769790000000004 0.701171875 0.3084005046875 0.701171875 0.3115314734375 0.703125 0.31466244374999996 0.701171875 0.31779341250000004 0.701171875 0.3209243828125 0.703125 0.3240553515625 0.703125 0.3256208359375 0.7021484375 0.327186321875 0.701171875 0.3710198953125 0.701171875 0.37258538125 0.7001953125 0.37258538125 0.6982421875
4 0.4899967390625 0.697265625 0.49469319375 0.6943359375 0.49469319375 0.6650390625 0.49312770937500006 0.6640625 0.4899967390625 0.6640625 0.4868657703125 0.662109375 0.4837348 0.662109375 0.48060383125 0.6640625 0.47747286093749997 0.662109375 0.399198621875 0.662109375 0.3960676515625 0.6640625 0.38667474375 0.6640625 0.38510925937499996 0.6650390625 0.38510925937499996 0.6708984375 0.3819782890625 0.6728515625 0.3819782890625 0.6865234375 0.38510925937499996 0.6884765625 0.38510925937499996 0.6904296875 0.3819782890625 0.6923828125 0.3819782890625 0.6943359375 0.38510925937499996 0.6962890625 0.38510925937499996 0.7001953125 0.38667474375 0.701171875 0.40232959062500007 0.701171875 0.40389507656249996 0.7001953125 0.4054605609375 0.69921875 0.40859153125000003 0.69921875 0.41172250000000005 0.697265625 0.4899967390625 0.697265625
4 0.6089735843749999 0.54296875 0.6058426140625001 0.541015625 0.5901877671875 0.541015625 0.587056796875 0.54296875 0.5807948578125 0.54296875 0.5776638875 0.541015625 0.55261613125 0.541015625 0.5494851625 0.54296875 0.5463541921874999 0.541015625 0.5244374046875 0.541015625 0.5213064359375 0.54296875 0.5181754656249999 0.54296875 0.515044496875 0.544921875 0.5119135265625 0.544921875 0.504086103125 0.5498046875 0.504086103125 0.6533203125 0.507217071875 0.6552734375 0.507217071875 0.6591796875 0.504086103125 0.6611328125 0.504086103125 0.7001953125 0.5056515874999999 0.701171875 0.5087825578125 0.701171875 0.5119135265625 0.703125 0.5557471015625 0.703125 0.5588780703125 0.705078125 0.562009040625 0.705078125 0.5651400093750001 0.703125 0.5933187359375001 0.703125 0.5964497046874999 0.705078125 0.6027116453125 0.705078125 0.6058426140625001 0.703125 0.6089735843749999 0.705078125 0.61053906875 0.7041015625 0.6168010078124999 0.7001953125 0.6168010078124999 0.5458984375 0.612104553125 0.54296875 0.6089735843749999 0.54296875
4 0.7342123671875 0.568359375 0.7389088218750001 0.5654296875 0.7389088218750001 0.5439453125 0.7373433359375 0.54296875 0.7342123671875 0.54296875 0.7310813984375 0.541015625 0.7091646109374999 0.541015625 0.7060336406250001 0.54296875 0.69664073125 0.54296875 0.6935097625 0.541015625 0.684116853125 0.541015625 0.680985884375 0.54296875 0.6277594015625 0.54296875 0.6261939171875001 0.5439453125 0.6261939171875001 0.5712890625 0.6308903703125 0.57421875 0.7060336406250001 0.57421875 0.7075991265625 0.5732421875 0.7091646109374999 0.572265625 0.7122955796875 0.572265625 0.71542655 0.568359375 0.7342123671875 0.568359375
4 0.857885665625 0.5400390625 0.8610166359375 0.5380859375 0.8610166359375 0.5263671875 0.857885665625 0.5244140625 0.857885665625 0.5087890625 0.8563201812499999 0.5078125 0.7717840015624999 0.5078125 0.7686530328125001 0.509765625 0.7498672156249999 0.509765625 0.7483017296875001 0.5107421875 0.7483017296875001 0.5712890625 0.7498672156249999 0.572265625 0.752998184375 0.572265625 0.7561291546875 0.57421875 0.8563201812499999 0.57421875 0.857885665625 0.5732421875 0.857885665625 0.5458984375 0.8610166359375 0.5439453125 0.857885665625 0.5419921875 0.857885665625 0.5400390625
4 0.9690350859375 0.568359375 0.9721660546875001 0.56640625 0.975297025 0.56640625 0.976862509375 0.5654296875 0.976862509375 0.5615234375 0.9799934796875001 0.5595703125 0.9799934796875001 0.5244140625 0.976862509375 0.5224609375 0.976862509375 0.5205078125 0.973731540625 0.5185546875 0.973731540625 0.5166015625 0.9799934796875001 0.5107421875 0.9799934796875001 0.5009765625 0.976862509375 0.4990234375 0.976862509375 0.4970703125 0.975297025 0.49609375 0.871975028125 0.49609375 0.8704095437499999 0.4970703125 0.8704095437499999 0.5146484375 0.8672785749999999 0.5166015625 0.8735405140625 0.5224609375 0.8735405140625 0.5263671875 0.8672785749999999 0.5322265625 0.8672785749999999 0.5361328125 0.8704095437499999 0.5380859375 0.8704095437499999 0.5595703125 0.8672785749999999 0.5615234375 0.8672785749999999 0.5654296875 0.8704095437499999 0.5673828125 0.8704095437499999 0.5712890625 0.8751059984375 0.57421875 0.9314634515625 0.57421875 0.9330289359374999 0.5732421875 0.9361599046875 0.5712890625 0.9361599046875 0.5693359375 0.937725390625 0.568359375 0.9690350859375 0.568359375
4 0.0391371203125 0.76953125 0.03600615 0.771484375 0.023482271875 0.771484375 0.0219167875 0.7724609375 0.0219167875 0.7958984375 0.0281787265625 0.8017578125 0.0219167875 0.8056640625 0.0219167875 0.9033203125 0.025047756249999997 0.9052734375 0.025047756249999997 0.9072265625 0.0219167875 0.9091796875 0.0219167875 0.9423828125 0.026613240625 0.9453125 0.0986255421875 0.9453125 0.1017565109375 0.943359375 0.10488748125 0.943359375 0.10801845000000002 0.9453125 0.12680426875 0.9453125 0.128369753125 0.9443359375 0.131500721875 0.9423828125 0.131500721875 0.7724609375 0.12680426875 0.76953125 0.0391371203125 0.76953125
4 0.2536085359375 0.7666015625 0.24891208125 0.763671875 0.24265014218749997 0.763671875 0.2395191734375 0.76171875 0.2144714171875 0.76171875 0.21134044687500003 0.763671875 0.2082094765625 0.76171875 0.2019475375 0.76171875 0.1956855984375 0.7578125 0.164375903125 0.7578125 0.16124493281250002 0.755859375 0.15498299375 0.755859375 0.151852025 0.7578125 0.1455900859375 0.7578125 0.1440246 0.7587890625 0.1440246 0.7666015625 0.14089363125 0.7685546875 0.14089363125 0.7724609375 0.1377626609375 0.7744140625 0.1377626609375 0.7802734375 0.14089363125 0.7822265625 0.14089363125 0.8466796875 0.1377626609375 0.8486328125 0.1377626609375 0.8505859375 0.14089363125 0.8525390625 0.14089363125 0.8642578125 0.1377626609375 0.8662109375 0.1377626609375 0.8798828125 0.14089363125 0.8818359375 0.14089363125 0.8916015625 0.1377626609375 0.8935546875 0.1377626609375 0.8955078125 0.14089363125 0.8974609375 0.14089363125 0.9423828125 0.1455900859375 0.9453125 0.151852025 0.9453125 0.15498299375 0.947265625 0.2457811125 0.947265625 0.247346596875 0.9462890625 0.2504775671875 0.9443359375 0.2504775671875 0.9404296875 0.2536085359375 0.9384765625 0.2536085359375 0.7666015625
7 0.0219167875 0.4443359375 0.0219167875 0.4482421875 0.026613240625 0.451171875 0.045399059375 0.451171875 0.048530028125 0.44921875 0.05166099843750001 0.451171875 0.0547919671875 0.44921875 0.06105390625 0.44921875 0.0641848765625 0.451171875 0.095494571875 0.451171875 0.0970600578125 0.4501953125 0.0970600578125 0.4443359375 0.095494571875 0.443359375 0.023482271875 0.443359375 0.0219167875 0.4443359375
7 0.10645296562499999 0.5380859375 0.10645296562499999 0.5361328125 0.10488748125 0.53515625 0.070446815625 0.53515625 0.0673158453125 0.537109375 0.0641848765625 0.537109375 0.06105390625 0.53515625 0.048530028125 0.53515625 0.045399059375 0.537109375 0.023482271875 0.537109375 0.0219167875 0.5380859375 0.0219167875 0.5419921875 0.023482271875 0.54296875 0.026613240625 0.54296875 0.029744210937499998 0.544921875 0.0673158453125 0.544921875 0.070446815625 0.54296875 0.0735777859375 0.54296875 0.0767087546875 0.544921875 0.0861016640625 0.544921875 0.0876671484375 0.5439453125 0.0892326328125 0.54296875 0.10488748125 0.54296875 0.1095839359375 0.5400390625 0.10645296562499999 0.5380859375
7 0.0219167875 0.6318359375 0.0219167875 0.6337890625 0.026613240625 0.63671875 0.0422680890625 0.63671875 0.0438335734375 0.6357421875 0.0438335734375 0.6318359375 0.0391371203125 0.62890625 0.026613240625 0.62890625 0.0219167875 0.6318359375
7 0.0500955140625 0.6298828125 0.0500955140625 0.6318359375 0.04696454375 0.6337890625 0.05166099843750001 0.63671875 0.095494571875 0.63671875 0.0970600578125 0.6357421875 0.0970600578125 0.6298828125 0.095494571875 0.62890625 0.05166099843750001 0.62890625 0.0500955140625 0.6298828125