2 0.0383615921875 0.19600749687500002 0.03877454375 0.2529362375 0.17380551093750002 0.267289465625 0.1740119859375 0.20165870312499998 0.1688502640625 0.19434667187500002 0.14262864375 0.1848681234375 0.1271434484375 0.1808058953125 0.1308598984375 0.17620202812500002 0.13870571874999998 0.1642861390625 0.14510686718750002 0.1298458609375 0.1471715671875 0.1095346921875 0.14655216875 0.094639828125 0.14345511875 0.08055741250000001 0.13746749375 0.0662041875 0.1274554125 0.05592828125 0.121674234375 0.048616259375 0.1144478125 0.0469913625 0.11093783906250002 0.0402209703125 0.105776115625 0.0318256984375 0.0931814671875 0.0269510078125 0.0892585421875 0.026138559375 0.08492269375 0.0266801875 0.0836838828125 0.0353462921875 0.07996743437500001 0.0399501640625 0.077489796875 0.05051196249999999 0.077489796875 0.059990509375 0.074599221875 0.085447184375 0.0686116109375 0.10713039531249999 0.062624 0.12689993593749999 0.0651016375 0.14369050625 0.071708646875 0.1645433234375 0.073461396875 0.17055081249999998 0.070983759375 0.1808418140625 0.0627249875 0.18436241250000002 0.043523328124999996 0.1930285171875 0.0383615921875 0.19600749687500002
6 0.2657658921875 0.178175471875 0.27082293125 0.14745372968749998 0.27029059218749996 0.135583946875 0.2575148515625 0.1313946203125 0.255119434375 0.1107970890625 0.24500524375000002 0.098578209375 0.22930171093750001 0.095087103125 0.22451084062499999 0.077282440625 0.1781663640625 0.0758219703125 0.17500476874999998 0.1621163625 0.1795295234375 0.17189147656249998 0.21173506406249998 0.179571909375 0.2657658921875 0.178175471875
6 0.5429631781250001 0.2938191171875 0.54358316875 0.2774109234375 0.5092483265625 0.2753162421875 0.3772322265625 0.2742689140625 0.252063325 0.2732215734375 0.1139154984375 0.2690322484375 0.0796692390625 0.26899785625 0.0807836046875 0.283345796875 0.2673628359375 0.29416822656249997 0.366722153125 0.2903280109375 0.5429631781250001 0.2938191171875
6 0.942633565625 0.2943949953125 0.9422964078125 0.2824542671875 0.8660959640625 0.2786951484375 0.844685684375 0.277589521875 0.7225205124999999 0.27803176875 0.654074996875 0.2758205234375 0.6273089609375 0.2753295109375 0.62525675625 0.2921837421875 0.6348660953125 0.29284712812499997 0.834329325 0.2968273640625 0.942633565625 0.2943949953125
7 0.2672428484375 0.22832499999999997 0.2641072703125 0.22672558281250002 0.265152459375 0.2073041171875 0.2567909140625 0.201363428125 0.1925115625 0.1974791328125 0.19298424375 0.20690325937499998 0.19140591406250002 0.24186923125 0.1984011953125 0.2495153578125 0.268020815625 0.25082611718750003 0.2672428484375 0.22832499999999997
3 0.3267866640625 0.24259695625000002 0.315896340625 0.241312978125 0.31079832343749997 0.24316268437500002 0.30990056093749996 0.2620171890625 0.32017905 0.26185669218749996 0.327031415625 0.2610542 0.3267866640625 0.24259695625000002
2 0.331110071875 0.1829581296875 0.3314828171875 0.2675299984375 0.45991768750000006 0.2685000234375 0.46115027187499996 0.182814165625 0.331110071875 0.1829581296875
7 0.5603169593749999 0.22711213749999998 0.5593308984375 0.20480148593749997 0.480692271875 0.20383144999999997 0.47625498281249995 0.2099749640625 0.47822710312499994 0.2510395078125 0.5196418171875 0.2510395078125 0.5193952937499999 0.2300222234375 0.5603169593749999 0.22711213749999998
3 0.6126328875 0.246260021875 0.6011674828125 0.2437535828125 0.5938423796875 0.24563340781249998 0.5933646390625 0.264640528125 0.6062632203125 0.26505826718750003 0.6119959234375 0.263387309375 0.6126328875 0.246260021875
2 0.61457388125 0.1851343140625 0.61426989375 0.2709066109375 0.7386376968749999 0.2717420921875 0.7373637671875 0.18714995625 0.61457388125 0.1851343140625
7 0.825340746875 0.24960192656250002 0.8377616109374999 0.24876644531249997 0.83871706875 0.23310123749999997 0.8348952593750001 0.2301770625 0.838557821875 0.21806264375 0.8369653984375001 0.208454640625 0.7912630125 0.20365064375 0.7568668078125 0.207201425 0.7544650671875 0.210269565625 0.753841209375 0.24563340781249998 0.7578222546875 0.253570453125 0.8127606593750001 0.2541970515625 0.825340746875 0.24960192656250002
2 0.959853421875 0.23953067031250003 0.9623018484375001 0.22576706406249997 0.9623018484375001 0.1555726859375 0.9586291843750001 0.150926403125 0.9330953578125 0.1477149 0.9383420234375001 0.1268401015625 0.94096536875 0.1119295234375 0.936768021875 0.089448978125 0.9313464609375 0.07637354843750001 0.9205033625000001 0.0649038796875 0.9121086671875 0.059169046875 0.8944448515625 0.0605454109375 0.8850008375 0.0671978140625 0.8767810859375 0.075455978125 0.8690859203124999 0.0951838109375 0.871884159375 0.1119295234375 0.878704828125 0.1500088328125 0.8701352625000001 0.15482609218750001 0.8460005687500001 0.16469002500000002 0.836381659375 0.174095134375 0.833933209375 0.1891706046875 0.831834534375 0.20719107499999997 0.8365565421875001 0.210402578125 0.8376058734375 0.21728437656250002 0.836381659375 0.22577193125 0.8358569875 0.2303597984375 0.8391798749999999 0.237700390625 0.8379556609375 0.24779369999999998 0.8283367531250001 0.24871128593749997 0.823789640625 0.24871128593749997 0.8167971859375 0.27195171875 0.9351940187500001 0.27072817968749996 0.932220909375 0.2471006546875 0.9434138203125 0.23861309999999997 0.959853421875 0.23953067031250003
7 0.313140040625 0.163775378125 0.3561853078125 0.182233528125 0.6219069937499999 0.17409020625 0.7599208109375 0.1762617671875 0.7681987718750001 0.13011629687499998 0.75826523125 0.10785790937499999 0.7686126234375 0.0861423890625 0.75578183125 0.0519404796875 0.7102532218750001 0.0758275234375 0.70031968125 0.08451375 0.598914984375 0.082885075 0.5939482140625 0.0573693546875 0.4958547359375 0.0492260515625 0.47864601875 0.056850731249999994 0.4786987296875 0.0850566171875 0.3205901828125 0.07745618125 0.30072312968750003 0.08722817968749999 0.313140040625 0.163775378125
2 0.03814443125 0.3003795125 0.0422704421875 0.462421209375 0.15253128437500002 0.4660481359375 0.152185628125 0.3075541609375 0.03814443125 0.3003795125
7 0.12086436250000002 0.582085934375 0.15049534375 0.57873545 0.1512616859375 0.551261578125 0.147685528125 0.5435554828125 0.1484518359375 0.525462925 0.1464083265625 0.514071334375 0.145641984375 0.4953086625 0.14283216875 0.47721610312499996 0.056749020312499995 0.47152029687499997 0.050196862499999995 0.47730995624999994 0.0426160984375 0.522818671875 0.0411672234375 0.571029378125 0.054194634374999995 0.57907050625 0.12086436250000002 0.582085934375
6 0.068503784375 0.5834295593750001 0.0405343640625 0.5818918171874999 0.0396969546875 0.593534709375 0.040701862500000005 0.5994660015625 0.0487409578125 0.6023218015625 0.11020669375 0.59858728125 0.11054164375 0.584527940625 0.068503784375 0.5834295593750001
4 0.0791770203125 0.8482605156249999 0.08994755 0.8469277609375 0.08903307187500001 0.8355993828124999 0.15088429375 0.836265759375 0.151697175 0.7262505499999999 0.1522052203125 0.60203713125 0.1452958140625 0.6005711078125 0.13625264374999999 0.6028367796875 0.0495804296875 0.6032366078125 0.040147215624999996 0.602616559375 0.039619278125000004 0.8336734531250001 0.0396426296875 0.8464508281249999 0.0658662875 0.8465279328124999 0.0791770203125 0.8482605156249999
4 0.06998836875 0.9715245421875001 0.1154883328125 0.9730827609375 0.1158447234375 0.9620193625000001 0.1447128515625 0.9613960703125001 0.1497024109375 0.9104073703125 0.1511279921875 0.8484722359375001 0.09814370624999999 0.8475372984374999 0.0889961890625 0.84706983125 0.08341263593750001 0.8478489421875001 0.07996746875 0.8512770421875 0.0651176125 0.8466023609375 0.0515745421875 0.8466023609375 0.039490987500000005 0.851580171875 0.03779386875 0.9159355578125 0.03019074375 0.9710570703125001 0.03244791875 0.970589615625 0.06998836875 0.9715245421875001
4 0.14240054687499998 0.9846697875 0.1445821109375 0.9716143765625 0.08677045781250001 0.97340279375 0.0578646421875 0.9708990265624999 0.037685096875000004 0.972150903125 0.0293678640625 0.9719720687500001 0.030997173437499997 0.9749335484375001 0.0333219609375 0.984490940625 0.0449115578125 0.98502746875 0.09849640781249999 0.9841332609375 0.14240054687499998 0.9846697875
6 0.140764375 0.984848634375 0.1248116140625 0.9841332609375 0.110358709375 0.9834179109375001 0.10790444218749999 0.9832390640625001 0.104495725 0.9835967453125001 0.0995871890625 0.985563996875 0.1006779890625 0.993790684375 0.1235844796875 0.9957579359375 0.143082271875 0.99325418125 0.140764375 0.984848634375
4 0.2879932265625 0.9908763 0.3482078359375 0.9953169531249999 0.6091422765625001 0.991193478125 0.606965846875 0.977871475 0.634292153125 0.9791402328125001 0.7170533703124999 0.9750167796874999 0.715360571875 0.9553509203124999 0.7061712140624999 0.9569368796875001 0.703511115625 0.943297696875 0.7134259734375 0.9410773375 0.712216840625 0.927755334375 0.513490203125 0.9264865656250001 0.3041565828125 0.927755334375 0.21942190312499998 0.9243210765625 0.18441343125 0.92680316875 0.1850442109375 0.92680316875 0.18501480625 0.9270923375000001 0.17896916093749998 0.9308986328125 0.17582543125 0.9787944578125 0.2810196140625 0.9800631937500001 0.2879932265625 0.9908763
7 0.182904490625 0.8456158640625 0.1747982765625 0.874323675 0.1833098140625 0.9205751546875 0.20154880468749997 0.9264230375 0.23032586406250002 0.9221700265624999 0.390423653125 0.921638403125 0.4260910421875 0.9269546625 0.449174953125 0.917917015625 0.6764260390625 0.9195118875 0.7169571390625 0.914195628125 0.7165518171875 0.8652860468749999 0.6739941546875 0.8493372703125001 0.6594029625 0.8514637468749999 0.6561604875 0.85678000625 0.547942490625 0.8488056265624999 0.5467265484375 0.8190345499999999 0.47012279062499995 0.813718290625 0.3736588046875 0.8121234359375 0.346991415625 0.822781125 0.347866046875 0.8610330171875 0.2473489125 0.8626279078125 0.2185718515625 0.8456158640625 0.182904490625 0.8456158640625
1 0.3579989296875 0.783491596875 0.357800203125 0.7688930921875 0.32719303593750004 0.766807590625 0.27233863125 0.7673289640625 0.17932465625 0.7699358390625 0.1797632078125 0.796035621875 0.2963871125 0.79678666875 0.3285842578125 0.797568728125 0.3293792734375 0.785316421875 0.3579989296875 0.783491596875
1 0.41961449375 0.7827095468749999 0.405503390625 0.7806240359375 0.3798450953125 0.7837217625 0.38125616875 0.7980901015625 0.38682110000000003 0.8006969765624999 0.41941573906249996 0.7970473546875 0.41961449375 0.7827095468749999
1 0.500030384375 0.78372891875 0.4443667203125 0.78372891875 0.43854475312499996 0.783542659375 0.4375507578125 0.7965803859375 0.4473486953125 0.7976979078124999 0.499604375 0.7963941265625001 0.500030384375 0.78372891875
1 0.5569794453125 0.78372891875 0.5424955390624999 0.7805626078125 0.51693569375 0.782611390625 0.5144863015625 0.7857568765625 0.517645671875 0.796207875 0.5287216109374999 0.799001675 0.5557014515625001 0.7973253953125 0.5569794453125 0.78372891875
1 0.6264757421875 0.7839151640625001 0.61525781875 0.7803763546875 0.58685798125 0.7831701546875001 0.584125634375 0.7851284578125 0.5821720140625 0.7919240546874999 0.5830240046874999 0.7965803859375 0.62761173125 0.7956491171875 0.6264757421875 0.7839151640625001
1 0.7000758109375 0.7792588328125001 0.6594640468749999 0.7805626078125 0.64114683125 0.7840810921875 0.6445541390625 0.7973253953125 0.7014957875000001 0.7978841531249999 0.7029157828125 0.7850326859375001 0.7000758109375 0.7792588328125001
2 0.42923648906249995 0.72268338125 0.4243635546875 0.7106653453125 0.41626399843749995 0.701349103125 0.406046090625 0.6959554859375 0.3928375890625 0.696609265625 0.3849872390625 0.6979168046875001 0.37788456406250004 0.7062523875 0.3709064765625 0.7219429046875 0.368788125 0.7373065343749999 0.3714049078125 0.7533239421875 0.3785076 0.76623593125 0.3883516703125 0.77391774375 0.40629530625 0.77614264375 0.40816738125 0.774450059375 0.41727406718750004 0.77057214375 0.42836422656249995 0.752103103125 0.43073179375 0.736412584375 0.42923648906249995 0.72268338125
2 0.456682025 0.7728737875 0.4666507078125 0.776469528125 0.479983840625 0.7738544515625 0.48820801875 0.7679704968750001 0.495559909375 0.7537509703125 0.49867511562500005 0.7414927515625 0.49755365625000003 0.7272732359375 0.49506149375 0.7159956640625 0.48858182031249997 0.7050449984375 0.47848852500000005 0.697526621875 0.4680214109375 0.695565303125 0.45842654843749997 0.6973631796875 0.4492055046875 0.7035740078125 0.44085673124999997 0.7176300921875 0.43872270156250004 0.7246350984375 0.43686926406250004 0.73430126875 0.4389876140625 0.7491745640625 0.44409656875000003 0.7622500015625 0.456682025 0.7728737875
2 0.5137965671875 0.76270855625 0.522097678125 0.7711870359375 0.5299697953125 0.7758016109375 0.5417410359375 0.7749983921875 0.5472524265625001 0.77312419375 0.5548370765625 0.7677693640625 0.5625938453125 0.755007021875 0.565927896875 0.7440296234375 0.5664042046875 0.729022134375 0.5634783890625 0.7207221546875 0.5605525921875001 0.71349313125 0.5567000859375 0.7065273546874999 0.550372184375 0.700904784375 0.5440442921875001 0.69724565625 0.5356751390625 0.6957284515625 0.5293472421875001 0.6968886624999999 0.523155428125 0.6992090890625 0.5162831999999999 0.705634884375 0.510091390625 0.7142026109375 0.5083832265625 0.71746615625 0.50567434375 0.732013065625 0.5058356671875 0.74150869375 0.5083532187500001 0.754765559375 0.5137965671875 0.76270855625
2 0.5795508421875 0.7592995921875 0.5856772015625 0.7672280953125 0.59400905 0.7728230546875 0.6004621421875 0.7747516078125 0.6101826359375 0.7746444625 0.6158188765625 0.7728230546875 0.6246408328124999 0.7670373953125 0.6322375234375001 0.7510732578125 0.6355049140625 0.73682339375 0.6333811125000001 0.72396636875 0.6297869734375 0.7140021796875 0.6231705062499999 0.7037449796875 0.6163089890625 0.6981736046875 0.6068335578124999 0.694316496875 0.597113065625 0.695387915625 0.587229209375 0.7023521359375 0.5815220953125 0.70770435625 0.5758750265625 0.721160790625 0.5739962765625 0.734660659375 0.5757116578125 0.7491211140625 0.5795508421875 0.7592995921875
2 0.6427436890625 0.727696209375 0.64292849375 0.74245756875 0.6460311703125 0.7557462890625 0.65403059375 0.766500803125 0.662162171875 0.773611325 0.6710945859375 0.7749041484375 0.68079475 0.773772928125 0.6880638875 0.769652059375 0.6952714109375 0.761007809375 0.6994604125 0.75132321875 0.7016781062499999 0.7422734640625 0.7015549062499999 0.7274868125 0.7003228453125 0.721583165625 0.696873090625 0.7135030265625 0.69277010625 0.706153103125 0.6866098203125001 0.7002546015625 0.6786014515625001 0.6962953328125 0.6710243078125 0.695729725 0.6625778546875 0.6976556390625 0.652292128125 0.7057182328125 0.645639021875 0.7168688234375 0.6427436890625 0.727696209375
2 0.1802063984375 0.35345826874999997 0.17967460625 0.7640608 0.7151301625 0.764671540625 0.714886290625 0.322539278125 0.1807822375 0.3191410953125 0.18152593749999998 0.3288968953125 0.1802063984375 0.35345826874999997
7 0.7602689875 0.3791075234375 0.7549695453124999 0.4282868515625 0.7666972828125 0.4451786703125 0.8350267796875 0.44652980312499996 0.887561509375 0.4537357875 0.9462767968750001 0.44112530625 0.945933421875 0.40014129218749994 0.9411263171875 0.36321065625000004 0.9325422328125 0.32402813125 0.8655861874999999 0.314570278125 0.8020637953125 0.3109672859375 0.76532383125 0.314570278125 0.7667665234375 0.32301964375000003 0.778154678125 0.36868097031249997 0.7685493796875 0.361295484375 0.7635811625 0.3704187234375 0.7602689875 0.3791075234375
6 0.7408681703125 0.4565154015625 0.7415194109375001 0.47290171562500005 0.7948073203125 0.4724339921875 0.7955778765625 0.45803146093749997 0.74664735625 0.454746675 0.7408681703125 0.4565154015625
6 0.9630405468750001 0.48077229531250004 0.9638111031250001 0.4610635703125 0.8827097859374999 0.45980018593749994 0.8576665875 0.4630849796875 0.8561456609375 0.4635238828125 0.8624825984375001 0.4812776453125 0.9042854140625 0.48279373124999997 0.9493631265625 0.48582581406249997 0.9630405468750001 0.48077229531250004
2 0.8576624546874999 0.4865422 0.8582444984375 0.6068770828125001 0.96477430625 0.6078877828125 0.9641963953125 0.48588078437500004 0.8576624546874999 0.4865422
4 0.8146553390625 0.603203890625 0.8402355609375001 0.6030640859374999 0.8402355609375001 0.5913207828125 0.8481228015625 0.591460584375 0.849934715625 0.5815232046875 0.8487622984375 0.490635703125 0.8487622984375 0.47596250625 0.799307209375 0.4740052890625 0.7460150890625 0.475123696875 0.7400026171875 0.478016896875 0.7410056296875001 0.6022252765625 0.752516734375 0.6054407078125 0.7713821359375 0.602784484375 0.8146553390625 0.603203890625
4 0.7433465359375 0.7708749046875 0.791900928125 0.7700174343749999 0.7918414968749999 0.7585585609375001 0.8427230640625 0.7584806078125 0.8490246265625 0.7575451906249999 0.8485717906250001 0.7114748171875 0.8492255171875 0.6412816593749999 0.8492047515625 0.6041009984375 0.82462219375 0.6030457499999999 0.81988446875 0.6030457499999999 0.8190799500000001 0.60457 0.7804788390625 0.6049217515625 0.7742214625 0.6031629984375 0.7700200828125 0.60374925 0.76769591875 0.6067977499999999 0.754555428125 0.6052734953125001 0.747672315625 0.60374925 0.7432921546875 0.60281125 0.7415981265625 0.6037250671875001 0.7414616921875 0.677587509375 0.74089943125 0.7236944984375 0.7409693328125 0.7674450312500001 0.7433465359375 0.7708749046875
4 0.8113284500000001 0.8588082375000001 0.8101127124999999 0.8470877234374999 0.8475062828125 0.8475661140625 0.8503632703124999 0.8439781999999999 0.8499377640624999 0.8110364562499999 0.8485396609375 0.7705637953125 0.8433727609374999 0.768889440625 0.8395431765625 0.771361109375 0.825197425 0.771361109375 0.772964490625 0.7728760078125 0.7448808640625 0.7739922453125 0.740702640625 0.7757586625 0.7423542265624999 0.8591626437500001 0.7482289078125001 0.85952938125 0.7712421640625 0.858569046875 0.8113284500000001 0.8588082375000001
4 0.7603512203125 0.9335648828125 0.76863121875 0.9334712671875 0.767489153125 0.9219554234375 0.8309123078124999 0.923547040625 0.8527454703125 0.922049046875 0.852103046875 0.8604472296875001 0.8213385750000001 0.8602599812499999 0.77648946875 0.8614770999999999 0.7709218828125 0.859323734375 0.7519349859375 0.859323734375 0.7415559078125 0.861654878125 0.7440767359375 0.9349692562499999 0.7561398390625 0.9356246234375 0.7572105328125 0.9362800046875 0.7603512203125 0.9335648828125
4 0.8584654234375 0.9817336687499999 0.8548538109375 0.93560863125 0.807427715625 0.9329907296875 0.7758593453125 0.9328660640625 0.7596071156249999 0.933988025 0.7577062703124999 0.93560863125 0.7456359046875 0.9362319453125 0.744821115625 0.9374173453125 0.7475375718749999 0.9808610249999999 0.7631245109375 0.981982984375 0.789261134375 0.9812350046875 0.8584654234375 0.9817336687499999
6 0.9478195390625 0.9719261515625 0.9458502953125001 0.969859790625 0.9421087390625 0.970634671875 0.9417148796875001 0.9719261515625 0.9359748328125 0.9737595171875 0.9369887296874999 0.9874238546875 0.978736540625 0.984453459375 0.9774565390625 0.9708929749999999 0.9478195390625 0.9719261515625
4 0.9785341296875 0.9685866437499999 0.9743118109375001 0.851191634375 0.970698825 0.7790539953125 0.9498852265625001 0.7790197578125 0.9420267734375001 0.7802327421874999 0.9108026015625 0.781780875 0.8854467375 0.782484575 0.8588364531250001 0.7827660515625 0.8565039390625 0.78564135625 0.8663504859375 0.9683497031250001 0.8744797609375 0.9719039421875 0.9658886171875001 0.9704822500000001 0.9785341296875 0.9685866437499999
4 0.92481946875 0.7790497625 0.9263121625 0.7682814109375 0.9685458 0.7687708796875 0.965373834375 0.707453996875 0.9118237203125 0.7070868906250001 0.9068792015625 0.7053737515625 0.8606094609375001 0.7072092624999999 0.8562246968749999 0.7084329421875 0.85651179375 0.75047346875 0.8580877234375001 0.7817418484374999 0.8615395625 0.7828431578124999 0.9078128156249999 0.7825984265625 0.92481946875 0.7790497625
6 0.9512659796875 0.63219229375 0.9546586343750001 0.6254405921874999 0.95489261875 0.6148526875 0.93629145625 0.6128578625000001 0.8848165625 0.6123975265625 0.87167145 0.616640275 0.8713628859375 0.6447750343750001 0.9196791109375001 0.645542265625 0.9504470515625 0.64508191875 0.9512659796875 0.63219229375
6 0.91956211875 0.664395178125 0.965772534375 0.6616331171875001 0.964368678125 0.6492038499999999 0.9139466640625 0.647055571875 0.9017798687499999 0.6456745421875 0.8906659843750001 0.64552109375 0.8891451203124999 0.6487434984375 0.87194783125 0.6496641859375 0.8704269828125 0.6530400484375 0.8711450875000001 0.652018759375 0.8713628859375 0.6788192859375 0.8938246703124999 0.67851238125 0.9185092390625 0.6792796234375 0.91956211875 0.664395178125
3 0.9460420953125 0.24876162656249998 0.9414963125 0.247771634375 0.9431215125 0.26727715937499996 0.9521266531249999 0.2660002203125 0.95577740625 0.25003856562500004 0.9460420953125 0.24876162656249998