0 0.012026206250000001 0.8474475578125 0.0175804546875 0.879160728125 0.0191674015625 0.9064142437499999 0.021151065625 0.9767377515625 0.0346399140625 0.9779765515625 0.0429712859375 0.9816929328124999 0.05884057031249999 0.9839227640624999 0.380193078125 0.9735168859375 0.38257348593749996 0.684170328125 0.019684626562499998 0.6874528796875 0.0187706578125 0.6885866171874999 0.0136131265625 0.7544103890625 0.012026206250000001 0.8474475578125
6 0.366336728125 0.052676973437499996 0.352572821875 0.0508256203125 0.2867178890625 0.049503221874999996 0.1575106671875 0.041701100000000005 0.0281528421875 0.0346924109375 0.0249765640625 0.035221371875000004 0.0237060421875 0.0443458875 0.024797471874999998 0.0459726984375 0.09459940624999999 0.048180828125000005 0.1658544484375 0.052676973437499996 0.3699365375 0.059421181249999996 0.366336728125 0.052676973437499996
7 0.10262730625000001 0.060888743749999995 0.0822323125 0.0583069828125 0.06666048125 0.0583069828125 0.059770279687500004 0.0606305703125 0.0648690125 0.066740734375 0.08209451250000001 0.0694946109375 0.1023517 0.0700109640625 0.10262730625000001 0.060888743749999995
7 0.13280636875000001 0.0997365921875 0.13239296250000002 0.0913888984375 0.1274320203125 0.0900119625 0.127018615625 0.0801152125 0.05425812343750001 0.0744353375 0.0302802203125 0.0759843953125 0.030243087499999998 0.076860015625 0.03152045625 0.0944870109375 0.05646297812499999 0.0964663625 0.11544306875000002 0.1024904703125 0.13280636875000001 0.0997365921875
6 0.0302802203125 0.0997331671875 0.032485084375 0.10567121718750001 0.03331190625 0.10713421249999999 0.08361035624999999 0.1092856796875 0.0851261984375 0.10334763281249999 0.0604593015625 0.10059375468750001 0.0302802203125 0.0997331671875
4 0.0337977296875 0.24672413437500001 0.03779404375 0.2492198390625 0.0726584421875 0.24913378281249998 0.0861632359375 0.24904772187500002 0.09415586406250001 0.2493919546875 0.09842778437500001 0.24930589374999998 0.11386183593750002 0.24982224999999997 0.1134484109375 0.23803220781249998 0.123783740625 0.23708556406249998 0.12447276249999999 0.2258979328125 0.13315439375 0.22348829062500003 0.13315439375 0.2112679578125 0.12419712812499999 0.20968854218750002 0.12667759843749998 0.1926489234375 0.12047642031250001 0.192734984375 0.1214410578125 0.1864526984375 0.13370560781250002 0.1855921109375 0.13315439375 0.1792237671875 0.1239215296875 0.1794819453125 0.12419712812499999 0.17259724999999998 0.11386183593750002 0.1709621359375 0.11317281406249999 0.16605678906250002 0.1276422375 0.166314965625 0.126953215625 0.16000232187500002 0.1335677984375 0.1602605 0.13246537187500002 0.1539782125 0.12033863125 0.1534618625 0.12309471875 0.14063911875 0.1124837921875 0.14003670625 0.11441304999999999 0.1341847171875 0.1305361140625 0.13409865781250002 0.1321897546875 0.12833272812500002 0.12612638437499998 0.11895233281249999 0.094293671875 0.118391696875 0.09277782031250001 0.11193729687500001 0.0745877078125 0.10952765 0.0329708984375 0.10918341406250001 0.0319481359375 0.110348484375 0.0320062703125 0.1564762 0.0324196859375 0.1882017203125 0.034211134375 0.22985297968750001 0.0337977296875 0.24672413437500001
7 0.0982899859375 0.27447931406250003 0.13039830624999998 0.272586025 0.131638540625 0.26277533750000004 0.125161765625 0.2595911625 0.0347623578125 0.26225898281250004 0.0344867421875 0.262947453125 0.033188171875 0.2630791328125 0.0344867421875 0.2815361265625 0.0889193140625 0.2822246046875 0.0898839421875 0.2717254375 0.0982899859375 0.27447931406250003
6 0.033522121875 0.2840179046875 0.034624559375 0.2915050078125 0.0840961703125 0.292451653125 0.0847851921875 0.28616937343750004 0.06383899374999999 0.284448196875 0.033522121875 0.2840179046875
4 0.11138136406250002 0.45358889375 0.1124837921875 0.44859748593750004 0.12171667500000001 0.44773689843750003 0.1215788484375 0.4412824984375 0.1162045 0.4410243234375 0.1162045 0.434828096875 0.1214410578125 0.43465598281249995 0.12281908281250001 0.42777128593749997 0.1159288828125 0.4270828171875 0.11551547656250001 0.4211865421875 0.12033863125 0.42161683281249995 0.1215788484375 0.4152484921875 0.104628971875 0.41430184687500005 0.1058692078125 0.40922438281250006 0.11386183593750002 0.40922438281250006 0.11399964375 0.40371663125 0.12681540625 0.40259786562500005 0.12819345 0.390333246875 0.1218544640625 0.3895308734375 0.12171667500000001 0.383534615625 0.108211871875 0.38336249375000003 0.11193257812499999 0.3824158484375 0.11262160000000002 0.3779408 0.13067394062499998 0.376391740625 0.1284690484375 0.37036763281249996 0.11634230781249999 0.3700373234375 0.1170313296875 0.3649459359375 0.11193257812499999 0.364257465625 0.11083015 0.359352121875 0.1202008234375 0.3571424453125 0.11882277968749999 0.3456966453125 0.1264020015625 0.3461269390625 0.13026049687500002 0.34337305625000003 0.129709284375 0.3401028265625 0.12350810625 0.33816525 0.1221300609375 0.32620309375 0.126539809375 0.3248261546875 0.1259885765625 0.3193183984375 0.106420421875 0.3184578125 0.1049045703125 0.313208234375 0.12047642031250001 0.313208234375 0.1215788484375 0.307270184375 0.127504428125 0.3054186671875 0.12902026093750002 0.3002551453125 0.12488615 0.2940589203125 0.0566731953125 0.2930262171875 0.036416 0.2930262171875 0.0344867421875 0.2940589203125 0.0333431765625 0.294631853125 0.030077021875 0.40272569999999996 0.029387999999999997 0.45255618750000004 0.0347623578125 0.4558264171875 0.11138136406250002 0.45358889375
7 0.12350810625 0.4903802328125 0.12337029687500001 0.4808277171875 0.10945210624999999 0.4776435484375 0.10779846562499999 0.4738569640625 0.0933290421875 0.4730824359375 0.09277782031250001 0.4649068640625 0.0320062703125 0.4636159828125 0.0252829453125 0.4640099484375 0.0186392890625 0.48564700624999996 0.0209819578125 0.490294175 0.026631921875 0.492015346875 0.12350810625 0.4903802328125
6 0.0503341984375 0.492617759375 0.022497800000000002 0.493134109375 0.020706350000000002 0.4947692265625 0.01954778125 0.49498194218749997 0.0226356078125 0.49976062812500005 0.07582793437499999 0.49898610000000004 0.0745877078125 0.493134109375 0.0503341984375 0.492617759375
4 0.024840471875 0.668901325 0.045924479687500006 0.6700200875 0.080099865625 0.669675853125 0.08092668593749999 0.6640820374999999 0.11358622031250001 0.66347963125 0.11565328593749999 0.650054475 0.1186849703125 0.6480751203125 0.11799594843750001 0.6444606609375 0.108211871875 0.6434279515625 0.10738504062500001 0.6368014343749999 0.12488615 0.6361129671875 0.1225434859375 0.6301306328125 0.0992546140625 0.6297863953125 0.0992546140625 0.6241065234375001 0.108763084375 0.6232459375 0.10917649062499998 0.6173078875 0.1189605875 0.6170497125 0.121027653125 0.6101650171874999 0.1166179046875 0.6078414328124999 0.1162045 0.60422696875 0.12309471875 0.603796675 0.12337029687500001 0.5969398296875 0.12075203593749999 0.5956489484375 0.11813375625 0.590915721875 0.12543736249999998 0.59014119375 0.12612638437499998 0.58420314375 0.11234598437500001 0.58394496875 0.11441304999999999 0.5774905671874999 0.12667759843749998 0.5768577984375 0.12667759843749998 0.5702312843749999 0.12309471875 0.5709197453125 0.12075203593749999 0.5626581140625 0.11041672656249998 0.563604759375 0.1102789375 0.558355178125 0.11813375625 0.5580109453125 0.1177203515625 0.5520728984375001 0.1276422375 0.550351725 0.126953215625 0.545704553125 0.1264020015625 0.5397665046875 0.128606875 0.5379010671875 0.1276422375 0.5320490718750001 0.117444734375 0.5331678359375001 0.1211654421875 0.520775384375 0.1152398796875 0.5190542109375 0.11262160000000002 0.5120834578125 0.0944314703125 0.5129440453125 0.0934668421875 0.5076084062499999 0.11813375625 0.5073920078125 0.12075203593749999 0.50257271875 0.10890089375 0.50007701875 0.026622334375 0.5004212515625001 0.0241979140625 0.501455978125 0.026356315624999998 0.5265691671875 0.02773435 0.5629302203125001 0.025529484375 0.6037523953124999 0.024840471875 0.668901325
4 0.2606569640625 0.6220408890625 0.2242602984375 0.6230740609375001 0.1695032765625 0.622597240625 0.1566689109375 0.622850346875 0.14650834375 0.6225043703125 0.1436676890625 0.6415235265625 0.14437672031249998 0.676060925 0.2606569640625 0.6747325625 0.2606569640625 0.6220408890625
4 0.237239675 0.6218840203125 0.2375098625 0.61631565 0.26047665000000003 0.6153032203125 0.2614223328125 0.5831739859375 0.261152146875 0.541539234375 0.26047665000000003 0.5325117234375 0.24385950781250001 0.530908709375 0.1668532640625 0.5312461859375001 0.1451023828125 0.5327648328125 0.1448321859375 0.6021530359375 0.14523748593750002 0.6049372234375 0.14574792812499998 0.605581928125 0.145507671875 0.622727709375 0.18806378125 0.6220527578125 0.2206225328125 0.623402671875 0.237239675 0.6218840203125
6 0.17638995625 0.5222703609375 0.146221828125 0.52360416875 0.144910453125 0.525042090625 0.1486246 0.5317737328125001 0.19814839374999998 0.5297730296875 0.1990827953125 0.52368753125 0.17638995625 0.5222703609375
6 0.34635204062499997 0.5266064234375001 0.325243509375 0.5236682078125 0.31316335 0.5262887796875 0.3053883703125 0.5273046671875 0.3104929828125 0.537803425 0.328804003125 0.535976965625 0.3464791875 0.5350240281249999 0.34635204062499997 0.5266064234375001
6 0.3260064734375 0.5505092421875 0.3420286 0.550112184375 0.34215578125 0.5425681046874999 0.3101115109375 0.541853403125 0.286205475 0.542012228125 0.2825033125 0.544541775 0.2850610375 0.5591650765625 0.3146892609375 0.5605150734375 0.325243509375 0.558609196875 0.3260064734375 0.5505092421875
6 0.35741494375 0.5764510578125 0.35805074375 0.56938345 0.380176515625 0.56787463125 0.37941356875 0.5608864296875 0.344063165625 0.55993349375 0.313417659375 0.56160113125 0.28417091875 0.561918778125 0.28455240000000004 0.5863774734375 0.353218665625 0.5849480703125 0.351947065625 0.5774039906249999 0.35741494375 0.5764510578125
4 0.34064796249999996 0.6034972109375001 0.366359828125 0.6018734609374999 0.36491533593750003 0.5957392921875 0.3046802234375 0.5958295031249999 0.27463489218750003 0.595288253125 0.2677205125 0.5975065828125 0.27047429218749997 0.6031239937499999 0.3032313140625 0.60265906875 0.336458940625 0.6012420046875 0.34064796249999996 0.6034972109375001
4 0.3847048203125 0.603107184375 0.36332643125 0.6022051015625001 0.3540816875 0.60265614375 0.34064796249999996 0.6036484359375 0.33718118750000003 0.6018442703125 0.30005786093750003 0.6036484359375 0.2715197640625 0.6038682984375 0.2698680875 0.67288465625 0.275790478125 0.67450840625 0.3832603296875 0.6740573640624999 0.3847048203125 0.603107184375
4 0.3834047828125 0.4765542140625 0.3165250234375 0.4760129671875 0.3087247921875 0.4760129671875 0.2912464875 0.4757423390625 0.277523865625 0.476464009375 0.26859515 0.47735457031250006 0.26683466093749997 0.488551925 0.273912646875 0.4907169234375 0.382827009375 0.490356090625 0.3834047828125 0.4765542140625
4 0.3156583234375 0.4753815078125 0.31464718125 0.47060046875 0.333569978125 0.4713221328125 0.384127028125 0.4710515078125 0.38484927343750003 0.4331029875 0.38484927343750003 0.42438196875 0.3767601359375 0.42275821875 0.354226140625 0.4232092609375 0.2921131859375 0.42420155625 0.28532409687500004 0.4234798859375 0.28344625625000003 0.422577803125 0.2770905265625 0.4232092609375 0.27362375 0.423930928125 0.2723237125 0.4240211359375 0.2714570125 0.44837738906249996 0.269570021875 0.4620349453125 0.26885693593750004 0.4757423390625 0.2921131859375 0.4760129671875 0.30540246875 0.4766444234375 0.3156583234375 0.4753815078125
4 0.29774668125 0.422531390625 0.2968799921875 0.4168482578125 0.3546595 0.4177503390625 0.3847048203125 0.41657763125 0.38586040625 0.37286559218750004 0.3732933796875 0.371332046875 0.30901368749999997 0.372594965625 0.293261953125 0.37161548906249997 0.2794101171875 0.3715596796875 0.2724946359375 0.37285646250000004 0.27246815468749996 0.421719509375 0.27636828125 0.4229824328125 0.281712878125 0.42235096875 0.29774668125 0.422531390625
4 0.3077305796875 0.3659590234375 0.3852380921875 0.36557729375000003 0.3852380921875 0.3542017046875 0.35760922968750003 0.3525220890625 0.2782679453125 0.3522930515625 0.2722776203125 0.354125359375 0.2718741890625 0.35402751875 0.2731333828125 0.37137960312499996 0.28841483437500004 0.3721430640625 0.302107003125 0.37176133437500003 0.3077305796875 0.3659590234375
6 0.30742671875 0.3462910921875 0.3787163421875 0.3462910921875 0.37387400937500004 0.3271389078125 0.2993561890625 0.3261308953125 0.287519409375 0.32562689218749996 0.281010871875 0.3277467125 0.2794658046875 0.33696728125000003 0.27925323281250003 0.3413479359375 0.28350453125 0.34506485468750003 0.30742671875 0.3462910921875
7 0.24911911406249998 0.3198523203125 0.4308022359375 0.3221266 0.42594658281250003 0.29660414375 0.46236412656250003 0.2905393984375 0.46195941874999996 0.269818196875 0.3705109640625 0.2632480671875 0.32923770937499997 0.2660277296875 0.318312446875 0.2670385296875 0.21027374375000002 0.2657750421875 0.1912118078125 0.2677489296875 0.19813458125 0.2829584734375 0.22403148437499998 0.2971095375 0.23414747187499999 0.31176599375 0.24911911406249998 0.3198523203125
6 0.149955365625 0.3221875828125 0.1477533875 0.325304178125 0.149955365625 0.332230146875 0.2027544828125 0.3303890109375 0.19712616249999998 0.32369396875 0.149955365625 0.3221875828125
4 0.23610439218749998 0.3978781265625 0.262326871875 0.3978781265625 0.26303085312499996 0.3654066625 0.262326871875 0.333578309375 0.2572231578125 0.33214953281250004 0.1880591921875 0.3317099109375 0.14684898125 0.33283388281250004 0.1488134578125 0.4031536046875 0.192458925 0.40282388437499994 0.234520484375 0.40370313125 0.23610439218749998 0.3978781265625
4 0.1738040078125 0.49071087812499997 0.2577511671875 0.490600971875 0.258807065625 0.473675490625 0.2621509015625 0.45204271562500004 0.2626788390625 0.4231302125 0.26303085312499996 0.40380720625000005 0.24961740625 0.4027237859375 0.242499459375 0.40398131875 0.20977846875 0.403636146875 0.2040301875 0.4031529046875 0.179378909375 0.40308386875 0.177499659375 0.403498078125 0.14997424374999999 0.4038432515625 0.14928122187499998 0.4050756015625 0.146877571875 0.44505743124999997 0.1387820484375 0.48389672499999997 0.14177386875 0.49071087812499997 0.1738040078125 0.49071087812499997
4 0.43627700156250004 0.3921432859375 0.5069208796875 0.39261013125 0.5065471171875 0.34487490468750004 0.5074815625 0.329444765625 0.48243850000000005 0.32711052343749997 0.41328975 0.32711052343749997 0.394232753125 0.3290169046875 0.3942980171875 0.39776168125 0.41590616718750006 0.3982123125 0.437398340625 0.3969284890625 0.43627700156250004 0.3921432859375
7 0.42345521093749994 0.4046376546875 0.42939056875 0.4053048546875 0.43924326562499993 0.404563528125 0.46629276875 0.4040448625 0.47552338125000004 0.40492529531250004 0.5042383 0.40398667968749996 0.503130846875 0.3989477984375 0.47647263124999994 0.3979597828125 0.4471248796875 0.397762178125 0.44355853593749994 0.3991454015625 0.402582403125 0.3986513953125 0.39585950468750003 0.39931468593749997 0.3961525734375 0.40359979843750005 0.4080232875 0.405378984375 0.4169263328125 0.4039704609375 0.42345521093749994 0.4046376546875
4 0.50648056875 0.4596993140625 0.5055033109375 0.420356653125 0.5055033109375 0.40533618593750004 0.4688557140625 0.40545824843749995 0.4664125484375 0.40405454687500003 0.4560534921875 0.4047869125 0.42409680781250003 0.405641340625 0.417842290625 0.4038104234375 0.41178322031250003 0.405092065625 0.39453592187500003 0.40559346874999996 0.393214765625 0.4654343640625 0.4309839390625 0.46506999687499995 0.4309839390625 0.4601875578125 0.50648056875 0.4596993140625
4 0.5080760625 0.4857595328125 0.5067972140625 0.4653942171875 0.45756165781249997 0.4646754421875 0.4351818734375 0.464515715625 0.426613603125 0.46683176875 0.40448958749999997 0.4658734015625 0.3934371859375 0.46698680625 0.392468434375 0.4898325984375 0.5047510515625 0.49095069843749994 0.5032164609375 0.48591926093750004 0.5080760625 0.4857595328125
4 0.481237415625 0.5315126343750001 0.48204945 0.5253429140625 0.4721699828125 0.5244977468750001 0.399089171875 0.5248358171875 0.393828446875 0.5262254875 0.39611180625000003 0.5315126343750001 0.44456167031250005 0.5320197359375001 0.45647114687499996 0.53210425 0.481237415625 0.5315126343750001
4 0.4238365359375 0.6744444328125 0.4881440140625 0.6743865390625 0.48945288124999997 0.66774523125 0.5046685171874999 0.6669278359375 0.5063046124999999 0.6589582671875001 0.505322971875 0.605813975 0.5063046124999999 0.5660539375 0.505650178125 0.532206165625 0.49419753125000004 0.5311844265625 0.48585348437500003 0.5318996421875 0.447078125 0.532717034375 0.3942324046875 0.532206165625 0.3935239921875 0.5336396437500001 0.3940294828125 0.59804153125 0.3927068265625 0.67096565625 0.39579300625 0.674269640625 0.4238365359375 0.6744444328125
4 0.6063445109375001 0.6670779062500001 0.6261293609374999 0.6659546656249999 0.62652909375 0.6545974484375 0.62752833125 0.602300359375 0.5852584890625 0.601201315625 0.5217647859375 0.6026431999999999 0.5138984140625 0.6030183499999999 0.5134156796875 0.6733181375 0.54239349375 0.6734429375000001 0.5463904328125 0.66645388125 0.6063445109375001 0.6670779062500001
4 0.6256635796875 0.595163415625 0.627828125 0.5772333046875 0.6268186359375 0.5197089328125 0.533309721875 0.520339759375 0.513251484375 0.5201595218749999 0.514234025 0.5847152062500001 0.514838196875 0.6020123765625 0.5682306265625 0.6016519031249999 0.567509115625 0.595163415625 0.6256635796875 0.595163415625
4 0.5406116015625 0.5128772875000001 0.6078879046875 0.5139325593749999 0.6282251078125001 0.51304390625 0.6304600046875 0.48095815937499997 0.6180089343749999 0.4799584265625 0.6152519140625 0.4810137 0.5427871140625 0.48095815937499997 0.5413641328125001 0.4803472109375 0.535049665625 0.4807359953125 0.5319369 0.48095815937499997 0.5194858296875 0.4812358625 0.51317135625 0.4814024859375 0.515402159375 0.49472899843749996 0.5145943359375 0.5186819546875 0.515620528125 0.5193200109375 0.5402558515625 0.5186535203125 0.5406116015625 0.5128772875000001
4 0.5435237749999999 0.48038345312499997 0.5996933890625 0.48066115624999994 0.6168580640625 0.48032791250000006 0.61863679375 0.476106815625 0.6279750875000001 0.4756624921875 0.6281529765625 0.4715524765625 0.6272636125 0.45357805312500005 0.6100989140624999 0.45302264531249997 0.604673809375 0.45441116406250004 0.5835959203125001 0.45441116406250004 0.5793269859375 0.45341143281249996 0.565186125 0.4546888671875 0.5538912296875 0.453355890625 0.551045275 0.4546333265625 0.5349478125 0.45479995000000006 0.5160044015625 0.45491103125 0.5148019359375 0.4639962640625 0.5155978078125 0.47999466718750006 0.524847175 0.48143872656250003 0.531784196875 0.48032791250000006 0.5435237749999999 0.48038345312499997
4 0.5539303453125 0.45332288906249996 0.5686937546874999 0.453711675 0.5849690890625 0.45382275625 0.5978849828125 0.453878296875 0.5998415671874999 0.44804652031250003 0.6267807125 0.448157603125 0.6260692140625 0.424382928125 0.6258024203125 0.3993275765625 0.5983211171875 0.39938311875 0.59574196875 0.3979946015625 0.5741903671874999 0.39810568125 0.573034196875 0.39877216875 0.5337243953125 0.398161221875 0.5123797015625 0.39888325 0.51430175 0.434637759375 0.5162213953125 0.45382275625 0.54183501875 0.4549891125 0.5519737625000001 0.4542670828125 0.5539303453125 0.45332288906249996
6 0.5658711734375 0.390741846875 0.5433760484375 0.3891809296875 0.5179351359375 0.38957115937500003 0.513700784375 0.3900437296875 0.5142752125000001 0.39676251093750003 0.5623898015625 0.396595271875 0.565603378125 0.39514585 0.5658711734375 0.390741846875
7 0.5364544765625 0.3727970734375 0.53464976875 0.3773052078125 0.5386602 0.38544489375 0.605433925 0.385319671875 0.6038297578125 0.3722961765625 0.6118506218750001 0.37367365625 0.6176657640625 0.3711691375 0.618668346875 0.361025840625 0.625887128125 0.35889699375 0.625887128125 0.3500059515625 0.5356523796875 0.34850324375 0.515399703125 0.3482527875 0.512191340625 0.3513834359375 0.514505715625 0.3545040734375 0.5170038578125 0.3591474484375 0.5210142890625 0.3622780984375 0.5218163734375 0.37054300625000003 0.5364544765625 0.3727970734375
1 0.54975445625 0.3414254296875 0.5576057750000001 0.342848925 0.5873647890625 0.343323421875 0.59129044375 0.3405555125 0.5901507546875 0.33675952656249997 0.5501128890625 0.33597076718749996 0.54975445625 0.3414254296875
2 0.524689475 0.26459155624999997 0.5227586453125 0.26409011875 0.5229731734375 0.3312292328125 0.616940221875 0.3318991265625 0.616511165625 0.26418962343749997 0.524689475 0.26459155624999997
1 0.48611414843749995 0.2529652078125 0.6246664265625 0.25386113906249996 0.62507630625 0.24707766874999998 0.5760938296875 0.2464377171875 0.5096908 0.24464586093750001 0.369451059375 0.24323797187500001 0.323337853125 0.2433659609375 0.22086022500000002 0.2437499296875 0.1997506140625 0.24221405625 0.16449963750000002 0.2423420421875 0.148947221875 0.24414878906249998 0.14965329375 0.249637465625 0.2615546828125 0.2502774171875 0.3615991203125 0.2518132984375 0.48611414843749995 0.2529652078125
2 0.31668871875 0.06659183125 0.17905499062500002 0.061143365625 0.1494277390625 0.060290646875 0.1504882203125 0.23583321562499998 0.62510641875 0.239947375 0.6242394140624999 0.0699276296875 0.31668871875 0.06659183125
7 0.6419064828125001 0.1080067625 0.6684799703125 0.10987839218749999 0.7376109546875 0.110627046875 0.7432053484375001 0.08904087187500001 0.7438047953125 0.0726952671875 0.7192292921875 0.0723209421875 0.6477007109375 0.070948409375 0.6304187531250001 0.0741104484375 0.6317166609375 0.0836755203125 0.6359124625 0.09066295156250001 0.6373110671875 0.10314051093750001 0.6419064828125001 0.1080067625
6 0.6346887999999999 0.11971807812499999 0.65249590625 0.12010999062500001 0.65249590625 0.1137464390625 0.6327156656249999 0.11424553906249998 0.6346887999999999 0.11971807812499999
4 0.6820663828125 0.1591445703125 0.6822661890624999 0.1531553390625 0.740408165625 0.15515174062499998 0.7456029734375 0.1531553390625 0.7434051546875 0.12308441562500001 0.67287560625 0.1214623359375 0.643305103125 0.1209632359375 0.63244140625 0.12238436875 0.6339144640625001 0.1573977015625 0.637510875 0.1586454609375 0.66308535625 0.158770240625 0.6820663828125 0.1591445703125
4 0.6842035125 0.2023987890625 0.685088434375 0.1966355484375 0.7437466234375 0.19703029218749998 0.7445051578124999 0.1594508234375 0.6933056375 0.158266596875 0.689513078125 0.15976661718750002 0.65993114375 0.1585823890625 0.6522196124999999 0.1588192359375 0.650196915625 0.159371875 0.634521021875 0.15913503125 0.6331156250000001 0.160694778125 0.6341142578125 0.2033793375 0.6429054890625 0.202880228125 0.6578730609375001 0.20231983750000002 0.6842035125 0.2023987890625
4 0.63654371875 0.2782450203125 0.6543687328125001 0.27777133125 0.670550303125 0.2784818671875 0.671055975 0.2728765234375 0.7209912890625 0.27350811406250003 0.7445051578124999 0.272402834375 0.7452636578125 0.23666472968750002 0.744757984375 0.2037281390625 0.6969717734375 0.202622859375 0.6849620109375001 0.20191232343749999 0.68218080625 0.2035702421875 0.6742164390625 0.20278075625 0.6469100375 0.20278075625 0.6362908828125 0.20364919375 0.634644934375 0.20485035 0.633636090625 0.23236088437500002 0.634141771875 0.2702178234375 0.634268184375 0.27737659375 0.63654371875 0.2782450203125
4 0.6466572015625001 0.32309005156250004 0.6555064984375 0.3224584640625 0.6700446296875 0.3225374125 0.6838242453125 0.3226163625 0.719221428125 0.32309005156250004 0.7182100828125 0.3172478640625 0.744884390625 0.317168915625 0.7450108125 0.279469871875 0.7209912890625 0.27781195468750003 0.70063791875 0.27844354375 0.652346034375 0.279390925 0.65133468125 0.278206696875 0.6476685453125001 0.2781277484375 0.644760921875 0.2788382875 0.633791746875 0.2791682890625 0.6333832546875 0.321984771875 0.6337625078125 0.323576515625 0.642106134375 0.32277425625 0.6466572015625001 0.32309005156250004
4 0.7019020984375001 0.341525671875 0.702407771875 0.3358413796875 0.74324096875 0.335920328125 0.7458957515625 0.3314458125 0.7451372515625 0.323629915625 0.7360351015625 0.3227614828125 0.7249102609375 0.3226035890625 0.7187157546875 0.3235509671875 0.680410953125 0.3238667625 0.6757334640625 0.32252463750000004 0.6552536625000001 0.32252463750000004 0.65310454375 0.322919378125 0.6336495484375 0.3235637125 0.634268184375 0.341446721875 0.6480478046875 0.341446721875 0.674595696875 0.3419993609375 0.7019020984375001 0.341525671875
4 0.6587933765625 0.3740141140625 0.709360784375 0.37393516718750003 0.7443787171875 0.3737772703125 0.7443787171875 0.34247305 0.7289556562499999 0.341525671875 0.6945698171875 0.3413677734375 0.6885017343750001 0.3419204125 0.6651143046875 0.3419204125 0.6551272499999999 0.3419204125 0.6333832546875 0.34223620625 0.63350735 0.343719234375 0.6346474390625 0.37772469218750004 0.6404626906249999 0.3796984046875 0.65765561875 0.37977735468749996 0.6587933765625 0.3740141140625
4 0.8320848296875001 0.3748185703125 0.8619911515625001 0.3740774359375 0.8634152734375 0.3690377375 0.8643646765625 0.3303506578125 0.843477703125 0.3290166203125 0.8123846171875 0.3303506578125 0.7790777515625 0.33049130937500004 0.7764759203125 0.3290880296875 0.7629936921875 0.329309603125 0.7602735921875 0.3298265984375 0.7530467062499999 0.3304988828125 0.75280933125 0.37882068125 0.7568443203124999 0.38045117031250003 0.8294739453125001 0.3808958421875 0.8320848296875001 0.3748185703125
4 0.7848727515625 0.32976469062499997 0.81361120625 0.3293215546875 0.8138477109375 0.32341301875 0.8624547031249999 0.323265303125 0.8634008203124999 0.31861233125 0.8636373578125 0.2848337671875 0.8630460296875 0.2610997140625 0.8046230375000001 0.259401009375 0.7729279703125 0.260139578125 0.753345775 0.26116335625 0.7525863562499999 0.32991240624999996 0.7605101203125 0.329616978125 0.773401028125 0.3288784109375 0.7848727515625 0.32976469062499997
4 0.8622181812499999 0.2541571859375 0.8618633750000001 0.2055334265625 0.7884207015625 0.20414210000000002 0.7529411546875 0.20390858125000003 0.7537448546875 0.259003684375 0.7697348093749999 0.2592532984375 0.7728097015625 0.2542310421875 0.80805271875 0.255560465625 0.8622181812499999 0.2541571859375
4 0.8570145015625 0.19993226718749998 0.8615086015625 0.1980858515625 0.8604441984375001 0.1682336421875 0.8535848203124999 0.16660879687500002 0.8191696437499999 0.16653493749999998 0.8099449703125 0.1663133703125 0.8065152890625 0.1670519375 0.7830987687500001 0.1663133703125 0.7515219703125 0.166978078125 0.75201550625 0.1988651390625 0.75365075 0.20340353437499997 0.77127225625 0.203329675 0.7696165500000001 0.19727342812499998 0.8570145015625 0.19993226718749998
4 0.8075796593750001 0.1666946 0.80698833125 0.1609337796875 0.8599711390625 0.16159849531249998 0.8604441984375001 0.12537070781249998 0.83052310625 0.12345043124999999 0.8134929203124999 0.1247059953125 0.7819161218749999 0.123524290625 0.7529411546875 0.123524290625 0.7506941203124999 0.1269955515625 0.75108431875 0.154758 0.752113296875 0.1656606109375 0.7596822640625 0.166620746875 0.7920869203125 0.166620746875 0.8075796593750001 0.1666946
6 0.7491566671875 0.11519043437500001 0.750419184375 0.1156347203125 0.7537690109375 0.12228067499999999 0.7768307171875 0.12228067499999999 0.7775403062499999 0.11563357187500001 0.7491566671875 0.11519043437500001
7 0.807580859375 0.1017844671875 0.8227376 0.11179074062500001 0.91735895625 0.11273728125 0.9193076796874999 0.09340083593750001 0.9747380343750001 0.09353605000000001 0.9799346390625001 0.07785054062499999 0.9329487734375 0.075146140625 0.917142425 0.0741996015625 0.9043674562499999 0.07785054062499999 0.7519339734375 0.0771744390625 0.7484596203125 0.07696815312500001 0.751067878125 0.087315940625 0.7634097828125 0.09137253749999999 0.8103956796875 0.0931303921875 0.807580859375 0.1017844671875
2 0.87643613125 0.11833126875 0.8783602953124999 0.184799684375 0.9698722890625 0.184799684375 0.96875175 0.11773670781250001 0.87643613125 0.11833126875
1 0.9470876765625 0.18814424999999999 0.9078682390624999 0.1873278296875 0.9001740609375 0.18903270781249998 0.9045065734375 0.19502549687499998 0.9274779640625 0.1954920265625 0.948021475 0.19362591875 0.9470876765625 0.18814424999999999
4 0.9345748125 0.323499934375 0.933827778125 0.31778500468750004 0.9769691500000001 0.31836815937499996 0.980891084375 0.3165020625 0.9823851781249999 0.31416943750000004 0.9812646140625001 0.261275453125 0.9803308156250001 0.2004694203125 0.975661846875 0.1995363703125 0.8815352078125 0.199069846875 0.8707642359375001 0.1995264265625 0.8716369640625 0.2905499015625 0.8721972453125 0.323733196875 0.906374171875 0.3239664625 0.9345748125 0.323499934375
4 0.9330807312499999 0.375189859375 0.98163811875 0.374023546875 0.9820116484374999 0.33022680625 0.9812646140625001 0.32486176875 0.9605343390625001 0.324045353125 0.9052536203124999 0.324045353125 0.8805662921874999 0.3246285078125 0.8730750078125 0.325057553125 0.87201048125 0.37997174375 0.8815352078125 0.38160457812500004 0.9306528640625 0.38020500468749996 0.9330807312499999 0.375189859375
7 0.8349260031249999 0.3938042234375 0.8283504046875001 0.391564334375 0.7835167390625 0.392684278125 0.7712757906250001 0.396577284375 0.7766422625 0.406683603125 0.8023468734374999 0.40743023437500003 0.837616021875 0.40724357656250004 0.8349260031249999 0.3938042234375
7 0.975105875 0.429269184375 0.975105875 0.4143365765625 0.7859078796875 0.411723359375 0.6573847421875 0.41097673281249997 0.6445324359375 0.4104167546875 0.6438567125 0.41211195468749995 0.6490158046875 0.431509075 0.6881705109375 0.43318899375 0.874080709375 0.43038912656250006 0.975105875 0.429269184375
4 0.7538867671875 0.50163571875 0.7570639359375 0.48113141875 0.7527430078124999 0.46978215156249997 0.7438469734375001 0.47002025 0.7402885343750001 0.470734540625 0.6884373140625 0.4709726359375 0.6480238640625 0.47057580625 0.645863396875 0.46994088281249996 0.6478560171875001 0.5062681921875 0.6600970625 0.5067151125 0.70114595 0.5070325734375001 0.7034335031250001 0.50131825625 0.7538867671875 0.50163571875
4 0.704313290625 0.46539556718749997 0.7519875265625 0.46516206562500007 0.7514266359375 0.43620675000000003 0.6506564046875 0.43655701875 0.64542159375 0.43655701875 0.6443332984375 0.437274846875 0.647478128125 0.46878147031250006 0.6521520734374999 0.47018253593750003 0.7052480703125 0.47006577656250004 0.704313290625 0.46539556718749997
4 0.75049184375 0.5633618968749999 0.7521744890625001 0.5076696328125 0.71347420625 0.5077863875 0.66243474375 0.5081366578125001 0.6609390875 0.5067355921875001 0.6525259875 0.5069691062499999 0.648328875 0.5079253984375 0.645982459375 0.5578744078125 0.6452346437500001 0.563011628125 0.6590695046875 0.5642959421875 0.75049184375 0.5633618968749999
7 0.647478128125 0.563907890625 0.6445435921875 0.5647830453125 0.647665078125 0.5696288968750001 0.6652391062499999 0.569161878125 0.664678240625 0.5641414046875 0.647478128125 0.563907890625
4 0.7499309796875 0.615554909375 0.7489961875 0.5700770281249999 0.744135290625 0.5693765 0.7007610875 0.5683256984375 0.69384364375 0.5694932500000001 0.655891228125 0.56984351875 0.647478128125 0.5696100046875 0.646015646875 0.5717425265625 0.645982459375 0.6203418734375 0.6542086078125 0.6217429343750001 0.7495570781249999 0.6206921421875 0.7499309796875 0.615554909375
4 0.8636193343749999 0.5641225125 0.8239842859375001 0.562604690625 0.789771021875 0.5622544234375 0.7879014390625 0.5634219796875 0.7589727125 0.56491435625 0.759857778125 0.62144935 0.8630584953125 0.6210990828125 0.863432371875 0.5873568062500001 0.8636193343749999 0.5641225125
4 0.77462743125 0.5564166609375001 0.771262190625 0.5565334203125001 0.7701404484375 0.5575842140625 0.757053403125 0.5581679921875 0.758552125 0.558874053125 0.7606056062500001 0.5636554890625 0.7830405421875 0.56377224375 0.7822927156249999 0.5577009734375 0.77462743125 0.5564166609375001
4 0.77631005 0.55143396875 0.8639932625 0.5513172140625 0.8662367468750001 0.5201435578125 0.8032320078125 0.520377071875 0.7671491234375 0.5199100453125001 0.7610756484375 0.5205312515625 0.7589229859375 0.5557539125 0.7630360546875 0.557738753125 0.77631005 0.556104184375 0.77631005 0.55143396875
4 0.82005820625 0.51337175 0.827910390625 0.514656059375 0.8667976375 0.514422546875 0.8675454390624999 0.5077674984375 0.81744076875 0.506249678125 0.7890231937500001 0.506132925 0.7630360546875 0.5063664343750001 0.7623374093749999 0.50831933125 0.7613534343749999 0.517224675 0.7649056390625 0.51920951875 0.8193103531249999 0.5190927578125 0.82005820625 0.51337175
4 0.8937472312500001 0.6021577109375 0.977120671875 0.602329546875 0.9765702968750001 0.564409090625 0.9776709312499999 0.5351967125 0.9820735078125 0.5078745609374999 0.8937472312500001 0.5063280234375 0.8753136296875 0.508682178125 0.8714592953125001 0.6062818046875 0.8755866843750001 0.609374878125 0.8937472312500001 0.6080001796875 0.8937472312500001 0.6021577109375
6 0.962262009375 0.6215475328125 0.9760199984375 0.62068835 0.9760199984375 0.6081442171875 0.9688658546875001 0.6071131953125 0.9650135765625001 0.6086597265625 0.911632628125 0.6074568640625 0.8992504421874999 0.6072850265625 0.8931968953125 0.6086597265625 0.8857676031249999 0.6105499437499999 0.887693721875 0.6146740375 0.9498798234375 0.6167360859375 0.95840976875 0.6170797593749999 0.962262009375 0.6215475328125
7 0.62068709375 0.7215011359375 0.6203046718749999 0.7028709921875 0.6283363140625 0.6968997906250001 0.62718894375 0.6849573765625 0.5392225625 0.6823300453125001 0.425248725 0.68113580625 0.38929725625 0.688062403125 0.386247703125 0.6887680859375 0.398476346875 0.7035875296875 0.40421330156249996 0.7248450140625 0.42448380312499995 0.72603925 0.62068709375 0.7215011359375
6 0.3905497109375 0.730136328125 0.39197452187500004 0.73822050625 0.44016477187499997 0.7389370484375 0.4428420125 0.73009966875 0.3905497109375 0.730136328125
2 0.5221911687499999 0.7287932031250001 0.5227766984375 0.799604478125 0.6195396703125 0.798410234375 0.6180098265625 0.7284277375 0.5221911687499999 0.7287932031250001
4 0.43743746093749997 0.8326011234375 0.5042278390625 0.831971059375 0.5070528125 0.75354588125 0.5056403109375001 0.7394323078125 0.42512867187500003 0.740566434375 0.40797705312500004 0.7393062953125 0.39264148906249996 0.7396843390625001 0.3899595328125 0.741232221875 0.3892111734375 0.838901825 0.40010748906250004 0.8399099421875 0.4378410265625 0.8387758171874999 0.43743746093749997 0.8326011234375
4 0.43824460624999995 0.9117620015625001 0.49212081249999995 0.9108799015625 0.49595470625000004 0.910627875 0.49534935156250004 0.9058393390624999 0.5032189171875 0.9042011531249999 0.504429628125 0.9014288468749999 0.5040260484375 0.838588628125 0.46689786718750004 0.8392186984375 0.402730671875 0.8402268109375 0.39022009375 0.8404788406250001 0.389816515625 0.9116359921875 0.394053975 0.9128961265625 0.40716990781250006 0.9123920640625001 0.43824460624999995 0.9117620015625001
4 0.5056403109375001 0.9493994203125 0.504631390625 0.911595203125 0.49111189062499994 0.9107131031250001 0.48707622031250003 0.91146919375 0.44571057812500003 0.91146919375 0.413223421875 0.9123512890625 0.39526467187500003 0.9127293328125001 0.390186503125 0.9142772156250001 0.3896147390625 0.9720819453124999 0.40898597499999995 0.9732160625 0.503824259375 0.9706957828125 0.5056403109375001 0.9493994203125
4 0.6285265421874999 0.9631349359374999 0.630342621875 0.9520457015625 0.6283247796875 0.9157536671875001 0.6220694625000001 0.915627653125 0.616217753125 0.91688779375 0.5272311515625 0.9177698921875 0.5215812328125 0.9166357656249999 0.5197651796875 0.9175178609374999 0.51501995625 0.919521003125 0.5141152328125 0.9700657109374999 0.5643593609375 0.9701917281249999 0.564964703125 0.9637650078125001 0.6285265421874999 0.9631349359374999
4 0.6006804125 0.9101238125 0.6283247796875 0.9089896859375 0.6291318828125 0.893237940625 0.6277194109375 0.8772341562499999 0.6158141734375 0.8758479984375 0.600882175 0.8757219859375001 0.5986625703125 0.8763520578125 0.56980751875 0.876856115625 0.536916784375 0.876856115625 0.5191598109375 0.8782422640625 0.514566015625 0.8792713890625 0.51552770625 0.91667655 0.5215812328125 0.917558640625 0.6010839921875 0.9159204609374999 0.6006804125 0.9101238125
4 0.593416203125 0.8769172828125 0.593416203125 0.8698604984375 0.6281229625 0.8706165796875001 0.6293337015625 0.822479225 0.6238855156249999 0.8173126500000001 0.6045142796875 0.8161785234375 0.5282400734375 0.817438665625 0.514317021875 0.8165565640624999 0.5132041968750001 0.8187552453125001 0.513509890625 0.8766652546874999 0.5300561265625 0.877925390625 0.5544719390624999 0.8766652546874999 0.593416203125 0.8769172828125
4 0.57424675625 0.8026097921875 0.5346971515625001 0.8029878281249999 0.5314686546875 0.8046260125 0.5371185734374999 0.81130475625 0.6119802796875 0.8111787421875001 0.6117784890625 0.8032398640625 0.57424675625 0.8026097921875
6 0.7706558796875 0.058869004687500004 0.83525325625 0.059974242187500006 0.8367280859375 0.055553296875000005 0.8283215671875 0.052237590625 0.7625443453125 0.05177707499999999 0.7454363640625 0.0503955328125 0.717414684375 0.0514086640625 0.67125264375 0.050671840625 0.6706845484375 0.0558296078125 0.67569895625 0.057855871875 0.7706558796875 0.058869004687500004
7 0.8352750890625 0.037501115625 0.8249512984375 0.042014165625 0.7587316359375 0.0408168234375 0.7490166781250001 0.0407205328125 0.7506200921875 0.0507639453125 0.7678755500000001 0.0513165609375 0.8389621437500001 0.05113235625 0.8352750890625 0.037501115625
7 0.93017740625 0.046158796875000005 0.930767334375 0.0386063515625 0.8493569609374999 0.037777424999999996 0.8460629624999999 0.0383380703125 0.8464073109375001 0.060342653125 0.9170514843750001 0.0628294328125 0.9276702078125 0.0622768171875 0.93017740625 0.046158796875000005
3 0.948465234375 0.044869353125 0.9499107812500001 0.0449675296875 0.9517098687500001 0.05896110624999999 0.9682279125000001 0.054632268750000004 0.9660156671875001 0.045514075 0.948465234375 0.044869353125
0 0.9937554859375 0.965876928125 0.9879778484375 0.63631869375 0.635587765625 0.63583715625 0.6384271796875 0.9703186765625 0.7120579734375 0.9697898953124999 0.752700715625 0.9707417062499999 0.9937554859375 0.965876928125
7 0.298441028125 0.52222191875 0.46478158281250004 0.5207303375000001 0.46318983124999996 0.5008425453124999 0.3095834703125 0.49736217812500005 0.1862686390625 0.505250078125 0.1862208671875 0.515261184375 0.2021386234375 0.52222191875 0.298441028125 0.52222191875
2 0.983106996875 0.5046612078125 0.9906679671875 0.485022009375 0.97594399375 0.4333137515625 0.7563183984374999 0.434358496875 0.7650337703125001 0.483281825 0.76105433125 0.5039154171875 0.983106996875 0.5046612078125