7 0.0546660859375 0.08324070624999999 0.0618359265625 0.0903514609375 0.10648431875 0.0888277203125 0.10697318125 0.0541882265625 0.10778792968749999 0.0464679796875 0.0514070953125 0.03915406875 0.0468039375 0.0395717703125 0.043096623437499995 0.051750253125 0.049940525 0.05804834062499999 0.0538513390625 0.0632290359375 0.0546660859375 0.08324070624999999
6 0.1911206265625 0.026782346875 0.18257929374999998 0.025351001562499996 0.142352421875 0.0263815703125 0.1408172640625 0.0323316875 0.14979163281250002 0.032564978125 0.1760585140625 0.0329657515625 0.19121247187499998 0.032564978125 0.1911206265625 0.026782346875
4 0.1541012765625 0.10153085937499999 0.1562371765625 0.0969657046875 0.2543647828125 0.0970925140625 0.3701275328125 0.0972827296875 0.370025821875 0.0917665 0.38690958750000004 0.09157628437500001 0.38833352187500003 0.0885962546875 0.3875198484375 0.084982171875 0.37328052500000003 0.08409450156250001 0.372568565625 0.0795927515625 0.3926053234375 0.0790855140625 0.396877125 0.0659921390625 0.396877125 0.0597784546875 0.43822325781250004 0.059334620312499996 0.43740957187499996 0.05305753437500001 0.414321528125 0.0522332671875 0.411880503125 0.0467170359375 0.4488010296875 0.0466536328125 0.44951301718750003 0.041274134375 0.4568360828125 0.04025965625 0.45724291875 0.03461661875 0.29563606249999996 0.03322170625 0.186806540625 0.03322170625 0.17963300937499999 0.033046548437500003 0.128300559375 0.032564978125 0.127040559375 0.100265734375 0.1291446546875 0.101758553125 0.13772605625 0.101594265625 0.1541012765625 0.10153085937499999
4 0.2547861703125 0.1168996984375 0.37207962499999997 0.1161899421875 0.3737060953125 0.11365512343749999 0.373868725 0.1043269890625 0.336785296875 0.1022991359375 0.190870315625 0.10169078281249999 0.1360042390625 0.10174483593750001 0.133708190625 0.10151582031249999 0.1253396265625 0.104010940625 0.1258825046875 0.1193331140625 0.1323883671875 0.12156375312500001 0.25437332968750004 0.12288185625 0.2547861703125 0.1168996984375
2 0.3981739640625 0.0880924359375 0.39587677656250003 0.0968350734375 0.3805606140625 0.1259914015625 0.3963221015625 0.126124825 0.4719241171875 0.1269253484375 0.47874704843749993 0.12054530625 0.48512878437499996 0.1237862171875 0.5041754625 0.1246995203125 0.51956129375 0.11208861562500001 0.5180910890625 0.10185154375000001 0.5073500656250001 0.09788695625 0.48320957499999995 0.087016978125 0.493451815625 0.07378198124999999 0.48872381562499995 0.0621508546875 0.4763938890625 0.05714575468750001 0.4496748640625 0.058295165625 0.44393245312499996 0.0667076796875 0.43529629375 0.075901846875 0.41604190937499996 0.06947019531250001 0.400218028125 0.07657265468749999 0.3981739640625 0.0880924359375
2 0.5527896140624999 0.091068190625 0.548692190625 0.097155959375 0.529739953125 0.0970153046875 0.5226328640625 0.097366934375 0.52229444375 0.1035555796875 0.5313193140625 0.10482143906250001 0.5313193140625 0.11213529375 0.5397801359375001 0.11308113906249999 0.6122047546875 0.112448215625 0.6178453015625001 0.1100571421875 0.6180709 0.10372784531250001 0.627208584375 0.1023213359375 0.6267573421875 0.0973282234375 0.602051771875 0.09627334062500001 0.5970880796875 0.0893111140625 0.6135584656249999 0.0808352203125 0.61513781875 0.0653636015625 0.6116406984375 0.0561509625 0.5959599671875 0.04636508125 0.5896425640625 0.0432707578125 0.58670946875 0.039191878125 0.579263953125 0.037644715625000005 0.5740746484375 0.0370117859375 0.5662906890625 0.037715040625 0.5551431109375 0.0460946609375 0.5381404578125 0.0567608125 0.5335873515625 0.0707058953125 0.544277278125 0.08526802812499999 0.5527896140624999 0.091068190625
7 0.7002105015625 0.028703012500000003 0.6976378890625 0.0349652625 0.69714786875 0.0437476890625 0.7082823687500001 0.05031420156250001 0.7164721515625 0.057121453125 0.7210220140625 0.058634182812500005 0.8502382718750001 0.058823265624999996 0.857821365625 0.0580669078125 0.8605512875000001 0.05144875156249999 0.8732909734375 0.0486123875 0.8790541062499999 0.042750590625 0.8790541062499999 0.031405175 0.879357440625 0.0291360859375 0.8745042234374999 0.0274342734375 0.7264818546875 0.0244088328125 0.73364221875 0.0266353515625 0.73316441875 0.03381973125 0.728264209375 0.0307649734375 0.721771425 0.028473906249999997 0.7002105015625 0.028703012500000003
3 0.9402595265624999 0.0486242796875 0.9434450171875 0.043845915624999995 0.94354458125 0.03788848125 0.9354812953125 0.0296349546875 0.9292098624999999 0.029448784375 0.9075438515625001 0.030786515625 0.9071894078125 0.04186010625 0.907089871875 0.048251937499999994 0.9163683468749999 0.04980335 0.9402595265624999 0.0486242796875
7 0.6732317250000001 0.0934996359375 0.859728071875 0.0934996359375 0.94470844375 0.0916820421875 0.94470844375 0.0614244609375 0.66014154375 0.06302821875 0.6466760890625001 0.06590842031250001 0.6469909031250001 0.0819525765625 0.649563540625 0.08911602656249999 0.6612261312500001 0.0927512140625 0.6732317250000001 0.0934996359375
2 0.95748264375 0.0996951796875 0.6542697140625 0.09985269218750001 0.6177680750000001 0.12476316875 0.9557139625 0.1250548265625 0.95748264375 0.0996951796875
2 0.030976290625000003 0.0115184984375 0.004498165625 0.011820442187499999 0.0033679984375 0.12108983437500001 0.029846146875 0.1205865953125 0.030976290625000003 0.0115184984375
2 0.0032830187500000004 0.12984256249999998 0.00105455 0.363348171875 0.33777983749999996 0.36461156250000004 0.3421405859375 0.13286000625 0.0032830187500000004 0.12984256249999998
1 0.41791134375 0.36853846875 0.23723191250000003 0.3686201515625 0.0713394375 0.36731332031249997 0.002173884375 0.367231640625 0.00100905 0.3755631921875 0.47673918125 0.37686949531249997 0.4790975390625 0.37441919375 0.47791837031249995 0.36943691562500003 0.41791134375 0.36853846875
2 0.3539078859375 0.1343213015625 0.3523789984375 0.363850303125 0.6896319921875 0.364093090625 0.6919687640625 0.132055396875 0.3539078859375 0.1343213015625
6 0.6879712703124999 0.36857729687499996 0.6790437296875 0.367533784375 0.64953268125 0.369942075 0.6492851843749999 0.37414266875 0.6492851843749999 0.37576590468750004 0.690389165625 0.3758818484375 0.6879712703124999 0.36857729687499996
7 0.671435534375 0.39332803437499997 0.446873590625 0.38591678125 0.1439535796875 0.3854226984375 0.02741833125 0.3855874 0.011831095312500001 0.3926692578125 0.023719671875 0.4150677046875 0.0271574375 0.41837885 0.36528024531250003 0.41902036875000004 0.41230615000000004 0.42132609218750006 0.666151696875 0.4153970921875 0.671435534375 0.39332803437499997
6 0.018120684375 0.42738833749999994 0.0103840984375 0.42929931093749996 0.0083404875 0.43421324375000003 0.0090345984375 0.43448055625000004 0.0137414828125 0.4347592359375 0.04965091875 0.4347592359375 0.04965091875 0.4293903046875 0.018120684375 0.42738833749999994
4 0 0.48801246249999997 0.0716100203125 0.4869204734375 0.071882575 0.481733546875 0.2185852390625 0.48127855156250005 0.22165069062499998 0.46999471249999997 0.22325637656250003 0.43632764062499996 0.1280817671875 0.43396167500000005 0.041386678125 0.4354176515625 0 0.435053884375 0 0.48801246249999997
4 0 0.5406008718749999 0.16889595 0.540108109375 0.1692911828125 0.5337021734375 0.21965282187500001 0.533866428125 0.2218924359375 0.53189536875 0.220706759375 0.48701843125 0.19910096875 0.4862792859375 0.076203665625 0.4868541796875 0.034996273437499996 0.4877575828125 0.013917451562499999 0.487511196875 0.0114743953125 0.4882631453125 0.011785240625 0.49426453906249995 0 0.49541432343749997 0 0.5406008718749999
2 0 0.6870444578125 0.198547415625 0.6853581171875 0.20090619843750002 0.5535296187500001 0 0.5531094828125 0 0.6870444578125
7 0.028316840625 0.7288772031249999 0.0303386875 0.7337087640625 0.032360534375 0.7431618249999999 0.0444916171875 0.7482034609375 0.15164979375 0.7435819593749999 0.1546825515625 0.728667128125 0.17827079375 0.7246758468750001 0.1836624375 0.711231490625 0.1813036015625 0.705139521875 0.163780928125 0.6910649671875 0.012787346875 0.695137334375 0.018881529687500002 0.711861696875 0.0030436624999999997 0.7127019671875 0.0033806500000000002 0.7248859125 0.028316840625 0.7288772031249999
6 0.0329298703125 0.7598149609375 0.03975841875 0.7598084359375 0.039963315625 0.75482669375 0.018243271875 0.752782896875 0.0020945515625 0.7539482984375 0.0003184859375 0.75918213125 0.002221865625 0.75957765 0.0329298703125 0.7598149609375
4 0 0.8066720140625 0.028212251562500002 0.80694 0.0320812234375 0.8078779562499999 0.0375622484375 0.8066050140625001 0.09260561875 0.8067390078125 0.09564498906249999 0.80694 0.09682718125 0.8006423 0.1932806703125 0.797962428125 0.1931731875 0.7709959890625 0.19295825312499998 0.7591308359375 0.1290128609375 0.7583938734375 0.038019457812500004 0.7599348 0.000177684375 0.7601492703125 0 0.7647365984375 0 0.8066720140625
4 0 0.8513980296874999 0.0120266421875 0.8524542687500001 0.036014959375 0.8524542687500001 0.0424635875 0.853176959375 0.0952374546875 0.85417760625 0.1509504828125 0.8527322281249999 0.152020590625 0.8477289828125001 0.15166388749999998 0.8456165062500001 0.1918822109375 0.8451161781250001 0.1923280859375 0.8151428234375 0.1925956015625 0.80573295 0.1866208296875 0.8045099328124999 0.14916695625 0.8054549906249999 0.0957692140625 0.8074562859375 0.061704029687499995 0.8069559625 0.0350901296875 0.8069559625 0.032504026562499996 0.80767865625 0.026350887499999996 0.8071227390625 0.008961595312499999 0.8070115546875 0.008890790625 0.8077518749999999 0.0073895140625 0.8135616062500001 0 0.813783971875 0 0.8513980296874999
4 0 0.9116401468750001 0.018429846875 0.9116401468750001 0.025113598437500002 0.9117497921875 0.027224251562500003 0.90528059375 0.0875407953125 0.9073090687500001 0.137835871875 0.908350721875 0.19035025156250002 0.9049516484375 0.19078996875 0.8768233546875001 0.1911417296875 0.8526120703125001 0.1878877953125 0.8518445390625 0.1322472765625 0.8540923140625001 0.0661889625 0.8541471375 0.061771396874999995 0.8538181937499999 0.033719175000000004 0.852721721875 0.0194722265625 0.8527765421875 0.007881335937500001 0.8537257171875 0.0070850515625 0.8584519046875 0 0.8581777859375 0 0.9116401468750001
4 0 0.9602161499999999 0.08997036093750001 0.9618896921875001 0.08877719843750001 0.95528849375 0.1693697125 0.9543587499999999 0.1884600203125 0.9523133140625 0.1902497296875 0.9313329609375 0.1896531359375 0.912689546875 0.1771251671875 0.9122246781250001 0.0757080078125 0.912131696875 0.027112787500000003 0.912038721875 0.006680225 0.9113879015625 0.0056595874999999995 0.912769815625 0.0061520859375 0.91817504375 0 0.91873289375 0 0.9602161499999999
7 0.7553696265625 0.1683504390625 0.7654229515625001 0.18614112656249998 0.7852053125 0.184321625 0.779043584375 0.195845134375 0.7826108921875 0.2061556484375 0.8893059328125 0.2061556484375 0.8873601125 0.1879606359375 0.8915760640625001 0.182097790625 0.9058452515625 0.1804804546875 0.9120069796875001 0.17118077812500002 0.9077911171874999 0.1657222796875 0.8902788203125 0.1602637734375 0.89060313125 0.1394405875 0.8464981921874999 0.138429753125 0.7774220749999999 0.1412600828125 0.774503365625 0.1444947578125 0.7751973249999999 0.145769890625 0.792339928125 0.165317934375 0.78131369375 0.16491360156249998 0.77061176875 0.16430710312500002 0.7553696265625 0.1683504390625
6 0.7836730859375 0.22080790625 0.7850981796875 0.2171802859375 0.7836730859375 0.21473719375 0.7535085015625 0.214589128125 0.7439303171875 0.21615911406250002 0.74353279375 0.2208819390625 0.74555168125 0.2215482359375 0.77262856875 0.220955971875 0.7836730859375 0.22080790625
4 0.8473721796874999 0.240352640625 0.8901225625 0.239834403125 0.889329525 0.2333194921875 0.8933673000000001 0.2339857921875 0.9414643953124999 0.2328012625 0.9405143328125 0.22169630156250003 0.873415915625 0.22058580625 0.76635591875 0.2212521046875 0.7317972578124999 0.22080790625 0.7295035125 0.2219042375 0.7304693734375001 0.2396863375 0.735338465625 0.2410929703125 0.7772601546875 0.24013053750000002 0.8473721796874999 0.240352640625
4 0.7297497546875 0.311277065625 0.7301411812499999 0.3783001625 0.7551235546874999 0.3783896671875 0.905650615625 0.3790162015625 0.9381112703125 0.378479175 0.9399777671875 0.32847045937499997 0.9368146015625 0.3246383078125 0.9348197796875001 0.3247271296875 0.935674709375 0.318242871875 0.9405192640625 0.318509346875 0.94137419375 0.2426377890625 0.9375270390624999 0.24058537812499997 0.8817473703125 0.240141 0.8071812515625 0.24071353593749997 0.7580076984375 0.24059902968750002 0.7474034359374999 0.24222032656249998 0.7496110015624999 0.2475907953125 0.7309659500000001 0.24781289218749997 0.7301346484375 0.2514405140625 0.7297497546875 0.311277065625
2 0.7300994140625 0.38349096562499996 0.7287577171875 0.5049552859374999 0.939560553125 0.5050798921874999 0.9381613906249999 0.3832417609375 0.7300994140625 0.38349096562499996
4 0.8334223515625 0.553486425 0.869283521875 0.5537814437499999 0.8693781734374999 0.546583 0.8741106328124999 0.5476450640625 0.9364646359375 0.5472910468750001 0.9379516156250001 0.5442453140625 0.9374711031249999 0.5084843734375 0.9009499171875 0.507785384375 0.7394277640625 0.506986540625 0.7386268703125001 0.5071862515625 0.7349427046875 0.5065871203125 0.727218784375 0.5082873359375 0.7271715265625 0.553798890625 0.7322387 0.554997071875 0.75113254375 0.5534274156250001 0.8334223515625 0.553486425
4 0.7261327703125 0.5925223453124999 0.735903784375 0.593520903125 0.9068078093749999 0.59342104375 0.9063272296875 0.58752958125 0.9366013515624999 0.58752958125 0.9370819062500001 0.5543775921874999 0.9309950375 0.55347889375 0.8533075078125 0.553878315625 0.8302415 0.55347889375 0.7469213796874999 0.553878315625 0.744999209375 0.5549767250000001 0.7443188125 0.556255209375 0.74471371875 0.5599694921875 0.727254034375 0.560968046875 0.726933675 0.5659608140625 0.7261327703125 0.5925223453124999
0 0.7227718203125 0.6073961828125001 0.7119691218749999 0.60630413125 0.7110378890625 0.6096173984375 0.709987296875 0.9592622890625 0.9481684343750001 0.9599903203125001 0.9481684343750001 0.60903426875 0.7227718203125 0.6073961828125001
2 0.5552106828125 0.5642842921875 0.5749075015625 0.5551538734375 0.581220565625 0.5486996046875 0.5696044921875 0.5353188109375 0.5332411718750001 0.5384672312500001 0.521268084375 0.5482447171875 0.48304627031249997 0.5682141734374999 0.430627853125 0.6038414984375 0.42985331406249994 0.619510215625 0.49901652968750004 0.6494643890625 0.5172173921875001 0.66398763125 0.5204935453124999 0.7052881 0.4910081578125 0.7089189124999999 0.46589095937499997 0.7210904390625 0.45351445 0.7383367875 0.4666190171875 0.770560240625 0.43604164531249995 0.769425615625 0.4192968453125 0.7601216453124999 0.40692028437500005 0.721544296875 0.3963637671875 0.713828815625 0.3792549390625 0.6838746296875 0.3683344421875 0.6863708125 0.366878428125 0.7072479734375 0.351953671875 0.7195019578124999 0.35086163593749997 0.72857898125 0.367195875 0.7489113984375 0.3794313984375 0.790107140625 0.414377059375 0.8255075375 0.41711609374999997 0.842751709375 0.41917569375 0.9581415828125 0.5664566890625 0.9624643203125001 0.5650474328125 0.9483359359374999 0.5689476328125 0.9250857765625 0.5805951015625 0.8740196578124999 0.580125578125 0.8781173078125001 0.5838816765625 0.8915810109375 0.58787250625 0.905630096875 0.5991407390625 0.9110448421875 0.6261375734375 0.9217280000000001 0.6383448546875 0.914703459375 0.639518634375 0.9037276140625 0.6369363140625001 0.8990445890625001 0.645857021875 0.8839707109375 0.638814346875 0.86714106875 0.64116190625 0.85821405 0.64984785 0.8526529500000001 0.6686282484375 0.8081276921875 0.6702715203125 0.7984689484375 0.6777836859375 0.7841271843750001 0.6848263593749999 0.739379103125 0.678957465625 0.6978300374999999 0.6796617515625 0.6691464984375 0.68623486875 0.6640244359375 0.6918690015625 0.6133709546875 0.682009278125 0.6039544328125 0.6716800609375 0.6004421609375 0.67074104375 0.597222578125 0.6688630437499999 0.5981006453125 0.669802028125 0.5973075859375 0.636042934375 0.6009918171875 0.6304088343750001 0.5970405125 0.6416770984375 0.59352825625 0.6447288796875 0.5775766859375 0.6435551 0.555039609375 0.627122259375 0.5475760375000001 0.5982474390625 0.5439174203125 0.5721896046875 0.55708843125 0.563738421875 0.5832491953125001 0.569372521875 0.5962738609375 0.5677292828125 0.6057862593750001 0.5510616484375 0.6125181171875 0.5372110953125 0.6085668078124999 0.5151441046875 0.6057862593750001 0.48457359687499996 0.60383365625 0.519857434375 0.5771928234375 0.5382916343749999 0.566488190625 0.5552106828125 0.5642842921875
2 0.2298817453125 0.42761544999999995 0.228004675 0.49473409999999995 0.45621243125 0.4948852140625 0.45666732187500003 0.427411884375 0.2298817453125 0.42761544999999995
4 0.365924340625 0.5395776015625 0.454487284375 0.5381100140624999 0.4560105765625 0.5347276265625001 0.4558721078125 0.4988398625 0.4504712984375 0.497544934375 0.3780452296875 0.497544934375 0.2962651 0.49806290468750003 0.27189227968749996 0.49771758750000006 0.247519459375 0.49780391562500004 0.24691986406250002 0.4978285984375 0.24663208593750002 0.505208715625 0.2307066671875 0.5058993453125 0.2309836296875 0.5380236890625001 0.365924340625 0.5395776015625
4 0.49228834531250004 0.45451513125 0.530005171875 0.455227628125 0.57399824375 0.45475262968749997 0.57450619375 0.44826099687500004 0.634662884375 0.4491318234375 0.68938509375 0.44826099687500004 0.6898930625 0.42952713906250006 0.6157293734375 0.42810214531249996 0.49750166562500003 0.4286563109375 0.46427088281250006 0.42849287187499996 0.46522718750000003 0.4536090921875 0.47679523437500004 0.45506929375 0.48427774843750004 0.455054178125 0.49228834531250004 0.45451513125
4 0.46535585468749996 0.4640791359375 0.4649748734375 0.500258128125 0.483007828125 0.501895 0.527328253125 0.5008658390625 0.5748234953125 0.50102416875 0.6258689828125 0.500153340625 0.6301851187499999 0.5006937625 0.6368896140625 0.5000067171875 0.63633854375 0.49445310468750003 0.6890320984375 0.49445310468750003 0.6907771015625 0.48838420468750005 0.6893776109374999 0.455166846875 0.6708254890625 0.45453705624999996 0.582072090625 0.45522410156250004 0.541941315625 0.45602565312500004 0.501071546875 0.455166846875 0.48968311406250004 0.4553386078125 0.4832618109375 0.457033334375 0.4832618109375 0.461624978125 0.4695466078125 0.46178331093749997 0.466625784375 0.4617041484375 0.46535585468749996 0.4640791359375
4 0.46824909843749996 0.534516634375 0.5616337375 0.535077296875 0.5647815484375001 0.5333018765624999 0.565980684375 0.5280690359375 0.643704453125 0.528910025 0.6897657578125 0.5283493625 0.6894659578125 0.5018726250000001 0.6573884046875 0.49981686875 0.62096389375 0.5006578578124999 0.5270712796875 0.500844746875 0.5165786203125 0.500844746875 0.48315202187499995 0.5018726250000001 0.48084029062500006 0.5026523953125 0.4818895578125 0.5074180140625 0.4631526640625 0.50825900625 0.46510130937499994 0.5321805484375 0.46824909843749996 0.534516634375
7 0.26985340468749996 0.6307434359374999 0.2862272703125 0.6282605593749999 0.289988825 0.60660444375 0.3056988953125 0.6031560218750001 0.309239175 0.5820516546875 0.37539837343750004 0.5803964078125 0.3869043109375 0.5705198218749999 0.38469162031250004 0.5607262953125 0.3337999125 0.5532776953125 0.29640561718749997 0.5546570656250001 0.294414203125 0.5593469234375 0.22693708906249999 0.561670065625 0.2364418921875 0.5832100328125 0.2320165296875 0.617639409375 0.23732697656249999 0.6272950093749999 0.26985340468749996 0.6307434359374999
6 0.2870572453125 0.6457553140625001 0.2876410359375 0.6399323859375 0.261224340625 0.638476653125 0.24774419062500003 0.640981678125 0.246337590625 0.6435717140625 0.2466294875 0.6459372796875 0.27027314687500004 0.6457553140625001 0.2870572453125 0.6457553140625001
4 0.22926161718750002 0.8554131609375 0.22867780624999998 0.91350105 0.22838590937499997 0.956999025 0.2698353078125 0.9573629609375001 0.357632590625 0.9555432921874999 0.3571947296875 0.949265446875 0.4038982578125 0.9493564296875 0.40696319062499997 0.9410769531250001 0.405941559375 0.9375286031250001 0.40550369999999997 0.9349810734374999 0.41688769687500005 0.9333250265625 0.4184931203125 0.9315963437500001 0.41776337343750003 0.9286848859375001 0.4135308765625 0.927684065625 0.41134164218749997 0.9135816562500001 0.41805528125 0.9124898578125 0.41805528125 0.907849709375 0.39222237656250003 0.906389875 0.3949954234375 0.9041152921875 0.3945575640625 0.899384159375 0.41674174375 0.899566125 0.41790932812500003 0.89865629375 0.4184931203125 0.8924694296875 0.38930341562500004 0.8928333640625 0.390616953125 0.8871924 0.409590284375 0.88728338125 0.41411466875 0.88491419375 0.4135308765625 0.878818315625 0.4084226609375 0.8782724140625 0.4057955875 0.8719945687499999 0.35880017343750004 0.8731773531250001 0.3602596640625 0.86608065625 0.4046280015625 0.8667175359374999 0.41192543437499995 0.8643519718749999 0.41134164218749997 0.8593910859375 0.4022928546875 0.8592091234374999 0.400979296875 0.8515665218749999 0.4087145671875 0.8515665218749999 0.41075784843749996 0.8481091609375 0.408860540625 0.8434690109374999 0.4081307953125 0.8387378828125 0.41396873593750005 0.8377370656249999 0.41265517812499997 0.8316925859375001 0.39572516874999997 0.8316925859375001 0.39382781875 0.824686875 0.40433611718750007 0.82423195625 0.40477395625 0.8186428781249999 0.40068739062500003 0.8173691140624999 0.39908196875 0.8117281484375001 0.37602211093750004 0.81109126875 0.37602211093750004 0.798808525 0.36317862343749996 0.7962609890625 0.3618650875 0.78527155625 0.35588119375 0.7838158265625 0.312826371875 0.7838158265625 0.3120966265625 0.777901915625 0.36580571875 0.777719946875 0.3687247 0.77453553125 0.37222743125 0.7683486703125 0.3707679625 0.7650732687499999 0.349167575 0.76480031875 0.35179464843749997 0.758431490625 0.3688706328125 0.7573396906250001 0.3665354640625 0.7519156875 0.36084345624999997 0.7514607671875 0.36171913437500003 0.7450919359375 0.356027146875 0.7432722703125 0.3544217234375 0.73499279375 0.3534000921875 0.73180838125 0.33938900156249996 0.730807559375 0.33296726875 0.730807559375 0.33165373125 0.7251665984375 0.3497513859375 0.7242567656250001 0.3458107546875 0.7066716468750001 0.353546025 0.7053978828125 0.3519406015625 0.6995749499999999 0.35062704375 0.6948438203125 0.3478540375 0.691568421875 0.3443512640625 0.6881110578125 0.364346228125 0.6867759890625 0.36989226406250003 0.682772725 0.36989226406250003 0.680407159375 0.46814062031250003 0.6786784781249999 0.4703298546875 0.6767678296875 0.47003795000000004 0.6725825999999999 0.4621567265625 0.67121785 0.4585080203125 0.6654859015625 0.451502475 0.6643031171875 0.4494592125 0.6590765249999999 0.472227184375 0.658257675 0.4723731375 0.65270769375 0.4665351765625 0.6513429453125 0.4652216390625 0.6457929640625 0.4551512 0.6439665406249999 0.363495503125 0.6446944109375 0.31260268125 0.6453312906249999 0.2621866578125 0.6461573546875 0.23490267812500001 0.6461573546875 0.232856384375 0.6474937484375001 0.2326409515625 0.6470189140625 0.23276437031250002 0.6993659531249999 0.23086704062500002 0.7476638421875 0.2317427296875 0.80031638125 0.22926161718750002 0.8554131609375
1 0.63601966875 0.9270299156249999 0.6450983109374999 0.9309628312499999 0.6469448078125 0.9370060859375 0.6486374453125 0.9439126703125 0.65525409375 0.9560951062499999 0.6707954828125 0.95868506875 0.6874139890625 0.9573421281250001 0.68772175 0.9075571953124999 0.6871062296875 0.8964029546875001 0.65679285 0.896019253125 0.6437134343750001 0.8961151812500001 0.643190909375 0.8985738234375 0.6443289328125 0.9101329109374999 0.641097559375 0.9127228796875 0.63863554375 0.9169435703125 0.63601966875 0.9270299156249999