2 0.3450520828125 0.236328125 0.1002604171875 0.23828125 0.09635416718749999 0.2412109375 0.0859375 0.4951171875 0.0859375 0.5107421875 0.08984375 0.513671875 0.4921875 0.5146484375 0.4973958328125 0.5126953125 0.5 0.4853515625 0.4986979171875 0.23828125 0.3450520828125 0.236328125
1 0.09244791718749999 0.515625 0.08333333281250001 0.5205078125 0.08723958281250001 0.52734375 0.3177083328125 0.5263671875 0.3229166671875 0.5224609375 0.3190104171875 0.517578125 0.2981770828125 0.515625 0.09244791718749999 0.515625
7 0.4596354171875 0.1796875 0.4739583328125 0.1748046875 0.4739583328125 0.1572265625 0.46484375 0.154296875 0.24088541718749998 0.15625 0.22265625 0.154296875 0.21223958281250002 0.1484375 0.19921875 0.1484375 0.1979166671875 0.1455078125 0.22005208281250002 0.140625 0.23307291718749998 0.140625 0.25390625 0.146484375 0.2955729171875 0.140625 0.33203125 0.14453125 0.36328125 0.140625 0.48828125 0.140625 0.4947916671875 0.1376953125 0.4973958328125 0.1201171875 0.4934895828125 0.1171875 0.4466145828125 0.1171875 0.4283854171875 0.111328125 0.37890625 0.119140625 0.1419270828125 0.119140625 0.1315104171875 0.11328125 0.1158854171875 0.11328125 0.1015625 0.1240234375 0.1067708328125 0.1376953125 0.13671875 0.142578125 0.1458333328125 0.1474609375 0.1276041671875 0.1591796875 0.1223958328125 0.1689453125 0.125 0.1767578125 0.12890625 0.1796875 0.1640625 0.1806640625 0.2799479171875 0.1796875 0.2981770828125 0.17578125 0.3190104171875 0.1796875 0.4596354171875 0.1796875
6 0.23828125 0.203125 0.22395833281250002 0.2060546875 0.23046875 0.220703125 0.2604166671875 0.2197265625 0.3658854171875 0.21875 0.3697916671875 0.2080078125 0.3658854171875 0.205078125 0.23828125 0.203125
4 0.24609375 0.9140625 0.234375 0.9091796875 0.2552083328125 0.9052734375 0.2682291671875 0.8759765625 0.2604166671875 0.8330078125 0.2708333328125 0.8173828125 0.2682291671875 0.8056640625 0.2734375 0.7978515625 0.2734375 0.7822265625 0.2682291671875 0.7763671875 0.2708333328125 0.7470703125 0.2630208328125 0.7099609375 0.265625 0.6982421875 0.2786458328125 0.6865234375 0.2734375 0.6298828125 0.28125 0.6181640625 0.2708333328125 0.6044921875 0.2682291671875 0.5849609375 0.2630208328125 0.5771484375 0.2708333328125 0.5595703125 0.2630208328125 0.5478515625 0.25390625 0.544921875 0.24088541718749998 0.533203125 0.08984375 0.533203125 0.08333333281250001 0.5439453125 0.08333333281250001 0.7314453125 0.07552083281250001 0.8330078125 0.078125 0.9208984375 0.1770833328125 0.9208984375 0.25390625 0.919921875 0.2578125 0.9169921875 0.2513020828125 0.912109375 0.24609375 0.9140625
4 0.4817708328125 0.8857421875 0.4947916671875 0.7880859375 0.4817708328125 0.7607421875 0.4869791671875 0.7373046875 0.4765625 0.7099609375 0.4765625 0.6962890625 0.4817708328125 0.6943359375 0.4895833328125 0.6787109375 0.4895833328125 0.6298828125 0.484375 0.6201171875 0.4895833328125 0.5888671875 0.4869791671875 0.5791015625 0.4765625 0.5673828125 0.4765625 0.5478515625 0.46484375 0.53515625 0.3033854171875 0.53515625 0.2994791671875 0.5380859375 0.2994791671875 0.7119140625 0.2942708328125 0.7451171875 0.296875 0.7958984375 0.2916666671875 0.8994140625 0.2955729171875 0.904296875 0.3059895828125 0.90625 0.3645833328125 0.9052734375 0.4205729171875 0.90234375 0.43359375 0.89453125 0.47265625 0.892578125 0.4817708328125 0.8857421875
6 0.2786458328125 0.9130859375 0.2786458328125 0.9208984375 0.28515625 0.923828125 0.3541666671875 0.9228515625 0.3567708328125 0.9150390625 0.33984375 0.91015625 0.2877604171875 0.91015625 0.2786458328125 0.9130859375
6 0.5182291671875 0.9130859375 0.5221354171875 0.923828125 0.5377604171875 0.92578125 0.62890625 0.9296875 0.6953125 0.9287109375 0.6979166671875 0.9228515625 0.6861979171875 0.91796875 0.5794270828125 0.912109375 0.5182291671875 0.9130859375
7 0.83984375 0.046875 0.8307291671874999 0.0498046875 0.828125 0.0615234375 0.8151041671874999 0.0654296875 0.8151041671874999 0.0732421875 0.8216145828125001 0.076171875 0.9348958328125001 0.0791015625 0.9401041671874999 0.0615234375 0.9375 0.0537109375 0.92578125 0.048828125 0.83984375 0.046875
7 0.234375 0.0751953125 0.23046875 0.072265625 0.18359375 0.072265625 0.10546875 0.07421875 0.1015625 0.0771484375 0.1028645828125 0.095703125 0.1341145828125 0.095703125 0.1419270828125 0.091796875 0.1953125 0.0947265625 0.20442708281250002 0.091796875 0.22526041718749998 0.09375 0.23177083281250002 0.0888671875 0.234375 0.0751953125
1 0.4205729171875 0.517578125 0.4166666671875 0.5205078125 0.4205729171875 0.52734375 0.4453125 0.5283203125 0.49609375 0.52734375 0.5 0.5205078125 0.4752604171875 0.515625 0.4205729171875 0.517578125
4 0.5251231453125 0.40930961874999994 0.579541003125 0.40910704375 0.6573230984375 0.40789159531249997 0.6578755796875 0.3968512671875 0.7286570109375 0.3959396765625 0.8154352812500001 0.3954332390625 0.8826713640625 0.394319084375 0.925668746875 0.39523066406249996 0.9275591953125 0.393306209375 0.9307999484374999 0.374865171875 0.9263439078125 0.3717252625 0.9259388187500001 0.3633184046875 0.9102751 0.36139394375 0.9102751 0.350716309375 0.9070343281250001 0.349196996875 0.9075744531250001 0.3385618171875 0.924453459375 0.3392708328125 0.9260738359375 0.335725771875 0.9258037640625 0.32905745625 0.9036585374999999 0.32753814375 0.9043336999999999 0.31619395 0.9362012249999999 0.3173081140625 0.9368763859374999 0.30855145 0.9421426437499999 0.30693085 0.9413324453125 0.2873635671875 0.9407923390624999 0.2855403921875 0.9193222375 0.28351464375 0.917836896875 0.2728348625 0.9067642749999999 0.271214265625 0.9091948500000001 0.26138938125 0.9186470765625 0.2600726484375 0.9217528125 0.23974852656249998 0.9312050578125 0.23954595156249997 0.9325553624999999 0.21853323906250002 0.9155413390625 0.2172165015625 0.9120305140625 0.2128611453125 0.9186470765625 0.203929840625 0.916081465625 0.194813975 0.9263439078125 0.1950165484375 0.9272891421875 0.185121809375 0.9158114312500001 0.1810703171875 0.9168916625 0.173575046875 0.9294496265625 0.1731698953125 0.9299897703125 0.16236545 0.9276942125 0.161757728125 0.9278292484374999 0.152135421875 0.9321502734375 0.1513251265625 0.9324203453125 0.1426066078125 0.9204024890625 0.13906154843750002 0.921482759375 0.11767055312500001 0.9290445374999999 0.11615124375000001 0.9293146265625 0.1089598359375 0.9337706499999999 0.10885854531250001 0.9368763859374999 0.10522831875000001 0.935256009375 0.09874592343750001 0.9233731890625 0.0939854125 0.8275944187500001 0.0935802625 0.7280231781250001 0.09783433750000001 0.6257520953125 0.1067476296875 0.5305446625 0.1122010125 0.5327767171875 0.119520509375 0.520787228125 0.122732409375 0.5182180468750001 0.13408114375 0.517076153125 0.2798624625 0.5179349531249999 0.40703683125 0.522034840625 0.4113580109375 0.5251231453125 0.40930961874999994
4 0.51801370625 0.4617257 0.5211105515625001 0.46546262031249996 0.573891684375 0.46394765624999995 0.675448946875 0.46253368281249996 0.7799521984375 0.46273568125000003 0.8592761187500001 0.4624326890625 0.8583335875 0.4509189421875 0.92390606875 0.4510199390625 0.9248486 0.4469800265625 0.9222903265625 0.42985648593750003 0.9190588421875001 0.41854473593749997 0.9312013734375 0.4179387515625 0.9305281437499999 0.40703099062500003 0.8753233859374999 0.4046070421875 0.717961225 0.40642500156250005 0.6192121609375 0.4110709 0.5486331796874999 0.4109699015625 0.540958378125 0.4093539421875 0.5385347546875 0.4093539421875 0.533014278125 0.41359584531250004 0.53328356875 0.413393853125 0.5328796312499999 0.41389884062500004 0.5332286671875 0.41359664687500003 0.5334979578125 0.42086848750000005 0.525553865625 0.4200605046875 0.517475115625 0.42046449687500004 0.51801370625 0.4617257
4 0.5180558546875 0.5363353546875 0.5182027 0.5899021875 0.5179090296875 0.5955192312500001 0.5397868765625 0.5965104734375 0.5860386890625 0.5965104734375 0.6837242484375 0.5981625421875 0.7485751515625 0.5981676703125001 0.748780953125 0.5877479296875 0.8574791625 0.5883653953125 0.94223888125 0.5882110328125 0.9417244078125 0.5780453624999999 0.9314346734375001 0.5760385953125 0.9343158015625 0.5658504046874999 0.9446055203125001 0.5651557546875 0.9440910328125 0.5547556703125001 0.9346244890625 0.5518998875000001 0.929582521875 0.5523629875 0.9273187828125 0.542560715625 0.9447084359375 0.5424835296875 0.9439881453125001 0.5193651984375001 0.9364766546875 0.5168181515625 0.9364766546875 0.5094085578125 0.9261869218750001 0.5085595421875 0.9280390578125 0.4864378375 0.945222921875 0.486129103125 0.9446055203125001 0.4764040109375 0.92659849375 0.47524626249999996 0.9246434578124999 0.464377959375 0.87556144375 0.4627571125 0.7926396703125 0.46329739375 0.6913920328125001 0.4639920421875 0.6607839046875 0.46283429218750005 0.6230768984374999 0.46391486249999997 0.5648997687499999 0.46445514374999997 0.5318262875 0.4668478234375 0.5314175062500001 0.4673871734375 0.5286277 0.4754272515625 0.5246632578125 0.476638771875 0.51761536875 0.476638771875 0.5180558546875 0.5363353546875
4 0.51711835 0.647966353125 0.5194366140625 0.6859901390625 0.5624693609375 0.6863161875 0.5632390296875001 0.686098825 0.660171375 0.6884898500000001 0.7346295609375 0.6908808765625001 0.888198234375 0.692945853125 0.890455528125 0.681860184375 0.93406781875 0.680773353125 0.9372554281250001 0.6578389234375 0.9113198703125001 0.6581649796875 0.9116096625000001 0.649252965625 0.9258090156250001 0.6461011546875 0.924794765625 0.6217930546875 0.914652375 0.6222277890625 0.915811521875 0.6121202671875 0.9434857703124999 0.6115768546875 0.9420368515625 0.6016866921874999 0.8635056984375 0.5992956671874999 0.7290097015625 0.5982088359375 0.6318532734375 0.5984355828125001 0.61597675 0.5974082328125 0.5676281890625 0.5966179640625 0.5511927703125 0.5978033671875 0.5332823828125 0.5978823953125 0.530332440625 0.5998580687499999 0.5306696453125 0.5996856734375 0.5333461859375 0.6086193453125001 0.524942484375 0.606445684375 0.5179877046875 0.606989096875 0.51711835 0.647966353125
4 0.5168267828124999 0.74087090625 0.5168267828124999 0.8002516421875001 0.5174066921875 0.82061166875 0.5670468296875 0.8219166359375001 0.630479965625 0.8236185328125 0.7152435781250001 0.8275548781250001 0.7530624140625 0.8284810765625 0.8372205671874999 0.8328033375 0.862018803125 0.8330348890625 0.8856505390624999 0.8325717890625001 0.8852389374999999 0.8221520515625 0.92742680625 0.8221520515625 0.9413179390625 0.8201452859374999 0.942861403125 0.8103868296875 0.928352896875 0.8092290796875 0.9256775562499999 0.79834624375 0.9456396281250001 0.7970341265625 0.9460512171875 0.7869411390625001 0.9315427109375 0.784934375 0.9322629843750001 0.773665621875 0.93761365 0.772044771875 0.9402889765625 0.7506279640625 0.9461541171875 0.746691615625 0.9454338421875 0.7391276578125 0.9330861593750001 0.7372752593749999 0.9337035484375 0.7281258703125 0.9306166359375 0.723957978125 0.9302050328125 0.717397403125 0.9233109171875 0.715081903125 0.918268953125 0.7160081015624999 0.917857365625 0.7042930375 0.92413410625 0.701514440625 0.9244427937499999 0.7009741578125 0.92248774375 0.69487668125 0.8220600062500001 0.6937189328125 0.6532220468750001 0.6899369531249999 0.6381163187500001 0.68816174375 0.6307077171875 0.6876986390625001 0.6271063078125 0.6901685046875 0.5641034703125001 0.687467090625 0.5373009 0.68715835625 0.5321363625 0.6885750640625 0.53329618125 0.6986668109374999 0.523089790625 0.6955348890625 0.5181025796875 0.6977098328125 0.5168267828124999 0.74087090625
4 0.6300090015625 0.824074040625 0.5672561671875 0.823531034375 0.5312396921875 0.8239964671875001 0.531153515625 0.8248554484374999 0.5317852484375 0.83383585625 0.517340875 0.833916115625 0.516377925 0.8709068125 0.5171268859375 0.900380153125 0.5711595484374999 0.9029483859375 0.63657733125 0.9046337859375001 0.66955176875 0.9050350734375 0.670621725 0.8951634359374999 0.7623067828125001 0.9007011875 0.850449025 0.9037509578125 0.927183803125 0.9036706999999999 0.9265418109375 0.891391346875 0.94034420625 0.8909900593750001 0.9433400796875 0.8710539140625 0.9388462703125 0.866720028125 0.9357434281250001 0.8673620828124999 0.93713435 0.8572324296874999 0.9400232390625 0.8543431734375 0.9398092281249999 0.844666746875 0.9242949125000001 0.84378391875 0.9239739328125 0.8341530531249999 0.85678084375 0.833591253125 0.852487871875 0.8329036578125001 0.7984445546875001 0.83159858125 0.7938069343749999 0.831096703125 0.797377978125 0.8317537265625001 0.7931746093750001 0.8311124484375 0.7963112421874999 0.831754115625 0.7729717296875 0.8296592671875 0.7278822203125 0.828262959375 0.6730526 0.8269442250000001 0.6300090015625 0.824074040625