2 0.965277778125 0.19965277812499999 0.38194444375000003 0.19965277812499999 0.38194444375000003 0.4548611109375 0.965277778125 0.4548611109375 0.965277778125 0.19965277812499999
2 0.358796296875 0.6163194437499999 0.0648148140625 0.6163194437499999 0.0648148140625 0.9392361109375 0.358796296875 0.9392361109375 0.358796296875 0.6163194437499999
1 0.37890625 0.46484375 0.39453125 0.466796875 0.4817708328125 0.4658203125 0.4817708328125 0.4599609375 0.47265625 0.45703125 0.3776041671875 0.4580078125 0.37890625 0.46484375
1 0.3138020828125 0.953125 0.3177083328125 0.9443359375 0.3138020828125 0.94140625 0.29296875 0.94140625 0.20442708281250002 0.947265625 0.06380208281250001 0.9453125 0.05989583281250001 0.9482421875 0.05989583281250001 0.9638671875 0.07161458281250001 0.96875 0.1953125 0.9697265625 0.20963541718749998 0.96875 0.22526041718749998 0.95703125 0.23307291718749998 0.958984375 0.3138020828125 0.953125
7 0.8880208328125001 0.1240234375 0.8763020828125001 0.119140625 0.8059895828125001 0.1171875 0.77734375 0.125 0.7669270828125 0.1171875 0.73828125 0.115234375 0.7174479171875 0.10546875 0.6497395828125 0.119140625 0.63671875 0.11328125 0.4934895828125 0.109375 0.4752604171875 0.099609375 0.46484375 0.099609375 0.4518229171875 0.10546875 0.3528645828125 0.107421875 0.3424479171875 0.099609375 0.2721354171875 0.095703125 0.2591145828125 0.0859375 0.24869791718749998 0.083984375 0.24088541718749998 0.083984375 0.22786458281250002 0.091796875 0.1497395828125 0.08984375 0.1380208328125 0.0947265625 0.1458333328125 0.1162109375 0.1627604171875 0.12109375 0.20703125 0.12109375 0.3372395828125 0.130859375 0.3528645828125 0.126953125 0.39453125 0.130859375 0.4075520828125 0.126953125 0.4361979171875 0.13671875 0.5143229171875 0.13671875 0.5299479171875 0.140625 0.5794270828125 0.138671875 0.59765625 0.142578125 0.6393229171875 0.140625 0.6471354171875 0.134765625 0.6809895828125 0.142578125 0.7356770828125 0.142578125 0.7408854171875 0.138671875 0.7565104171875 0.142578125 0.7708333328125 0.1337890625 0.7747395828125 0.126953125 0.7838541671875 0.1298828125 0.7903645828125 0.142578125 0.8111979171874999 0.142578125 0.81640625 0.1328125 0.8203125 0.1357421875 0.8177083328125001 0.1396484375 0.8229166671874999 0.1396484375 0.828125 0.1240234375 0.83203125 0.123046875 0.8515625 0.1279296875 0.8489583328125001 0.1318359375 0.8567708328125001 0.1357421875 0.8502604171874999 0.13671875 0.84765625 0.142578125 0.875 0.1435546875 0.8854166671874999 0.1416015625 0.8828125 0.1357421875 0.8880208328125001 0.1298828125 0.8880208328125001 0.1240234375
6 0.93359375 0.0625 0.8346354171874999 0.0625 0.8255208328125001 0.0673828125 0.8268229171874999 0.0859375 0.9270833328125001 0.0888671875 0.96484375 0.0859375 0.9713541671874999 0.0673828125 0.9674479171874999 0.064453125 0.93359375 0.0625
7 0.06510416718749999 0.0361328125 0.06510416718749999 0.0419921875 0.07421875 0.048828125 0.12890625 0.044921875 0.1822916671875 0.0478515625 0.1822916671875 0.0341796875 0.1783854171875 0.03125 0.08463541718749999 0.029296875 0.06510416718749999 0.0361328125
6 0.1106770828125 0.046875 0.07942708281250001 0.048828125 0.06510416718749999 0.0537109375 0.06901041718749999 0.064453125 0.20052083281250002 0.0634765625 0.203125 0.0576171875 0.19921875 0.0546875 0.1783854171875 0.048828125 0.1106770828125 0.046875
4 0.34375 0.5966796875 0.34375 0.5830078125 0.3515625 0.5751953125 0.3489583328125 0.5595703125 0.3567708328125 0.5361328125 0.3541666671875 0.5146484375 0.3411458328125 0.5029296875 0.3463541671875 0.4892578125 0.3463541671875 0.4287109375 0.3515625 0.4169921875 0.34375 0.4091796875 0.34375 0.3935546875 0.3385416671875 0.3857421875 0.3463541671875 0.3642578125 0.34375 0.2978515625 0.3515625 0.2841796875 0.3515625 0.2529296875 0.3567708328125 0.2470703125 0.3567708328125 0.2392578125 0.3489583328125 0.2353515625 0.3515625 0.2177734375 0.3359375 0.2080078125 0.3333333328125 0.1943359375 0.32421875 0.189453125 0.1575520828125 0.1796875 0.08723958281250001 0.181640625 0.06510416718749999 0.1904296875 0.0625 0.6083984375 0.08203125 0.61328125 0.21875 0.6123046875 0.22786458281250002 0.611328125 0.24088541718749998 0.603515625 0.3346354171875 0.6015625 0.34375 0.5966796875
4 0.6536458328125 0.9404296875 0.6458333328125 0.9267578125 0.6458333328125 0.9013671875 0.6536458328125 0.8916015625 0.6432291671875 0.8701171875 0.6510416671875 0.8623046875 0.6510416671875 0.8544921875 0.6432291671875 0.8369140625 0.6432291671875 0.8212890625 0.6380208328125 0.8154296875 0.6380208328125 0.7861328125 0.6458333328125 0.7646484375 0.6458333328125 0.7333984375 0.65625 0.7275390625 0.65625 0.7119140625 0.6484375 0.6982421875 0.6354166671875 0.6884765625 0.6328125 0.6748046875 0.6263020828125 0.669921875 0.6080729171875 0.669921875 0.6041666671875 0.6669921875 0.60546875 0.662109375 0.6158854171875 0.6640625 0.65625 0.6474609375 0.6536458328125 0.6064453125 0.6484375 0.5927734375 0.6380208328125 0.5869140625 0.640625 0.5712890625 0.65625 0.5615234375 0.6458333328125 0.5537109375 0.6458333328125 0.5439453125 0.6380208328125 0.5302734375 0.6432291671875 0.5185546875 0.6432291671875 0.4833984375 0.6341145828125 0.4765625 0.3971354171875 0.474609375 0.3776041671875 0.4892578125 0.375 0.5634765625 0.3828125 0.5849609375 0.375 0.5908203125 0.3723958328125 0.6064453125 0.3723958328125 0.6689453125 0.3776041671875 0.6806640625 0.3723958328125 0.6865234375 0.3697916671875 0.9501953125 0.37890625 0.95703125 0.4010416671875 0.9560546875 0.6028645828125 0.955078125 0.62890625 0.953125 0.6341145828125 0.9453125 0.6536458328125 0.9404296875
4 0.9401041671874999 0.8623046875 0.953125 0.8408203125 0.953125 0.8037109375 0.9479166671874999 0.7802734375 0.9557291671874999 0.7392578125 0.9557291671874999 0.7333984375 0.9479166671874999 0.7255859375 0.9479166671874999 0.6689453125 0.9557291671874999 0.6025390625 0.9557291671874999 0.5615234375 0.9479166671874999 0.5400390625 0.953125 0.4814453125 0.9466145828125001 0.47265625 0.9361979171874999 0.470703125 0.8893229171874999 0.47265625 0.8763020828125001 0.478515625 0.68359375 0.478515625 0.6770833328125 0.4970703125 0.6770833328125 0.7392578125 0.671875 0.8095703125 0.671875 0.9267578125 0.6809895828125 0.93359375 0.8385416671874999 0.9326171875 0.8841145828125001 0.923828125 0.9388020828125001 0.923828125 0.9453125 0.9169921875 0.9401041671874999 0.8623046875
1 0.8776041671874999 0.4638671875 0.8815104171874999 0.470703125 0.9505208328125001 0.4716796875 0.9609375 0.4697265625 0.95703125 0.4609375 0.8815104171874999 0.4609375 0.8776041671874999 0.4638671875
6 0.8216145828125001 0.9453125 0.73828125 0.943359375 0.67578125 0.9453125 0.671875 0.9482421875 0.671875 0.9541015625 0.68359375 0.95703125 0.7760416671875 0.9580078125 0.8216145828125001 0.95703125 0.828125 0.9541015625 0.828125 0.9482421875 0.8216145828125001 0.9453125
6 0.56640625 0.1640625 0.5377604171875 0.16015625 0.41796875 0.16015625 0.4114583328125 0.1630859375 0.4114583328125 0.1728515625 0.4153645828125 0.17578125 0.44140625 0.1796875 0.6328125 0.1806640625 0.6380208328125 0.1767578125 0.6380208328125 0.1669921875 0.6236979171875 0.162109375 0.56640625 0.1640625
3 0.51171875 0.96875 0.5026041671875 0.9716796875 0.5143229171875 0.98046875 0.5182291671875 0.9794921875 0.52734375 0.97265625 0.5377604171875 0.97265625 0.5390625 0.9697265625 0.51171875 0.96875