2 0.5040447921875 0.029996246875 0.1714886078125 0.026419046875 0.166824878125 0.20641396875 0.3933434734375 0.2077535484375 0.5014261765625 0.2079971109375 0.5040447921875 0.029996246875
7 0.054989065625 0.07143000625 0.055677065625 0.0861364421875 0.0589795203125 0.094238190625 0.078243734375 0.09899796562499999 0.107690465625 0.0954534484375 0.1079656765625 0.0762118046875 0.1264042859375 0.0741863703125 0.12805551875 0.058185421875 0.11525855781250001 0.055856171875000006 0.11402014375 0.044108643749999996 0.1240650625 0.04167811875 0.119937003125 0.031247121875 0.11044250625 0.0323611140625 0.1085160828125 0.0343865484375 0.0596675203125 0.034791635937499996 0.057878692187500004 0.0359056265625 0.0580162984375 0.037102353125 0.0596675203125 0.052293129687499995 0.0559522671875 0.05715416875 0.053200237500000004 0.058673249999999996 0.054989065625 0.07143000625
4 0.056365075 0.14822331875 0.07270987031250001 0.148394828125 0.11029082187499999 0.1481729640625 0.10998937499999999 0.141665015625 0.156558453125 0.1431440953125 0.1613816859375 0.14055570625 0.1619845796875 0.10934184531249999 0.160879265625 0.103499484375 0.1510318390625 0.10113295625 0.093555078125 0.10009760000000001 0.0761713734375 0.1012069109375 0.0696667546875 0.102064553125 0.0702628359375 0.10611492812500001 0.0516866203125 0.105811109375 0.051411428125000005 0.14660296875 0.056365075 0.14822331875
4 0.05441691875 0.18877018750000002 0.0684648375 0.1889178921875 0.0695686078125 0.187588590625 0.0727795546875 0.187293190625 0.0737829734375 0.1882532390625 0.08732917968750001 0.18877018750000002 0.104788734375 0.18899173593750002 0.10639421093749998 0.182419109375 0.14031877343750002 0.18308375625 0.16020941093750002 0.1818283125 0.15980802968750002 0.1742217875 0.162015571875 0.1713416453125 0.1630189828125 0.14862001875 0.129002959375 0.1479553734375 0.1143529890625 0.148103071875 0.1128478578125 0.1495800671875 0.10188549843750001 0.1483246234375 0.0772796578125 0.1483246234375 0.0694529671875 0.1491369671875 0.069267571875 0.1489520515625 0.0702709984375 0.1553031265625 0.052410078125 0.15426923125 0.052410078125 0.18692394375000002 0.05441691875 0.18877018750000002
4 0.0536159328125 0.24174415468750002 0.06204467968750001 0.243368859375 0.0769956765625 0.242261109375 0.0862271640625 0.24240880312500002 0.10870018906250001 0.2423157578125 0.11291456875000001 0.24179881406249998 0.1184333890625 0.24320195625 0.1368963578125 0.242906559375 0.1400069796875 0.236850878125 0.1613141890625 0.23677702812499998 0.1609004453125 0.203466875 0.1606997546875 0.190022496875 0.14625046875 0.188840903125 0.12136559375 0.1886193515625 0.10962555 0.1886193515625 0.1086221234375 0.18921015000000002 0.07726932343750001 0.18921015000000002 0.071248790625 0.1879547046875 0.0680378359375 0.18839780625 0.0657299625 0.1897270984375 0.06152495625 0.18979328125 0.062245368749999995 0.19512851250000002 0.0526125078125 0.196236259375 0.05301387656249999 0.233355646875 0.0536159328125 0.24174415468750002
4 0.05286469687499999 0.3239499796875 0.0903297578125 0.323492959375 0.0902262734375 0.31724703593750003 0.1476363515625 0.3180849015625 0.1600557046875 0.316332996875 0.16109065625000002 0.2782850484375 0.1615046328125 0.24999815625 0.16109065625000002 0.24215266406249997 0.146808396875 0.24222883281250002 0.13987425 0.2432952109375 0.127972371875 0.243066703125 0.1141823453125 0.24147703437499998 0.113147396875 0.24155320468750002 0.10590277031249999 0.2424672421875 0.08284045 0.2424672421875 0.07590630312499999 0.2424672421875 0.07321543750000001 0.24322894062499997 0.07207238906249999 0.244242759375 0.072114696875 0.2502878859375 0.053175175 0.249907034375 0.05286469687499999 0.28956283437499997 0.05286469687499999 0.3239499796875
7 0.06912748125 0.35533452187500003 0.09170380781250001 0.354564265625 0.12100816875 0.35500440625 0.1226528109375 0.3398192078125 0.11727037656249999 0.325954459375 0.1071035609375 0.32507416093749997 0.09962795468749999 0.32727491406250003 0.0828825921875 0.325404271875 0.065240171875 0.32793513750000003 0.0529934796875 0.329328228125 0.0564189453125 0.3411396625 0.048046275 0.34433075468749996 0.050139440625 0.3546742984375 0.06912748125 0.35533452187500003
4 0.065240171875 0.4034571859375 0.078397225 0.4027969578125 0.09559111718749999 0.40334714531250004 0.12893231562500002 0.40235680937499996 0.1292313390625 0.3965248078125 0.15016302343750002 0.39850549062499996 0.16032984687500001 0.3971850359375 0.160479384375 0.35619030625 0.1435844953125 0.35464978281250004 0.1189150078125 0.35685053437500003 0.0966377140625 0.35508992968749997 0.06880183125 0.35605950468750003 0.0692769875 0.363223959375 0.0511860265625 0.363333996875 0.05148505 0.404447521875 0.065240171875 0.4034571859375
1 0.4398259359375 0.21646416875000002 0.4470675625 0.22268211249999997 0.45310221874999995 0.2232150765625 0.49027582968749994 0.2232150765625 0.488586103125 0.21610885624999998 0.4844825015625 0.2132663703125 0.4827928078125 0.20935794843750002 0.2554064125 0.20775905468750003 0.19168031875 0.20687077031249998 0.16918484218750002 0.2076180828125 0.1716756890625 0.214509959375 0.266057915625 0.21539823593750002 0.35319856562499996 0.21735244531250003 0.4398259359375 0.21646416875000002
7 0.3265991265625 0.2669658390625 0.36982168125000003 0.267619484375 0.45064188906249997 0.26805524687500004 0.45981931249999997 0.2669658390625 0.45863509843749994 0.24539546250000002 0.47728591875 0.24648487187499998 0.47847009218750003 0.22992580624999998 0.2327529578125 0.2231714421875 0.199595928125 0.227093328125 0.1925090296875 0.23086024218749998 0.20551682031250001 0.2523677015625 0.21587839999999997 0.2645691328125 0.23689756874999998 0.2660943046875 0.3265991265625 0.2669658390625
4 0.1667349515625 0.3698832828125 0.19870780625 0.3714084703125 0.20788519062500002 0.37119058125 0.21321399687499998 0.3696654015625 0.2141021171875 0.3644362171875 0.264133684375 0.3672686953125 0.275975471875 0.3653077515625 0.2774557 0.267837365625 0.1972275796875 0.2660943046875 0.177984671875 0.26653007500000003 0.1811871453125 0.267372046875 0.18242535625 0.2715413859375 0.1693993546875 0.2715413859375 0.16703100625 0.36356469062499996 0.1667349515625 0.3698832828125
4 0.2200230109375 0.40598128593749994 0.273015034375 0.405763396875 0.275383384375 0.37395254218749996 0.22446369531250002 0.373516784375 0.195451296875 0.371555834375 0.17652519375 0.373966909375 0.177984671875 0.3776565453125 0.162886375 0.3824499671875 0.16525474375 0.4046739890625 0.2200230109375 0.40598128593749994
4 0.28160033125 0.40663493125 0.344065771875 0.407288584375 0.386104153125 0.4081601109375 0.38906456718750004 0.36610876875 0.3760386078125 0.3658908984375 0.36626911562500003 0.363712071875 0.3416974234375 0.3654551265625 0.300547184375 0.365237240625 0.2947389828125 0.367595721875 0.2949223453125 0.369377009375 0.278935928125 0.3724273734375 0.2777517546875 0.40663493125 0.28160033125 0.40663493125
4 0.280120103125 0.3642183359375 0.2869291359375 0.36639716093749997 0.3331121078125 0.365525634375 0.332520040625 0.36007856718750003 0.389360621875 0.3596428046875 0.3899527296875 0.34330160468750004 0.37396635312500004 0.3443910203125 0.3579798953125 0.344173146875 0.3390330203125 0.344173146875 0.294717378125 0.3451953625 0.2917420140625 0.345051521875 0.2925539765625 0.351363259375 0.2860409953125 0.3496202046875 0.280120103125 0.35027385 0.280120103125 0.3642183359375
4 0.32643811562499997 0.339565884375 0.388304784375 0.33940031249999997 0.390104534375 0.2822460671875 0.3718819890625 0.2812526234375 0.34201231875000004 0.2814783234375 0.321243375 0.2809121953125 0.30932045625 0.281619859375 0.293166840625 0.28190291875 0.29220531250000004 0.285299696875 0.2816285421875 0.28855494375 0.2811667125 0.33073775781250003 0.281669140625 0.344698640625 0.289093134375 0.34486421875 0.325538240625 0.345029784375 0.32643811562499997 0.339565884375
4 0.2973975484375 0.2813596875 0.3056666671875 0.28206735156249996 0.34835839375 0.281501225 0.34835839375 0.276264521875 0.39008856718749996 0.27527380468749996 0.3904731890625 0.268480246875 0.3708580828125 0.2676310515625 0.331050940625 0.26748951875000004 0.295089884375 0.2664987921875 0.283166978125 0.26890484375 0.282522590625 0.2699818625 0.2820131390625 0.27951976875 0.28278236875 0.280935096875 0.29047456718750003 0.2833411421875 0.2973975484375 0.2813596875
4 0.41661283750000005 0.3158550359375 0.497234484375 0.3157377765625 0.49898711718750005 0.31491691718750003 0.49978377500000004 0.3101090828125 0.5020144171875 0.309405490625 0.5042450578125 0.2982653703125 0.5026517390625 0.2953337625 0.504085721875 0.28360732187500004 0.5044043921875 0.26953559375 0.4564456640625 0.268597478125 0.4245794046875 0.2671903015625 0.39770636718749997 0.2686615078125 0.3958997703125 0.2926366796875 0.39669641875 0.3133924890625 0.4008390390625 0.3150341859375 0.41661283750000005 0.3158550359375
4 0.5444580515624999 0.170839975 0.581244465625 0.17328735 0.592467440625 0.16976925 0.5932987703125 0.1572264921875 0.6051452921875 0.1569205671875 0.605353103125 0.1454485296875 0.5348977453125 0.14483668593750001 0.5274157625 0.1454485296875 0.52887059375 0.1553909625 0.5324037453125 0.1601327359375 0.534066403125 0.169616290625 0.5444580515624999 0.170839975
4 0.5161927859375 0.311745853125 0.523674784375 0.311745853125 0.5423797296874999 0.3120517640625 0.541964065625 0.30700405937499997 0.541964065625 0.30532149375 0.549238209375 0.3062392640625 0.5860246250000001 0.3073099890625 0.6063922421875 0.3060862984375 0.6082627656249999 0.2840599875 0.6080549265624999 0.2163727171875 0.6088862546875 0.175019415625 0.5754251671875 0.1741016453125 0.5292862578124999 0.1731838859375 0.525316696875 0.1749735046875 0.525545265625 0.17680543906249999 0.5195181140625 0.17971168906249999 0.51743979375 0.29629683125 0.5161927859375 0.311745853125
7 0.747621296875 0.107044228125 0.8659254625000001 0.1021290296875 0.9002718406250001 0.0958094796875 0.9002718406250001 0.0533280734375 0.7399887656249999 0.048061784375 0.601649190625 0.0459552578125 0.5649176406249999 0.0491150328125 0.5673028125 0.05157264375 0.57684346875 0.082117115625 0.5954477359375 0.1021290296875 0.63885775625 0.10563988906249999 0.747621296875 0.107044228125
6 0.9269857203124999 0.11371486093750001 0.7247237015625 0.110906171875 0.5736588390625 0.11218280624999999 0.57588940625 0.12389636562499999 0.5983099562499999 0.1253007171875 0.9260316234375001 0.127758309375 0.9269857203124999 0.11371486093750001
7 0.8291939125000001 0.195869021875 0.9107666249999999 0.1965711671875 0.9622861281249999 0.1937624890625 0.9632402875 0.1403974078125 0.71709116875 0.1351311125 0.6751122578125 0.13126916875 0.650783584375 0.1358332828125 0.6274089734375 0.1368865484375 0.62216158125 0.19235817500000002 0.6340874109375 0.194464659375 0.7342643578125 0.19235817500000002 0.8291939125000001 0.195869021875
4 0.623590925 0.256400684375 0.624141890625 0.281743609375 0.6318551718750001 0.2835026953125 0.637640146875 0.2823518578125 0.6767575546875 0.28133813750000003 0.6753801765625 0.27545856562500004 0.705682390625 0.2760668 0.7329543843749999 0.27525584375 0.7351581921875 0.20895871718749998 0.7351581921875 0.19719959375 0.6676668765625 0.1961858796875 0.6367946453125 0.1997701140625 0.636813715625 0.203079165625 0.62441735625 0.20490385 0.6233154796875 0.21240535781249997 0.623590925 0.256400684375
4 0.73157700625 0.3195910234375 0.7335053312500001 0.30397978281250004 0.7326789 0.28411093125 0.71807875 0.2830972171875 0.6833689406250001 0.2828944671875 0.6381910937499999 0.2828944671875 0.6310287421874999 0.2849219015625 0.63240611875 0.28917951875000003 0.6326816015625 0.2905987171875 0.62854946875 0.29181517968750004 0.624968303125 0.29161243125 0.6228509921875001 0.292117871875 0.62441735625 0.317766346875 0.6307532765625 0.3193882875 0.673727334375 0.3193882875 0.73157700625 0.3195910234375
4 0.7902050218750001 0.240801790625 0.79101380625 0.23465107500000001 0.8452007078125 0.23385743125 0.848435696875 0.1991357140625 0.739792371875 0.1985404859375 0.7373660937500001 0.22830195625 0.7370964984375 0.2406033671875 0.7449145046875 0.2402065484375 0.7902050218750001 0.240801790625
4 0.8228250156250001 0.2624284484375 0.8460094171874999 0.2622300453125 0.8460094171874999 0.2404049578125 0.8090760953125 0.2386192703125 0.7955967671875 0.2406033671875 0.7710643921875 0.240008140625 0.7484196265625 0.24079854531249997 0.74868871875 0.2449683875 0.7362877515624999 0.24715089375 0.7370964984375 0.2624284484375 0.8228250156250001 0.2624284484375
4 0.881067475 0.23320909374999998 0.8884030796875001 0.2336999078125 0.960203121875 0.2351723109375 0.9599808234375 0.20032518906250002 0.9188569687499999 0.198361971875 0.8572823109375 0.1999979859375 0.85290465625 0.20076168593750002 0.8503912874999999 0.21799415312499998 0.8512804484375 0.23337269374999997 0.8623950109375 0.2340270984375 0.881067475 0.23320909374999998
4 0.8750655984375 0.275581890625 0.9188569687499999 0.275581890625 0.9595362578125 0.27607269843750004 0.9606477171875 0.234845109375 0.9566464765625 0.23451791718749998 0.874843315625 0.23353629531250003 0.8617281328124999 0.23435430625000003 0.8639510515625 0.2390987484375 0.853058771875 0.24204357656250003 0.8517250296875 0.27247345625 0.853058771875 0.2768906984375 0.8606166734375 0.2754182953125 0.8750655984375 0.275581890625
6 0.9081869859375 0.275064615625 0.891070578125 0.275064615625 0.8599498109375 0.27539182812499996 0.8590606328125 0.28079066406250003 0.8621560328125 0.28153657499999996 0.90507490625 0.28291748125 0.9484216968749999 0.2819358875 0.9477548328125 0.27555541250000004 0.9081869859375 0.275064615625
7 0.9115213484375 0.299715496875 0.9455319140625 0.29922469375 0.9470879390625001 0.2859729703125 0.9275263140625001 0.28335535156249997 0.85417023125 0.28335535156249997 0.8516544703125 0.284480534375 0.8515027312499999 0.3085499859375 0.8555039890625 0.3123128234375 0.91285510625 0.3111676109375 0.9115213484375 0.299715496875
4 0.8590606328125 0.41219394062500003 0.893293496875 0.41153952499999996 0.8955164 0.40564987031250005 0.9604254203125 0.4058134765625 0.9630929046875 0.32319470625 0.9588693640624999 0.31125179375 0.8948495218750001 0.31288780781250003 0.864173334375 0.314523825 0.8621727281249999 0.315067571875 0.8612835515624999 0.3189940109375 0.8503912874999999 0.3216116359375 0.8515027312499999 0.41055791875000003 0.8590606328125 0.41219394062500003
7 0.7690847640625 0.2750942703125 0.770089765625 0.280826653125 0.7751148109375 0.28101156875 0.8102900125 0.28101156875 0.8110437546875 0.27324511406249996 0.8246113312500001 0.27269036406249997 0.8271238546875 0.26196525937500004 0.814561278125 0.265293740625 0.7715972859375 0.2632596640625 0.75777845 0.263814415625 0.7517798796874999 0.26601518281250003 0.7545121859374999 0.27213561875000003 0.7560197046875 0.273984775 0.7650647578124999 0.2741696953125 0.7690847640625 0.2750942703125
4 0.73717584375 0.28840819687499997 0.7361708421875 0.3392599953125 0.738683346875 0.34221864687500003 0.8112950140624999 0.341663896875 0.8110437546875 0.337041003125 0.8472239593750001 0.3361164359375 0.8467214765625 0.3305689625 0.8459676984375 0.2802719078125 0.8298876343750001 0.27971716406249997 0.79797873125 0.28156631875000004 0.7546060015625 0.28119690468749997 0.7552659625 0.2854495453125 0.7484821578124999 0.286928871875 0.73943710625 0.286004290625 0.73717584375 0.28840819687499997
4 0.762552234375 0.4128917484375 0.8409426890624999 0.41326156718749996 0.84295269375 0.40549511406249994 0.8462189578125001 0.40383087343749996 0.8459676984375 0.343733290625 0.8376764250000001 0.3428087125 0.7921999109375 0.3428087125 0.7708435437500001 0.342438875 0.7547634453125001 0.3428087125 0.7534755515625 0.345459259375 0.7560197046875 0.3508498390625 0.7364220828125 0.3501101921875 0.73943710625 0.41030291406249997 0.762552234375 0.4128917484375
7 0.9243581531249999 0.4577963171875 0.9210919234375 0.436900859375 0.9019967843750001 0.4389349171875 0.9027505265625001 0.4167450421875 0.7424521296875 0.41877911875 0.7379318796875001 0.419496146875 0.7399396078125 0.45465275624999996 0.761044715625 0.4585359765625 0.9090318312500001 0.458166159375 0.9243581531249999 0.4577963171875
4 0.736403275 0.5563478500000001 0.7354165828125 0.6179551703125 0.7371432734375001 0.620315240625 0.84321128125 0.61940751875 0.8446912421875 0.5772894156249999 0.846911303125 0.493352234375 0.846911303125 0.46067439375 0.7845038718749999 0.45976667656250003 0.7508337140625 0.46003193906249995 0.7512034484375001 0.46557606875 0.740103315625 0.4637606328125 0.736403275 0.4657576203125 0.736403275 0.5563478500000001
4 0.9357074640624999 0.48264068125000004 0.959104428125 0.4836246578125 0.9597729015625 0.46115710937500004 0.9415009890625001 0.4598451359375 0.864848115625 0.4601731328125 0.8509546015625 0.46075640937499995 0.84991865 0.488708559375 0.8742069078125001 0.4885445625 0.9337020109375 0.4880525734375 0.9357074640624999 0.48264068125000004
6 0.9410553500000001 0.4880525734375 0.9325878671875 0.4880525734375 0.872869928125 0.48903654999999996 0.8649905062500001 0.48860713906250003 0.8684133671875 0.4960884109375 0.8773265046875001 0.4965803984375 0.9417238546875 0.49756438125 0.9410553500000001 0.4880525734375
7 0.9399412046875 0.5006803171875001 0.9261259000000001 0.49936834374999994 0.88601680625 0.49723638281250004 0.8664943546874999 0.4994892125 0.86663075 0.5067481953125 0.882674375 0.5078961843750001 0.9399412046875 0.5070761984375001 0.9399412046875 0.5006803171875001
4 0.8501414687500001 0.5911534265625 0.8782178140625 0.5911534265625 0.8768808343750001 0.584429559375 0.9568761390624999 0.5859055296875 0.9597729015625 0.5121070171875 0.9577674484375001 0.5076791109375 0.9267943437499999 0.5071871109375 0.8953755671874999 0.5066951234375 0.8719786203125001 0.5066951234375 0.8609802484375001 0.508526865625 0.8595002453125 0.5126520765625 0.8501414687500001 0.5139640453125 0.848581671875 0.5875455015625 0.8501414687500001 0.5911534265625
4 0.869750346875 0.6190907250000001 0.9468488734375 0.619746709375 0.9459575640625 0.614334821875 0.9588815921875 0.6135148359375 0.95821311875 0.592195265625 0.9305824453125 0.5897353140625 0.8744297265625001 0.5923592625 0.8592257609375 0.5931857078125 0.85972308125 0.597988234375 0.8490273265624999 0.59848020625 0.8488045062499999 0.619746709375 0.869750346875 0.6190907250000001
0 0.6470458390625 0.96649666875 0.6526335921875 0.9700608265625 0.667027684375 0.970883309375 0.9173594046875 0.9714316546875 0.935240275 0.9648516859375 0.9452982453125 0.9497726125 0.9445531890625001 0.782709509375 0.9456707249999999 0.6516063578125 0.9251823046875 0.6387206125 0.7866058296875 0.6376239484374999 0.6491468640625 0.6376239484374999 0.6474239093749999 0.639849165625 0.634752771875 0.650376615625 0.6321451484375 0.6602465640624999 0.6306550828125 0.9544334156250001 0.6470458390625 0.96649666875
7 0.6150395921875 0.8662421359374999 0.4902648703125 0.8621938796874999 0.4731843390625 0.8664552046875 0.387202728125 0.8634722796875 0.3727277015625 0.8607024234375 0.3209070921875 0.8641114703125 0.2797980453125 0.863046140625 0.2789295375 0.8715687859375001 0.2820364515625 0.8789847640625 0.30787958125000003 0.8817959562500001 0.5180569265625 0.882861290625 0.6150395921875 0.8849919500000001 0.6150395921875 0.8662421359374999
4 0.3892292140625 0.9631872265625001 0.38980821250000003 0.8866964796874999 0.36838518124999997 0.884778884375 0.2928255546875 0.8835004859375 0.2810595453125 0.886173625 0.280087534375 0.9689399968749999 0.3249601015625 0.9691530687500001 0.3266971171875 0.964465603125 0.3892292140625 0.9631872265625001
4 0.3947297109375 0.9395368703125 0.401388225 0.9429459437500001 0.4343912703125 0.940815290625 0.435259778125 0.9359147515625 0.5006868859375 0.9359147515625 0.5035819 0.894579925 0.50300288125 0.8869095453125 0.445392284375 0.8845658203125 0.40935989843750004 0.8885699125000001 0.41007324531249995 0.892449265625 0.3976247234375 0.8911708656249999 0.39299273437500004 0.8928753953124999 0.3947297109375 0.9395368703125
4 0.4610253078125 0.97234905625 0.5015553749999999 0.9702183874999999 0.5021343921875 0.9423067406250001 0.4338122703125 0.9427328703125 0.41325776718749996 0.940815290625 0.409685534375 0.9424863734375 0.4094942265625 0.947420321875 0.3950192203125 0.94933793125 0.3932822046875 0.9689399968749999 0.4610253078125 0.97234905625
4 0.5580079734375001 0.9080030890625 0.55945548125 0.9022503109375 0.5999855468749999 0.9039548343750001 0.6150395921875 0.900332709375 0.615908040625 0.887548740625 0.522978425 0.8871226109375 0.509661396875 0.8873356828125001 0.5067248875 0.8880906546875 0.5070558921874999 0.907150828125 0.515161953125 0.9077900234375 0.525583928125 0.9075769656249999 0.5580079734375001 0.9080030890625
4 0.6121445796875 0.9636133421874999 0.6135920859375 0.9606304140624999 0.61619755 0.910772953125 0.6115655609374999 0.9084292203125001 0.6043280265625001 0.9075769656249999 0.5950640093749999 0.9075769656249999 0.5258733984374999 0.9084292203125001 0.52153091875 0.912477475 0.5142933843749999 0.913116678125 0.507050521875 0.916606471875 0.5073454 0.9702183874999999 0.5166094203125 0.9708575906249999 0.6104075625000001 0.9697922578125 0.6121445796875 0.9636133421874999
2 0.3976974828125 0.32060656249999997 0.3944741078125 0.5116776359374999 0.7284678515625 0.5137735 0.73131551875 0.3224531453125 0.3976974828125 0.32060656249999997
7 0.44034665312500004 0.517760478125 0.423432084375 0.5194894718749999 0.425467740625 0.519798515625 0.42789565781250005 0.52761574375 0.4657185015625 0.527097046875 0.46524865625 0.5168959796875 0.44034665312500004 0.517760478125
4 0.4255464046875 0.6606084109375 0.42742579531249997 0.6555943296875 0.4917951328125 0.655767228125 0.490385575 0.5294896640625 0.413800175 0.5282793640625 0.4077631609375 0.5308824234375 0.4076921609375 0.5333214265625 0.4004094859375 0.5357420140625 0.40252380781249997 0.6588794171875 0.4255464046875 0.6606084109375
1 0.6484482875 0.5244419828125 0.652193834375 0.5291070734375001 0.72307116875 0.5310155234375 0.7305622984375 0.5276227296875 0.731426603125 0.5165961625 0.7299860421875 0.51511180625 0.650465125 0.5132033593750001 0.54530160625 0.512567209375 0.5127333953125001 0.5149165499999999 0.513320365625 0.5280468265625 0.5755541171874999 0.529531175 0.5755541171874999 0.5240178921875 0.6484482875 0.5244419828125
7 0.5945700125 0.5749097875 0.6121452656249999 0.5713049375 0.685327546875 0.574485675 0.7285454421875001 0.57236518125 0.73315533125 0.556885571875 0.6922424203124999 0.555401215625 0.688208746875 0.5350444640625 0.618483884375 0.5303793765625 0.6086878296875 0.5341962609375 0.5222520578125 0.5350444640625 0.509816659375 0.536857209375 0.5072698765625 0.5691844421875001 0.52426889375 0.5717290421875 0.5824689921874999 0.574485675 0.5945700125 0.5749097875
4 0.5077429734375001 0.7705382734375 0.5093626 0.7725249578125 0.521779725 0.7741143078125 0.5754073390625 0.77371696875 0.576307134375 0.76775691875 0.6151781515625 0.7678893640625 0.616257896875 0.69565983125 0.61733764375 0.6302960343749999 0.616977728125 0.5753954343750001 0.5476937375 0.5735411953125 0.5244791109375 0.5747332078125 0.5196202343749999 0.5760576625 0.5203400640625 0.5804283609375 0.5070231359374999 0.5836070578125 0.5075630171875 0.6721273875 0.5077429734375001 0.7705382734375
4 0.7303515421875 0.5976462796875001 0.7312513359375 0.5752629875 0.6855418875 0.5747332078125 0.6216559312500001 0.574991721875 0.6221965218750001 0.609036596875 0.6722249546875 0.6091690421875 0.7281920234375 0.609698821875 0.7303515421875 0.5976462796875001
6 0.717214571875 0.6122152859375001 0.638212815625 0.610758390625 0.624715940625 0.6122152859375001 0.6252995015625 0.6122310468750001 0.625435771875 0.619764684375 0.6779836515625 0.6200295734375 0.7191941 0.6191024546875 0.717214571875 0.6122152859375001
7 0.3256813796875 0.4545107125 0.326951884375 0.432443303125 0.36582912031250003 0.43057318437500003 0.3683701265625 0.41168496718750003 0.3239026625 0.40757070625 0.23954153125 0.4081317359375 0.1986314515625 0.4081317359375 0.16915588125 0.40682265468749995 0.16466185312499998 0.40868774375 0.16254929375 0.44796529218750003 0.171442796875 0.45357565624999996 0.2120987703125 0.45675486718749997 0.3256813796875 0.4545107125
4 0.161278790625 0.5281329218749999 0.161278790625 0.5331822453124999 0.164327978125 0.537857546875 0.1650902984375 0.560268725 0.16153287968750002 0.564757021875 0.16204107968749998 0.5718634890625001 0.1676312875 0.5731725609375 0.1668689828125 0.5834582140625 0.1734755703125 0.5858893796875 0.1798280671875 0.591125709375 0.2591072046875 0.5926218000000001 0.2743531875 0.5914997453125 0.2743531875 0.530346809375 0.27359089999999997 0.4582509578125 0.2275988421875 0.45750290624999995 0.17906577968749998 0.45638083125 0.17666613125 0.4570628375 0.177032971875 0.462365225 0.16381979687499998 0.4640483265625 0.165344371875 0.5277589 0.161278790625 0.5281329218749999
4 0.30891077031249997 0.49565335 0.3864112046875 0.4952793390625 0.3874276359375 0.4582509578125 0.32491905781249997 0.456006809375 0.278702490625 0.45832479687500005 0.2771483 0.499206584375 0.2829926 0.502011759375 0.30814848125 0.5016377359375 0.30891077031249997 0.49565335
4 0.3150091765625 0.5546886265625 0.3734521375 0.553566559375 0.37243574218750003 0.54720815 0.386665346875 0.5473951546875 0.3876817078125 0.5376705421875 0.387173528125 0.5030733125 0.3134845671875 0.5041953875 0.28985329531250004 0.5034473484374999 0.2888369 0.506282778125 0.2888369 0.5109580859375 0.2766400859375 0.511332109375 0.28070570156249997 0.553566559375 0.3150091765625 0.5546886265625
4 0.2799434140625 0.589943115625 0.28705818125000004 0.5931223203125 0.382091515625 0.5931223203125 0.38539484375 0.586950928125 0.3889522109375 0.58264965 0.3874276359375 0.556654990625 0.316025571875 0.555532909375 0.297476278125 0.5549718765625 0.2895635046875 0.5571782468750001 0.29163197812499997 0.56189131875 0.278418803125 0.5637614390625 0.2791810921875 0.5689977734375 0.2799434140625 0.589943115625
7 0.35210772968750004 0.6353870500000001 0.3500749390625 0.619304003125 0.3376240515625 0.6157507812499999 0.3376240515625 0.5985456734375 0.24945141249999997 0.5936833609375001 0.2321726390625 0.59424439375 0.230648028125 0.5970495828125 0.1635656890625 0.5979846453125 0.165344371875 0.602659946875 0.1661066765625 0.632955884375 0.18338546875 0.6346389921875 0.2580908078125 0.6372571640625 0.35210772968750004 0.6353870500000001
7 0.1803362828125 0.6830145828124999 0.18414777499999999 0.678713303125 0.27613190468750004 0.6789003078125 0.2753696171875 0.6362615734375 0.22480374531249997 0.636448584375 0.1810985703125 0.6362615734375 0.1808444625 0.6428070078125 0.16331158125 0.644303090625 0.16559847968750002 0.684697690625 0.1803362828125 0.6830145828124999
4 0.050664371875 0.46345358125 0.0593682140625 0.46345358125 0.11650120156249999 0.4636178390625 0.11538531875 0.4572119859375 0.15957410625 0.4573762453125 0.161136321875 0.4154918578125 0.16068998750000002 0.4033371671875 0.1361406640625 0.40153039375 0.1298917375 0.40366567187499997 0.0881578828125 0.40317291875 0.0693127546875 0.40402417812499997 0.0685184203125 0.40892175937499997 0.0653939734375 0.41007151718749996 0.049548490625000004 0.410235775 0.050664371875 0.46345358125
4 0.052003437500000006 0.5367947203125001 0.0564669484375 0.5400797703125 0.0738746484375 0.536958978125 0.0743210125 0.531374403125 0.11873294999999999 0.5326884062499999 0.15912774062499999 0.533016921875 0.15957410625 0.46518062968749996 0.1388187625 0.46304535312499995 0.08324803593749999 0.46419511562500004 0.0660493375 0.46535440625 0.0662866734375 0.47147539062500005 0.05311931875 0.47016135937500003 0.049325307812500004 0.47147539062500005 0.052003437500000006 0.5367947203125001
4 0.1477457859375 0.538686021875 0.070080653125 0.538686021875 0.0580163109375 0.540354628125 0.059145046874999996 0.5506764546875 0.0805699078125 0.550019453125 0.1464067375 0.5498551953125 0.1477457859375 0.538686021875
4 0.06874161875 0.6198001890625 0.1220805953125 0.619964446875 0.122303778125 0.6143798484375 0.1584582234375 0.6140513453125 0.1613595046875 0.5565629734375 0.15957410625 0.5509783859375 0.080123559375 0.5519638984374999 0.062046343749999996 0.5514711421875 0.058252346875000006 0.55557745625 0.053748764062499996 0.5558719156249999 0.049994840624999995 0.56283114375 0.051110721875 0.6186769921875 0.054904701562500005 0.6206480265625001 0.06874161875 0.6198001890625
4 0.0514117515625 0.655272765625 0.08763531875 0.6541650203125 0.0872339375 0.6473708421875 0.157641146875 0.64781394375 0.1589456078125 0.6193079375 0.1393788640625 0.618569440625 0.13074942812499998 0.6193817875 0.091415253125 0.620120284375 0.064222503125 0.6197510359375 0.0627859203125 0.6227440328125 0.063151796875 0.6272098609375 0.05121106875 0.6270621640625 0.050910046875000003 0.6320100953125001 0.0514117515625 0.655272765625
7 0.07465809375 0.657538209375 0.063219078125 0.6578336078125 0.06632968593750001 0.66573553125 0.1399809078125 0.66573553125 0.1429911703125 0.660935296875 0.1406833109375 0.6569474140625 0.07465809375 0.657538209375
4 0.0515793796875 0.71000953125 0.101650165625 0.7082371390625 0.101650165625 0.70269840625 0.1591462859375 0.7028461046875 0.1608521 0.6809127328125 0.1589456078125 0.6673243765625 0.1525236875 0.66629048125 0.10345632656249999 0.6665858796874999 0.06602866406249999 0.6670289781250001 0.06287484374999999 0.6684477671875 0.0629180546875 0.6717553625 0.0517800625 0.6727154078125 0.04937184375 0.69981826875 0.0515793796875 0.71000953125
4 0.050274925000000005 0.743182171875 0.10366858125 0.7433616875 0.1024106609375 0.736881075 0.1622516859375 0.7382036484375 0.16009523750000001 0.7100328375 0.11067697812499999 0.7092392953125 0.0792290203125 0.7092392953125 0.06503249375 0.7097683265625 0.0631187390625 0.7111313796875 0.063720790625 0.7152669656249999 0.0542886203125 0.7152669656249999 0.04987355625 0.717630159375 0.050274925000000005 0.743182171875
4 0.0632354734375 0.7573809640625 0.08408098124999999 0.755793878125 0.084440384375 0.7505035875 0.16297046875 0.75209066875 0.16027492031249999 0.7433616875 0.10654382656250001 0.742303628125 0.10007452812499999 0.7433616875 0.07240030625 0.7433616875 0.06005593125000001 0.7443397093749999 0.061438440625 0.7497100375 0.050296878125 0.7503713249999999 0.049937473437500005 0.7581745062499999 0.0632354734375 0.7573809640625
4 0.160454653125 0.7587035375 0.14625812656249998 0.7567196765624999 0.094503746875 0.7567196765624999 0.0680874453125 0.7569841890625 0.064313684375 0.7576454781249999 0.0644933921875 0.762274484375 0.052093898437499994 0.7637293140625 0.050656282812499995 0.777484078125 0.06844686250000001 0.77761633125 0.069884465625 0.7719292656250001 0.16153285312500001 0.7720615265624999 0.160454653125 0.7587035375
4 0.177799115625 0.7100141234375 0.21893288125 0.71061064375 0.23210377656249997 0.709566728125 0.231495896875 0.70554019375 0.2748586 0.7052419328124999 0.27465596406250004 0.68481100625 0.22318808906249998 0.6840653546875 0.1850937734375 0.684214484375 0.1799991890625 0.6840331421875 0.18042524375 0.689635246875 0.1653869515625 0.689635246875 0.165633471875 0.7126782031250001 0.177799115625 0.7100141234375
4 0.16787026562500001 0.7433953078125 0.17475966406250001 0.7441409640625001 0.214272403125 0.7442900890625 0.2497325421875 0.743991828125 0.2487193921875 0.7375792 0.2730349078125 0.737430075 0.27546647812499997 0.7362370328125001 0.27425069375 0.7116304312499999 0.23534588906249998 0.7101391234375 0.21042243906250002 0.711183040625 0.18549903125 0.7095426015624999 0.18122271406249998 0.71116320625 0.18144644375000002 0.716402621875 0.16665449375000002 0.717148278125 0.1652360859375 0.7252013390625 0.16787026562500001 0.7433953078125
7 0.252569384375 0.7460314015625 0.2292669609375 0.744092703125 0.221972303125 0.744092703125 0.1877279515625 0.7457331468749999 0.1844136125 0.74604954375 0.183675365625 0.7524440296875 0.196441015625 0.7522949 0.2529746 0.7525931703125 0.252569384375 0.7460314015625
4 0.16624923593750002 0.8209477156249999 0.1909700234375 0.8216933671875 0.25074569062499996 0.8216933671875 0.24932727031250002 0.8145350828125 0.2740480578125 0.814982478125 0.2750612078125 0.7521216390625 0.22359336093749999 0.75227076875 0.1850937734375 0.75227076875 0.17939934375 0.7534293453124999 0.17840699375 0.7594531796874999 0.165438721875 0.7596023140625 0.16624923593750002 0.8187107515625 0.16624923593750002 0.8209477156249999
6 0.2756691140625 0.8228622781249999 0.232914290625 0.821967496875 0.1936042015625 0.8215201000000001 0.18144644375000002 0.8215201000000001 0.181906478125 0.82336974375 0.183675365625 0.8276344734375 0.22176969687499998 0.828827515625 0.27668223593749997 0.828827515625 0.2756691140625 0.8228622781249999
7 0.2519614765625 0.8423984250000001 0.253582534375 0.8304679546875 0.2169065828125 0.8306170890625 0.2160960671875 0.8276344734375 0.19927783125 0.8282309906249999 0.197454165625 0.8306170890625 0.1848694546875 0.83091726875 0.1865121796875 0.8413545078125001 0.2006962234375 0.8438897328125 0.211638225 0.841951028125 0.2519614765625 0.8423984250000001
4 0.166857128125 0.9167664671875 0.1700992 0.9179595203125 0.181649065625 0.919003428125 0.1859042859375 0.9178103859375 0.18630954375 0.9125907984375001 0.2756691140625 0.91124863125 0.27627699375 0.8433940765625 0.2215670609375 0.8426484234375 0.207788259375 0.8420519000000001 0.2045461890625 0.843543209375 0.1850937734375 0.8426484234375 0.18104118593750002 0.8426484234375 0.1790148875 0.843442340625 0.17678596562499999 0.8486619281250001 0.165438721875 0.8486619281250001 0.166857128125 0.90990644375 0.166857128125 0.9167664671875
4 0.17374652968749998 0.968591628125 0.2732375421875 0.968591628125 0.2720217859375 0.9626263859374999 0.27627699375 0.9605385515625 0.2756691140625 0.9199749578124999 0.20414093125 0.9172905968749999 0.1919831734375 0.91848365 0.177803896875 0.9209843984375 0.17820438593750001 0.9247471421875 0.16787026562500001 0.926685846875 0.16928867187500002 0.9673985671875001 0.17374652968749998 0.968591628125
7 0.1372847234375 0.7849770234375 0.10009706249999999 0.7839243546875 0.07816585625 0.7837489078125001 0.07430375156249999 0.7845534671875 0.076020428125 0.7948019093750001 0.107725290625 0.7949773515625 0.13609280625 0.79427558125 0.1372847234375 0.7849770234375
2 0.08174160312499999 0.82269756875 0.0748285296875 0.8302416859375 0.070537628125 0.835855896875 0.06672350625 0.836557678125 0.0650548265625 0.835505015625 0.0629094 0.8370840093749999 0.0629094 0.8407683390624999 0.0645780625 0.8476106765625 0.064101315625 0.854102125 0.0605255671875 0.8611199109375001 0.0674386421875 0.8690149093749999 0.0664851328125 0.87761166875 0.06314775781250001 0.8904191046875001 0.06576997968750001 0.9055073265625 0.15158766875000002 0.9055073265625 0.154925028125 0.8839276796875 0.154925028125 0.88375221875 0.151110921875 0.865506009375 0.14801195312499998 0.8546284500000001 0.1470584109375 0.8360313406250001 0.142767525 0.8235747874999999 0.139430165625 0.8190132374999999 0.131801921875 0.8200659 0.12488883125000001 0.8223466875 0.1144000078125 0.8228730125 0.10939398593750001 0.81953956875 0.1151151609375 0.8084865718750001 0.11177781875 0.7997143515625 0.10319603125000001 0.7974335734375 0.0867476421875 0.7979599046875 0.083956684375 0.8019173453124999 0.0803112984375 0.8084865718750001 0.082456740625 0.8162061328125001 0.0853173359375 0.8179605750000001 0.08174160312499999 0.82269756875
4 0.14991900625000001 0.934664603125 0.143005915625 0.935015496875 0.14491296874999998 0.9283486109375 0.156593725 0.92676960625 0.15802399843749998 0.9218571624999999 0.156593725 0.9116813953125 0.1558785546875 0.9108041703125 0.14538973125000001 0.9090497281250001 0.0881779328125 0.9086988343750001 0.05885687187500001 0.9101023890625 0.061479093750000005 0.9120322765625 0.059572024999999994 0.9448403828125 0.070537628125 0.9467702750000001 0.1492038703125 0.9446649390624999 0.14991900625000001 0.934664603125
6 0.104387946875 0.9536125999999999 0.10128896093749999 0.9494019375 0.0693457109375 0.94834926875 0.06553158906249999 0.949752825 0.06357827031249999 0.95148346875 0.0624326203125 0.9637883781250001 0.1277494265625 0.9629111531250001 0.1277494265625 0.9541389375 0.104387946875 0.9536125999999999
4 0.37786613281250003 0.66641131875 0.388430228125 0.66641131875 0.3889584484375 0.6380327515625 0.37020716249999996 0.636089015625 0.318443071875 0.6370608796874999 0.2792762984375 0.6387910953125 0.2798841109375 0.67010441875 0.285958471875 0.6724369015625 0.3768097265625 0.672631275 0.37786613281250003 0.66641131875
7 0.439666134375 0.6961505171875 0.48377125468750004 0.6973167421875 0.4832430328125 0.68021185 0.4703020515625 0.6745750109374999 0.460794325 0.67710188125 0.45577640625000004 0.679823103125 0.379450759375 0.6778793734375 0.370735365625 0.6745750109374999 0.3540969078125 0.6743806453125 0.3540969078125 0.6790456109375 0.288071284375 0.677296246875 0.282246971875 0.6779215734374999 0.28173283125 0.7157822515625 0.3279507625 0.71655975625 0.43676098906250005 0.71655975625 0.439666134375 0.6961505171875
4 0.28077733125000004 0.770083603125 0.2941356765625 0.769161903125 0.37741655625 0.7687010546875 0.3801299796875 0.7620955546875 0.38931383125 0.7614810859375 0.38993999375 0.7215408203125 0.385765528125 0.7207727390625001 0.3139644625 0.719236571875 0.297057815625 0.7209263578125 0.29350951406250003 0.7216944390625 0.2933007828125 0.7218480515625 0.2953750828125 0.7218418828125001 0.29664036875 0.7270710140625 0.28954375 0.7270710140625 0.28035988437500003 0.7281463234375 0.28077733125000004 0.770083603125
4 0.2807062734375 0.841910865625 0.28384013124999996 0.843940546875 0.3388706453125 0.8436637703125 0.3416284375 0.8424644171875 0.34200449375 0.8384050671875001 0.3896391078125 0.8377592546875 0.3898898234375 0.7696552140625 0.3784826 0.768363596875 0.342380559375 0.769378434375 0.2961248515625 0.769009403125 0.296258259375 0.769804696875 0.2954980796875 0.7747294015625 0.2808316234375 0.7770358500000001 0.280580915625 0.8359140953124999 0.2807062734375 0.841910865625
7 0.3629514109375 0.8503123531250001 0.3686258796875 0.8503123531250001 0.36515171875 0.8445166859375 0.3535711625 0.8436643859374999 0.34511737187499997 0.842726846875 0.33770580625 0.8439200734375 0.309333453125 0.8442609937500001 0.3048593046875 0.8453417546875001 0.30666993124999997 0.8507385062499999 0.33295778593750003 0.85039758125 0.3373583953125 0.8512498875000001 0.3629514109375 0.8503123531250001
4 0.3887760515625 0.8560804421875 0.388428625 0.8510518453125 0.382985775 0.8507961546875 0.3737213359375 0.8512223046875 0.3511392515625 0.8504552343749999 0.3285571765625 0.8511370749999999 0.32288270625000004 0.8503700015625 0.315007928125 0.850284771875 0.29622613593749997 0.8514987640625 0.29705806562500003 0.8575293515625001 0.36723621875 0.858722578125 0.387733803125 0.8582964265624999 0.3887760515625 0.8560804421875
4 0.5087424140625 0.8398945843750001 0.5105656109375001 0.859082725 0.6168576359375 0.859753640625 0.61813383125 0.818827859375 0.61849848125 0.7761577015625 0.6071947062499999 0.7749500578124999 0.556145371875 0.7738765921875 0.5258804140625 0.7738765921875 0.5211401125 0.775620971875 0.5216870859375 0.7805857359374999 0.5216870859375 0.7819275671875 0.5105656109375001 0.783135215625 0.5087424140625 0.8398945843750001
4 0.5043099046874999 0.7283749078125 0.50278231875 0.7225286328125 0.43541503437499995 0.7206173515625001 0.39966911875 0.7223037765625 0.3952225015625 0.722518153125 0.395544590625 0.7703106515625 0.5023240234374999 0.7723343687499999 0.504462690625 0.7287121875 0.5043099046874999 0.7283749078125
4 0.395086315625 0.8152092046874999 0.4057795265625 0.816221059375 0.49163081406250003 0.8155464921875 0.4919363234375 0.808238653125 0.5020185140625 0.8070019359374999 0.5033933578124999 0.776758728125 0.443816834375 0.7736107359375 0.4169310421875 0.774959878125 0.4063905765625 0.77507230625 0.40467301874999995 0.776383528125 0.40593229218750004 0.7804688625 0.3943225125 0.7821552875 0.39340594375000004 0.785528134375 0.395086315625 0.8152092046874999
4 0.47345233125 0.8522559640624999 0.5041571609375 0.8516938203125 0.5023240234374999 0.8184150484374999 0.49697741874999996 0.8171783375 0.48231244531249995 0.8178529046874999 0.43174878124999994 0.8180777593749999 0.4040991640625 0.817515621875 0.40425192968749996 0.824598603125 0.40165499843749997 0.8269595953125 0.3921838671875 0.82797145 0.3941915375 0.8278464546875 0.395850109375 0.858102234375 0.42838805625000004 0.8595637999999999 0.4743689 0.858327090625 0.47345233125 0.8522559640624999