0 0.037873581249999996 0.048006259375 0.038604753125 0.2554355140625 0.257668021875 0.2552415703125 0.257668021875 0.046123159375 0.037873581249999996 0.048006259375
6 0.10223739843749999 0.0293459140625 0.0513834234375 0.026824900000000002 0.0437404 0.0266324484375 0.0438205453125 0.036715021875 0.096760828125 0.038848184375 0.1017158203125 0.037102868750000004 0.10223739843749999 0.0293459140625
6 0.25349540312499996 0.028570221875000003 0.1285771671875 0.026824900000000002 0.1103288015625 0.0272867484375 0.10927871874999999 0.038654260937500004 0.2618406765625 0.0376846453125 0.2618406765625 0.02953984375 0.25349540312499996 0.028570221875000003
0 0.0379803421875 0.2665493734375 0.0366281203125 0.6181064640625 0.3673067625 0.6157024734375 0.36869226718750003 0.2672809875 0.0379803421875 0.2665493734375
0 0.036421878125 0.6203463515625 0.0393992234375 0.9662400921875 0.368230475 0.9683006578125 0.36776855625 0.6175307390625 0.036421878125 0.6203463515625
0 0.7255843265624999 0.0950214078125 0.7223916765625 0.26884444375 0.93531145625 0.26588898906249997 0.9358792609375 0.09109514375 0.7255843265624999 0.0950214078125
0 0.615735471875 0.2816348015625 0.6156478843750001 0.611974675 0.933608046875 0.6111302484375 0.933040321875 0.27743752499999996 0.615735471875 0.2816348015625
0 0.6093489109375 0.62114771875 0.6105378109374999 0.9643251656249999 0.9267946406249999 0.96601398125 0.9313369109374999 0.6207044046875 0.6093489109375 0.62114771875
2 0.523130334375 0.6263709953125 0.5208276125 0.6578586375000001 0.570225021875 0.6587030640625 0.5747672921875 0.6253486671874999 0.523130334375 0.6263709953125
2 0.268524309375 0.030942664062500003 0.2656993015625 0.1953955140625 0.5958507140625 0.19497292187499998 0.5986919578125 0.0301784328125 0.268524309375 0.030942664062500003
7 0.5655780796875 0.20096081406250002 0.42423754843749995 0.201153659375 0.339951896875 0.20134650468749998 0.3282815765625 0.196525346875 0.313239825 0.2003822703125 0.307793678125 0.2019250421875 0.291451596875 0.2036820734375 0.2974200640625 0.2185098265625 0.45924850937499995 0.21831697499999997 0.5640220593749999 0.21754559218749997 0.5655780796875 0.20096081406250002
6 0.406083715625 0.22333098593749998 0.3900045984375 0.2258379859375 0.3858551484375 0.2310448359375 0.3850907953125 0.23100997968749998 0.391560653125 0.2366373765625 0.4753276265625 0.23586599531250002 0.4737715734375 0.2258379859375 0.406083715625 0.22333098593749998
4 0.351897625 0.22632964531250002 0.3529926390625 0.2204941875 0.3356550265625 0.21859427187499997 0.27579465000000003 0.21859427187499997 0.2738882609375 0.2202903546875 0.2788971640625 0.22660106406249997 0.3101048609375 0.22632964531250002 0.314484884375 0.2272796046875 0.351897625 0.22632964531250002
4 0.306454840625 0.2617495390625 0.3750752765625 0.2620209546875 0.3732502609375 0.22917952343749998 0.36905273125 0.2268724796875 0.3075498421875 0.22755102031250002 0.2975122859375 0.2267367734375 0.28309470625 0.22660106406249997 0.27489360625 0.22834686249999997 0.275064634375 0.2337936109375 0.2653920796875 0.2344721484375 0.265209571875 0.2609352828125 0.306454840625 0.2617495390625
4 0.402085471875 0.26672683125 0.40336294375000004 0.2610270765625 0.4879091921875 0.2600771171875 0.4857191875 0.2465062796875 0.382788525 0.24569203125 0.379381459375 0.2475778578125 0.37927283125 0.2665911234375 0.387850346875 0.267676790625 0.39971293281250003 0.26672683125 0.402085471875 0.26672683125
4 0.379320996875 0.36597753593750004 0.3875335484375 0.36285625 0.39027107499999997 0.363670496875 0.40979869375 0.36394191249999996 0.4827991546875 0.363127675 0.4827991546875 0.357156490625 0.4864491875 0.3534923640625 0.4864491875 0.29581630468750003 0.4875441796875 0.2660263328125 0.40870370312500004 0.26643345625000003 0.38826355 0.2681976640625 0.38924314375 0.271387659375 0.389176059375 0.274418290625 0.37822599375 0.27523254218750004 0.37822599375 0.3537637796875 0.379320996875 0.36597753593750004
4 0.4864491875 0.3725394140625 0.48608417499999995 0.3646683296875 0.42585880937500004 0.36385408125 0.389358565625 0.3637183703125 0.38808106875 0.36928241562499997 0.3785685484375 0.3722740671875 0.3789559953125 0.4345581546875 0.46162905 0.43360820312500004 0.48736169687500003 0.4330653625 0.4864491875 0.3725394140625
6 0.4066961796875 0.4647332859375 0.39971245624999996 0.4681237875 0.401586140625 0.4754542546875 0.4638190296875 0.4743685828125 0.46345406718750004 0.46432616250000003 0.4066961796875 0.4647332859375
4 0.3784911296875 0.6496282375 0.38101711875 0.650823546875 0.4267143046875 0.6496282375 0.45633711874999994 0.6492867265625 0.456566728125 0.6443347828125 0.4889451109375 0.643481003125 0.48802657656250004 0.5898910749999999 0.48825621874999997 0.49557321718749997 0.488485890625 0.4793513421875 0.441870140625 0.4803758875 0.4039805328125 0.4807173953125 0.39548080625000004 0.481092815625 0.39571370625 0.4862368609375 0.3789504125 0.48896896874999995 0.378720771875 0.550898334375 0.3784911296875 0.6496282375
4 0.381706009375 0.7727763359375001 0.43061807500000004 0.770898003125 0.4303884359375 0.765263028125 0.488485890625 0.7642385046875 0.4875673265625 0.7008878171874999 0.4889451109375 0.648917584375 0.45266295625 0.649429853125 0.4271735546875 0.65028363125 0.3973211296875 0.6499421203125 0.39728888281249997 0.6529726453125 0.3977804125 0.657284653125 0.3796393046875 0.6569431406249999 0.38078747812499997 0.767824384375 0.381706009375 0.7727763359375001
4 0.3796393046875 0.87526285625 0.381246759375 0.9059990359375 0.4071954125 0.905486775 0.409951009375 0.8998518125 0.48802657656250004 0.9007055968750001 0.48779696718750004 0.878336475 0.48825621874999997 0.7896259625 0.48710804375 0.7708427421875 0.4705743921875 0.7686229046874999 0.41546223906249996 0.772038034375 0.39066175937500003 0.771867278125 0.39522250937500003 0.7747288593749999 0.39433589062499996 0.7773038609375 0.384461640625 0.7767915921874999 0.381246759375 0.77969445 0.3796393046875 0.87526285625
4 0.381706009375 0.9332372015624999 0.48802657656250004 0.9339202375 0.48825621874999997 0.905745396875 0.460240859375 0.9064284265625 0.41569184843749996 0.906086909375 0.3982396625 0.90711145 0.39728888281249997 0.9093520546875 0.397550771875 0.913115559375 0.3842319984375 0.9110664765625 0.381706009375 0.9127740484375 0.381706009375 0.9332372015624999
4 0.46653086874999994 0.9575389921875 0.47976771874999996 0.957782028125 0.5277251875 0.9565668468749999 0.5287057234375 0.9514630890625 0.5997164859375 0.9519491640625001 0.597918878125 0.9385821796875 0.45917706249999996 0.9362733375 0.38155355625 0.93590878125 0.377761225 0.9389209015625 0.376727034375 0.952313715625 0.381880390625 0.9585111375 0.3866195078125 0.9564453296875 0.46653086874999994 0.9575389921875
6 0.4281276640625 0.9572959578125 0.395117240625 0.957174440625 0.3840048265625 0.9575389921875 0.3843896109375 0.96229104375 0.385148746875 0.964100975 0.46783821718749996 0.9645870375 0.46800162968750003 0.957660509375 0.4281276640625 0.9572959578125
6 0.48842887656249995 0.967868028125 0.54529831875 0.9687186546875 0.5951407796875 0.969204725 0.593343171875 0.96276426875 0.58942115625 0.957660509375 0.5843551812500001 0.9572959578125 0.5580449015625 0.9563238125 0.5153928249999999 0.9569314 0.4975802671875 0.9569314 0.49706849531249997 0.95819101875 0.49725344375 0.9602123875 0.48842887656249995 0.9615490890625 0.488265453125 0.9661667734374999 0.48842887656249995 0.967868028125
4 0.49194133906250004 0.9312548125 0.4938546421875 0.932819828125 0.53231218125 0.932962096875 0.534034159375 0.9267020421875 0.5971733921875 0.927271128125 0.600043365625 0.9248524687499999 0.6004260140625 0.848377959375 0.5996606921875001 0.8310204921875 0.5750879062500001 0.8318288484374999 0.560777228125 0.8310102781250001 0.5271235546875 0.831594971875 0.507308775 0.8325304890625 0.5084379734375 0.833167953125 0.5078218125 0.8371382890625 0.49347198125 0.8368537359375001 0.4938546421875 0.875552353125 0.49194133906250004 0.9312548125
4 0.49365221249999997 0.8314587671875 0.528754390625 0.832032446875 0.5578776046875 0.831315365625 0.5601920375 0.8268694 0.600308803125 0.826152303125 0.600694528125 0.788863634375 0.6012731515625 0.748609590625 0.5997302046875 0.723368028125 0.585843634375 0.7229377734375 0.535504815625 0.7235114453125 0.510238953125 0.7248022078125 0.5083207062499999 0.7255348406250001 0.5081173953125 0.7289107421875001 0.49307362968749996 0.7303449265624999 0.492880740625 0.7965344 0.49365221249999997 0.8314587671875
4 0.55112719375 0.7173170875 0.600887403125 0.7170302515625 0.5997302046875 0.6631050875 0.58700083125 0.6622445828125 0.5177608515625 0.6619577421875 0.49270083593749997 0.6631126421875 0.4923021421875 0.7263524203125 0.5397479171875 0.7236274734375 0.5520915421875 0.7237708953124999 0.55112719375 0.7173170875
4 0.4982810796875 0.6246648890625 0.5981872328125 0.624521465625 0.600308803125 0.621366271875 0.5997302046875 0.603582453125 0.54534111875 0.6032956078125 0.5098532171875 0.6034390296875001 0.5083207062499999 0.6056906718749999 0.5086960078125 0.6100362609375 0.49365221249999997 0.610753353125 0.4923021421875 0.62280045625 0.4982810796875 0.6246648890625
4 0.499052553125 0.6034390296875001 0.5661709734375 0.6034390296875001 0.5682925328125 0.597845734375 0.5999230546875001 0.59712864375 0.600308803125 0.542916640625 0.5927869203125 0.5419127140625 0.5279829046875 0.5432034828125001 0.510817565625 0.543920571875 0.50908174375 0.548796778125 0.49191639218749994 0.5500875390625 0.492880740625 0.602435103125 0.499052553125 0.6034390296875001
4 0.6022375 0.5362688296875 0.6001159296874999 0.46097438124999995 0.5779360015624999 0.4586796921875 0.493351665625 0.46020017500000004 0.49210928125000003 0.5431528859375 0.522389703125 0.5432962984375 0.52740430625 0.5364122328125001 0.6022375 0.5362688296875
4 0.56204716875 0.438965365625 0.5378534265625 0.4355260046875 0.4350300625 0.4355260046875 0.4133268421875 0.43499687187499997 0.4102488421875 0.44189444843750003 0.41901948906250003 0.45960155937499997 0.5296702453125001 0.45536850937500006 0.5584892546875 0.45669132812499996 0.56204716875 0.438965365625
4 0.492400859375 0.4254827609375 0.4941104921875 0.432827984375 0.4984795609375 0.43296924375 0.59725840625 0.43311050156249997 0.5985881359375 0.4280253375 0.6002977703125 0.3897454234375 0.6012475687500001 0.3843777625 0.5132963953125 0.385507796875 0.5022787453124999 0.38607281250000003 0.5045582609375 0.390875459375 0.49354063750000005 0.3901691859375 0.49297074218750003 0.39567810625 0.492400859375 0.4254827609375
4 0.4933506578125 0.3330754703125 0.49202094062499996 0.37512354375 0.4927807890625 0.38501134531250003 0.5233642328125 0.3840225640625 0.5243140328125 0.3787961609375 0.5989680390625 0.3772423546875 0.6014375078125 0.329639659375 0.6014375078125 0.3222944390625 0.5926993734375 0.3207406421875 0.55318784375 0.3222944390625 0.518995165625 0.3230007078125 0.5102570453124999 0.32243569375000003 0.5036084609375 0.3251652421875 0.5032285453124999 0.33053289375 0.500949028125 0.32883784843749997 0.494680375 0.329685371875 0.4933506578125 0.3330754703125
4 0.49449042343749994 0.3247871875 0.5110168796875 0.32309214218750004 0.551668175 0.32295087499999997 0.5651552796875 0.321397078125 0.5687645125 0.3160294265625 0.5991580046875 0.315746909375 0.6016274734375 0.309390465625 0.6014375078125 0.26122275 0.60219736875 0.2454022703125 0.5645854109374999 0.24709732031249998 0.511477703125 0.247331909375 0.5032159468749999 0.24641609843749998 0.504368296875 0.252747490625 0.4933506578125 0.25500755937499997 0.4916410390625 0.31263931562499997 0.49449042343749994 0.3247871875
4 0.5733062671875 0.2461111515625 0.5776779671875001 0.24088661875 0.6010978812500001 0.238680709375 0.6001610765625001 0.21720207500000002 0.57596051875 0.21708597031250002 0.5570684515625001 0.21929188437499997 0.5102286453125 0.21929188437499997 0.4922850078125 0.220816546875 0.4928979125 0.2473882578125 0.498674815625 0.2473882578125 0.5180352734375 0.2465755609375 0.5733062671875 0.2461111515625
4 0.6097809453124999 0.265523146875 0.6964393296875 0.26673070781249997 0.7137119640625 0.26618181875 0.71489299375 0.245982753125 0.7141548453125 0.2113463234375 0.7032302687499999 0.2110169953125 0.684333734375 0.2110169953125 0.6701613265625 0.2122245484375 0.63325400625 0.211565878125 0.6230675812500001 0.2140552421875 0.6230675812500001 0.21844634531249998 0.607271246875 0.2198734484375 0.6085999109375 0.2632178234375 0.6097809453124999 0.265523146875
4 0.6797572187500001 0.21125430937499998 0.68167640625 0.2064241 0.7143024796875 0.2058752109375 0.714745359375 0.16999571093750002 0.7131214484374999 0.102004678125 0.712235665625 0.0844935609375 0.703673171875 0.0833957828125 0.6893531312500001 0.0833957828125 0.6800524859375 0.08416422500000001 0.660122534375 0.083725125 0.6357637 0.0840544453125 0.613471678125 0.085261996875 0.6152432328125 0.0888846609375 0.6158337484375 0.09020198593749999 0.608304653125 0.091409546875 0.605204440625 0.092068209375 0.605204440625 0.14611749375 0.6077141390625 0.1674885890625 0.6088951687499999 0.2120227609375 0.61612900625 0.21257164999999997 0.6577604640625 0.211364090625 0.6797572187500001 0.21125430937499998
4 0.7060352296875 0.0824998015625 0.7047065671875 0.077669584375 0.7123833015625001 0.0775598125 0.7135643296875 0.0421371828125 0.7123833015625001 0.028524765624999997 0.7038208046875 0.0258901046875 0.6176053031250001 0.027866101562500002 0.6084522812500001 0.0269878796875 0.605459059375 0.029521457812500002 0.6054996984375001 0.08557356875 0.6270535703125 0.0851344609375 0.701458725 0.08348779687499999 0.7060352296875 0.0824998015625
4 0.8272301890625 0.07572911875 0.8282635859375 0.026878103125000004 0.7950469984375 0.026878103125000004 0.747658015625 0.026329215625000003 0.723594428125 0.027207435937500003 0.72053595 0.0289041421875 0.7188789843750001 0.08231576874999999 0.783245346875 0.0811082171875 0.784426375 0.07704644375 0.8272301890625 0.07572911875
4 0.8253110109374999 0.08242554375 0.7888465828125 0.08286465937500001 0.7802840671875 0.08165710625 0.756515759375 0.0822059890625 0.7312711515625 0.08418198437499999 0.7324886687500001 0.08507996718750001 0.7351095078125 0.088133984375 0.804052415625 0.089780653125 0.82619679375 0.0890122015625 0.8253110109374999 0.08242554375
4 0.83731876875 0.0890258828125 0.8774739203124999 0.08869655625 0.8795407328125 0.0823294515625 0.9421355484375 0.0799143484375 0.9424308171875 0.027770009374999998 0.9397734703125 0.024257126562500002 0.884264871875 0.025245126562499998 0.8380569171875001 0.026452678125 0.8348090656249999 0.027989565625 0.8321517390625001 0.0468713046875 0.8345137984375001 0.0828783421875 0.8333327671875 0.087488996875 0.83731876875 0.0890258828125