0 0.05981589375 0.049727726562500005 0.05810596875 0.2518036 0.27645614375 0.2520291484375 0.27678716406250004 0.051505406249999997 0.05981589375 0.049727726562500005
0 0.05414396875000001 0.26387294687499996 0.05195960937500001 0.6207248203125 0.4060244296875 0.6212911640625001 0.40740503281249996 0.26454025937500003 0.05414396875000001 0.26387294687499996
0 0.0506436734375 0.6290422421875 0.0502418578125 0.9700107203125 0.4086166734375 0.9689143421875 0.40564609531249995 0.6295754671875 0.0506436734375 0.6290422421875
0 0.4158690625 0.7069062765624999 0.41147452968750003 0.9698898921874999 0.9699270359375 0.96915029375 0.97147659375 0.7056180750000001 0.4158690625 0.7069062765624999
0 0.41623554687500003 0.4154012734375 0.4151474984375 0.6996755296875 0.6342723718750001 0.7006803859375 0.6339736874999999 0.41430653125 0.41623554687500003 0.4154012734375
0 0.6505886171874999 0.40440220312499997 0.6499986859375 0.658424178125 0.9835533249999999 0.658272178125 0.9828159031249999 0.401834925 0.6505886171874999 0.40440220312499997
0 0.6502566843750001 0.6599213749999999 0.6518917296875 0.7013165796874999 0.9844774828125 0.699683315625 0.9813264921875 0.6590560859375 0.6502566843750001 0.6599213749999999
0 0.6692340078125001 0.22262845156250002 0.6685660515625 0.3925244109375 0.9681300984375 0.3928656765625 0.9686089078125001 0.2240094015625 0.6692340078125001 0.22262845156250002
0 0.6560250734374999 0.039287401562500004 0.6558241687499999 0.2124108078125 0.9919792734374999 0.2086807296875 0.9934745656249999 0.03580195 0.6560250734374999 0.039287401562500004
7 0.5217596734375001 0.06481411875000001 0.50783678125 0.0602248 0.508532925 0.0392627828125 0.45110096874999994 0.0357897859375 0.42047059375 0.0355417125 0.3863595078125 0.0355417125 0.3696520359375 0.0391387453125 0.29933744687499997 0.0390752015625 0.300678384375 0.07783785625 0.3347894828125 0.0801945359375 0.5198452890625 0.0795743609375 0.5217596734375001 0.06481411875000001
4 0.3906334703125 0.178654434375 0.3948075359375 0.172032975 0.412311684375 0.17212893906249999 0.4117730984375 0.0915384796875 0.411219534375 0.08241460625 0.4036913203125 0.08118823593749999 0.3374429609375 0.081954715625 0.3146432046875 0.0812648859375 0.31186603125 0.0820408734375 0.3119994390625 0.088114346875 0.2998811796875 0.0884982015625 0.2993425875 0.17951810625 0.3906334703125 0.178654434375
7 0.4030972140625 0.1898793515625 0.4022585078125 0.18337883593749998 0.36315365625 0.1815855890625 0.349524621875 0.1836029921875 0.304548809375 0.18442489687500002 0.3018998953125 0.18471521875000002 0.3028507015625 0.191448440625 0.30316522031250004 0.1923450625 0.336399096875 0.191000128125 0.4030972140625 0.1898793515625
4 0.365040753125 0.22154852812499998 0.3655649484375 0.2162435125 0.411274640625 0.2156457609375 0.41025241562500003 0.190212909375 0.3848814453125 0.1910348125 0.3427362859375 0.1910348125 0.3320427265625 0.192454465625 0.3113338578125 0.19278244687499999 0.3112584875 0.19754484218749999 0.30035525937499996 0.1973206875 0.299726228125 0.2229681828125 0.365040753125 0.22154852812499998
7 0.396204028125 0.23041050625 0.40501049218749996 0.22801951250000002 0.4045911234375 0.222863934375 0.3599298296875 0.22316280625 0.321663690625 0.223237528125 0.298480084375 0.22404295 0.2993330453125 0.2310082546875 0.31516369375000003 0.2313071296875 0.38876048281250003 0.22981275937499998 0.396204028125 0.23041050625
4 0.30258304375 0.2618158875 0.36926048125 0.260993984375 0.367583059375 0.255763684375 0.41056695468750004 0.25464290625 0.41077661093750006 0.22834197343749998 0.399558884375 0.230882403125 0.38897016562500003 0.22991106249999999 0.3118055546875 0.2321101765625 0.3125427234375 0.23685315 0.299962078125 0.23685315 0.2995427203125 0.261367578125 0.30258304375 0.2618158875
4 0.4170820796875 0.1986396890625 0.42285168124999994 0.19983902343749999 0.5045878203124999 0.1989823546875 0.5030252046875 0.1920433546875 0.528456878125 0.1911866921875 0.5292982562499999 0.17210551875 0.529418459375 0.082032365625 0.44660054374999997 0.0828890328125 0.4315755265625 0.08323169531249999 0.43050249999999995 0.083254159375 0.43150609375000004 0.090357709375 0.41744267500000004 0.089672375 0.41744267500000004 0.149060959375 0.4170820796875 0.1986396890625
7 0.4580195609375 0.22013747343749998 0.5064602203125 0.21902380781250003 0.5085036374999999 0.208058475 0.43458053124999996 0.20600247500000002 0.417387775 0.20889011562499998 0.41631010156250003 0.23007480781249998 0.4256857125 0.2340154734375 0.45429336718749996 0.233073140625 0.4580195609375 0.22013747343749998
4 0.4148677015625 0.31951330312500004 0.42063730781249997 0.32045563593750004 0.44864395156250003 0.32028430937499996 0.4508075546875 0.3153156375 0.527375059375 0.31437330625 0.528697253125 0.25821755625 0.525451865625 0.2384285578125 0.43013312187499997 0.2389425578125 0.42784932343750004 0.23928522343749997 0.4277984328125 0.24001006406249997 0.42784932343750004 0.24522394687500002 0.41570910312500003 0.24830794687500002 0.41655050156250006 0.284602890625 0.4148677015625 0.31951330312500004
7 0.5161964343750001 0.33170819375 0.5163166375 0.3249405265625 0.48422319687500004 0.323227190625 0.4259261203125 0.3234841921875 0.42009184218750006 0.3259512234375 0.42003630468750003 0.3316225234375 0.42628671406249996 0.33187952656249997 0.476049584375 0.3327361921875 0.5161964343750001 0.33170819375
4 0.4215989140625 0.3670746640625 0.5141530359375001 0.3670746640625 0.5135520328125 0.3612493296875 0.5265336515625 0.3606496625 0.525091253125 0.33289366249999996 0.430373521875 0.33246532968750003 0.4275280265625 0.3340443375 0.42808972343749996 0.33933252343750003 0.4145070984375 0.3407888578125 0.4152283 0.3668176609375 0.4215989140625 0.3670746640625
7 0.5014118421875 0.37741260468750004 0.5071814265625 0.3767272765625 0.5053784203125 0.37098760625 0.46451037812499996 0.3703879390625 0.447682353125 0.36918860468750003 0.4255655171875 0.371672940625 0.4275280265625 0.3718122015625 0.42953211874999997 0.377840940625 0.439268340625 0.378440609375 0.456937759375 0.37758394375000004 0.5014118421875 0.37741260468750004
4 0.413425296875 0.378440609375 0.4143868984375 0.40599755000000004 0.515355040625 0.40591188125000005 0.5202832484375 0.40051488125 0.519682246875 0.3989728875 0.525451865625 0.398630215625 0.5267740578125 0.3816682171875 0.5261730546875001 0.37567154999999997 0.5238892484375001 0.371045553125 0.5097056249999999 0.370445884375 0.5093260546875 0.37123412031249997 0.510306628125 0.37758394375000004 0.4804969921875 0.3777552734375 0.46150537343750003 0.3773269390625 0.413425296875 0.378440609375
4 0.5925706609375 0.40548421718750005 0.5925706609375 0.3989769484375 0.6417250078125 0.399690071875 0.6431008546875 0.37294784999999997 0.6069542515624999 0.372234725 0.5884432 0.373660975 0.5432912359375 0.37508722968749997 0.5436274890624999 0.3751607296875 0.54266586875 0.380616084375 0.531409146875 0.38097264375 0.5322846625000001 0.40708875312500004 0.5925706609375 0.40548421718750005
4 0.5436717468750001 0.373558196875 0.57063189375 0.37310960625 0.569268159375 0.366605090625 0.6428288156249999 0.3663807953125 0.643458225 0.3616706265625 0.6449268874999999 0.32340821875 0.645346484375 0.309676125 0.5901673484375001 0.3098256546875 0.5599552 0.3101994765625 0.5465275796875 0.31034900625 0.5442159531249999 0.3113774375 0.5456649203125 0.31673651875000003 0.5334961328125 0.31673651875000003 0.5332863203125 0.37325913593750004 0.5436717468750001 0.373558196875
7 0.6335973171875 0.302124903125 0.6145049109375 0.30107819999999996 0.59635664375 0.3024987265625 0.5693964968749999 0.3014520203125 0.5664592093749999 0.3016763171875 0.5649905671875 0.302573490625 0.5375058984375001 0.3031716078125 0.5370862875 0.3038444890625 0.5393941578125 0.3101994765625 0.5635219124999999 0.309975184375 0.6344365546875 0.3092275390625 0.6335973171875 0.302124903125
4 0.53381386875 0.2841067421875 0.53381386875 0.3038169125 0.53900588125 0.301726090625 0.5796151359375 0.301882115625 0.615955490625 0.301258025 0.6139852296874999 0.2952511484375 0.6451810234375001 0.2940809765625 0.6460566921875001 0.265019159375 0.645399934375 0.23357975 0.6450715609375 0.2204125859375 0.622851415625 0.21885235937499997 0.6180352140625 0.22010054218750003 0.5905610453125 0.22119270000000002 0.5877151015625001 0.21893037031249998 0.5853069921875 0.21893037031249998 0.5845407859375 0.22033457812499999 0.5665895265625001 0.21971048437500001 0.5488571828125 0.2202565640625 0.5475805421875 0.221416553125 0.548284853125 0.22739325625 0.5340453968750001 0.22755827343749999 0.5332350265625 0.229538459375 0.53381386875 0.2841067421875
7 0.6120149687499999 0.21971151875 0.6233987125 0.21893140625 0.6219757328125 0.2125344765625 0.604462315625 0.2113643046875 0.6026015171875 0.212612484375 0.579834059375 0.21120827968749997 0.5657138500000001 0.21284651718749997 0.5519668765625 0.2128595265625 0.5512652765625 0.21854134687500001 0.56253954375 0.21939947499999998 0.6030393359375 0.22017958750000002 0.6120149687499999 0.21971151875
7 0.6186919718749999 0.1928493296875 0.5785205437500001 0.191289103125 0.5744705671875 0.19206921562499998 0.569763834375 0.192927340625 0.5599697671875 0.193469665625 0.5610071171875 0.1991682484375 0.573047603125 0.1985441609375 0.620990603125 0.1987001828125 0.6186919718749999 0.1928493296875
4 0.536488325 0.2108699546875 0.53900588125 0.211338025 0.5929691234375001 0.2117280796875 0.6314986640625 0.21196211250000002 0.6318270359375 0.2064233078125 0.645399934375 0.20611126093749998 0.6463850796874999 0.2043170015625 0.645509396875 0.19971433125 0.635220259375 0.19815410312499998 0.622851415625 0.1993242734375 0.617706840625 0.1990122265625 0.580709728125 0.1993242734375 0.566261146875 0.1990902375 0.55925578125 0.199246259375 0.5474113843749999 0.2003131453125 0.5486382671875 0.2046290453125 0.5368167046875 0.2046290453125 0.53561265625 0.2072034203125 0.536488325 0.2108699546875
4 0.5353830109375 0.1909265484375 0.5431909359375 0.1928790796875 0.5619573453125 0.19219569375 0.56223130625 0.1876072515625 0.64277619375 0.1873143703125 0.6460637640625 0.17872324687500002 0.6459267609375 0.16759383125 0.6111335734375001 0.1672033265625 0.590860353125 0.1673009515625 0.5625052671875 0.1671057 0.5457644078125 0.16833156093749999 0.547711309375 0.1733066609375 0.5360679187499999 0.17350191718750002 0.5349720734375001 0.1796523796875 0.5353830109375 0.1909265484375
7 0.6186675375 0.1671057 0.61825658125 0.15949083749999998 0.6007229921875 0.15890508125 0.59990111875 0.160076596875 0.5826415015624999 0.1593932125 0.5545469015625 0.1606457453125 0.5553822578125 0.16700807499999998 0.5729158390625 0.167398578125 0.606613190625 0.16759383125 0.6186675375 0.1671057
4 0.5355421390624999 0.127495425 0.5350415640625 0.15823061249999998 0.5434262296875 0.159122515625 0.607625271875 0.15849818124999998 0.6290249484375 0.158141421875 0.6287746515625 0.15216566874999998 0.645544003125 0.152611621875 0.6460445796875 0.10826272343750001 0.6457942812499999 0.063679134375 0.6202648374999999 0.061360190625 0.5911062328125001 0.061627757812499996 0.5634493218750001 0.061538565625 0.548432009375 0.062073709374999994 0.5475900109375 0.0636074171875 0.548432009375 0.06785996250000001 0.5419245046875 0.06723562968749999 0.5351667203125 0.0697329625 0.5355421390624999 0.127495425
7 0.6263978156250001 0.035615640625 0.5433020078124999 0.0339210203125 0.5351890265625 0.0359287015625 0.5341664609375 0.0588943265625 0.5382962375 0.062105175 0.5936100359375 0.0615700359375 0.59411059375 0.049529334375 0.6261475546875 0.0472103875 0.6263978156250001 0.035615640625
7 0.056382304687499996 0.041700359375 0.11814963281249999 0.0411568859375 0.1166245328125 0.0300156234375 0.053332065625 0.030287359375 0.056382304687499996 0.041700359375
6 0.2672300453125 0.032325396875 0.2098474359375 0.029879759375 0.13606978125 0.029472143750000002 0.1228952328125 0.031800970312499996 0.1261565171875 0.0391188484375 0.222810978125 0.0403416703125 0.266848753125 0.039254715625 0.2672300453125 0.032325396875